0 223
72 1
77 1
0 1
77 1
77 3
80 2
77 3
77 3
75 1
72 1
77 13
0 1
72 1
72 1
77 3
80 3
87 2
84 2
0 1
82 3
80 1
77 1
84 13
0 2
72 1
77 1
0 1
77 1
77 3
80 2
77 3
77 2
0 1
75 1
72 1
77 13
77 1
77 1
80 1
84 3
84 2
0 1
87 1
0 1
82 3
82 2
0 1
80 1
77 1
84 1
87 1
84 10
0 1
84 1
84 1
87 1
89 3
89 2
0 1
87 2
84 1
87 1
84 3
0 1
82 1
80 1
82 2
0 1
84 1
87 2
89 1
87 1
84 5
84 1
84 1
87 1
89 3
89 3
92 2
89 4
0 2
87 1
84 1
82 2
0 1
84 1
82 2
80 2
77 6
0 1
84 1
89 6
87 1
84 1
89 1
0 1
89 2
89 1
0 1
92 1
91 1
89 5
0 2
84 1
89 6
87 1
84 1
89 1
0 1
89 1
89 1
89 1
92 1
89 1
87 1
84 5
0 1
84 2
89 3
92 1
89 2
84 1
87 1
82 3
82 2
0 1
80 1
82 1
84 3
84 1
82 2
80 2
84 4
0 3
84 1
89 6
87 1
84 1
89 1
0 1
89 2
89 1
0 1
92 1
91 1
89 5
0 2
84 1
89 6
87 1
84 1
89 1
0 1
89 1
89 1
89 1
92 1
89 1
87 1
84 5
0 1
84 2
89 3
92 1
89 2
84 1
87 1
82 3
82 2
0 1
80 1
82 1
84 3
84 1
82 2
80 2
84 4
75 1
0 1
77 1
0 1
82 2
0 1
84 1
82 2
80 1
82 1
77 14
0 137
72 1
77 1
0 1
77 1
77 3
80 2
77 3
77 3
75 1
72 1
77 13
0 1
72 1
72 1
77 3
80 3
87 2
84 2
0 1
82 3
80 1
77 1
84 13
0 2
72 1
77 1
0 1
77 1
77 3
80 2
77 3
77 2
0 1
75 1
72 1
77 13
77 1
77 1
80 1
84 3
84 2
0 1
87 1
0 1
82 3
82 2
0 1
80 1
77 1
84 1
87 1
84 10
0 1
84 1
84 1
87 1
89 3
89 2
0 1
87 2
84 1
87 1
84 3
0 1
82 1
80 1
82 2
0 1
84 1
87 2
89 1
87 1
84 5
84 1
84 1
87 1
89 3
89 3
92 2
89 4
0 2
87 1
84 1
82 2
0 1
84 1
82 2
80 2
77 6
0 1
84 1
89 6
87 1
84 1
89 1
0 1
89 2
89 1
0 1
92 1
91 1
89 5
0 2
84 1
89 6
87 1
84 1
89 1
0 1
89 1
89 1
89 1
92 1
89 1
87 1
84 5
0 1
84 2
89 3
92 1
89 2
84 1
87 1
82 3
82 2
0 1
80 1
82 1
84 3
84 1
82 2
80 2
84 4
0 3
84 1
89 6
87 1
84 1
89 1
0 1
89 2
89 1
0 1
92 1
91 1
89 5
0 2
84 1
89 6
87 1
84 1
89 1
0 1
89 1
89 1
89 1
92 1
89 1
87 1
84 5
0 1
84 2
89 3
92 1
89 2
84 1
87 1
82 3
82 2
0 1
80 1
82 1
84 3
84 1
82 2
80 2
84 4
75 1
0 1
77 1
0 1
82 2
0 1
84 1
82 2
80 1
82 1
77 8
89 6
87 1
84 1
89 1
0 1
89 2
89 1
0 1
92 1
91 1
89 5
0 2
84 1
89 6
87 1
84 1
89 1
0 1
89 1
89 1
89 1
92 1
89 1
87 1
84 5
0 1
84 2
89 3
92 1
89 2
84 1
87 1
82 3
82 2
0 1
80 1
82 1
84 3
84 1
82 2
80 2
84 4
0 3
84 1
89 6
87 1
84 1
89 1
0 1
89 2
89 1
0 1
92 1
91 1
89 5
0 2
84 1
89 6
87 1
84 1
89 1
0 1
89 1
89 1
89 1
92 1
89 1
87 1
84 5
0 1
84 2
89 3
92 1
89 2
84 1
87 1
82 3
82 2
0 1
80 1
82 1
84 3
84 1
82 2
80 2
84 4
75 1
0 1
77 1
0 1
82 2
0 1
84 1
82 2
80 1
82 1
77 10
72 2
75 2
77 2
82 1
0 1
82 1
84 1
82 1
80 1
82 1
80 1
77 7
0 1
82 2
0 1
84 1
82 1
80 1
82 1
77 1
77 7
0 1
82 2
0 1
84 1
82 1
80 1
82 1
77 1
77 7
0 1
82 2
0 1
84 1
82 1
80 1
80 1
77 1
77 8
