E:maj [4, 8, 11] 4 2 
F#:maj [1, 6, 10] 6 2 
B:maj [3, 6, 11] 11 2 
Ab:min7 [3, 6, 8, 11] 8 2 
E:maj [4, 8, 11] 4 2 
F#:maj [1, 6, 10] 6 2 
B:maj [3, 6, 11] 11 2 
Ab:min7 [3, 6, 8, 11] 8 2 
E:maj [4, 8, 11] 4 2 
F#:maj [1, 6, 10] 6 2 
B:maj [3, 6, 11] 11 2 
Ab:min7 [3, 6, 8, 11] 8 2 
E:maj7 [2, 4, 8, 11] 4 2 
F#:maj [1, 6, 10] 6 2 
B:maj [3, 6, 11] 11 8 
F#:maj/3 [1, 6, 10] 10 4 
E:maj [4, 8, 11] 4 7 
Eb:min/b3 [3, 6, 10] 6 1 
B:maj [3, 6, 11] 11 4 
F#:maj/3 [1, 6, 10] 10 4 
E:maj [4, 8, 11] 4 10 
F#:maj [1, 6, 10] 6 2 
Eb:maj [3, 7, 10] 3 2 
Ab:min [3, 8, 11] 8 2 
C#:min [1, 4, 8] 1 2 
F#:maj [1, 6, 10] 6 2 
B:sus2 [1, 6, 11] 11 4 
E:maj [4, 8, 11] 4 2 
E:maj6 [1, 4, 8, 11] 4 2 
Eb:maj [3, 7, 10] 3 2 
Ab:min [3, 8, 11] 8 2 
C#:maj [1, 5, 8] 1 3 
F#:maj [1, 6, 10] 6 5 
B:maj [3, 6, 11] 11 4 
F#:maj [1, 6, 10] 6 4 
Ab:min [3, 8, 11] 8 4 
F#:maj [1, 6, 10] 6 4 
E:maj [4, 8, 11] 4 4 
Eb:maj [3, 7, 10] 3 2 
Ab:min [3, 8, 11] 8 2 
C#:maj [1, 5, 8] 1 4 
F#:maj [1, 6, 10] 6 4 
B:maj [3, 6, 11] 11 4 
F#:maj [1, 6, 10] 6 4 
Ab:min [3, 8, 11] 8 4 
F#:min [1, 6, 9] 6 2 
B:7 [3, 6, 9, 11] 11 2 
E:maj [4, 8, 11] 4 4 
Eb:maj [3, 7, 10] 3 2 
Ab:min [3, 8, 11] 8 2 
C#:min [1, 4, 8] 1 4 
F#:maj [1, 6, 10] 6 4 
E:maj [4, 8, 11] 4 2 
F#:maj [1, 6, 10] 6 2 
B:maj [3, 6, 11] 11 4 
E:maj [4, 8, 11] 4 2 
F#:maj [1, 6, 10] 6 2 
B:maj [3, 6, 11] 11 2 
Ab:min [3, 8, 11] 8 2 
E:maj [4, 8, 11] 4 2 
F#:maj [1, 6, 10] 6 2 
B:maj [3, 6, 11] 11 2 
Ab:min [3, 8, 11] 8 2 
E:maj [4, 8, 11] 4 2 
B:maj [3, 6, 11] 11 6 
E:maj [4, 8, 11] 4 2 
F#:maj [1, 6, 10] 6 2 
B:maj7 [3, 6, 9, 11] 11 2 
Ab:min [3, 8, 11] 8 2 
E:maj [4, 8, 11] 4 2 
F#:maj [1, 6, 10] 6 2 
B:maj [3, 6, 11] 11 2 
Ab:min [3, 8, 11] 8 2 
E:maj [4, 8, 11] 4 2 
F#:maj [1, 6, 10] 6 2 
B:maj [3, 6, 11] 11 2 
Ab:min [3, 8, 11] 8 2 
E:maj7 [2, 4, 8, 11] 4 2 
F#:maj [1, 6, 10] 6 2 
B:maj [3, 6, 11] 11 4 
E:maj [4, 8, 11] 4 4 
Eb:maj [3, 7, 10] 3 2 
Ab:min [3, 8, 11] 8 2 
C#:min [1, 4, 8] 1 2 
F#:maj [1, 6, 10] 6 2 
B:sus2 [1, 6, 11] 11 4 
E:maj [4, 8, 11] 4 4 
Eb:maj [3, 7, 10] 3 2 
Ab:min [3, 8, 11] 8 2 
C#:maj [1, 5, 8] 1 3 
F#:sus2 [1, 6, 8] 6 5 
B:maj [3, 6, 11] 11 3 
F#:maj [1, 6, 10] 6 5 
Ab:min [3, 8, 11] 8 2 
F#:sus2 [1, 6, 8] 6 6 
E:maj [4, 8, 11] 4 4 
Eb:maj [3, 7, 10] 3 1 
Ab:min [3, 8, 11] 8 3 
Ab:sus4 [1, 3, 8] 8 1 
C#:maj [1, 5, 8] 1 1 
F#:maj [1, 6, 10] 6 6 
B:maj [3, 6, 11] 11 3 
F#:maj [1, 6, 10] 6 5 
Ab:min [3, 8, 11] 8 4 
F#:min [1, 6, 9] 6 2 
F#:sus4 [1, 6, 11] 6 1 
B:7 [3, 6, 9, 11] 11 1 
E:maj [4, 8, 11] 4 4 
Eb:maj [3, 7, 10] 3 1 
Ab:min [3, 8, 11] 8 3 
C#:min7 [1, 4, 8, 11] 1 1 
C#:min [1, 4, 8] 1 2 
C#:min7 [1, 4, 8, 11] 1 1 
F#:maj [1, 6, 10] 6 4 
B:maj [3, 6, 11] 11 3 
F#:maj [1, 6, 10] 6 5 
Ab:min [3, 8, 11] 8 4 
F#:min [1, 6, 9] 6 2 
F#:sus4 [1, 6, 11] 6 1 
B:7 [3, 6, 9, 11] 11 1 
E:maj [4, 8, 11] 4 4 
Eb:maj [3, 7, 10] 3 1 
Ab:min [3, 8, 11] 8 3 
C#:min7 [1, 4, 8, 11] 1 1 
C#:min [1, 4, 8] 1 2 
C#:min7 [1, 4, 8, 11] 1 1 
F#:maj [1, 6, 10] 6 4 
B:sus4 [4, 6, 11] 11 3 
