0 130
66 3
0 1
66 1
0 1
66 1
0 1
66 1
66 2
0 1
66 1
0 1
68 1
0 1
68 1
68 2
66 1
66 4
0 8
66 1
0 1
66 1
0 1
64 1
0 1
63 1
0 1
64 2
0 2
59 1
0 1
66 1
0 1
64 1
0 1
63 1
0 1
63 3
0 1
61 6
0 2
66 3
0 1
66 1
0 1
66 1
0 1
66 1
66 2
0 1
66 1
0 1
68 1
0 1
68 1
68 2
66 1
66 4
0 2
73 2
71 1
0 1
70 1
0 1
71 2
0 2
70 3
0 1
71 2
0 2
68 1
70 1
71 1
0 1
71 1
0 1
71 1
0 1
71 3
0 1
73 5
0 3
68 1
0 1
68 2
71 2
70 1
0 1
71 1
0 1
70 1
0 1
68 1
0 1
66 1
0 1
66 1
0 1
66 1
0 1
71 6
0 6
68 1
0 1
68 2
71 1
0 1
70 1
0 1
71 1
0 1
70 1
0 1
68 3
0 1
66 8
0 8
68 1
0 1
68 1
0 1
71 1
0 1
70 1
0 1
71 1
0 1
70 1
0 1
68 1
0 1
67 1
0 1
67 1
0 1
73 2
71 4
0 2
68 1
0 1
70 1
0 1
71 1
0 1
71 1
71 1
0 1
70 1
71 3
0 1
70 1
0 1
71 1
0 1
73 6
0 2
66 1
0 1
71 3
0 1
73 3
0 1
75 2
0 2
71 1
0 1
73 1
0 1
75 1
0 1
76 1
0 1
78 2
0 2
73 1
0 1
66 1
0 1
70 1
0 1
71 1
0 1
73 4
0 4
71 1
0 1
63 1
0 1
68 1
0 1
70 1
0 1
71 1
0 1
73 1
0 1
75 3
0 1
70 1
0 1
71 1
0 1
70 1
0 1
68 1
0 1
66 2
0 2
71 1
0 1
70 1
0 1
68 3
0 1
70 1
0 1
71 1
0 1
73 3
0 1
71 1
0 1
73 1
0 1
75 1
0 1
76 1
0 1
75 1
0 1
73 1
0 1
71 2
0 2
68 1
0 1
70 1
0 1
71 1
0 1
71 1
0 1
71 1
0 1
70 1
0 1
71 1
0 1
73 1
0 1
75 3
0 1
73 5
0 1
66 1
0 1
71 3
0 1
73 3
0 1
75 2
0 2
71 1
0 1
73 1
0 1
75 1
0 1
76 1
0 1
78 2
0 2
73 1
0 1
66 1
0 1
70 1
0 1
71 1
0 1
73 4
0 4
71 1
0 1
63 1
0 1
68 1
0 1
70 1
0 1
71 1
0 1
73 1
0 1
75 3
0 1
75 1
0 1
76 1
0 1
75 1
0 1
73 1
0 1
71 2
0 2
71 1
0 1
70 1
0 1
68 3
0 1
70 1
0 1
71 1
0 1
73 3
0 1
75 1
0 1
76 1
0 1
78 3
0 1
75 1
0 1
73 1
0 1
71 2
0 2
68 1
0 1
70 1
0 1
71 1
0 1
71 1
0 1
71 1
0 1
70 1
0 1
71 1
0 1
73 1
0 1
75 3
0 1
73 5
0 1
66 1
0 1
71 3
0 1
70 2
71 11
0 249
68 1
0 1
68 2
71 2
70 1
0 1
71 1
0 1
70 1
0 1
68 1
0 1
66 1
0 1
66 1
0 1
66 1
0 1
71 6
0 6
68 1
0 1
68 2
71 1
0 1
70 1
0 1
71 1
0 1
70 1
0 1
68 3
0 1
66 8
0 8
68 1
0 1
68 1
0 1
71 1
0 1
70 1
0 1
71 1
0 1
70 1
0 1
68 1
0 1
67 1
0 1
67 1
0 1
73 2
71 4
0 2
68 1
0 1
70 1
0 1
71 1
0 1
71 1
71 1
0 1
70 1
71 3
0 1
70 1
0 1
71 1
0 1
73 6
0 2
66 1
0 1
71 3
0 1
73 3
0 1
75 2
0 2
71 1
0 1
73 1
0 1
75 1
0 1
76 1
0 1
78 2
0 2
73 1
0 1
66 1
0 1
70 1
0 1
71 1
0 1
73 4
0 4
71 1
0 1
63 1
0 1
68 1
0 1
70 1
0 1
71 1
0 1
73 1
0 1
75 3
0 1
70 1
0 1
71 1
0 1
70 1
0 1
68 1
0 1
66 2
0 2
71 1
0 1
70 1
0 1
68 3
0 1
70 1
0 1
71 1
0 1
73 3
0 1
71 1
0 1
73 1
0 1
75 1
0 1
76 1
0 1
75 1
0 1
73 1
0 1
71 2
0 2
68 1
0 1
70 1
0 1
71 1
0 1
71 1
0 1
71 1
0 1
70 1
0 1
71 1
0 1
73 1
0 1
75 3
0 1
73 5
0 1
66 1
0 1
71 3
0 1
73 3
0 1
75 2
0 2
71 1
0 1
73 1
0 1
75 1
0 1
76 1
0 1
78 2
0 2
73 1
0 1
66 1
0 1
70 1
0 1
71 1
0 1
73 4
0 4
71 1
0 1
63 1
0 1
68 1
0 1
70 1
0 1
71 1
0 1
73 1
0 1
75 3
0 1
75 1
0 1
76 1
0 1
75 1
0 1
73 1
0 1
71 2
0 2
71 1
0 1
70 1
0 1
68 3
0 1
70 1
0 1
71 1
0 1
73 3
0 1
75 1
0 1
76 1
0 1
78 3
0 1
75 1
0 1
73 1
0 1
71 2
0 2
68 1
0 1
70 1
0 1
71 1
0 1
71 1
0 1
71 1
0 1
70 1
0 1
71 1
0 1
73 1
0 1
75 3
0 1
73 5
0 1
66 1
0 1
71 3
0 1
70 2
71 11
