0 1
71 1
79 1
79 1
0 1
74 1
79 1
79 1
0 1
74 1
79 1
79 1
0 1
74 1
79 1
79 1
0 1
74 1
79 1
79 1
0 2
74 1
76 1
0 9
71 1
79 1
79 1
0 1
74 1
79 1
79 1
0 1
74 1
79 1
79 1
0 1
74 1
79 1
79 1
0 1
74 1
79 1
79 1
0 1
79 1
81 1
83 1
0 8
84 1
81 1
76 1
84 1
0 1
81 1
0 1
76 1
83 1
81 1
76 1
83 1
0 1
81 1
0 2
81 1
0 1
79 1
0 1
79 1
0 1
78 1
0 1
76 1
0 7
78 1
78 1
78 1
74 2
0 7
74 1
0 1
71 1
0 1
76 2
0 15
71 1
79 1
79 1
0 1
74 1
79 1
79 1
0 1
74 1
79 1
79 1
0 1
74 1
79 1
79 1
0 1
74 1
79 1
79 1
0 2
74 1
76 1
0 9
71 1
79 1
79 1
0 1
74 1
79 1
79 1
0 1
74 1
79 1
79 1
0 1
74 1
79 1
79 1
0 1
74 1
79 1
79 1
0 1
79 1
81 1
83 1
0 8
84 1
81 1
76 1
84 1
0 1
81 1
0 1
76 1
83 1
81 1
76 1
83 1
0 1
81 1
0 2
81 1
0 1
79 1
0 1
79 1
0 1
78 1
0 1
76 1
0 7
78 1
78 1
78 1
74 2
0 7
74 1
0 1
71 1
0 1
76 2
0 10
76 1
0 1
79 1
0 1
81 2
0 2
81 1
83 1
81 1
79 1
81 2
0 2
79 1
0 1
81 1
0 1
83 2
83 1
81 1
79 1
0 1
81 1
0 1
83 1
0 3
76 1
0 1
79 1
0 1
81 1
0 3
81 1
83 1
81 1
79 1
81 1
0 3
79 1
0 1
81 1
0 1
83 1
0 1
83 1
86 1
83 1
0 1
81 1
0 1
83 2
0 2
83 1
0 1
86 1
0 1
88 1
0 1
91 1
0 1
91 1
0 1
88 1
0 1
86 2
0 2
83 2
86 1
0 1
88 1
0 1
88 1
91 1
88 1
0 1
86 1
0 1
88 2
0 2
83 1
0 1
86 1
0 1
88 1
0 1
88 1
91 1
91 1
0 1
88 1
0 1
86 1
0 1
88 1
0 1
83 2
81 1
0 1
79 3
0 78
71 1
79 1
79 1
0 1
74 1
79 1
79 1
0 1
74 1
79 1
79 1
0 1
74 1
79 1
79 1
0 1
74 1
79 1
79 1
0 2
74 1
76 1
0 9
71 1
79 1
79 1
0 1
74 1
79 1
79 1
0 1
74 1
79 1
79 1
0 1
74 1
79 1
79 1
0 1
74 1
79 1
79 1
0 1
79 1
81 1
83 1
0 8
84 1
81 1
76 1
84 1
0 1
81 1
0 1
76 1
83 1
81 1
76 1
83 1
0 1
81 1
0 2
81 1
0 1
79 1
0 1
79 1
0 1
78 1
0 1
76 1
0 7
78 1
78 1
78 1
74 2
0 7
74 1
0 1
71 1
0 1
76 2
0 15
71 1
79 1
79 1
0 1
74 1
79 1
79 1
0 1
74 1
79 1
79 1
0 1
74 1
79 1
79 1
0 1
74 1
79 1
79 1
0 2
74 1
76 1
0 9
71 1
79 1
79 1
0 1
74 1
79 1
79 1
0 1
74 1
79 1
79 1
0 1
74 1
79 1
79 1
0 1
74 1
79 1
79 1
0 1
79 1
81 1
83 1
0 8
84 1
81 1
76 1
84 1
0 1
81 1
0 1
76 1
83 1
81 1
76 1
83 1
0 1
81 1
0 2
86 1
0 1
83 1
0 1
81 1
83 1
0 1
81 1
79 1
0 7
78 1
78 1
78 1
74 2
0 7
74 1
0 1
71 1
0 1
76 2
0 10
76 1
0 1
79 1
0 1
81 2
0 2
81 1
83 1
81 1
79 1
81 2
0 2
79 1
0 1
81 1
0 1
83 2
83 1
81 1
79 1
0 1
81 1
0 1
83 1
0 3
76 1
0 1
79 1
0 1
81 1
0 3
81 1
83 1
81 1
79 1
81 1
0 3
79 1
0 1
81 1
0 1
83 1
0 1
83 1
86 1
83 1
0 1
81 1
0 1
83 2
0 2
83 1
0 1
86 1
0 1
88 1
0 1
91 1
0 1
91 1
0 1
88 1
0 1
86 2
0 2
83 2
86 1
0 1
88 1
0 1
88 1
91 1
88 1
0 1
86 1
0 1
88 2
0 2
83 1
0 1
86 1
0 1
88 1
0 1
88 1
91 1
91 1
0 1
88 1
0 1
86 1
0 1
88 1
0 1
83 2
81 1
0 1
79 3
0 9
76 1
0 1
79 1
0 1
81 2
0 2
81 1
83 1
81 1
79 1
81 2
0 2
79 1
0 1
81 1
0 1
83 2
83 1
81 1
79 1
0 1
81 1
0 1
83 1
0 3
76 1
0 1
79 1
0 1
81 1
0 3
81 1
83 1
81 1
79 1
81 1
0 3
79 1
0 1
81 1
0 1
83 1
0 1
83 1
86 1
83 1
0 1
81 1
0 1
83 2
0 2
83 1
0 1
86 1
0 1
88 1
0 1
91 1
0 1
91 1
0 1
88 1
0 1
86 2
0 2
83 2
86 1
0 1
88 1
0 1
88 1
91 1
88 1
0 1
86 1
0 1
88 2
0 2
83 1
0 1
86 1
0 1
88 1
0 1
88 1
91 1
91 1
0 1
88 1
0 1
86 1
0 1
88 1
0 1
83 2
81 1
0 1
79 3
0 9
83 1
0 1
86 1
0 1
88 1
0 1
91 1
0 1
91 1
0 1
88 1
0 1
86 2
0 2
83 2
86 1
0 1
88 1
0 1
88 1
91 1
88 1
0 1
86 1
0 1
88 2
0 2
83 1
0 1
86 1
0 1
88 1
0 1
88 1
91 1
91 1
0 1
88 1
0 1
86 1
88 1
0 3
83 2
81 1
0 2
79 3
