0 66
77 1
77 1
77 1
0 1
73 1
80 1
0 2
77 1
0 1
73 1
0 1
77 1
0 1
73 1
0 2
70 2
0 13
77 1
77 1
77 1
0 1
73 1
80 1
0 2
77 1
0 1
73 1
0 1
75 1
0 3
77 1
0 9
70 1
72 1
73 1
70 1
0 1
82 2
0 8
70 1
70 1
73 1
73 1
0 1
84 2
80 2
0 8
77 1
0 1
80 1
0 1
78 1
0 2
77 2
0 1
79 1
0 5
70 2
80 2
0 2
77 3
0 13
77 1
77 1
77 1
0 1
73 1
80 1
0 2
77 1
0 1
73 1
0 1
77 1
0 1
73 1
0 2
70 2
0 13
77 1
77 1
77 1
0 1
73 1
80 1
0 2
77 1
0 1
73 1
0 1
75 1
0 3
77 1
0 9
70 1
72 1
73 1
70 1
0 2
82 2
0 7
70 1
70 1
73 1
73 1
0 1
84 2
80 2
0 8
77 1
0 1
80 1
0 1
78 1
0 2
77 2
0 1
79 1
0 5
70 2
80 2
0 2
77 3
0 11
73 2
80 1
0 1
80 1
0 1
77 1
0 1
75 1
0 1
82 1
0 1
82 1
0 1
75 1
0 1
85 1
0 1
84 1
82 1
0 2
80 1
0 1
77 1
0 5
77 1
78 1
80 1
0 1
73 1
73 1
0 1
82 2
0 1
80 1
0 1
73 1
73 1
0 1
80 2
0 1
77 2
0 14
73 1
0 1
80 1
0 1
80 1
0 1
77 1
0 1
75 1
0 1
82 1
0 1
82 1
0 1
84 1
0 1
85 1
0 1
84 1
82 1
0 2
77 1
73 1
0 6
70 1
72 1
73 1
0 5
72 1
73 1
77 1
0 5
73 1
0 2
70 2
0 79
77 1
77 1
77 1
0 1
73 1
80 1
0 2
77 1
0 1
73 1
0 1
77 1
0 1
73 1
0 2
70 2
0 13
77 1
77 1
77 1
0 1
73 1
80 1
0 2
77 1
0 1
73 1
0 1
75 1
0 3
77 1
0 9
70 1
72 1
73 1
70 1
0 2
82 2
0 7
70 1
70 1
73 1
73 1
0 1
84 2
80 2
0 8
77 1
0 1
80 1
0 1
78 1
0 2
77 2
0 1
79 1
0 5
70 2
80 2
0 2
77 3
0 11
73 2
80 1
0 1
80 1
0 1
77 1
0 1
75 1
0 1
82 1
0 1
82 1
0 1
75 1
0 1
85 1
0 1
84 1
82 1
0 2
80 1
0 1
77 1
0 5
77 1
78 1
80 1
0 1
73 1
73 1
0 1
82 2
0 1
80 1
0 1
73 1
73 1
0 1
80 2
0 1
77 2
0 14
73 1
0 1
80 1
0 1
80 1
0 1
77 1
0 1
75 1
0 1
82 1
0 1
82 1
0 1
84 1
0 1
85 1
0 1
84 1
82 1
0 2
77 1
73 1
0 6
70 1
72 1
73 1
0 5
72 1
73 1
77 1
0 5
73 1
0 1
70 2
0 14
73 2
80 1
0 1
80 1
0 1
77 1
0 1
75 1
0 1
82 1
0 1
82 1
0 1
75 1
0 1
85 1
0 1
84 1
82 1
0 2
80 1
0 1
77 1
0 5
77 1
78 1
80 1
0 1
73 1
73 1
0 1
82 2
0 1
80 1
0 1
73 1
73 1
0 1
80 2
0 1
77 2
0 14
73 1
0 1
80 1
0 1
80 1
0 1
77 1
0 1
75 1
0 1
82 1
0 1
82 1
0 1
84 1
0 1
85 1
0 1
84 1
82 1
0 2
77 1
73 1
0 6
70 1
72 1
73 1
0 5
72 1
73 1
77 1
0 5
73 1
0 1
82 2
