Ab:min [3, 8, 11] 8 2
E:maj [4, 8, 11] 4 2
Eb:maj [3, 7, 10] 3 4
Ab:min [3, 8, 11] 8 2
F#:maj [1, 6, 10] 6 2
E:maj [4, 8, 11] 4 4
Ab:min [3, 8, 11] 8 2
F#:maj [1, 6, 10] 6 2
E:maj [4, 8, 11] 4 6
F#:maj [1, 6, 10] 6 2
E:maj [4, 8, 11] 4 2
Eb:min [3, 6, 10] 3 2
C#:min [1, 4, 8] 1 4
Eb:maj [3, 7, 10] 3 4
Ab:min [3, 8, 11] 8 2
F#:maj [1, 6, 10] 6 2
E:maj [4, 8, 11] 4 4
Ab:min [3, 8, 11] 8 2
F#:maj [1, 6, 10] 6 2
E:maj [4, 8, 11] 4 4
Ab:min [3, 8, 11] 8 2
F#:maj [1, 6, 10] 6 2
E:maj [4, 8, 11] 4 2
Eb:min [3, 6, 10] 3 2
C#:min [1, 4, 8] 1 4
Eb:maj [3, 7, 10] 3 4
Ab:min [3, 8, 11] 8 2
C#:min [1, 4, 8] 1 2
F#:maj [1, 6, 10] 6 4
E:maj [4, 8, 11] 4 2
C#:min [1, 4, 8] 1 2
Eb:maj [3, 7, 10] 3 4
Ab:min [3, 8, 11] 8 2
C#:min [1, 4, 8] 1 2
F#:maj [1, 6, 10] 6 2
F#:7 [1, 4, 6, 10] 6 1
B:maj7/7 [3, 6, 9, 11] 10 1
E:maj [4, 8, 11] 4 2
C#:min [1, 4, 8] 1 2
Eb:maj [3, 7, 10] 3 4
Ab:min [3, 8, 11] 8 2
C#:min [1, 4, 8] 1 2
F#:maj [1, 6, 10] 6 2
B:maj [3, 6, 11] 11 2
E:maj [4, 8, 11] 4 2
C#:min [1, 4, 8] 1 2
Eb:maj [3, 7, 10] 3 4
Ab:min [3, 8, 11] 8 2
F#:maj [1, 6, 10] 6 2
E:maj [4, 8, 11] 4 4
Ab:min [3, 8, 11] 8 2
F#:maj [1, 6, 10] 6 2
E:maj [4, 8, 11] 4 4
Ab:min [3, 8, 11] 8 2
F#:maj [1, 6, 10] 6 2
E:maj [4, 8, 11] 4 2
B:maj [3, 6, 11] 11 2
C#:min [1, 4, 8] 1 4
Eb:maj [3, 7, 10] 3 4
Ab:min [3, 8, 11] 8 2
C#:min [1, 4, 8] 1 2
F#:maj [1, 6, 10] 6 2
B:maj7/7 [3, 6, 9, 11] 10 2
E:maj [4, 8, 11] 4 2
C#:min [1, 4, 8] 1 2
Eb:maj [3, 7, 10] 3 4
Ab:min [3, 8, 11] 8 2
C#:min [1, 4, 8] 1 2
F#:maj [1, 6, 10] 6 2
B:maj7/7 [3, 6, 9, 11] 10 2
E:maj [4, 8, 11] 4 2
C#:min [1, 4, 8] 1 2
Eb:maj [3, 7, 10] 3 4
Ab:min [3, 8, 11] 8 2
Eb:maj [3, 7, 10] 3 2
Ab:min [3, 8, 11] 8 2
Eb:maj [3, 7, 10] 3 2
Ab:min [3, 8, 11] 8 2
Eb:maj [3, 7, 10] 3 2
C#:min [1, 4, 8] 1 2
Eb:maj [3, 7, 10] 3 2
B:maj [3, 6, 11] 11 2
F#:maj [1, 6, 10] 6 2
E:maj [4, 8, 11] 4 2
Eb:maj [3, 7, 10] 3 2
B:maj [3, 6, 11] 11 2
F#:maj [1, 6, 10] 6 2
C#:min [1, 4, 8] 1 2
Eb:maj [3, 7, 10] 3 6
Ab:min [3, 8, 11] 8 2
C#:min [1, 4, 8] 1 2
F#:maj [1, 6, 10] 6 2
B:maj7/7 [3, 6, 9, 11] 10 2
E:maj [4, 8, 11] 4 2
C#:min [1, 4, 8] 1 2
Eb:maj [3, 7, 10] 3 4
Ab:min [3, 8, 11] 8 2
C#:min [1, 4, 8] 1 2
F#:maj [1, 6, 10] 6 2
B:maj7/7 [3, 6, 9, 11] 10 2
E:maj [4, 8, 11] 4 2
C#:min [1, 4, 8] 1 2
Eb:maj [3, 7, 10] 3 3
E:maj [4, 8, 11] 4 1
A:min [0, 4, 9] 9 2
D:min [2, 5, 9] 2 2
G:maj [2, 7, 11] 7 2
C:maj7/7 [0, 4, 7, 10] 11 2
F:maj [0, 5, 9] 5 2
D:min [2, 5, 9] 2 2
E:maj [4, 8, 11] 4 4
A:min [0, 4, 9] 9 2
D:min [2, 5, 9] 2 2
G:maj [2, 7, 11] 7 2
C:maj [0, 4, 7] 0 2
F:maj [0, 5, 9] 5 2
D:min [2, 5, 9] 2 2
E:maj [4, 8, 11] 4 12
A:min [0, 4, 9] 9 2
F:maj [0, 5, 9] 5 2
F:maj7/7 [0, 3, 5, 9] 4 2
