B:min [2, 6, 11] 11 4
E:min [4, 7, 11] 4 4
B:min [2, 6, 11] 11 4
G:maj7 [2, 5, 7, 11] 7 4
F#:min7 [1, 4, 6, 9] 6 4
B:min [2, 6, 11] 11 10
F#:min7 [1, 4, 6, 9] 6 2
G:maj [2, 7, 11] 7 2
B:min [2, 6, 11] 11 2
G:maj [2, 7, 11] 7 2
A:maj [1, 4, 9] 9 2
D:maj [2, 6, 9] 2 4
B:min [2, 6, 11] 11 2
E:min [4, 7, 11] 4 2
D:maj [2, 6, 9] 2 2
B:min [2, 6, 11] 11 2
G:maj7 [2, 5, 7, 11] 7 2
A:maj [1, 4, 9] 9 2
G:maj [2, 7, 11] 7 2
B:sus2 [1, 6, 11] 11 2
B:min [2, 6, 11] 11 2
E:min [4, 7, 11] 4 4
B:min [2, 6, 11] 11 4
B:min7(11) [1, 2, 4, 6, 9, 11] 11 4
F#:sus4(b7 [1, 6, 11] 6 2
B:min [2, 6, 11] 11 4
G:maj [2, 7, 11] 7 3
B:min [2, 6, 11] 11 1
B:min7 [2, 6, 9, 11] 11 2
A:maj [1, 4, 9] 9 2
F#:min7 [1, 4, 6, 9] 6 4
B:sus2 [1, 6, 11] 11 1
B:min [2, 6, 11] 11 3
G:maj [2, 7, 11] 7 2
B:min [2, 6, 11] 11 4
A:maj [1, 4, 9] 9 2
F#:min7 [1, 4, 6, 9] 6 4
B:min [2, 6, 11] 11 4
G:maj [2, 7, 11] 7 3
B:min [2, 6, 11] 11 5
G:maj [2, 7, 11] 7 4
A:maj [1, 4, 9] 9 4
B:sus2 [1, 6, 11] 11 4
E:maj [4, 8, 11] 4 4
G:maj6 [2, 4, 7, 11] 7 2
A:maj [1, 4, 9] 9 2
E:sus2 [4, 6, 11] 4 2
B:sus2 [1, 6, 11] 11 8
F#:min7 [1, 4, 6, 9] 6 2
G:maj [2, 7, 11] 7 1
A:maj [1, 4, 9] 9 1
B:min [2, 6, 11] 11 2
G:maj [2, 7, 11] 7 2
A:maj [1, 4, 9] 9 2
D:maj [2, 6, 9] 2 4
B:min [2, 6, 11] 11 2
B:sus4 [4, 6, 11] 11 2
D:maj [2, 6, 9] 2 2
B:min [2, 6, 11] 11 2
G:maj [2, 7, 11] 7 2
A:maj [1, 4, 9] 9 2
G:maj [2, 7, 11] 7 1
A:maj [1, 4, 9] 9 1
B:maj [3, 6, 11] 11 6
G:maj [2, 7, 11] 7 1
G:maj7/3 [2, 5, 7, 11] 11 1
G:maj [2, 7, 11] 7 2
E:min7 [2, 4, 7, 11] 4 2
A:maj [1, 4, 9] 9 2
F#:min7 [1, 4, 6, 9] 6 4
B:sus2 [1, 6, 11] 11 1
B:min7 [2, 6, 9, 11] 11 1
B:min [2, 6, 11] 11 1
B:min7 [2, 6, 9, 11] 11 1
G:maj [2, 7, 11] 7 2
B:min [2, 6, 11] 11 2
B:min7 [2, 6, 9, 11] 11 2
A:maj [1, 4, 9] 9 2
F#:min7 [1, 4, 6, 9] 6 4
B:sus2 [1, 6, 11] 11 4
E:min [4, 7, 11] 4 4
B:min [2, 6, 11] 11 4
E:min [4, 7, 11] 4 3
E:maj [4, 8, 11] 4 1
B:min [2, 6, 11] 11 4
B:sus2 [1, 6, 11] 11 6
