0 144
77 1
77 1
77 1
80 1
80 1
0 1
75 2
77 2
0 4
80 1
82 1
84 2
84 1
0 1
82 1
87 3
84 3
0 5
82 1
0 1
82 1
84 1
84 1
0 1
80 2
82 3
0 3
82 1
84 1
77 2
77 1
0 1
75 1
0 1
75 2
72 4
0 4
77 1
0 1
77 1
80 1
80 2
75 2
77 3
0 3
80 1
82 1
84 1
0 1
87 2
89 1
0 2
82 3
84 4
82 1
80 1
82 2
84 1
0 1
84 1
0 1
80 1
82 3
0 1
75 1
72 1
0 1
82 4
77 6
0 4
80 1
0 1
82 1
0 1
84 1
84 1
0 1
84 1
84 1
0 1
82 1
0 1
84 3
0 3
84 1
87 1
89 1
0 1
89 1
89 1
92 2
0 1
87 1
89 3
0 3
87 1
89 1
92 2
0 1
92 1
92 1
0 1
89 2
87 3
87 1
89 1
0 2
82 2
0 1
84 8
0 2
87 1
0 1
84 1
0 1
82 1
82 1
82 1
82 1
84 1
0 1
80 2
82 2
0 4
84 2
77 2
0 1
77 1
75 1
0 1
75 2
72 2
0 4
79 1
0 1
79 2
0 4
77 1
0 1
75 2
0 1
72 1
82 2
80 2
77 12
82 1
80 1
77 1
82 8
0 4
82 1
82 1
82 1
80 2
77 8
0 6
80 1
0 1
79 4
0 2
77 1
0 1
75 1
0 2
72 1
82 2
80 2
77 11
0 133
77 1
77 1
77 1
80 1
80 1
0 1
75 2
77 2
0 4
80 1
82 1
84 2
84 1
0 1
82 1
87 3
84 3
0 5
82 1
0 1
82 1
84 1
84 1
0 1
80 2
82 3
0 3
82 1
84 1
77 2
77 1
0 1
75 1
0 1
75 2
72 4
0 4
77 1
0 1
77 1
80 1
80 2
75 2
77 3
0 3
80 1
82 1
84 1
0 1
87 2
89 1
0 2
82 3
84 4
82 1
80 1
82 2
84 1
0 1
84 1
0 1
80 1
82 3
0 1
75 1
72 1
0 1
82 4
77 6
0 4
80 1
0 1
82 1
0 1
84 1
84 1
0 1
84 1
84 1
0 1
82 1
0 1
84 3
0 3
84 1
87 1
89 1
0 1
89 1
89 1
92 2
0 1
87 1
89 3
0 3
87 1
89 1
92 2
0 1
92 1
92 1
0 1
89 2
87 3
87 1
89 1
0 2
82 2
0 1
84 8
0 2
87 1
0 1
84 1
0 1
82 1
82 1
82 1
82 1
84 1
0 1
80 2
82 2
0 4
84 2
77 2
0 1
77 1
75 1
0 1
75 2
72 2
0 4
79 1
0 1
79 2
0 4
77 1
0 1
75 2
0 1
72 1
82 2
80 2
77 12
82 1
80 1
77 1
82 8
0 4
82 1
82 1
82 1
80 2
77 8
0 6
80 1
0 1
79 4
0 2
77 1
0 1
75 1
0 2
72 1
82 2
80 2
77 11
0 5
84 1
84 1
0 1
84 1
84 1
0 1
82 1
0 1
84 3
0 3
84 1
87 1
89 1
0 1
89 1
89 1
92 2
0 1
87 1
89 3
0 3
87 1
89 1
92 2
0 1
92 1
92 1
0 1
89 2
87 3
87 1
89 1
0 2
82 2
0 1
84 8
0 2
87 1
0 1
84 1
0 1
82 1
82 1
82 1
82 1
84 1
0 1
80 2
82 2
0 4
84 2
77 2
0 1
77 1
75 1
0 1
75 2
72 2
0 4
79 1
0 1
79 2
0 4
77 1
0 1
75 2
0 1
72 1
82 2
80 2
77 12
82 1
80 1
77 1
82 8
0 4
82 1
82 1
82 1
80 2
77 8
0 6
80 1
0 1
79 4
0 2
77 1
0 1
75 1
0 2
72 1
82 2
80 2
77 10
