0 65
74 3
0 1
74 2
0 1
74 1
75 2
74 2
72 2
70 2
74 3
0 1
74 3
74 1
75 2
74 2
72 2
70 2
69 1
70 1
0 1
70 4
70 1
77 1
0 1
75 2
74 2
72 1
70 1
74 7
0 1
72 5
0 3
74 3
0 1
74 2
0 1
74 1
75 2
74 2
72 2
70 2
74 3
0 1
74 3
74 1
75 2
74 2
72 2
70 2
69 1
70 1
0 1
70 4
70 1
77 1
0 1
75 2
74 2
72 1
70 1
74 5
0 2
72 1
72 1
74 2
0 1
74 2
75 2
77 3
0 1
77 2
0 1
65 1
65 2
77 2
75 2
74 2
72 3
0 1
72 2
70 2
72 2
70 2
72 2
74 2
75 3
0 1
75 3
67 1
67 2
75 2
74 2
72 2
70 2
70 2
70 2
72 2
69 4
74 2
75 2
77 4
77 3
65 1
65 2
77 2
75 2
74 2
72 3
0 1
72 2
70 2
72 2
70 2
72 2
74 2
75 3
0 1
75 3
67 1
67 2
75 2
74 1
0 1
75 2
77 3
0 1
77 1
79 1
0 1
77 5
0 4
65 3
77 7
74 2
75 2
77 2
77 4
0 1
75 1
78 5
0 5
68 3
78 7
75 2
77 2
78 1
0 1
78 5
0 1
77 2
77 4
0 4
73 2
80 8
77 2
78 2
80 1
0 1
80 6
78 2
78 4
0 2
77 2
77 4
75 4
78 6
77 2
77 2
75 6
77 7
0 1
65 3
77 7
74 2
75 2
77 2
77 4
0 1
75 1
78 7
0 3
68 3
78 7
75 2
77 2
78 1
0 1
78 5
0 1
77 2
77 6
0 2
73 2
85 8
82 2
84 2
85 2
84 6
0 1
85 1
84 4
0 2
77 2
77 4
75 2
70 2
78 2
0 1
77 3
75 2
73 8
0 132
74 2
75 2
77 3
0 1
77 2
0 1
65 1
65 2
77 2
75 2
74 2
72 4
72 1
0 1
70 2
72 2
70 2
72 2
74 2
75 3
0 4
67 1
67 2
75 2
74 2
72 1
70 2
79 1
77 1
74 1
0 1
72 1
70 1
74 1
72 3
0 1
74 2
75 2
77 4
77 8
0 2
70 2
72 3
0 1
72 2
70 2
72 2
70 2
72 2
74 2
77 4
75 6
0 4
77 1
0 1
77 1
0 1
77 1
77 3
82 2
84 2
86 2
0 4
65 3
77 7
74 2
75 2
77 2
77 4
0 1
75 1
78 5
0 5
68 3
78 7
75 2
77 2
78 1
0 1
78 5
0 1
77 2
77 4
0 4
73 2
80 8
77 2
78 2
80 1
0 1
80 6
78 2
78 4
0 2
77 2
77 4
75 4
78 6
77 2
77 2
75 6
77 7
0 1
65 3
77 7
74 2
75 2
77 2
77 4
0 1
75 1
78 7
0 3
68 3
78 7
75 2
77 2
78 1
0 1
78 5
0 1
77 2
77 6
0 2
73 2
85 8
82 2
84 2
85 2
84 6
0 1
85 1
84 4
0 2
77 2
77 4
75 2
70 2
78 2
0 1
77 3
75 2
73 8
0 9
73 3
80 7
77 1
0 1
78 1
0 1
80 2
73 5
0 1
75 2
77 5
73 1
73 1
75 1
77 6
75 1
77 1
78 4
77 4
0 1
75 9
0 2
73 8
