F:maj [0, 5, 9] 5 2 
D:maj [2, 6, 9] 2 4 
D:sus4 [2, 7, 9] 2 2 
C:maj [0, 4, 7] 0 4 
F:maj [0, 5, 9] 5 16 
C:maj [0, 4, 7] 0 6 
F:maj [0, 5, 9] 5 2 
D:min [2, 5, 9] 2 4 
F:maj/5 [0, 5, 9] 0 10 
D:min [2, 5, 9] 2 2 
G:min [2, 7, 10] 7 2 
D:min [2, 5, 9] 2 4 
G:min [2, 7, 10] 7 2 
C:maj [0, 4, 7] 0 6 
F:maj [0, 5, 9] 5 2 
D:min [2, 5, 9] 2 4 
F:maj [0, 5, 9] 5 2 
C:maj [0, 4, 7] 0 2 
F:maj/5 [0, 5, 9] 0 4 
D:min [2, 5, 9] 2 2 
C:maj [0, 4, 7] 0 2 
F:maj/5 [0, 5, 9] 0 16 
C:maj [0, 4, 7] 0 6 
F:maj [0, 5, 9] 5 2 
D:min [2, 5, 9] 2 4 
F:maj/5 [0, 5, 9] 0 10 
D:min [2, 5, 9] 2 2 
G:min [2, 7, 10] 7 2 
D:min [2, 5, 9] 2 6 
C:maj [0, 4, 7] 0 6 
F:maj [0, 5, 9] 5 2 
D:min [2, 5, 9] 2 4 
F:maj [0, 5, 9] 5 2 
C:maj [0, 4, 7] 0 2 
F:maj [0, 5, 9] 5 6 
D:maj [2, 6, 9] 2 4 
D:sus4 [2, 7, 9] 2 2 
C:maj [0, 4, 7] 0 4 
F:maj/5 [0, 5, 9] 0 16 
C:maj [0, 4, 7] 0 6 
F:maj [0, 5, 9] 5 2 
D:min [2, 5, 9] 2 4 
F:maj/5 [0, 5, 9] 0 10 
D:min [2, 5, 9] 2 2 
G:min [2, 7, 10] 7 2 
D:min [2, 5, 9] 2 6 
C:maj [0, 4, 7] 0 6 
F:maj [0, 5, 9] 5 4 
D:min [2, 5, 9] 2 2 
F:maj [0, 5, 9] 5 2 
C:maj [0, 4, 7] 0 2 
F:maj [0, 5, 9] 5 6 
C:maj [0, 4, 7] 0 2 
F:maj [0, 5, 9] 5 4 
