0 64
60 5
0 1
57 2
60 2
62 2
65 2
67 1
0 1
69 4
0 12
72 2
0 2
72 2
74 1
0 1
69 2
67 2
65 1
0 1
65 1
69 1
67 7
0 9
67 6
69 2
72 3
0 1
69 4
67 2
65 2
62 2
60 2
62 6
0 2
65 3
0 1
62 2
60 1
0 1
57 2
60 2
62 2
65 2
60 8
0 8
60 3
0 1
57 2
60 2
62 4
65 1
0 3
67 2
69 2
65 2
67 2
69 5
0 3
67 2
69 2
74 3
0 1
72 2
69 1
0 1
67 2
65 2
67 2
0 14
65 2
67 3
0 1
69 2
72 2
0 2
72 2
69 2
67 2
65 2
62 2
60 2
62 4
0 4
65 2
67 2
69 2
72 2
67 2
60 2
72 2
67 2
65 9
0 39
60 5
0 1
57 2
60 2
62 2
65 2
67 1
0 1
69 4
0 12
72 2
0 2
72 2
74 2
69 2
67 2
65 1
0 1
65 1
69 1
67 7
0 9
67 6
69 2
72 3
0 1
69 4
67 2
65 2
62 2
60 2
62 6
0 2
65 3
0 1
62 2
60 1
0 1
57 2
60 2
62 2
65 2
60 8
0 8
60 3
0 1
57 2
60 2
62 4
65 1
0 3
67 2
69 2
65 2
67 2
69 5
0 3
67 2
69 2
74 3
0 1
72 2
69 1
0 1
67 2
65 2
67 2
0 14
65 2
67 3
0 1
69 2
72 2
0 2
72 2
69 2
67 2
65 2
62 2
60 2
62 4
0 4
65 2
67 2
69 2
72 2
67 2
60 2
72 2
67 2
65 9
0 71
60 5
0 1
57 2
60 2
62 2
65 2
67 1
0 1
69 4
0 12
72 2
0 2
72 2
74 2
69 2
67 2
65 1
0 1
65 1
69 1
67 7
0 9
67 6
69 2
72 3
0 1
69 4
67 2
65 2
62 2
60 2
62 6
0 2
65 3
0 1
62 2
60 1
0 1
57 2
60 2
62 2
65 2
60 8
0 8
60 3
0 1
57 2
60 2
62 4
65 1
0 3
67 2
69 2
65 2
67 2
69 5
0 3
67 2
69 2
74 3
0 1
72 2
69 1
0 1
67 2
65 2
67 2
0 14
65 2
67 3
0 1
69 2
72 2
0 2
72 2
69 2
67 2
65 2
62 2
60 2
62 4
0 4
65 2
67 2
69 2
72 2
67 2
60 1
0 1
72 2
67 2
65 9
