F#:sus2 [1, 6, 8] 6 4 
Bb:min7 [1, 5, 8, 10] 10 4 
B:maj [3, 6, 11] 11 8 
Bb:min [1, 5, 10] 10 8 
A:maj [1, 4, 9] 9 4 
C#:sus4 [1, 6, 8] 1 1 
C#:maj [1, 5, 8] 1 2 
F#:maj [1, 6, 10] 6 3 
Bb:min [1, 5, 10] 10 2 
Eb:min [3, 6, 10] 3 2 
F#:7 [1, 4, 6, 10] 6 2 
B:maj [3, 6, 11] 11 2 
C#:maj [1, 5, 8] 1 2 
F#:maj [1, 6, 10] 6 4 
B:maj [3, 6, 11] 11 4 
Bb:min [1, 5, 10] 10 2 
Eb:min [3, 6, 10] 3 2 
Ab:min [3, 8, 11] 8 4 
C#:sus4 [1, 6, 8] 1 4 
F#:maj [1, 6, 10] 6 2 
Bb:7 [2, 5, 8, 10] 10 2 
Eb:min [3, 6, 10] 3 2 
F#:sus4(b7) [1, 6, 11] 6 2 
B:maj [3, 6, 11] 11 2 
C#:7 [1, 5, 8, 11] 1 2 
F#:maj [1, 6, 10] 6 4 
B:maj [3, 6, 11] 11 2 
C#:maj [1, 5, 8] 1 2 
Bb:min [1, 5, 10] 10 2 
Eb:min [3, 6, 10] 3 1 
Eb:min7 [1, 3, 6, 10] 3 1 
Ab:min [3, 8, 11] 8 2 
B:min [2, 6, 11] 11 2 
F#:maj [1, 6, 10] 6 8 
Bb:min [1, 5, 10] 10 2 
Eb:min [3, 6, 10] 3 2 
B:maj [3, 6, 11] 11 2 
Bb:min [1, 5, 10] 10 2 
Ab:min [3, 8, 11] 8 2 
C#:maj [1, 5, 8] 1 2 
F#:maj [1, 6, 10] 6 4 
Bb:min [1, 5, 10] 10 2 
Eb:sus2 [3, 5, 10] 3 2 
B:maj [3, 6, 11] 11 2 
Eb:min7 [1, 3, 6, 10] 3 2 
Ab:min [3, 8, 11] 8 2 
C#:7 [1, 5, 8, 11] 1 2 
F#:maj [1, 6, 10] 6 4 
Eb:maj [3, 7, 10] 3 1 
B:maj7 [3, 6, 9, 11] 11 2 
B:maj [3, 6, 11] 11 5 
E:sus2 [4, 6, 11] 4 3 
A:maj [1, 4, 9] 9 2 
F#:min [1, 6, 9] 6 1 
D:maj7 [0, 2, 6, 9] 2 5 
C#:sus4 [1, 6, 8] 1 2 
F#:maj7 [1, 4, 6, 10] 6 4 
F#:maj [1, 6, 10] 6 1 
Bb:7 [2, 5, 8, 10] 10 1 
Eb:min [3, 6, 10] 3 2 
C#:maj [1, 5, 8] 1 1 
F#:maj [1, 6, 10] 6 1 
B:maj [3, 6, 11] 11 1 
C#:maj [1, 5, 8] 1 2 
F#:maj [1, 6, 10] 6 5 
B:maj [3, 6, 11] 11 3 
Bb:min7 [1, 5, 8, 10] 10 2 
Eb:min [3, 6, 10] 3 1 
Ab:min [3, 8, 11] 8 3 
Ab:dim [2, 8, 11] 8 2 
F#:maj [1, 6, 10] 6 8 
Bb:min [1, 5, 10] 10 2 
Eb:min7/b7 [1, 3, 6, 10] 1 2 
B:maj [3, 6, 11] 11 2 
Bb:sus4 [3, 5, 10] 10 2 
Ab:min [3, 8, 11] 8 1 
C#:maj [1, 5, 8] 1 2 
F#:maj [1, 6, 10] 6 5 
Bb:sus4 [3, 5, 10] 10 1 
Eb:min [3, 6, 10] 3 2 
B:maj7/7 [3, 6, 9, 11] 10 3 
Eb:min [3, 6, 10] 3 1 
Ab:sus2 [3, 8, 10] 8 2 
C#:maj [1, 5, 8] 1 2 
F#:maj [1, 6, 10] 6 2 
D:maj7 [0, 2, 6, 9] 2 3 
D:sus4 [2, 7, 9] 2 2 
G:maj [2, 7, 11] 7 2 
B:min [2, 6, 11] 11 2 
E:min [4, 7, 11] 4 2 
C:maj [0, 4, 7] 0 2 
B:min [2, 6, 11] 11 2 
A:min [0, 4, 9] 9 1 
D:maj [2, 6, 9] 2 2 
G:maj [2, 7, 11] 7 5 
E:sus2 [4, 6, 11] 4 3 
C:maj7/3 [0, 4, 7, 10] 4 2 
E:sus2 [4, 6, 11] 4 5 
A:min7 [0, 4, 7, 9] 9 3 
D:maj [2, 6, 9] 2 9 
C:maj [0, 4, 7] 0 4 
G:maj [2, 7, 11] 7 10 
