0 123
61 1
63 2
61 1
73 2
70 8
0 1
68 1
68 1
68 3
70 1
68 2
66 7
0 3
66 1
68 2
66 1
78 2
75 6
0 1
75 1
75 1
75 1
0 1
75 3
78 1
75 2
73 8
0 1
66 1
68 2
66 2
78 1
75 7
75 1
0 1
75 1
75 1
75 2
70 1
73 2
75 2
70 2
68 1
66 4
0 1
66 1
68 2
70 1
63 4
0 1
66 1
68 1
70 1
63 2
0 1
70 2
68 2
66 2
68 8
0 2
61 1
61 2
63 1
61 2
73 1
70 7
0 1
68 1
0 1
68 1
68 2
70 1
68 2
66 8
0 1
66 2
68 2
66 2
78 1
0 1
75 5
0 1
75 1
75 1
75 1
75 2
75 1
78 1
75 2
73 8
0 1
66 2
68 2
66 2
78 1
75 5
0 1
75 1
75 1
75 1
0 1
75 1
75 1
75 1
70 1
73 1
75 3
0 1
70 1
68 1
66 3
0 2
66 1
68 1
70 1
0 1
63 3
66 2
68 1
70 1
0 1
62 3
0 1
70 2
68 1
66 1
0 1
66 9
0 1
78 2
77 2
75 1
73 1
73 1
70 1
73 1
73 1
73 1
70 1
73 2
75 1
73 2
78 2
77 1
0 1
75 1
73 1
70 1
73 1
0 1
73 1
0 1
70 1
75 1
70 1
68 1
66 1
0 1
66 1
68 1
0 1
70 1
68 1
66 1
66 1
0 1
66 1
75 1
73 1
70 1
68 1
66 2
0 1
66 1
68 1
70 1
68 1
68 1
66 1
66 1
63 1
63 1
66 1
75 2
77 1
73 2
78 2
77 1
0 1
75 1
73 1
73 1
70 1
73 1
73 1
73 1
70 1
73 1
75 1
0 1
73 2
78 1
0 1
80 1
77 1
73 1
73 1
70 1
73 1
75 1
0 1
78 1
80 2
75 1
78 2
0 1
78 1
80 1
82 1
80 1
78 1
0 1
75 1
0 1
78 1
80 1
77 1
73 1
70 1
0 1
78 1
0 1
73 1
75 1
78 1
75 1
73 1
75 1
0 1
78 3
82 1
80 2
0 1
78 1
78 1
80 2
78 16
0 89
61 1
61 1
63 1
0 1
61 1
73 2
70 5
0 3
68 1
68 1
0 1
68 1
70 1
68 2
66 8
0 2
66 1
68 1
66 1
78 2
75 5
0 2
75 1
75 1
73 1
75 1
75 1
0 1
78 1
75 2
73 6
0 3
66 1
0 1
68 1
66 2
78 1
0 1
75 5
0 1
75 1
75 1
75 1
75 1
75 1
70 1
73 2
75 3
70 2
68 1
66 3
0 1
66 1
68 1
0 1
70 1
63 3
66 1
68 2
70 1
62 3
0 1
70 2
68 2
66 1
68 3
66 7
0 1
78 2
77 2
75 1
73 1
70 1
73 1
73 1
73 1
70 1
73 1
75 2
73 2
78 2
77 1
75 1
73 1
73 1
70 1
73 1
73 1
0 1
70 1
73 1
0 1
70 1
68 1
66 2
66 1
68 1
70 2
66 1
0 1
66 2
75 1
73 1
70 1
68 1
66 2
0 1
66 1
68 1
70 1
68 1
68 1
66 1
66 1
63 1
63 1
66 1
75 1
0 1
77 1
73 2
78 1
0 1
77 1
75 1
73 1
73 1
70 1
73 1
73 1
73 1
70 1
73 1
75 1
73 1
0 2
78 1
80 1
77 1
73 1
73 1
70 1
73 1
0 1
75 1
78 1
80 2
75 1
78 1
0 2
78 1
80 1
82 1
80 1
0 1
78 1
75 1
0 1
78 1
80 1
77 2
73 1
70 1
78 1
0 1
73 1
75 1
78 1
75 1
73 1
0 1
75 1
78 2
0 1
82 2
78 1
78 1
0 1
78 1
80 2
78 10
0 2
79 3
78 3
76 1
74 1
74 1
71 1
74 1
74 1
71 1
74 1
0 1
76 2
74 2
79 2
78 1
76 1
74 1
74 1
71 1
74 1
74 1
0 1
71 1
76 2
69 1
0 1
67 1
0 1
67 1
69 1
71 2
69 1
67 1
67 1
0 1
67 1
76 1
74 1
69 1
0 1
67 2
67 1
69 1
71 1
69 1
69 1
67 1
67 1
64 1
64 1
67 1
76 2
78 1
74 1
0 1
79 1
0 1
78 1
76 1
74 1
74 1
71 1
74 1
74 1
74 1
71 1
74 1
76 1
0 1
74 1
79 2
81 1
0 1
78 1
74 1
71 1
74 1
0 1
76 1
79 1
81 2
76 1
79 2
0 1
79 1
81 1
83 2
81 1
79 1
76 1
0 1
79 1
81 1
78 2
74 1
0 1
71 1
79 10
0 2
74 1
76 1
79 1
0 1
76 1
76 1
74 1
76 1
0 1
79 2
0 2
83 2
81 2
79 2
0 1
79 2
81 5
79 14
