Bb:min [1, 5, 10] 10 4 
Eb:maj [3, 7, 10] 3 4 
Ab:maj [0, 3, 8] 8 4 
F:min [0, 5, 8] 5 4 
Bb:min [1, 5, 10] 10 4 
Eb:maj [3, 7, 10] 3 4 
F:min [0, 5, 8] 5 8 
Bb:min [1, 5, 10] 10 4 
C:min [0, 3, 7] 0 4 
F:min [0, 5, 8] 5 4 
Ab:maj [0, 3, 8] 8 4 
C:min [0, 3, 7] 0 4 
Bb:min [1, 5, 10] 10 2 
Eb:maj [3, 7, 10] 3 2 
F:min [0, 5, 8] 5 8 
Bb:min [1, 5, 10] 10 4 
C:min [0, 3, 7] 0 4 
F:min [0, 5, 8] 5 4 
Ab:maj [0, 3, 8] 8 4 
C:min [0, 3, 7] 0 4 
Bb:min [1, 5, 10] 10 2 
Eb:maj [3, 7, 10] 3 2 
F:min [0, 5, 8] 5 12 
C#:maj [1, 5, 8] 1 4 
Eb:maj [3, 7, 10] 3 2 
Ab:maj [0, 3, 8] 8 2 
Bb:min [1, 5, 10] 10 4 
Eb:maj [3, 7, 10] 3 4 
C#:maj [1, 5, 8] 1 2 
Eb:maj [3, 7, 10] 3 2 
C:min [0, 3, 7] 0 2 
F:min [0, 5, 8] 5 10 
C#:maj [1, 5, 8] 1 4 
Eb:maj [3, 7, 10] 3 2 
Ab:maj [0, 3, 8] 8 2 
Bb:min [1, 5, 10] 10 4 
Eb:maj [3, 7, 10] 3 4 
C#:maj [1, 5, 8] 1 2 
Eb:maj [3, 7, 10] 3 2 
C:min [0, 3, 7] 0 2 
F:min [0, 5, 8] 5 6 
Bb:min [1, 5, 10] 10 4 
Eb:maj [3, 7, 10] 3 4 
F:min [0, 5, 8] 5 8 
Bb:min [1, 5, 10] 10 4 
Eb:maj [3, 7, 10] 3 4 
F:sus2 [0, 5, 7] 5 9 
Bb:min [1, 5, 10] 10 4 
Eb:maj [3, 7, 10] 3 4 
Ab:maj [0, 3, 8] 8 4 
F:min [0, 5, 8] 5 4 
Bb:min [1, 5, 10] 10 4 
Eb:maj [3, 7, 10] 3 4 
F:min [0, 5, 8] 5 8 
Bb:min [1, 5, 10] 10 4 
C:min [0, 3, 7] 0 4 
F:min [0, 5, 8] 5 4 
Ab:maj [0, 3, 8] 8 4 
C:min [0, 3, 7] 0 4 
Bb:min [1, 5, 10] 10 2 
Eb:maj [3, 7, 10] 3 2 
F:min [0, 5, 8] 5 8 
Bb:min [1, 5, 10] 10 4 
C:min [0, 3, 7] 0 4 
F:min [0, 5, 8] 5 4 
Ab:maj [0, 3, 8] 8 4 
C:min [0, 3, 7] 0 4 
Bb:min [1, 5, 10] 10 2 
Eb:maj [3, 7, 10] 3 2 
F:min [0, 5, 8] 5 12 
C#:maj [1, 5, 8] 1 4 
Eb:maj [3, 7, 10] 3 2 
Ab:maj [0, 3, 8] 8 2 
Bb:min [1, 5, 10] 10 4 
Eb:maj [3, 7, 10] 3 4 
C#:maj [1, 5, 8] 1 2 
Eb:maj [3, 7, 10] 3 2 
C:min [0, 3, 7] 0 2 
F:min [0, 5, 8] 5 10 
C#:maj [1, 5, 8] 1 4 
Eb:maj [3, 7, 10] 3 2 
Ab:maj [0, 3, 8] 8 2 
Bb:min [1, 5, 10] 10 4 
Eb:maj [3, 7, 10] 3 4 
C#:maj [1, 5, 8] 1 2 
Eb:maj [3, 7, 10] 3 2 
C:min [0, 3, 7] 0 2 
F:min [0, 5, 8] 5 10 
C#:maj [1, 5, 8] 1 4 
Eb:maj [3, 7, 10] 3 2 
Ab:maj [0, 3, 8] 8 2 
Bb:min [1, 5, 10] 10 4 
Eb:maj [3, 7, 10] 3 4 
C#:maj [1, 5, 8] 1 2 
Eb:maj [3, 7, 10] 3 2 
C:min [0, 3, 7] 0 2 
F:min [0, 5, 8] 5 10 
C#:maj [1, 5, 8] 1 4 
Eb:maj [3, 7, 10] 3 2 
Ab:maj [0, 3, 8] 8 2 
Bb:min [1, 5, 10] 10 4 
Eb:maj [3, 7, 10] 3 4 
C#:maj [1, 5, 8] 1 2 
Eb:maj [3, 7, 10] 3 2 
C:min [0, 3, 7] 0 2 
F:min [0, 5, 8] 5 6 
Bb:min [1, 5, 10] 10 4 
Eb:maj [3, 7, 10] 3 4 
F:min [0, 5, 8] 5 8 
Bb:min [1, 5, 10] 10 4 
Eb:maj [3, 7, 10] 3 4 
F:sus2 [0, 5, 7] 5 7 
Bb:min [1, 5, 10] 10 4 
Eb:maj [3, 7, 10] 3 4 
Ab:maj [0, 3, 8] 8 4 
F:min [0, 5, 8] 5 4 
Bb:min [1, 5, 10] 10 4 
Eb:maj [3, 7, 10] 3 4 
F:min [0, 5, 8] 5 2 
