0 56
64 3
0 1
65 3
0 1
67 6
0 2
76 6
0 2
74 4
0 2
72 2
71 2
74 2
0 4
72 3
0 3
71 2
69 1
0 1
72 2
0 4
71 4
0 4
62 3
0 1
64 2
0 2
65 5
0 3
72 6
0 2
71 3
0 3
65 2
64 2
0 2
67 2
0 2
65 4
0 2
67 2
65 1
0 1
64 5
0 1
62 5
0 3
64 3
0 1
65 2
0 2
67 6
0 2
76 5
0 3
74 4
0 2
72 2
71 2
74 3
0 3
72 4
0 2
71 2
69 2
72 4
0 2
71 5
0 3
74 3
0 1
76 2
0 2
79 4
0 2
76 2
74 1
0 1
77 4
0 2
76 4
0 2
74 2
72 2
76 4
0 2
74 18
0 34
79 2
0 2
77 2
0 2
76 2
0 2
74 4
0 1
72 11
71 4
0 2
67 5
0 5
72 5
0 3
72 4
0 4
76 2
0 2
64 2
0 2
65 2
0 2
67 2
0 2
69 4
0 2
65 4
0 6
67 3
0 3
72 4
0 6
72 3
0 3
71 2
69 2
76 4
0 1
74 5
79 2
0 2
77 2
0 2
76 1
0 3
74 5
0 1
72 4
0 6
71 4
0 2
67 5
0 5
72 4
0 4
72 3
0 5
76 2
0 2
64 2
0 2
65 2
0 2
67 3
0 1
69 4
0 2
65 6
0 4
67 5
0 1
72 4
0 6
72 4
0 2
69 3
0 3
76 2
0 2
74 4
0 2
71 4
0 2
74 2
0 2
74 4
0 2
72 9
0 41
64 3
0 1
65 3
0 1
67 6
0 2
76 6
0 2
74 4
0 2
72 2
71 2
74 2
0 4
72 3
0 3
71 2
69 1
0 1
72 2
0 4
71 4
0 4
62 3
0 1
64 2
0 2
65 5
0 3
72 6
0 2
71 3
0 3
65 2
64 2
0 2
67 2
0 2
65 4
0 2
67 2
65 1
0 1
64 5
0 1
62 5
0 3
64 3
0 1
65 2
0 2
67 6
0 2
76 5
0 3
74 4
0 2
72 2
71 2
74 3
0 3
72 4
0 2
71 2
69 2
72 4
0 2
71 5
0 3
74 3
0 1
76 2
0 2
79 4
0 2
76 2
74 1
0 1
77 4
0 2
76 4
0 2
74 2
72 2
76 4
0 2
74 18
0 34
79 2
0 2
77 2
0 2
76 2
0 2
74 4
0 1
72 11
71 4
0 2
67 5
0 5
72 5
0 3
72 4
0 4
76 2
0 2
64 2
0 2
65 2
0 2
67 2
0 2
69 4
0 2
65 4
0 6
67 3
0 3
72 4
0 6
72 3
0 3
71 2
69 2
76 4
0 1
74 5
79 2
0 2
77 2
0 2
76 1
0 3
74 5
0 1
72 4
0 6
71 4
0 2
67 5
0 5
72 4
0 4
72 3
0 5
76 2
0 2
64 2
0 2
65 2
0 2
67 3
0 1
69 4
0 2
65 6
0 4
67 5
0 1
72 4
0 6
72 4
0 2
69 3
0 3
76 2
0 2
74 4
0 2
71 4
0 2
74 2
0 2
74 4
0 2
72 9
0 297
69 2
0 2
71 2
0 2
72 1
0 1
71 1
0 1
72 2
71 1
0 1
72 1
0 1
71 1
0 1
72 2
71 1
0 1
72 1
0 1
71 1
0 1
72 2
71 1
0 1
72 2
71 1
0 1
72 1
0 1
71 1
0 1
72 1
0 1
71 1
0 1
72 1
0 1
71 2
74 2
0 2
71 1
0 3
67 3
0 5
69 2
0 2
71 2
0 2
72 2
0 4
79 2
77 1
0 3
76 4
74 5
0 1
72 1
0 1
72 1
0 1
76 3
0 3
74 4
0 112
79 2
0 2
77 2
0 2
76 2
0 2
74 4
0 1
72 11
71 4
0 2
67 5
0 5
72 5
0 3
72 4
0 4
76 2
0 2
64 2
0 2
65 2
0 2
67 2
0 2
69 4
0 2
65 4
0 6
67 3
0 3
72 4
0 6
72 3
0 3
71 2
69 2
76 4
0 1
74 5
79 2
0 2
77 2
0 2
76 1
0 3
74 5
0 1
72 4
0 6
71 4
0 2
67 5
0 5
72 4
0 4
72 3
0 5
76 2
0 2
64 2
0 2
65 2
0 2
67 3
0 1
69 4
0 2
65 6
0 4
67 5
0 1
72 4
0 6
72 4
0 2
69 3
0 3
76 2
0 2
74 4
0 2
71 4
0 2
74 2
0 2
74 4
0 2
72 9
0 17
69 4
0 2
65 6
0 4
67 5
0 1
72 4
0 6
72 4
0 2
69 3
0 3
76 2
0 2
74 4
0 2
71 4
0 2
74 2
0 2
74 4
0 2
72 9
