C#:min [1, 4, 8] 1 4 
Ab:min [3, 8, 11] 8 4 
A:maj [1, 4, 9] 9 4 
Ab:maj [0, 3, 8] 8 8 
C#:min [1, 4, 8] 1 12 
E:maj [4, 8, 11] 4 2 
Ab:min [3, 8, 11] 8 2 
C#:min [1, 4, 8] 1 8 
F#:min [1, 6, 9] 6 2 
B:maj [3, 6, 11] 11 2 
C#:min [1, 4, 8] 1 10 
B:maj [3, 6, 11] 11 2 
A:maj [1, 4, 9] 9 4 
E:maj [4, 8, 11] 4 2 
Ab:min [3, 8, 11] 8 2 
C#:min [1, 4, 8] 1 4 
B:maj [3, 6, 11] 11 4 
A:maj [1, 4, 9] 9 2 
B:maj [3, 6, 11] 11 6 
F#:min [1, 6, 9] 6 8 
E:maj [4, 8, 11] 4 2 
Ab:min [3, 8, 11] 8 2 
C#:min [1, 4, 8] 1 16 
E:maj [4, 8, 11] 4 2 
Ab:min [3, 8, 11] 8 2 
C#:min [1, 4, 8] 1 8 
F#:min [1, 6, 9] 6 2 
B:maj [3, 6, 11] 11 2 
C#:min [1, 4, 8] 1 10 
B:maj [3, 6, 11] 11 2 
A:maj [1, 4, 9] 9 4 
E:maj [4, 8, 11] 4 2 
Ab:min [3, 8, 11] 8 2 
C#:min [1, 4, 8] 1 4 
B:maj [3, 6, 11] 11 4 
A:maj [1, 4, 9] 9 2 
B:maj [3, 6, 11] 11 6 
F#:min [1, 6, 9] 6 8 
E:maj [4, 8, 11] 4 2 
Ab:min [3, 8, 11] 8 2 
C#:min [1, 4, 8] 1 16 
Ab:maj [0, 3, 8] 8 4 
