0 128
71 1
0 1
69 1
71 2
0 1
69 1
71 6
0 1
67 1
66 1
66 1
0 1
74 1
0 1
74 2
71 1
74 3
0 4
71 1
69 1
67 1
0 1
67 1
67 2
71 2
0 1
69 2
71 1
62 3
0 1
62 1
71 2
69 1
69 7
0 6
71 1
0 1
69 1
0 1
71 1
0 1
69 1
71 3
0 4
67 1
66 1
66 2
74 1
0 1
74 1
0 1
76 1
76 2
74 3
0 2
71 1
74 1
76 1
0 1
76 2
0 2
76 1
71 1
74 1
0 1
76 1
74 2
0 1
74 1
71 1
69 1
0 1
69 1
69 2
0 3
74 2
0 1
76 8
0 11
71 1
74 1
79 1
0 1
79 1
78 1
0 1
76 1
0 2
78 1
0 1
78 1
76 1
0 1
74 1
0 2
64 1
0 1
64 1
76 1
0 2
74 1
0 1
71 2
0 4
71 1
71 1
69 1
0 1
69 1
71 1
0 1
72 1
0 2
71 1
0 1
71 1
79 1
0 1
76 1
0 2
72 1
0 1
72 1
74 1
0 1
76 2
0 1
74 1
0 1
74 1
76 1
0 1
78 2
0 1
79 1
0 1
79 1
78 1
0 1
76 1
0 2
78 1
0 1
78 1
76 1
0 1
74 1
0 2
64 1
0 1
64 1
76 1
0 2
74 1
0 1
71 2
0 4
71 1
71 1
69 1
0 1
69 1
71 1
0 1
72 1
0 2
71 1
0 1
71 1
79 1
0 1
76 1
0 2
72 1
0 1
72 1
74 1
0 1
76 2
0 1
74 1
0 1
74 1
76 1
0 1
78 3
0 4
79 2
78 2
76 9
0 7
64 4
67 2
69 2
71 7
0 1
72 5
0 1
74 1
76 1
71 6
0 2
67 4
69 2
71 2
66 8
0 8
71 1
0 1
69 1
0 1
71 1
0 1
69 1
71 5
0 2
67 1
66 1
66 1
0 1
74 1
0 1
74 2
71 1
74 3
0 4
71 1
69 1
67 1
0 1
67 1
67 2
71 2
0 1
69 2
71 1
62 3
0 1
62 1
71 2
69 1
69 7
0 6
71 1
0 1
69 1
0 1
71 1
0 1
69 1
71 3
0 4
67 1
66 1
66 2
74 1
0 1
74 1
0 1
76 1
76 2
74 3
0 2
71 1
74 1
76 1
0 1
76 2
0 2
76 1
71 1
74 1
0 1
76 1
74 2
0 1
74 1
71 1
69 1
0 1
69 1
69 2
0 3
74 2
0 1
76 5
79 1
0 1
79 1
78 1
0 1
76 1
0 2
78 1
0 1
78 1
76 1
0 1
74 1
0 2
64 1
0 1
64 1
76 1
0 2
74 1
0 1
71 2
0 4
71 1
71 1
69 1
0 1
69 1
71 1
0 1
72 1
0 2
71 1
0 1
71 1
79 1
0 1
76 1
0 2
72 1
0 1
72 1
74 1
0 1
76 2
0 1
74 1
0 1
74 1
76 1
0 1
78 2
0 1
79 1
0 1
79 1
78 1
0 1
76 1
0 2
78 1
0 1
78 1
76 1
0 1
74 1
0 2
64 1
0 1
64 1
76 1
0 2
74 1
0 1
71 2
0 4
71 1
71 1
69 1
0 1
69 1
71 1
0 1
72 1
0 2
71 1
0 1
71 1
79 1
0 1
76 1
0 2
72 1
0 1
72 1
74 1
0 1
76 2
0 1
74 1
0 1
74 1
76 1
0 1
78 3
0 4
79 2
78 2
76 8
76 5
0 1
74 1
71 1
71 6
0 2
64 1
0 1
64 1
76 3
74 2
71 6
71 1
71 1
69 1
0 1
69 1
71 1
0 1
72 2
0 1
71 1
0 1
71 1
79 1
0 1
76 2
0 1
72 1
0 1
72 1
74 1
0 1
76 1
0 2
74 1
0 1
74 1
76 1
0 1
78 1
0 2
79 1
0 1
79 1
78 1
0 1
76 1
0 2
78 1
0 1
78 1
76 1
0 1
74 1
0 2
64 1
0 1
64 1
76 1
0 2
74 1
0 1
71 2
0 4
71 1
71 1
69 1
0 1
69 1
71 1
0 1
72 1
0 2
71 1
0 1
71 1
79 1
0 1
76 1
0 2
72 1
0 1
72 1
74 1
0 1
76 2
0 1
74 1
0 1
74 1
76 1
0 1
78 3
0 4
79 2
78 2
76 9
