C#:maj [1, 5, 8] 1 2 
E:maj/5 [4, 8, 11] 11 1 
A:maj [1, 4, 9] 9 6 
F#:min [1, 6, 9] 6 6 
D:maj [2, 6, 9] 2 5 
D:maj7 [0, 2, 6, 9] 2 1 
B:sus4(b7) [4, 6, 11] 11 3 
E:sus2 [4, 6, 11] 4 2 
B:sus2 [1, 6, 11] 11 1 
B:7 [3, 6, 9, 11] 11 15 
E:maj [4, 8, 11] 4 3 
E:9 [2, 4, 6, 8, 11] 4 3 
A:maj [1, 4, 9] 9 18 
D:maj [2, 6, 9] 2 6 
D:maj/5 [2, 6, 9] 9 8 
A:maj7/7 [1, 4, 7, 9] 8 4 
F#:min [1, 6, 9] 6 5 
A:maj [1, 4, 9] 9 1 
B:maj [3, 6, 11] 11 6 
E:maj [4, 8, 11] 4 3 
E:7 [2, 4, 8, 11] 4 2 
A:sus2 [4, 9, 11] 9 13 
D:maj [2, 6, 9] 2 6 
A:maj6 [1, 4, 6, 9] 9 9 
A:maj [1, 4, 9] 9 3 
D:maj7 [0, 2, 6, 9] 2 3 
Eb:dim [3, 6, 9] 3 3 
E:maj [4, 8, 11] 4 6 
A:maj [1, 4, 9] 9 12 
D:maj [2, 6, 9] 2 6 
C#:min [1, 4, 8] 1 6 
F#:min [1, 6, 9] 6 5 
A:maj [1, 4, 9] 9 7 
D:maj [2, 6, 9] 2 6 
B:maj [3, 6, 11] 11 6 
E:maj [4, 8, 11] 4 3 
E:7 [2, 4, 8, 11] 4 3 
A:sus2 [4, 9, 11] 9 5 
A:maj [1, 4, 9] 9 1 
C#:min [1, 4, 8] 1 3 
F#:min [1, 6, 9] 6 2 
D:maj [2, 6, 9] 2 7 
D:maj/5 [2, 6, 9] 9 6 
E:maj [4, 8, 11] 4 6 
F#:maj [1, 6, 10] 6 3 
B:maj [3, 6, 11] 11 2 
E:maj [4, 8, 11] 4 7 
A:maj [1, 4, 9] 9 6 
D:maj [2, 6, 9] 2 6 
B:min [2, 6, 11] 11 6 
G:maj [2, 7, 11] 7 6 
B:min [2, 6, 11] 11 1 
G:maj/3 [2, 7, 11] 11 2 
B:min7 [2, 6, 9, 11] 11 3 
Eb:dim/b5 [3, 6, 9] 9 13 
A:sus2 [4, 9, 11] 9 2 
E:maj [4, 8, 11] 4 3 
E:7 [2, 4, 8, 11] 4 3 
A:maj [1, 4, 9] 9 18 
D:maj [2, 6, 9] 2 6 
A:maj [1, 4, 9] 9 12 
F#:min [1, 6, 9] 6 6 
B:maj [3, 6, 11] 11 6 
E:maj [4, 8, 11] 4 2 
E:7/b7 [2, 4, 8, 11] 2 2 
E:7 [2, 4, 8, 11] 4 2 
A:maj [1, 4, 9] 9 12 
D:maj [2, 6, 9] 2 6 
A:maj [1, 4, 9] 9 12 
D:maj [2, 6, 9] 2 3 
Eb:dim [3, 6, 9] 3 3 
E:maj [4, 8, 11] 4 6 
A:maj [1, 4, 9] 9 12 
D:maj [2, 6, 9] 2 6 
C#:min [1, 4, 8] 1 6 
F#:min [1, 6, 9] 6 6 
A:maj [1, 4, 9] 9 6 
D:maj [2, 6, 9] 2 6 
B:maj [3, 6, 11] 11 2 
B:7/5 [3, 6, 9, 11] 6 4 
E:maj [4, 8, 11] 4 2 
E:7/b7 [2, 4, 8, 11] 2 2 
E:7 [2, 4, 8, 11] 4 2 
A:maj [1, 4, 9] 9 6 
C#:min [1, 4, 8] 1 3 
F#:min [1, 6, 9] 6 3 
D:maj [2, 6, 9] 2 6 
A:maj [1, 4, 9] 9 6 
E:maj [4, 8, 11] 4 6 
F#:maj [1, 6, 10] 6 3 
B:maj [3, 6, 11] 11 3 
E:maj [4, 8, 11] 4 6 
A:maj [1, 4, 9] 9 2 
F#:min/b3 [1, 6, 9] 9 19 
D:maj [2, 6, 9] 2 3 
A:maj [1, 4, 9] 9 15 
C#:min/5 [1, 4, 8] 8 3 
A:maj [1, 4, 9] 9 8 
B:sus2 [1, 6, 11] 11 13 
B:maj [3, 6, 11] 11 1 
G:maj/3 [2, 7, 11] 11 1 
B:maj [3, 6, 11] 11 2 
G:maj/3 [2, 7, 11] 11 1 
F#:min/b3 [1, 6, 9] 9 6 
F#:min [1, 6, 9] 6 1 
D:maj/3 [2, 6, 9] 6 5 
D:maj [2, 6, 9] 2 6 
B:maj [3, 6, 11] 11 3 
D:maj/3 [2, 6, 9] 6 3 
D:maj/5 [2, 6, 9] 9 4 
