0 216
73 3
0 1
76 3
0 1
78 3
0 1
69 3
0 1
68 3
0 1
66 4
64 8
0 16
66 3
69 5
78 4
76 6
0 2
69 4
76 16
0 8
76 3
0 1
78 3
0 1
81 3
0 1
80 5
0 3
78 2
0 2
76 7
0 1
69 4
73 10
0 2
71 5
0 3
71 3
0 1
73 4
69 3
0 1
66 3
0 1
71 13
0 11
73 3
0 1
76 3
0 1
78 3
0 1
69 5
0 1
69 2
66 3
0 1
64 12
0 12
66 3
0 1
69 2
0 2
78 3
0 1
76 4
0 2
76 2
69 3
0 1
76 15
0 9
76 3
0 1
78 3
0 1
81 3
0 1
80 6
0 2
78 4
76 3
0 1
78 3
0 1
69 4
73 9
0 3
71 5
0 3
71 3
0 1
73 6
0 2
66 4
69 13
0 11
81 5
0 3
83 2
0 2
85 6
0 6
85 3
0 1
83 2
0 2
81 2
0 2
83 7
0 6
81 5
0 2
83 2
0 2
80 2
0 2
78 2
0 2
76 3
0 1
78 16
0 8
81 6
0 2
83 2
0 2
85 9
0 3
85 3
0 1
83 3
0 1
81 2
0 2
78 8
0 4
81 6
0 2
83 2
0 2
80 4
73 3
0 1
78 4
76 15
0 9
76 6
0 2
78 3
0 1
81 8
0 4
80 3
0 1
78 3
0 1
76 3
0 1
78 10
0 2
76 6
0 2
78 3
0 1
78 3
0 1
69 3
0 1
71 3
0 1
73 17
0 7
71 6
0 2
73 3
0 1
76 9
0 3
78 3
0 1
76 2
0 2
73 2
0 2
71 9
0 3
76 5
0 3
78 3
0 1
66 3
0 1
64 2
0 2
66 2
0 2
69 16
0 212
73 3
0 1
76 3
0 1
78 3
0 1
69 3
0 1
68 3
0 1
66 4
64 8
0 16
66 3
69 5
78 4
76 6
0 2
69 4
76 16
0 8
76 3
0 1
78 3
0 1
81 3
0 1
80 5
0 3
78 2
0 2
76 7
0 1
69 4
73 10
0 2
71 5
0 3
71 3
0 1
73 4
69 3
0 1
66 3
0 1
71 13
0 11
73 3
0 1
76 3
0 1
78 3
0 1
69 5
0 1
69 2
66 3
0 1
64 12
0 12
66 3
0 1
69 2
0 2
78 3
0 1
76 4
0 2
76 2
69 3
0 1
76 15
0 9
76 3
0 1
78 3
0 1
81 3
0 1
80 6
0 2
78 4
76 3
0 1
78 3
0 1
69 4
73 9
0 3
71 5
0 3
71 3
0 1
73 6
0 2
66 4
69 13
0 11
81 5
0 3
83 2
0 2
85 6
0 6
85 3
0 1
83 2
0 2
81 2
0 2
83 7
0 6
81 5
0 2
83 2
0 2
80 2
0 2
78 2
0 2
76 3
0 1
78 16
0 8
81 6
0 2
83 2
0 2
85 9
0 3
85 3
0 1
83 3
0 1
81 2
0 2
78 8
0 4
81 6
0 2
83 2
0 2
80 4
73 3
0 1
78 4
76 15
0 9
76 6
0 2
78 3
0 1
81 8
0 4
80 3
0 1
78 3
0 1
76 3
0 1
78 10
0 2
76 6
0 2
78 3
0 1
78 3
0 1
69 3
0 1
71 3
0 1
73 17
0 7
71 6
0 2
73 3
0 1
76 9
0 3
78 3
0 1
76 2
0 2
73 2
0 2
71 9
0 3
76 5
0 3
78 3
0 1
66 3
0 1
64 2
0 2
66 2
0 2
69 16
0 8
73 3
0 1
76 3
0 1
78 3
0 1
69 3
0 1
68 3
0 1
66 4
64 8
0 28
66 4
69 2
0 2
78 3
0 1
76 6
0 2
69 4
76 22
0 14
76 3
0 1
78 3
0 1
81 3
0 1
80 7
0 1
78 3
0 1
76 3
0 1
78 3
0 1
69 3
0 1
73 10
0 2
76 3
0 1
78 3
0 1
81 2
0 2
83 43
0 5
81 3
0 1
83 3
0 1
85 3
0 1
78 3
0 1
76 3
0 1
78 3
0 1
81 25
