A:maj [1, 4, 9] 9 4 
E:maj [4, 8, 11] 4 4 
F#:min [1, 6, 9] 6 4 
D:maj [2, 6, 9] 2 4 
A:maj [1, 4, 9] 9 4 
E:maj [4, 8, 11] 4 4 
F#:min [1, 6, 9] 6 4 
D:maj [2, 6, 9] 2 2 
E:maj [4, 8, 11] 4 2 
A:maj [1, 4, 9] 9 4 
E:maj [4, 8, 11] 4 4 
F#:min [1, 6, 9] 6 4 
D:maj6 [2, 6, 9, 11] 2 4 
A:maj [1, 4, 9] 9 4 
E:maj [4, 8, 11] 4 4 
F#:min [1, 6, 9] 6 4 
D:maj [2, 6, 9] 2 2 
E:maj [4, 8, 11] 4 2 
A:maj [1, 4, 9] 9 4 
E:maj [4, 8, 11] 4 4 
F#:min [1, 6, 9] 6 4 
D:maj/5 [2, 6, 9] 9 4 
E:maj [4, 8, 11] 4 4 
D:sus4(b7) [2, 7, 9] 2 4 
B:7 [3, 6, 9, 11] 11 4 
F#:sus2 [1, 6, 8] 6 1 
F#:maj [1, 6, 10] 6 1 
C:maj6 [0, 4, 7, 9] 0 1 
B:maj [3, 6, 11] 11 1 
B:7 [3, 6, 9, 11] 11 4 
D:7/5 [0, 2, 6, 9] 9 4 
F:7 [0, 3, 5, 9] 5 3 
E:maj [4, 8, 11] 4 5 
A:maj [1, 4, 9] 9 4 
C#:min [1, 4, 8] 1 4 
F#:min [1, 6, 9] 6 4 
E:maj [4, 8, 11] 4 4 
C#:maj [1, 5, 8] 1 4 
F#:min [1, 6, 9] 6 1 
E:maj [4, 8, 11] 4 1 
D:maj [2, 6, 9] 2 1 
D:maj7 [0, 2, 6, 9] 2 1 
D:maj [2, 6, 9] 2 4 
E:maj [4, 8, 11] 4 4 
A:maj [1, 4, 9] 9 4 
C#:min [1, 4, 8] 1 4 
F#:min [1, 6, 9] 6 4 
E:maj [4, 8, 11] 4 4 
C#:maj [1, 5, 8] 1 4 
F#:min [1, 6, 9] 6 1 
E:maj [4, 8, 11] 4 1 
D:maj [2, 6, 9] 2 1 
C#:min [1, 4, 8] 1 1 
D:maj [2, 6, 9] 2 4 
E:maj [4, 8, 11] 4 4 
A:maj [1, 4, 9] 9 4 
E:maj [4, 8, 11] 4 4 
F#:min [1, 6, 9] 6 4 
D:maj [2, 6, 9] 2 2 
D:maj(9) [0, 2, 4, 6, 9] 2 2 
A:maj [1, 4, 9] 9 4 
E:maj [4, 8, 11] 4 4 
F#:min [1, 6, 9] 6 4 
D:maj7 [0, 2, 6, 9] 2 4 
A:maj [1, 4, 9] 9 4 
E:maj [4, 8, 11] 4 4 
F#:min [1, 6, 9] 6 4 
D:maj [2, 6, 9] 2 2 
E:maj [4, 8, 11] 4 2 
A:maj [1, 4, 9] 9 4 
E:maj [4, 8, 11] 4 4 
F#:min [1, 6, 9] 6 4 
D:maj7 [0, 2, 6, 9] 2 4 
E:maj [4, 8, 11] 4 4 
D:sus4(b7) [2, 7, 9] 2 4 
B:7 [3, 6, 9, 11] 11 4 
F#:sus2 [1, 6, 8] 6 1 
F#:min7 [1, 4, 6, 9] 6 1 
B:7 [3, 6, 9, 11] 11 1 
B:maj [3, 6, 11] 11 5 
D:7/5 [0, 2, 6, 9] 9 4 
F:7 [0, 3, 5, 9] 5 3 
E:maj [4, 8, 11] 4 5 
A:maj [1, 4, 9] 9 4 
C#:min [1, 4, 8] 1 4 
F#:min [1, 6, 9] 6 4 
E:maj [4, 8, 11] 4 4 
C#:maj [1, 5, 8] 1 4 
F#:min [1, 6, 9] 6 1 
E:maj [4, 8, 11] 4 1 
D:maj [2, 6, 9] 2 6 
E:maj [4, 8, 11] 4 4 
A:maj [1, 4, 9] 9 4 
C#:min [1, 4, 8] 1 4 
F#:min [1, 6, 9] 6 4 
E:maj [4, 8, 11] 4 4 
C#:maj [1, 5, 8] 1 4 
F#:min [1, 6, 9] 6 1 
E:maj [4, 8, 11] 4 1 
D:maj [2, 6, 9] 2 1 
C#:min [1, 4, 8] 1 1 
D:maj [2, 6, 9] 2 4 
E:maj [4, 8, 11] 4 4 
D:maj [2, 6, 9] 2 1 
E:maj [4, 8, 11] 4 3 
A:maj [1, 4, 9] 9 4 
E:maj [4, 8, 11] 4 4 
F#:min [1, 6, 9] 6 4 
D:maj [2, 6, 9] 2 2 
E:maj [4, 8, 11] 4 2 
A:maj [1, 4, 9] 9 4 
E:maj [4, 8, 11] 4 4 
F#:min [1, 6, 9] 6 4 
D:maj/5 [2, 6, 9] 9 2 
