0 64
73 1
0 1
73 2
73 1
0 1
73 1
0 1
73 1
0 1
73 2
71 1
0 1
69 2
73 2
69 1
0 1
73 2
71 3
0 3
69 1
0 1
71 1
0 1
73 2
73 2
73 1
0 1
73 1
0 1
73 2
73 1
0 1
73 2
73 1
0 1
73 2
71 2
69 2
64 6
0 4
73 2
73 1
0 1
73 1
0 1
73 1
0 1
73 1
0 1
73 1
0 1
71 1
0 1
69 2
73 2
76 2
73 2
71 3
0 1
64 1
0 1
69 2
71 1
0 1
73 1
0 1
71 2
69 2
64 2
66 2
69 2
66 1
0 1
69 15
0 2
64 1
73 1
0 1
73 1
0 1
73 1
0 1
73 1
0 1
73 2
73 1
0 1
71 1
0 1
69 2
73 2
69 2
73 2
71 4
0 2
69 2
71 1
0 1
73 2
73 2
73 1
0 1
73 1
0 1
73 2
73 2
73 2
73 1
0 1
73 2
71 2
69 1
0 1
64 8
0 2
73 2
73 1
0 1
73 1
0 1
73 1
0 1
73 1
0 1
73 1
0 1
71 1
0 1
69 2
73 2
76 2
73 2
71 3
0 1
64 1
0 1
69 2
71 1
0 1
73 1
0 1
71 2
69 2
64 2
66 2
69 2
66 1
0 1
69 10
0 2
71 2
69 2
71 2
72 2
71 2
69 2
71 3
0 1
69 2
71 2
69 2
72 2
71 2
69 2
71 3
0 1
69 2
71 2
69 2
72 2
71 2
69 2
71 3
0 1
71 1
0 1
73 2
71 1
66 5
0 6
71 2
69 2
71 2
72 2
71 2
69 2
71 3
0 1
69 2
71 2
69 2
72 2
71 2
69 2
71 3
0 1
69 2
71 2
69 2
72 2
71 2
69 2
71 2
72 2
71 2
69 2
76 10
0 4
78 2
76 2
85 9
0 1
76 2
78 2
76 2
83 2
81 1
0 1
80 1
0 1
81 4
76 2
78 2
76 2
83 2
81 2
80 2
81 1
0 1
83 2
81 2
76 2
76 2
71 1
0 1
73 3
0 1
71 3
0 1
73 2
74 2
76 1
0 1
80 2
80 1
0 1
80 1
0 1
80 2
80 2
80 3
0 1
81 3
0 1
80 4
78 4
0 2
80 2
78 3
0 1
81 1
0 1
81 1
0 1
81 1
0 1
81 1
0 1
80 2
81 1
0 1
83 14
78 2
76 2
85 9
0 1
76 2
78 2
76 2
83 2
81 1
0 1
80 1
0 1
81 4
76 2
78 2
76 2
83 2
81 2
80 2
81 1
0 1
78 2
76 2
73 2
73 2
71 1
0 1
69 3
0 1
71 3
0 3
73 2
74 2
80 2
80 1
0 1
80 1
0 1
80 2
0 2
77 3
0 1
78 2
85 4
83 4
81 4
80 2
81 3
0 1
81 1
0 1
81 1
0 1
81 1
0 1
81 1
0 1
83 2
85 1
0 1
83 14
0 132
73 1
0 1
73 1
0 1
73 1
0 1
73 1
0 1
73 2
73 1
0 1
71 1
0 1
69 2
73 2
69 2
73 2
71 4
0 2
69 2
71 1
0 1
73 2
73 2
73 1
0 1
73 1
0 1
73 2
73 2
73 2
73 1
0 1
73 2
71 2
69 1
0 1
64 8
0 2
73 2
73 1
0 1
73 1
0 1
73 1
0 1
73 1
0 1
73 1
0 1
71 1
0 1
69 2
73 2
76 2
73 2
71 3
0 1
64 1
0 1
69 2
71 1
0 1
73 1
0 1
71 2
69 2
64 2
66 2
69 2
66 1
0 1
69 10
0 2
71 2
69 2
71 2
72 2
71 2
69 2
71 3
0 1
69 2
71 2
69 2
72 2
71 2
69 2
71 3
0 1
69 2
71 2
69 2
72 2
71 2
69 2
71 3
0 1
71 1
0 1
73 2
71 1
66 5
0 6
71 2
69 2
71 2
72 2
71 2
69 2
71 3
0 1
69 2
71 2
69 2
72 2
71 2
69 2
71 3
0 1
69 2
71 2
69 2
72 2
71 2
69 2
71 2
72 2
71 2
69 2
76 10
0 4
78 2
76 2
85 9
0 1
76 2
78 2
76 2
83 2
81 1
0 1
80 1
0 1
81 4
76 2
78 2
76 2
83 2
81 2
80 2
81 1
0 1
83 2
81 2
76 2
76 2
71 1
0 1
73 3
0 1
71 3
0 1
73 2
74 2
76 1
0 1
80 2
80 1
0 1
80 1
0 1
80 2
80 2
80 3
0 1
81 3
0 1
80 4
78 4
0 2
80 2
78 3
0 1
81 1
0 1
81 1
0 1
81 1
0 1
81 1
0 1
80 2
81 1
0 1
83 14
78 2
76 2
85 9
0 1
76 2
78 2
76 2
83 2
81 1
0 1
80 1
0 1
81 4
76 2
78 2
76 2
83 2
81 2
80 2
81 1
0 1
78 2
76 2
73 2
73 2
71 1
0 1
69 3
0 1
71 3
0 3
73 2
74 2
80 2
80 1
0 1
80 1
0 1
80 2
0 2
77 3
0 1
78 2
85 4
83 4
81 4
80 2
81 3
0 1
81 1
0 1
81 1
0 1
81 1
0 1
81 1
0 1
83 2
85 1
0 1
83 14
0 6
78 1
0 1
78 2
81 1
0 1
83 2
81 2
80 1
0 1
81 18
