D:maj [2, 6, 9] 2 3 
C:maj/3 [0, 4, 7] 4 3 
D:maj/3 [2, 6, 9] 6 3 
B:maj [3, 6, 11] 11 9 
D:maj [2, 6, 9] 2 6 
B:maj [3, 6, 11] 11 6 
D:maj/3 [2, 6, 9] 6 6 
B:maj [3, 6, 11] 11 6 
D:maj [2, 6, 9] 2 6 
B:min [2, 6, 11] 11 6 
F#:maj [1, 6, 10] 6 6 
B:maj [3, 6, 11] 11 6 
D:maj [2, 6, 9] 2 3 
A:sus4 [2, 4, 9] 9 6 
B:maj [3, 6, 11] 11 6 
F#:min [1, 6, 9] 6 3 
D:maj [2, 6, 9] 2 9 
A:sus4 [2, 4, 9] 9 6 
B:maj [3, 6, 11] 11 6 
B:sus2 [1, 6, 11] 11 3 
B:maj [3, 6, 11] 11 6 
D:maj [2, 6, 9] 2 6 
B:maj [3, 6, 11] 11 6 
D:maj/3 [2, 6, 9] 6 6 
B:maj [3, 6, 11] 11 6 
D:maj [2, 6, 9] 2 6 
B:min [2, 6, 11] 11 6 
F#:maj [1, 6, 10] 6 6 
B:maj [3, 6, 11] 11 6 
D:maj [2, 6, 9] 2 3 
A:sus4 [2, 4, 9] 9 6 
B:min [2, 6, 11] 11 6 
F#:min [1, 6, 9] 6 3 
D:maj [2, 6, 9] 2 9 
A:sus4 [2, 4, 9] 9 6 
B:maj [3, 6, 11] 11 6 
B:sus2 [1, 6, 11] 11 3 
B:maj [3, 6, 11] 11 9 
B:min [2, 6, 11] 11 3 
E:sus2 [4, 6, 11] 4 3 
B:min [2, 6, 11] 11 3 
B:maj [3, 6, 11] 11 6 
B:min [2, 6, 11] 11 3 
D:maj [2, 6, 9] 2 9 
E:sus2 [4, 6, 11] 4 3 
B:min [2, 6, 11] 11 6 
F#:sus4 [1, 6, 11] 6 3 
D:maj [2, 6, 9] 2 12 
E:maj/5 [4, 8, 11] 11 9 
B:sus2 [1, 6, 11] 11 3 
B:maj [3, 6, 11] 11 6 
B:min [2, 6, 11] 11 3 
F#:sus4 [1, 6, 11] 6 3 
B:maj [3, 6, 11] 11 9 
