0 61
62 3
64 2
66 4
66 2
64 2
62 4
0 1
66 8
66 2
59 2
0 1
62 4
62 4
62 2
61 2
59 8
59 2
62 2
61 4
61 2
59 2
57 4
61 8
61 2
57 2
59 4
59 2
62 2
61 4
59 8
62 2
64 2
66 4
66 2
69 2
69 2
64 2
66 4
64 4
61 2
62 2
64 4
64 2
66 2
64 2
62 2
61 2
62 2
59 4
59 2
61 2
62 4
62 2
61 2
59 4
61 8
61 2
57 1
0 1
59 4
59 1
0 1
62 2
61 2
62 2
59 8
62 2
64 2
66 8
67 2
66 2
64 8
61 2
62 2
64 8
64 2
66 2
62 8
59 2
61 2
62 4
62 2
61 2
59 2
62 2
61 4
61 2
0 2
57 4
66 20
62 2
64 2
66 8
66 2
69 2
64 8
61 2
62 2
64 8
64 2
66 2
62 8
59 2
61 2
62 4
62 2
61 2
59 2
62 2
61 4
61 2
0 2
57 4
59 20
62 2
64 2
66 4
66 2
64 2
62 4
66 8
64 2
59 2
62 4
62 2
64 2
61 4
59 8
59 2
62 2
61 4
61 2
59 2
57 4
61 8
61 2
57 2
59 4
59 2
62 2
61 2
62 2
59 8
62 2
64 2
66 4
66 2
69 2
69 2
64 2
66 4
64 4
61 2
62 2
64 4
64 2
66 2
64 2
62 2
61 2
62 2
59 4
59 1
0 1
61 2
62 4
62 2
61 2
59 4
61 8
61 2
57 2
59 4
59 2
62 2
61 2
62 2
59 8
62 2
64 2
66 8
67 2
66 2
64 8
61 2
62 2
64 8
64 2
66 2
62 6
59 2
61 2
62 6
62 2
61 2
59 2
62 2
61 4
61 2
0 2
57 4
66 20
62 2
64 2
66 8
66 2
69 2
64 8
61 2
62 2
64 8
64 2
66 2
62 8
59 2
61 2
62 4
62 2
61 2
59 2
62 2
61 4
61 2
0 2
57 4
59 24
59 2
61 2
62 2
59 2
59 2
62 2
66 4
66 1
0 3
67 4
64 4
64 1
0 5
66 2
62 3
62 3
61 2
59 4
59 2
61 2
62 2
59 2
59 2
62 2
59 4
66 2
64 2
64 4
66 20
62 2
64 2
66 8
66 4
67 4
64 4
57 4
64 8
64 1
0 1
59 2
59 1
0 3
59 2
62 2
59 2
61 2
62 4
62 2
64 2
64 2
62 2
61 4
61 2
62 2
64 2
57 2
62 8
62 2
64 2
66 8
62 2
64 2
66 8
66 4
67 4
64 4
57 4
64 8
64 2
59 2
59 4
59 2
61 2
59 2
61 2
62 4
62 1
0 1
64 2
64 2
62 2
61 4
61 1
0 1
62 2
64 2
57 2
62 8
61 2
62 2
59 8
59 2
61 2
62 4
62 1
0 1
64 2
64 2
62 2
61 4
61 1
0 1
62 2
64 2
57 2
62 20
61 2
62 2
59 32
