G:min [2, 7, 10] 7 12
D:min [2, 5, 9] 2 8
C:min [0, 3, 7] 0 3
C:min7 [0, 3, 7, 10] 0 1
F:maj [0, 5, 9] 5 4
G:min [2, 7, 10] 7 4
C:maj/5 [0, 4, 7] 7 6
G:min [2, 7, 10] 7 4
C:maj [0, 4, 7] 0 1
C:min [0, 3, 7] 0 1
D:min [2, 5, 9] 2 6
Bb:maj7 [2, 5, 8, 10] 10 2
C:min [0, 3, 7] 0 4
F:maj [0, 5, 9] 5 4
G:min [2, 7, 10] 7 4
C:maj/5 [0, 4, 7] 7 4
Bb:maj [2, 5, 10] 10 2
G:min [2, 7, 10] 7 2
C:min7 [0, 3, 7, 10] 0 2
F:maj [0, 5, 9] 5 2
Bb:maj [2, 5, 10] 10 2
G:min [2, 7, 10] 7 2
C:min7 [0, 3, 7, 10] 0 2
F:maj [0, 5, 9] 5 2
D:min [2, 5, 9] 2 2
G:min [2, 7, 10] 7 2
C:min [0, 3, 7] 0 2
F:maj [0, 5, 9] 5 1
Bb:maj [2, 5, 10] 10 5
F:maj [0, 5, 9] 5 4
Bb:maj [2, 5, 10] 10 2
G:min [2, 7, 10] 7 2
C:min7 [0, 3, 7, 10] 0 2
F:maj [0, 5, 9] 5 2
Bb:maj [2, 5, 10] 10 2
G:min7 [2, 5, 7, 10] 7 2
C:min7 [0, 3, 7, 10] 0 2
F:maj [0, 5, 9] 5 2
D:min [2, 5, 9] 2 2
G:min [2, 7, 10] 7 2
C:min [0, 3, 7] 0 2
F:maj [0, 5, 9] 5 2
Bb:maj [2, 5, 10] 10 8
G:min7 [2, 5, 7, 10] 7 18
G:min [2, 7, 10] 7 6
D:min [2, 5, 9] 2 8
C:min [0, 3, 7] 0 4
F:maj [0, 5, 9] 5 4
Bb:maj [2, 5, 10] 10 8
G:min [2, 7, 10] 7 6
C:maj [0, 4, 7] 0 1
G:min/4 [2, 7, 10] 0 1
D:min [2, 5, 9] 2 8
C:min [0, 3, 7] 0 4
F:maj [0, 5, 9] 5 4
G:min [2, 7, 10] 7 4
C:maj/5 [0, 4, 7] 7 4
Bb:maj [2, 5, 10] 10 2
G:min [2, 7, 10] 7 2
C:min7 [0, 3, 7, 10] 0 2
F:maj [0, 5, 9] 5 2
Bb:maj [2, 5, 10] 10 2
G:min [2, 7, 10] 7 2
C:min7 [0, 3, 7, 10] 0 2
F:maj [0, 5, 9] 5 2
D:min [2, 5, 9] 2 2
G:min [2, 7, 10] 7 2
C:min [0, 3, 7] 0 2
F:maj [0, 5, 9] 5 1
Bb:maj [2, 5, 10] 10 3
Bb:maj/5 [2, 5, 10] 5 2
F:maj [0, 5, 9] 5 1
Bb:maj [2, 5, 10] 10 5
G:min [2, 7, 10] 7 2
C:min7 [0, 3, 7, 10] 0 2
F:maj [0, 5, 9] 5 2
Bb:maj [2, 5, 10] 10 2
G:min7 [2, 5, 7, 10] 7 2
C:min7 [0, 3, 7, 10] 0 4
D:min [2, 5, 9] 2 2
G:min [2, 7, 10] 7 2
C:min [0, 3, 7] 0 2
F:maj [0, 5, 9] 5 2
Bb:maj [2, 5, 10] 10 2
Bb:maj/5 [2, 5, 10] 5 2
Bb:maj [2, 5, 10] 10 2
N [10] 18 2
G:min [2, 7, 10] 7 8
D:min [2, 5, 9] 2 8
C:min [0, 3, 7] 0 8
G:min/5 [2, 7, 10] 2 11
G:min [2, 7, 10] 7 10
Bb:maj [2, 5, 10] 10 4
C:min7 [0, 3, 7, 10] 0 2
F:maj [0, 5, 9] 5 1
Bb:maj7 [2, 5, 8, 10] 10 4
C:min7 [0, 3, 7, 10] 0 1
F:maj [0, 5, 9] 5 1
D:min7 [0, 2, 5, 9] 2 3
G:min7/5 [2, 5, 7, 10] 2 1
G:min [2, 7, 10] 7 1
C:sus2 [0, 2, 7] 0 2
F:maj [0, 5, 9] 5 1
Bb:maj/3 [2, 5, 10] 2 2
Bb:maj/5 [2, 5, 10] 5 3
F:maj [0, 5, 9] 5 4
Bb:maj [2, 5, 10] 10 2
G:min [2, 7, 10] 7 2
Eb:maj [3, 7, 10] 3 2
F:maj [0, 5, 9] 5 3
Bb:maj6 [2, 5, 7, 10] 10 1
G:min [2, 7, 10] 7 2
Eb:maj7 [1, 3, 7, 10] 3 2
F:maj [0, 5, 9] 5 1
D:min [2, 5, 9] 2 3
G:min [2, 7, 10] 7 2
C:sus2 [0, 2, 7] 0 2
F:maj [0, 5, 9] 5 1
D:min7 [0, 2, 5, 9] 2 3
D:min [2, 5, 9] 2 1
G:min7 [2, 5, 7, 10] 7 1
C:sus2 [0, 2, 7] 0 2
C:min [0, 3, 7] 0 1
F:maj [0, 5, 9] 5 1
D:min [2, 5, 9] 2 2
G:min [2, 7, 10] 7 2
C:sus2 [0, 2, 7] 0 2
F:maj [0, 5, 9] 5 2
D:min7 [0, 2, 5, 9] 2 2
G:min [2, 7, 10] 7 2
C:sus2 [0, 2, 7] 0 2
C:min [0, 3, 7] 0 2
D:min7 [0, 2, 5, 9] 2 2
G:min [2, 7, 10] 7 2
C:sus2 [0, 2, 7] 0 2
F:maj [0, 5, 9] 5 2
D:min7 [0, 2, 5, 9] 2 2
G:min [2, 7, 10] 7 2
C:sus2 [0, 2, 7] 0 2
C:min [0, 3, 7] 0 1
F:maj [0, 5, 9] 5 7
