0 4
82 2
81 2
82 2
81 2
79 2
77 2
79 20
74 2
77 2
79 2
77 2
74 2
72 2
77 2
74 18
77 2
74 2
77 2
74 2
72 2
70 2
74 2
72 18
70 2
74 2
72 2
74 2
70 2
72 2
74 18
70 2
82 2
81 2
82 2
81 2
79 2
77 2
79 20
79 2
77 2
79 2
77 2
74 2
72 2
77 2
74 18
77 2
74 2
77 2
74 2
72 2
70 2
72 20
70 2
74 2
72 2
70 2
67 2
65 2
67 20
77 2
77 2
82 2
81 2
79 2
77 2
77 4
77 2
74 2
79 4
79 2
77 2
79 4
79 2
77 2
82 2
82 2
81 2
79 2
77 4
77 2
74 2
79 4
79 2
77 2
79 4
79 2
77 2
82 2
82 2
81 2
79 2
77 4
82 4
74 2
75 2
77 4
75 4
77 2
79 2
69 2
70 2
72 2
74 2
72 2
70 18
77 2
77 2
82 2
81 2
79 2
77 2
77 4
77 2
74 2
79 4
79 2
77 2
79 4
79 2
77 2
82 2
82 2
81 2
79 2
77 4
77 2
74 2
79 4
79 2
77 2
79 4
79 2
77 2
82 2
82 2
81 2
79 2
77 4
82 4
74 2
75 2
77 4
75 4
77 2
79 2
69 2
70 2
72 2
74 2
72 2
70 6
0 76
82 2
81 2
82 2
81 2
79 2
77 2
79 20
74 2
77 2
79 2
77 2
74 2
72 2
77 2
74 18
77 2
74 2
77 2
74 2
72 2
70 2
74 2
72 18
70 2
74 2
72 2
74 2
70 2
72 2
74 18
70 2
82 2
81 2
82 2
81 2
79 2
77 2
79 20
79 2
77 2
79 2
77 2
74 2
72 2
77 2
74 18
77 2
74 2
77 2
74 2
72 2
70 2
72 20
70 2
74 2
72 2
70 2
67 2
65 2
67 20
77 2
77 2
82 2
81 2
79 2
77 2
77 4
77 2
74 2
79 4
79 2
77 2
79 4
79 2
77 2
82 2
82 2
81 2
79 2
77 4
77 2
74 2
79 4
79 2
77 2
79 4
79 2
77 2
82 2
82 2
81 2
79 2
77 4
82 4
74 2
75 2
77 4
75 4
77 2
79 2
69 2
70 2
72 2
74 2
72 2
70 18
77 2
77 2
82 2
81 2
79 2
77 2
77 4
77 2
74 2
79 4
79 2
77 2
79 4
79 2
77 2
82 2
82 2
81 2
79 2
77 4
77 2
74 2
79 4
79 2
77 2
79 4
79 2
77 2
82 2
82 2
81 2
79 2
77 4
82 4
74 2
75 2
77 4
75 4
77 2
79 2
69 2
70 2
72 2
74 2
72 2
70 6
0 248
82 1
82 2
82 2
81 2
79 2
77 2
77 4
77 2
74 2
79 4
79 2
77 2
79 4
79 2
77 2
82 2
82 2
81 2
79 2
77 4
77 2
74 2
79 4
79 2
77 2
79 4
79 2
77 2
82 2
82 2
81 2
79 2
77 4
82 4
74 2
75 2
77 4
75 4
77 2
79 2
69 2
70 2
72 2
74 2
72 2
70 18
82 2
82 2
82 2
81 2
79 2
77 2
77 4
77 2
74 2
79 4
79 2
77 2
79 4
79 2
77 2
82 2
82 2
81 2
79 2
77 4
77 2
74 2
79 4
79 2
77 2
79 4
79 2
77 2
82 2
82 2
81 2
79 2
77 4
82 4
74 2
75 2
77 4
75 4
77 2
79 2
69 2
70 2
72 2
74 2
72 2
70 30
77 4
82 4
74 2
75 2
77 4
75 4
77 2
79 2
69 2
70 2
72 2
74 2
72 2
70 30
77 4
82 4
74 2
75 2
77 4
75 4
77 2
79 2
69 2
70 2
72 1
