Eb:maj [3, 7, 10] 3 8 
G:min [2, 7, 10] 7 4 
C:min [0, 3, 7] 0 4 
F:min [0, 5, 8] 5 4 
Bb:maj [2, 5, 10] 10 4 
Eb:maj [3, 7, 10] 3 3 
Ab:maj [0, 3, 8] 8 1 
Eb:maj [3, 7, 10] 3 1 
Bb:maj [2, 5, 10] 10 7 
Eb:maj/5 [3, 7, 10] 10 8 
Bb:maj [2, 5, 10] 10 4 
C:min [0, 3, 7] 0 4 
Bb:maj [2, 5, 10] 10 4 
Eb:maj [3, 7, 10] 3 8 
F:min [0, 5, 8] 5 4 
Eb:maj [3, 7, 10] 3 4 
C:min [0, 3, 7] 0 7 
C:min/5 [0, 3, 7] 7 1 
Ab:maj [0, 3, 8] 8 4 
Bb:maj [2, 5, 10] 10 4 
Eb:maj [3, 7, 10] 3 8 
C:min [0, 3, 7] 0 8 
Ab:maj [0, 3, 8] 8 4 
Eb:maj [3, 7, 10] 3 4 
G:min [2, 7, 10] 7 4 
C:min [0, 3, 7] 0 4 
Bb:maj [2, 5, 10] 10 8 
Eb:maj [3, 7, 10] 3 8 
C:min/5 [0, 3, 7] 7 12 
F:maj [0, 5, 9] 5 2 
Bb:maj [2, 5, 10] 10 2 
Eb:maj [3, 7, 10] 3 16 
G:min [2, 7, 10] 7 4 
C:min [0, 3, 7] 0 4 
F:min [0, 5, 8] 5 4 
Bb:maj [2, 5, 10] 10 4 
Eb:maj [3, 7, 10] 3 3 
Ab:maj [0, 3, 8] 8 1 
Eb:maj [3, 7, 10] 3 1 
Bb:maj [2, 5, 10] 10 7 
Eb:maj/5 [3, 7, 10] 10 8 
Bb:maj [2, 5, 10] 10 4 
C:min [0, 3, 7] 0 4 
Bb:maj [2, 5, 10] 10 4 
Eb:maj [3, 7, 10] 3 8 
F:min [0, 5, 8] 5 4 
Eb:maj [3, 7, 10] 3 4 
C:min [0, 3, 7] 0 7 
C:min/5 [0, 3, 7] 7 1 
Ab:maj [0, 3, 8] 8 4 
Bb:maj [2, 5, 10] 10 4 
Eb:maj [3, 7, 10] 3 8 
C:min [0, 3, 7] 0 8 
Ab:maj [0, 3, 8] 8 4 
Eb:maj [3, 7, 10] 3 4 
G:min [2, 7, 10] 7 4 
C:min [0, 3, 7] 0 4 
Bb:maj [2, 5, 10] 10 8 
Eb:maj [3, 7, 10] 3 8 
C:min/5 [0, 3, 7] 7 8 
Eb:maj/3 [3, 7, 10] 7 2 
C:min [0, 3, 7] 0 2 
F:maj [0, 5, 9] 5 2 
Bb:maj [2, 5, 10] 10 2 
Eb:maj [3, 7, 10] 3 8 
Ab:maj [0, 3, 8] 8 4 
Bb:maj [2, 5, 10] 10 4 
Ab:maj [0, 3, 8] 8 6 
Eb:maj [3, 7, 10] 3 5 
