0 66
62 2
64 2
65 2
67 2
0 1
67 1
64 2
62 2
60 2
62 8
0 8
62 2
64 2
65 2
67 3
67 1
67 2
72 1
0 1
74 2
72 1
69 9
0 6
74 1
74 1
74 1
0 1
72 1
74 3
72 6
0 2
69 1
69 1
67 2
65 2
67 2
69 6
0 2
62 1
62 1
64 1
0 1
65 1
0 1
67 2
0 1
67 1
64 2
62 2
60 2
62 14
0 2
62 2
64 2
65 2
67 4
64 2
62 2
60 2
62 8
0 8
62 2
64 2
65 2
67 3
67 1
67 2
72 1
0 1
74 2
72 1
69 9
0 6
74 1
74 1
74 1
0 1
72 1
74 3
72 6
0 2
69 1
69 1
67 2
65 2
67 2
69 6
0 2
62 1
62 1
64 1
0 1
65 1
0 1
67 2
0 1
67 1
64 2
62 2
60 2
62 14
0 2
67 1
67 1
67 2
65 2
67 8
0 2
67 1
67 1
64 2
62 1
60 2
62 7
0 2
67 1
67 1
67 2
65 2
67 4
72 1
69 1
69 1
72 1
76 11
0 4
69 1
74 1
72 1
74 1
72 1
74 1
77 2
0 1
74 1
72 1
72 1
72 1
74 2
72 2
65 1
65 1
65 1
65 1
67 2
65 1
69 5
0 3
69 1
74 1
72 1
74 1
72 1
74 1
77 2
79 2
79 1
79 1
76 1
74 1
72 2
0 1
74 1
74 1
74 1
74 1
74 1
77 3
76 6
0 1
69 1
74 1
72 1
74 1
72 1
74 1
77 2
0 1
74 1
72 1
72 1
72 1
74 2
72 2
65 1
65 1
65 1
65 1
67 2
65 1
67 2
69 3
0 3
69 1
74 1
72 1
74 1
72 1
74 1
77 2
79 2
79 1
79 1
76 1
74 1
72 2
0 1
74 1
74 1
74 1
74 1
74 1
77 3
76 4
77 2
76 2
72 2
74 14
0 66
62 2
64 2
65 2
67 4
64 2
62 2
60 2
62 8
0 8
62 2
64 2
65 2
67 3
67 1
67 2
72 1
0 1
74 2
72 1
69 9
0 6
74 1
74 1
74 1
0 1
72 1
74 3
72 6
0 2
69 1
69 1
67 2
65 2
67 2
69 6
0 2
62 1
62 1
64 1
0 1
65 1
0 1
67 2
0 1
67 1
64 2
62 2
60 2
62 14
0 2
67 1
67 1
67 2
65 2
67 8
0 2
67 1
67 1
64 2
62 1
60 2
62 7
0 2
67 1
67 1
67 2
65 2
67 4
72 1
69 1
69 1
72 1
76 11
0 4
69 1
74 1
72 1
74 1
72 1
74 1
77 2
0 1
74 1
72 1
72 1
72 1
74 2
72 2
65 1
65 1
65 1
65 1
67 2
65 1
69 5
0 3
69 1
74 1
72 1
74 1
72 1
74 1
77 2
79 2
79 1
79 1
76 1
74 1
72 2
0 1
74 1
74 1
74 1
74 1
74 1
77 3
76 6
0 1
69 1
74 1
72 1
74 1
72 1
74 1
77 2
0 1
74 1
72 1
72 1
72 1
74 2
72 2
65 1
65 1
65 1
65 1
67 2
65 1
67 2
69 3
0 3
69 1
74 1
72 1
74 1
72 1
74 1
77 2
79 2
79 1
79 1
76 1
74 1
72 2
0 1
74 1
74 1
74 1
74 1
74 1
77 3
76 4
77 2
76 2
72 2
74 14
74 1
72 1
74 1
72 1
74 1
77 2
0 1
74 1
72 1
72 1
72 1
74 2
72 2
65 1
65 1
65 1
65 1
67 2
65 1
69 5
0 3
69 1
74 1
72 1
74 1
72 1
74 1
77 2
79 2
79 1
79 1
76 1
74 1
72 2
0 1
74 1
74 1
74 1
74 1
74 1
77 3
76 6
0 1
69 1
74 1
72 1
74 1
72 1
74 1
77 2
0 1
74 1
72 1
72 1
72 1
74 2
72 2
65 1
65 1
65 1
65 1
67 2
65 1
67 2
69 3
0 3
69 1
74 1
72 1
74 1
72 1
74 1
77 2
79 2
79 1
79 1
76 1
74 1
72 2
0 1
74 1
74 1
74 1
74 1
74 1
77 3
76 4
0 3
77 3
76 3
0 1
72 2
74 19
