D:maj [2, 6, 9] 2 4 
E:min [4, 7, 11] 4 4 
A:maj [1, 4, 9] 9 4 
D:maj [2, 6, 9] 2 8 
E:min [4, 7, 11] 4 4 
A:maj [1, 4, 9] 9 4 
D:sus2 [2, 4, 9] 2 8 
E:min/b3 [4, 7, 11] 7 4 
A:maj [1, 4, 9] 9 4 
D:maj [2, 6, 9] 2 8 
E:min [4, 7, 11] 4 4 
A:maj [1, 4, 9] 9 4 
D:maj [2, 6, 9] 2 8 
E:min [4, 7, 11] 4 4 
A:maj [1, 4, 9] 9 4 
D:maj [2, 6, 9] 2 8 
E:min/b3 [4, 7, 11] 7 4 
A:maj [1, 4, 9] 9 4 
D:maj [2, 6, 9] 2 8 
C:maj/5 [0, 4, 7] 7 4 
A:maj [1, 4, 9] 9 4 
D:sus2 [2, 4, 9] 2 8 
G:maj [2, 7, 11] 7 8 
D:maj [2, 6, 9] 2 8 
E:min [4, 7, 11] 4 4 
A:maj [1, 4, 9] 9 4 
D:sus2 [2, 4, 9] 2 8 
G:maj [2, 7, 11] 7 8 
D:maj [2, 6, 9] 2 8 
E:min [4, 7, 11] 4 4 
A:maj [1, 4, 9] 9 4 
D:maj [2, 6, 9] 2 8 
E:min [4, 7, 11] 4 4 
A:maj [1, 4, 9] 9 3 
D:maj [2, 6, 9] 2 9 
C:maj6 [0, 4, 7, 9] 0 4 
A:maj [1, 4, 9] 9 4 
D:maj [2, 6, 9] 2 8 
E:min/b3 [4, 7, 11] 7 4 
A:maj [1, 4, 9] 9 4 
D:maj [2, 6, 9] 2 8 
C:maj/5 [0, 4, 7] 7 4 
A:maj [1, 4, 9] 9 4 
D:sus2 [2, 4, 9] 2 8 
G:maj [2, 7, 11] 7 8 
D:maj [2, 6, 9] 2 8 
E:min [4, 7, 11] 4 4 
A:maj [1, 4, 9] 9 4 
D:sus2 [2, 4, 9] 2 8 
G:maj [2, 7, 11] 7 8 
D:maj [2, 6, 9] 2 8 
E:min [4, 7, 11] 4 4 
A:maj [1, 4, 9] 9 4 
D:maj [2, 6, 9] 2 16 
C:maj [0, 4, 7] 0 8 
A:min [0, 4, 9] 9 8 
G:maj [2, 7, 11] 7 8 
D:maj [2, 6, 9] 2 8 
E:min [4, 7, 11] 4 4 
A:maj [1, 4, 9] 9 4 
D:maj [2, 6, 9] 2 8 
G:maj [2, 7, 11] 7 8 
D:maj [2, 6, 9] 2 8 
E:min [4, 7, 11] 4 4 
A:maj [1, 4, 9] 9 4 
D:maj [2, 6, 9] 2 40 
