0 194
74 2
74 2
74 2
74 2
74 2
74 2
71 2
76 18
76 2
76 2
76 2
76 2
74 2
74 2
71 1
74 19
69 2
71 2
74 2
78 2
76 2
74 2
71 2
76 18
76 2
76 2
76 2
76 2
74 2
71 2
76 2
74 18
74 2
74 2
71 2
74 2
71 2
74 2
76 2
76 18
76 2
76 2
78 2
83 2
81 2
83 2
76 2
78 18
81 2
81 2
81 2
81 2
78 2
76 2
74 2
76 6
71 2
76 2
74 2
71 2
76 4
76 2
76 2
76 2
76 2
74 2
71 2
76 2
74 18
74 2
74 2
74 2
74 2
74 2
83 2
81 2
83 18
83 4
85 2
86 2
85 2
83 2
81 2
78 6
76 2
74 4
76 2
78 4
78 6
83 2
81 2
76 2
74 2
76 8
83 2
83 2
76 2
74 2
76 6
69 2
83 2
81 2
83 2
76 4
78 16
74 2
74 2
74 2
76 2
74 2
81 2
83 2
83 18
83 2
83 2
83 2
83 2
81 2
81 2
78 2
81 6
78 2
76 2
81 4
78 10
83 2
81 2
78 2
74 2
76 8
83 2
81 2
78 2
81 4
76 6
76 2
74 2
71 2
74 18
0 130
74 2
74 2
71 2
74 2
71 2
74 2
76 2
76 18
76 2
76 2
78 2
83 2
81 2
83 2
76 2
78 18
81 2
81 2
81 2
81 2
78 2
76 2
74 2
76 6
71 2
76 2
74 2
71 2
76 4
76 2
76 2
76 2
76 2
74 2
71 2
76 2
74 16
0 2
74 2
74 2
74 2
74 2
74 2
83 2
86 2
83 18
83 4
85 2
86 2
85 2
83 2
81 2
78 6
76 2
74 4
76 2
78 4
78 6
83 2
81 2
76 2
74 2
76 8
83 2
83 2
76 2
74 2
76 6
69 2
83 2
81 2
83 2
76 4
78 16
74 2
74 2
74 2
76 2
74 2
81 2
83 2
83 18
83 2
83 2
83 2
83 2
81 2
81 2
78 2
81 6
78 2
76 2
78 4
81 4
78 6
83 2
81 2
78 2
74 2
76 6
71 2
83 2
81 2
78 2
81 4
76 4
69 2
78 2
76 4
78 4
76 2
74 2
71 2
74 14
76 1
74 1
78 2
78 2
78 2
76 2
78 1
76 1
78 20
71 2
78 2
76 2
78 2
79 2
78 1
76 21
74 2
76 2
74 2
76 2
78 2
78 2
76 3
0 13
74 2
74 2
74 2
74 2
74 2
83 2
81 2
83 18
83 4
85 2
86 2
85 2
83 2
81 2
78 6
76 2
74 4
76 2
78 4
78 6
83 2
81 2
76 2
74 2
76 8
83 2
83 2
76 2
74 2
76 6
69 2
83 2
81 2
83 2
76 4
78 16
74 2
74 2
74 2
76 2
74 2
81 2
83 2
83 18
83 2
83 2
83 2
83 2
81 2
81 2
78 2
81 6
78 2
76 2
81 4
78 10
83 2
81 2
78 2
74 2
76 8
83 2
81 2
78 2
81 4
76 6
76 2
74 2
71 2
74 26
76 2
74 2
71 2
74 18
0 24
78 2
76 2
76 2
78 2
74 16
0 24
76 2
74 2
71 2
74 18
