C:maj [0, 4, 7] 0 4 
G:maj [2, 7, 11] 7 8 
C:maj [0, 4, 7] 0 4 
G:maj [2, 7, 11] 7 4 
A:min [0, 4, 9] 9 4 
F:maj [0, 5, 9] 5 4 
C:maj [0, 4, 7] 0 4 
G:maj [2, 7, 11] 7 4 
A:min [0, 4, 9] 9 4 
F:maj [0, 5, 9] 5 4 
D:min [2, 5, 9] 2 4 
G:maj [2, 7, 11] 7 4 
E:min [4, 7, 11] 4 4 
A:min [0, 4, 9] 9 4 
F:maj [0, 5, 9] 5 4 
G:maj [2, 7, 11] 7 4 
E:sus4 [4, 9, 11] 4 4 
A:min [0, 4, 9] 9 4 
F:maj [0, 5, 9] 5 4 
G:maj [2, 7, 11] 7 4 
C:sus4 [0, 5, 7] 0 4 
C:maj/5 [0, 4, 7] 7 2 
G:maj [2, 7, 11] 7 2 
C:maj [0, 4, 7] 0 4 
G:maj/3 [2, 7, 11] 11 4 
A:min7 [0, 4, 7, 9] 9 4 
F:maj [0, 5, 9] 5 2 
G:maj [2, 7, 11] 7 2 
C:maj [0, 4, 7] 0 4 
G:maj [2, 7, 11] 7 4 
A:min [0, 4, 9] 9 4 
E:min [4, 7, 11] 4 4 
F:maj [0, 5, 9] 5 4 
E:min [4, 7, 11] 4 4 
D:min [2, 5, 9] 2 4 
G:maj [2, 7, 11] 7 4 
C:maj [0, 4, 7] 0 4 
E:min [4, 7, 11] 4 4 
A:min [0, 4, 9] 9 4 
F:maj [0, 5, 9] 5 2 
G:maj [2, 7, 11] 7 2 
C:maj [0, 4, 7] 0 4 
G:maj [2, 7, 11] 7 4 
A:min [0, 4, 9] 9 4 
C:maj/3 [0, 4, 7] 4 4 
F:maj [0, 5, 9] 5 4 
G:maj [2, 7, 11] 7 4 
C:maj [0, 4, 7] 0 8 
F:maj [0, 5, 9] 5 2 
G:maj [2, 7, 11] 7 2 
C:maj [0, 4, 7] 0 4 
F:maj [0, 5, 9] 5 6 
C:maj/3 [0, 4, 7] 4 2 
D:min [2, 5, 9] 2 4 
G:maj [2, 7, 11] 7 4 
E:min [4, 7, 11] 4 4 
A:min [0, 4, 9] 9 4 
F:maj [0, 5, 9] 5 4 
G:maj [2, 7, 11] 7 4 
E:sus4 [4, 9, 11] 4 4 
A:min [0, 4, 9] 9 4 
F:maj [0, 5, 9] 5 4 
G:maj [2, 7, 11] 7 4 
C:sus4 [0, 5, 7] 0 4 
C:maj/5 [0, 4, 7] 7 2 
C:maj [0, 4, 7] 0 6 
E:min [4, 7, 11] 4 4 
A:min [0, 4, 9] 9 4 
F:maj [0, 5, 9] 5 2 
G:maj [2, 7, 11] 7 2 
C:maj [0, 4, 7] 0 4 
G:maj [2, 7, 11] 7 4 
A:min [0, 4, 9] 9 4 
C:maj/3 [0, 4, 7] 4 4 
F:maj [0, 5, 9] 5 4 
G:maj [2, 7, 11] 7 4 
C:maj [0, 4, 7] 0 4 
F:maj [0, 5, 9] 5 12 
E:maj [4, 8, 11] 4 4 
A:min [0, 4, 9] 9 4 
F:maj [0, 5, 9] 5 4 
G:maj [2, 7, 11] 7 4 
A:sus4 [2, 4, 9] 9 6 
A:maj [1, 4, 9] 9 2 
D:maj [2, 6, 9] 2 4 
A:maj6 [1, 4, 6, 9] 9 4 
B:min [2, 6, 11] 11 4 
G:maj [2, 7, 11] 7 4 
D:maj [2, 6, 9] 2 4 
A:maj [1, 4, 9] 9 4 
B:min [2, 6, 11] 11 4 
F#:min [1, 6, 9] 6 4 
G:maj [2, 7, 11] 7 4 
F#:min [1, 6, 9] 6 4 
E:min7 [2, 4, 7, 11] 4 4 
A:maj [1, 4, 9] 9 4 
D:sus2 [2, 4, 9] 2 4 
F#:min [1, 6, 9] 6 4 
B:min [2, 6, 11] 11 4 
G:maj [2, 7, 11] 7 2 
A:maj [1, 4, 9] 9 2 
D:maj [2, 6, 9] 2 4 
A:maj [1, 4, 9] 9 4 
B:min [2, 6, 11] 11 4 
F#:min [1, 6, 9] 6 8 
G:maj [2, 7, 11] 7 5 
A:maj [1, 4, 9] 9 3 
G:maj [2, 7, 11] 7 9 
A:sus4 [2, 4, 9] 9 6 
A:sus4(b7) [2, 4, 9] 9 1 
D:sus2 [2, 4, 9] 2 4 
