0 54
72 1
0 1
72 1
0 1
71 1
0 1
69 1
0 1
67 6
0 2
67 1
0 1
67 1
0 1
69 1
0 1
71 1
0 1
72 3
0 1
64 3
0 3
64 2
65 1
0 1
67 1
0 1
69 17
0 7
72 1
0 1
72 1
0 1
71 1
0 1
69 1
0 1
67 6
0 2
67 1
0 1
67 1
0 1
69 1
0 1
71 1
0 1
72 3
0 1
64 3
0 3
64 2
65 1
0 1
67 1
0 1
69 17
0 5
69 1
0 1
69 1
0 1
69 1
0 1
76 3
0 1
74 4
71 1
0 1
69 1
0 1
67 5
0 5
67 2
64 1
0 1
67 2
64 1
0 1
67 2
74 3
0 1
72 11
0 11
69 1
0 1
69 1
0 1
69 1
0 1
76 3
0 1
74 3
0 1
71 1
0 1
69 1
0 1
67 7
0 1
67 1
0 1
76 1
0 1
77 1
0 1
76 1
0 1
77 1
0 1
76 3
0 1
71 1
0 1
72 9
0 1
72 2
71 1
0 1
72 1
0 1
64 1
0 1
65 3
0 1
64 1
0 1
65 3
0 3
76 2
74 10
0 4
72 2
72 18
0 6
67 1
0 1
77 1
0 1
76 1
0 1
74 1
0 1
76 7
0 1
67 1
0 1
76 2
74 1
0 1
72 2
74 4
67 5
0 1
67 1
0 1
69 1
0 1
71 1
0 1
72 3
0 1
71 1
0 1
72 1
0 1
71 1
0 1
72 2
0 2
64 1
0 1
69 7
0 1
67 1
0 1
77 1
0 1
76 1
0 1
74 1
0 1
76 7
0 1
67 1
0 1
76 1
0 1
74 1
0 1
72 1
0 1
74 3
0 1
67 3
0 3
67 1
0 1
69 1
0 1
71 1
0 1
72 4
71 1
0 1
72 2
71 1
0 1
72 1
0 1
81 2
76 2
79 8
0 4
76 1
0 1
77 1
0 1
79 3
0 1
72 1
0 1
72 1
0 1
72 2
0 2
79 1
0 1
72 1
0 1
72 8
0 6
72 1
0 1
72 5
0 1
72 1
0 1
72 3
0 1
74 3
0 1
74 6
0 2
67 1
0 1
77 1
0 1
76 1
0 1
74 1
0 1
76 7
0 1
67 1
0 1
76 2
74 1
0 1
72 2
74 4
67 5
0 1
67 1
0 1
69 1
0 1
71 1
0 1
72 3
0 1
71 1
0 1
72 1
0 1
71 1
0 1
72 2
0 2
64 1
0 1
69 7
0 1
67 1
0 1
77 1
0 1
76 1
0 1
74 1
0 1
76 3
74 1
72 3
0 1
67 1
0 1
76 1
0 1
74 1
0 1
72 1
0 1
74 3
0 1
67 3
0 3
67 1
0 1
69 1
0 1
71 1
0 1
72 4
71 1
0 1
72 2
71 1
0 1
72 1
0 1
81 2
76 2
79 8
0 4
76 1
0 1
77 1
0 1
79 3
0 1
72 1
0 1
72 1
0 1
79 2
0 2
72 1
0 1
72 1
0 1
72 8
0 1
74 7
72 2
72 16
0 84
69 1
0 1
69 1
0 1
69 1
0 1
76 3
0 1
74 4
71 1
0 1
69 1
0 1
67 5
0 5
67 2
64 1
0 1
67 2
64 1
0 1
67 2
74 3
0 1
72 11
0 11
69 1
0 1
69 1
0 1
69 1
0 1
76 3
0 1
74 3
0 1
71 1
0 1
69 1
0 1
67 7
0 1
67 1
0 1
76 1
0 1
77 1
0 1
76 1
0 1
77 1
0 1
76 3
0 1
71 1
0 1
72 9
0 1
72 2
71 1
0 1
72 1
0 1
64 1
0 1
65 3
0 1
64 1
0 1
65 3
0 3
76 2
74 10
0 4
72 2
72 18
0 6
67 1
0 1
77 1
0 1
76 1
0 1
74 1
0 1
76 7
0 1
67 1
0 1
76 2
74 1
0 1
72 2
74 4
67 5
0 1
67 1
0 1
69 1
0 1
71 1
0 1
72 3
0 1
71 1
0 1
72 1
0 1
71 1
0 1
72 2
0 2
64 1
0 1
69 7
0 1
67 1
0 1
77 1
0 1
76 1
0 1
74 1
0 1
76 7
0 1
67 1
0 1
76 1
0 1
74 1
0 1
72 1
0 1
74 3
0 1
67 3
0 3
67 1
0 1
69 1
0 1
71 1
0 1
72 4
71 1
0 1
72 2
71 1
0 1
72 1
0 1
81 2
76 2
79 8
0 4
76 1
0 1
77 1
0 1
79 3
0 1
72 1
0 1
72 1
0 1
72 2
0 2
79 1
0 1
72 1
0 1
72 8
0 2
74 6
72 1
0 1
72 16
0 20
69 1
0 1
69 1
0 1
69 3
0 1
69 1
0 1
71 3
0 1
71 9
0 1
71 2
71 1
0 1
71 3
0 1
71 1
0 1
71 4
0 2
71 2
72 3
71 1
69 11
0 7
69 1
0 1
69 1
0 1
69 3
0 1
69 1
0 1
71 3
0 1
71 8
0 2
67 3
0 1
74 4
76 1
0 1
76 16
69 1
0 1
79 1
0 1
78 1
0 1
76 1
0 1
78 7
0 1
69 1
0 1
78 2
76 1
0 1
74 2
76 4
69 5
0 1
69 1
0 1
71 1
0 1
73 1
0 1
74 3
0 1
73 1
0 1
74 1
0 1
73 1
0 1
74 2
0 2
66 1
0 1
71 7
0 1
69 1
0 1
79 1
0 1
78 1
0 1
76 1
0 1
78 7
0 1
69 1
0 1
78 1
0 1
76 1
0 1
74 1
0 1
76 3
0 1
69 3
0 3
69 1
0 1
71 1
0 1
73 1
0 1
74 4
73 1
0 1
74 2
73 1
0 1
74 1
0 1
83 2
78 2
81 8
0 4
78 1
0 1
79 1
0 1
81 3
0 1
74 1
0 1
74 1
0 1
74 4
81 1
0 1
74 1
0 1
74 8
0 6
74 2
74 5
0 1
74 1
0 1
74 3
0 1
76 3
0 1
76 7
0 1
69 1
0 1
79 1
0 1
78 1
0 1
76 1
0 1
78 7
0 1
69 1
0 1
78 2
76 1
0 1
74 2
76 4
69 5
0 1
69 1
0 1
71 1
0 1
73 1
0 1
74 3
0 1
73 1
0 1
74 1
0 1
73 1
0 1
74 2
0 2
66 1
0 1
71 7
0 1
69 1
0 1
79 1
0 1
78 1
0 1
76 1
0 1
78 3
76 1
74 3
0 1
69 1
0 1
78 1
0 1
76 1
0 1
74 1
0 1
76 3
0 1
69 3
0 3
69 1
0 1
71 1
0 1
73 1
0 1
74 4
73 1
0 1
74 2
73 1
0 1
74 1
0 1
83 2
78 2
81 8
0 21
78 2
79 2
81 4
0 1
74 1
0 1
74 2
81 6
74 1
0 1
74 1
0 1
74 11
0 3
76 6
74 5
74 33
