0 79
62 1
60 1
59 2
62 2
67 2
71 1
72 2
71 3
62 1
0 1
59 1
62 1
0 1
59 5
0 8
64 1
62 1
60 2
64 1
0 1
67 1
0 1
69 1
72 1
0 1
71 2
0 1
64 2
66 1
64 2
62 6
0 7
67 1
69 1
70 1
0 1
70 1
0 1
70 1
69 1
67 1
65 1
67 2
67 1
0 1
67 2
0 1
69 1
70 1
0 1
70 1
0 1
70 1
69 1
67 1
72 1
71 2
69 2
67 2
0 4
64 1
0 1
67 2
71 1
0 1
64 2
67 2
0 2
67 10
0 6
62 1
60 1
59 2
62 2
67 2
71 1
72 2
71 3
62 1
0 1
59 1
62 1
0 1
59 5
0 8
64 1
62 1
60 2
64 1
0 1
67 1
0 1
69 1
72 1
0 1
71 2
0 1
64 2
66 1
64 2
62 6
0 7
67 1
69 1
70 1
0 1
70 1
0 1
70 1
69 1
67 1
65 1
67 1
0 1
67 1
0 1
67 2
0 1
69 1
70 1
0 1
70 1
0 1
70 1
69 1
67 1
72 1
71 2
69 2
67 2
0 4
74 1
0 1
74 1
0 1
71 1
0 1
74 1
71 2
0 1
67 2
69 1
67 1
69 1
67 8
0 1
74 1
0 1
74 1
0 1
74 1
71 1
74 2
74 1
0 1
74 2
74 1
71 1
0 2
74 1
0 1
74 1
0 1
74 1
71 1
74 1
0 1
74 1
0 1
74 1
0 1
74 1
71 1
0 2
74 1
0 1
74 1
0 1
74 1
71 1
69 1
0 1
71 1
0 1
64 2
69 2
0 2
69 1
0 1
69 1
0 1
67 1
0 1
69 1
0 1
71 2
74 1
0 1
71 2
0 2
74 1
0 1
74 1
0 1
74 1
71 1
74 2
74 1
0 1
74 2
76 2
0 2
74 1
0 1
74 1
0 1
74 1
71 1
74 1
0 1
76 2
78 2
79 4
74 1
0 1
74 1
0 1
74 1
71 1
69 2
71 1
0 1
64 2
69 2
0 2
71 2
70 2
0 1
69 2
0 1
67 10
0 50
62 1
60 1
59 2
62 2
67 2
71 1
72 2
71 3
62 1
0 1
59 1
62 1
0 1
59 5
0 8
64 1
62 1
60 2
64 1
0 1
67 1
0 1
69 1
72 1
0 1
71 2
0 1
64 2
66 1
64 2
62 6
0 7
67 1
69 1
70 1
0 1
70 1
0 1
70 1
69 1
67 1
65 1
67 1
0 1
67 1
0 1
67 2
0 1
69 1
70 1
0 1
70 1
0 1
70 1
69 1
67 1
72 1
71 2
69 2
67 2
0 4
74 1
0 1
74 1
0 1
71 1
0 1
74 1
71 2
0 1
67 2
69 1
67 1
69 1
67 8
0 1
74 1
0 1
74 1
0 1
74 1
71 1
74 2
74 1
0 1
74 2
74 1
71 1
0 2
74 1
0 1
74 1
0 1
74 1
71 1
74 1
0 1
74 1
0 1
74 1
0 1
74 1
71 1
0 2
74 1
0 1
74 1
0 1
74 1
71 1
69 1
0 1
71 1
0 1
64 2
69 2
0 2
69 1
0 1
69 1
0 1
67 1
0 1
69 1
0 1
71 2
74 1
0 1
71 2
0 2
74 1
0 1
74 1
0 1
74 1
71 1
74 2
74 1
0 1
74 2
76 2
0 2
74 1
0 1
74 1
0 1
74 1
71 1
74 1
0 1
76 2
78 2
79 4
74 1
0 1
74 1
0 1
74 1
71 1
69 2
71 1
0 1
64 2
69 2
0 2
71 2
70 2
0 1
69 2
0 1
67 10
0 14
71 2
70 2
0 1
69 2
0 1
67 12
0 12
77 2
71 2
0 1
69 2
0 1
67 7
0 39
74 2
76 1
0 1
78 1
79 1
79 1
0 1
79 4
0 4
68 1
0 1
68 1
0 1
68 1
0 1
68 2
0 2
75 1
0 1
75 1
0 1
75 1
72 1
75 2
75 1
0 1
75 2
75 1
72 1
0 2
75 1
0 1
75 1
0 1
75 1
72 1
75 1
0 1
75 1
0 1
75 1
0 1
75 1
72 1
0 2
75 1
0 1
75 1
0 1
75 1
72 1
70 1
0 1
72 1
0 1
65 2
70 2
0 2
70 1
0 1
70 1
0 1
68 1
0 1
70 1
0 1
72 2
75 1
0 1
72 2
0 2
75 1
0 1
75 1
0 1
75 1
72 1
75 2
75 1
0 1
75 2
77 2
0 2
80 1
0 1
80 1
0 1
76 2
75 1
0 1
77 1
0 1
79 1
0 1
80 18
0 2
75 1
0 1
75 1
0 1
75 1
72 1
70 2
72 2
65 2
70 4
72 2
71 2
0 1
70 3
68 12
