0 91
56 2
0 1
59 1
0 1
63 2
56 2
59 8
0 6
56 3
0 1
59 1
0 1
63 2
56 2
58 12
0 2
56 2
59 2
61 2
63 2
66 1
0 1
68 2
63 2
59 2
56 2
63 2
66 1
0 1
68 1
0 1
61 2
59 4
56 2
63 12
0 6
56 2
0 1
59 1
63 1
0 1
56 2
59 11
0 3
56 1
0 1
56 1
0 1
59 1
0 1
63 2
56 2
58 11
0 3
56 2
59 2
61 2
63 1
0 1
66 2
68 2
61 2
59 2
56 2
64 2
66 1
0 1
68 2
63 1
61 1
59 4
56 4
63 13
0 1
63 2
68 2
70 2
72 2
68 1
0 1
68 1
0 1
63 6
0 6
63 1
0 1
72 2
68 2
70 1
0 1
67 1
0 1
67 2
63 8
0 4
60 2
70 2
67 2
68 7
0 3
67 2
68 3
0 1
72 2
67 5
63 2
65 10
0 7
63 2
68 2
70 2
72 2
68 1
0 1
68 2
63 9
0 3
63 2
68 2
70 1
0 1
75 3
0 1
70 4
72 2
70 2
68 8
0 2
67 1
68 11
67 2
68 3
0 1
72 1
0 1
67 5
0 1
63 2
68 16
0 60
56 3
0 1
59 2
63 1
0 1
56 2
59 11
0 3
56 1
0 1
56 1
0 1
59 1
0 1
63 2
56 2
58 11
0 3
56 2
59 2
61 2
63 1
0 1
66 2
68 2
61 2
59 2
56 2
64 2
66 1
0 1
68 2
63 1
61 1
59 4
56 4
63 13
0 1
63 2
68 2
70 2
72 2
68 1
0 1
68 1
0 1
63 6
0 6
63 1
0 1
72 2
68 2
70 1
0 1
67 1
0 1
67 2
63 8
0 4
60 2
70 2
67 2
68 7
0 3
67 2
68 3
0 1
72 2
67 5
63 2
65 10
0 7
63 2
68 2
70 2
72 2
68 1
0 1
68 2
63 9
0 3
63 2
68 2
70 1
0 1
75 3
0 1
70 4
72 2
70 2
68 8
0 2
67 1
68 11
67 2
68 3
0 1
72 1
0 1
67 5
0 1
63 2
68 16
0 2
75 7
0 1
70 2
68 2
70 4
68 7
63 6
0 137
63 2
68 2
70 2
72 2
68 1
0 1
68 1
0 1
63 6
0 6
63 1
0 1
72 2
68 2
70 1
0 1
67 1
0 1
67 2
63 8
0 4
60 2
70 2
67 2
68 7
0 3
67 2
68 3
0 1
72 2
67 5
63 2
65 10
0 7
63 2
68 2
70 2
72 2
68 1
0 1
68 2
63 9
0 3
63 2
68 2
70 1
0 1
75 3
0 1
70 4
72 2
70 2
68 8
0 2
67 1
68 11
67 2
68 3
0 1
72 1
0 1
67 5
0 1
63 2
65 16
0 73
56 2
59 2
0 1
63 2
56 2
59 13
0 1
56 3
0 1
59 1
0 1
63 2
56 2
58 12
0 2
56 2
59 2
61 2
63 1
0 1
66 2
68 2
63 1
61 1
59 2
56 2
63 2
66 2
68 2
63 1
61 1
59 2
0 2
56 2
0 3
63 32
