0 53
72 1
72 1
72 1
77 1
77 1
77 1
75 1
77 2
0 1
75 1
75 2
72 3
70 1
70 1
68 1
70 1
70 1
70 1
70 1
70 1
0 1
70 1
72 1
68 2
65 2
0 3
65 1
68 5
0 2
65 1
77 1
0 1
75 1
75 1
75 1
0 1
75 1
77 1
75 2
70 1
72 8
0 3
72 1
75 1
77 1
0 1
77 1
75 1
77 2
0 1
75 1
75 2
72 2
0 2
70 1
68 1
70 1
70 1
70 1
68 1
70 3
75 1
70 2
72 3
0 1
65 1
67 1
68 2
68 2
0 2
70 1
72 1
70 3
0 1
67 2
63 1
65 13
0 2
72 1
72 1
77 1
0 1
77 3
0 1
77 1
75 1
77 2
0 2
75 1
70 2
0 1
72 1
70 1
72 10
0 2
72 1
72 1
77 3
0 1
77 3
75 1
77 3
0 1
75 1
0 1
75 1
77 1
75 1
0 1
70 1
72 9
0 2
72 1
70 1
68 1
68 2
0 1
68 1
0 1
68 1
65 1
70 1
0 1
75 1
70 2
0 1
68 1
70 1
72 1
0 1
75 1
0 1
70 1
0 1
70 1
72 1
70 1
0 1
68 2
0 2
65 1
68 1
72 1
0 1
70 1
70 4
0 1
70 2
70 1
72 2
0 1
68 2
65 10
0 2
72 1
80 1
0 1
72 1
77 3
0 1
77 1
0 1
75 1
77 4
72 1
80 1
0 1
77 1
75 1
77 2
75 1
72 5
0 4
64 2
72 1
68 1
70 2
0 1
70 1
70 1
0 1
70 1
68 1
70 3
0 1
75 1
0 1
77 1
75 1
72 11
0 1
72 1
80 1
0 1
72 1
77 3
0 1
77 1
0 1
75 1
77 4
72 1
80 1
0 1
77 1
75 1
77 2
75 1
72 7
0 2
64 2
72 1
68 1
70 2
0 2
70 1
0 1
68 1
70 4
0 1
68 1
0 1
70 1
68 1
65 15
0 62
70 1
72 1
72 1
77 1
77 1
77 1
75 1
77 2
0 1
75 1
75 1
72 3
0 1
70 1
70 1
68 1
70 1
70 1
70 1
70 1
70 1
0 1
70 1
72 1
68 2
65 2
0 3
65 1
68 5
0 2
65 1
77 1
0 1
75 1
75 1
75 1
0 1
75 1
77 1
75 2
70 1
72 8
0 3
72 1
75 1
77 1
0 1
77 1
75 1
77 2
0 1
75 1
75 2
72 2
0 2
70 1
68 1
70 1
70 1
70 1
68 1
70 3
75 1
70 2
72 3
0 1
65 1
67 1
68 2
68 2
0 2
70 1
72 1
70 3
0 1
67 2
63 1
65 13
0 2
72 1
72 1
77 1
0 1
77 3
0 1
77 1
75 1
77 2
0 2
75 1
70 2
0 1
72 1
70 1
72 10
0 2
72 1
72 1
77 3
0 1
77 3
75 1
77 3
0 1
75 1
0 1
75 1
77 1
75 1
0 1
70 1
72 9
0 2
72 1
70 1
68 1
68 2
0 1
68 1
0 1
68 1
65 1
70 1
0 1
75 1
70 2
0 1
68 1
70 1
72 1
0 1
75 1
0 1
70 1
0 1
70 1
72 1
70 1
0 1
68 2
0 2
65 1
68 1
72 1
0 1
70 1
70 4
0 1
70 2
70 1
72 2
0 1
68 2
65 10
0 2
72 1
80 1
0 1
72 1
77 3
0 1
77 1
0 1
75 1
77 4
72 1
80 1
0 1
77 1
75 1
77 2
75 1
72 5
0 4
64 2
72 1
68 1
70 2
0 1
70 1
70 1
0 1
70 1
68 1
70 3
0 1
75 1
0 1
77 1
75 1
72 11
0 1
72 1
80 1
0 1
72 1
77 3
0 1
77 1
0 1
75 1
77 4
72 1
80 1
0 1
77 1
75 1
77 2
75 1
72 7
0 2
64 2
72 1
68 1
70 2
0 2
70 1
0 1
68 1
70 4
0 1
67 1
0 1
70 1
68 1
65 12
72 1
80 1
0 1
72 1
77 3
0 1
77 1
0 1
75 1
77 4
72 1
80 1
0 1
77 1
75 1
77 2
75 1
72 5
0 4
64 2
72 1
68 1
70 2
0 1
70 1
70 1
0 1
70 1
68 1
70 3
0 1
75 1
0 1
77 1
75 1
72 11
0 1
72 1
80 1
0 1
72 1
77 3
0 1
77 1
0 1
75 1
77 4
72 1
80 1
0 1
77 1
75 1
77 2
75 1
72 7
0 2
64 2
72 1
68 1
70 2
0 2
70 1
0 1
68 1
70 4
0 1
67 1
0 1
70 1
68 1
65 15
