0 128
58 5
0 1
58 2
57 4
0 2
57 2
55 1
0 1
57 1
0 1
55 1
0 1
53 2
55 6
0 2
58 4
0 2
58 2
57 4
0 2
60 1
0 1
60 2
62 1
0 1
65 2
60 2
62 4
62 1
0 1
65 1
0 1
67 4
65 2
67 2
65 4
0 2
62 1
0 1
65 2
62 1
0 1
62 2
60 2
58 4
55 2
57 1
0 1
58 1
0 1
62 2
60 1
0 1
58 1
0 1
57 2
0 2
53 4
55 9
0 7
58 5
0 1
58 2
57 4
0 2
57 2
55 1
0 1
57 1
0 1
55 1
0 1
53 2
55 6
0 2
58 4
0 2
58 2
57 4
0 2
60 1
0 1
60 2
62 1
0 1
65 2
60 2
62 4
62 1
0 1
65 1
0 1
67 4
65 2
67 2
65 4
0 2
62 1
0 1
65 2
62 1
0 1
62 2
60 2
58 4
55 2
57 1
0 1
58 1
0 1
62 2
60 1
0 1
62 1
0 1
65 2
0 2
62 3
0 1
67 8
0 4
62 1
0 1
65 2
67 1
0 1
67 1
0 1
67 1
0 1
65 1
0 1
67 3
0 3
62 1
0 1
67 2
65 1
0 1
65 2
62 1
0 1
65 3
0 1
62 1
0 1
65 2
67 2
65 1
0 1
67 2
70 1
0 1
69 3
0 1
65 3
0 1
62 8
0 4
62 1
0 1
65 2
67 1
0 1
67 1
0 1
67 1
0 1
65 1
0 1
67 2
0 4
70 1
0 1
72 1
0 1
72 1
0 1
72 1
0 1
70 1
0 1
72 2
0 6
70 1
0 1
69 1
0 1
67 1
0 1
70 1
0 1
69 1
0 3
65 3
0 1
67 8
0 4
62 1
0 1
65 2
67 1
0 1
67 1
0 1
67 1
0 1
65 1
0 1
67 3
0 3
62 1
0 1
67 2
65 1
0 1
65 2
62 1
0 1
65 3
0 1
62 1
0 1
65 2
67 2
65 1
0 1
67 2
70 1
0 1
69 3
0 1
65 3
0 1
62 8
0 4
62 1
0 1
65 2
67 1
0 1
67 1
0 1
67 1
0 1
65 1
0 1
67 2
0 4
70 1
0 1
72 1
0 1
72 1
0 1
72 1
0 1
70 1
0 1
72 2
0 6
70 1
0 1
69 1
0 1
67 1
0 1
70 1
0 1
69 1
0 3
65 3
0 1
67 8
0 136
58 5
0 1
58 2
57 4
0 2
57 2
55 1
0 1
57 1
0 1
55 1
0 1
53 2
55 6
0 2
58 4
0 2
58 2
57 4
0 2
60 1
0 1
60 2
62 1
0 1
65 2
60 2
62 4
62 1
0 1
65 1
0 1
67 4
65 2
67 2
65 4
0 2
62 1
0 1
65 2
62 1
0 1
62 2
60 2
58 4
55 2
57 1
0 1
58 1
0 1
62 2
60 1
0 1
62 1
0 1
65 2
0 2
62 3
0 1
67 8
0 20
62 1
0 1
65 2
67 1
0 1
67 1
0 1
67 1
0 1
65 1
0 1
67 3
0 3
62 1
0 1
67 2
65 1
0 1
65 2
62 1
0 1
65 3
0 1
62 1
0 1
65 2
67 2
65 1
0 1
67 2
70 1
0 1
69 3
0 1
65 3
0 1
62 8
0 4
62 1
0 1
65 2
67 1
0 1
67 1
0 1
67 1
0 1
65 1
0 1
67 2
0 4
70 1
0 1
72 1
0 1
72 1
0 1
72 1
0 1
70 1
0 1
72 2
0 6
70 1
0 1
69 1
0 1
67 1
0 1
70 1
0 1
69 1
0 3
65 3
0 1
67 8
0 4
62 1
0 1
65 2
67 1
0 1
67 1
0 1
67 1
0 1
65 1
0 1
67 3
0 3
62 1
0 1
67 2
65 1
0 1
65 2
62 1
0 1
65 3
0 1
62 1
0 1
65 2
67 2
65 1
0 1
67 2
70 1
0 1
69 3
0 1
65 3
0 1
62 8
0 4
62 1
0 1
65 2
67 1
0 1
67 1
0 1
67 1
0 1
65 1
0 1
67 2
0 4
70 1
0 1
72 1
0 1
72 1
0 1
72 1
0 1
70 1
0 1
72 2
0 6
70 1
0 1
69 1
0 1
67 1
0 1
70 1
0 1
69 1
0 3
65 3
0 1
67 8
0 8
70 2
0 1
69 2
0 1
67 1
0 1
70 2
0 1
69 13
0 2
65 3
0 3
67 26
