E:maj [4, 8, 11] 4 4 
D:dim7 [2, 5, 8, 11] 2 4 
A:maj/3 [1, 4, 9] 1 4 
A:min/b3 [0, 4, 9] 0 4 
E:maj [4, 8, 11] 4 3 
E:maj/5 [4, 8, 11] 11 1 
C#:min7 [1, 4, 8, 11] 1 4 
F#:maj [1, 6, 10] 6 4 
B:sus4 [4, 6, 11] 11 4 
E:maj [4, 8, 11] 4 8 
A:maj/3 [1, 4, 9] 1 4 
A:min [0, 4, 9] 9 4 
E:maj [4, 8, 11] 4 4 
B:maj [3, 6, 11] 11 4 
E:maj [4, 8, 11] 4 11 
D:dim7 [2, 5, 8, 11] 2 5 
A:maj/3 [1, 4, 9] 1 4 
C:dim7 [0, 3, 6, 9] 0 4 
E:maj/5 [4, 8, 11] 11 4 
C#:min7 [1, 4, 8, 11] 1 4 
F#:maj [1, 6, 10] 6 4 
B:sus4 [4, 6, 11] 11 4 
E:maj [4, 8, 11] 4 8 
A:maj [1, 4, 9] 9 4 
A:min [0, 4, 9] 9 4 
B:maj [3, 6, 11] 11 7 
B:7 [3, 6, 9, 11] 11 1 
E:maj [4, 8, 11] 4 7 
A:maj [1, 4, 9] 9 8 
Ab:min7 [3, 6, 8, 11] 8 4 
C#:min [1, 4, 8] 1 4 
C#:min7 [1, 4, 8, 11] 1 1 
F#:min7 [1, 4, 6, 9] 6 3 
B:sus4 [4, 6, 11] 11 5 
E:maj [4, 8, 11] 4 8 
A:maj7/7 [1, 4, 7, 9] 8 3 
B:7/b7 [3, 6, 9, 11] 9 5 
Ab:min7 [3, 6, 8, 11] 8 4 
C#:min [1, 4, 8] 1 3 
F#:min7 [1, 4, 6, 9] 6 5 
Ab:min/b3 [3, 8, 11] 11 3 
E:maj [4, 8, 11] 4 9 
C:dim [0, 3, 6] 0 7 
C:maj6 [0, 4, 7, 9] 0 1 
E:sus2 [4, 6, 11] 4 3 
E:maj [4, 8, 11] 4 1 
C#:min [1, 4, 8] 1 3 
C#:min7 [1, 4, 8, 11] 1 1 
F#:sus4(b7) [1, 6, 11] 6 3 
F#:min7 [1, 4, 6, 9] 6 1 
B:7 [3, 6, 9, 11] 11 2 
E:maj [4, 8, 11] 4 5 
E:7/b7 [2, 4, 8, 11] 2 5 
A:maj/3 [1, 4, 9] 1 4 
C:dim7 [0, 3, 6, 9] 0 3 
E:maj/5 [4, 8, 11] 11 5 
C#:min7/b7 [1, 4, 8, 11] 11 3 
F#:maj [1, 6, 10] 6 4 
F#:7 [1, 4, 6, 10] 6 1 
B:sus4 [4, 6, 11] 11 4 
E:maj/5 [4, 8, 11] 11 3 
E:maj [4, 8, 11] 4 4 
A:maj [1, 4, 9] 9 5 
A:min [0, 4, 9] 9 4 
B:maj [3, 6, 11] 11 7 
B:7 [3, 6, 9, 11] 11 1 
E:maj [4, 8, 11] 4 7 
A:maj [1, 4, 9] 9 8 
Ab:min7 [3, 6, 8, 11] 8 4 
C#:min [1, 4, 8] 1 4 
C#:min7 [1, 4, 8, 11] 1 1 
F#:min7 [1, 4, 6, 9] 6 3 
B:sus4 [4, 6, 11] 11 5 
E:maj [4, 8, 11] 4 7 
E:7 [2, 4, 8, 11] 4 1 
A:maj7/7 [1, 4, 7, 9] 8 3 
B:7/b7 [3, 6, 9, 11] 9 5 
Ab:min7 [3, 6, 8, 11] 8 4 
C#:min [1, 4, 8] 1 3 
F#:min7 [1, 4, 6, 9] 6 5 
Ab:min/b3 [3, 8, 11] 11 3 
E:maj [4, 8, 11] 4 9 
A:maj [1, 4, 9] 9 7 
Ab:min7 [3, 6, 8, 11] 8 5 
C#:min [1, 4, 8] 1 3 
C#:min7 [1, 4, 8, 11] 1 1 
F#:min7 [1, 4, 6, 9] 6 4 
B:maj6 [3, 6, 8, 11] 11 3 
E:maj7 [2, 4, 8, 11] 4 9 
A:maj [1, 4, 9] 9 8 
Ab:min7 [3, 6, 8, 11] 8 4 
G:maj6 [2, 4, 7, 11] 7 7 
F#:min7 [1, 4, 6, 9] 6 1 
F#:min [1, 6, 9] 6 3 
F#:min7 [1, 4, 6, 9] 6 1 
C#:min7/b7 [1, 4, 8, 11] 11 3 
E:maj [4, 8, 11] 4 5 
E:sus4 [4, 9, 11] 4 3 
A:maj [1, 4, 9] 9 5 
A:min [0, 4, 9] 9 3 
C:maj [0, 4, 7] 0 1 
E:maj [4, 8, 11] 4 1 
E:sus2 [4, 6, 11] 4 4 
E:maj [4, 8, 11] 4 1 
C:maj/3 [0, 4, 7] 4 1 
