0 32
81 2
81 1
79 1
81 12
81 2
86 1
86 1
79 12
79 2
79 1
79 1
84 4
81 1
81 15
81 2
81 1
79 1
86 12
79 2
79 1
77 1
79 12
79 2
79 1
79 1
81 4
86 12
84 1
86 1
81 1
79 1
81 16
86 12
84 1
86 1
81 1
79 1
77 16
69 1
69 1
69 1
72 1
74 2
81 2
79 1
81 1
77 1
79 1
77 2
69 1
72 1
74 16
69 1
74 1
74 1
72 1
74 2
77 2
74 2
74 4
72 1
69 1
72 1
69 1
67 1
69 1
67 2
62 1
65 1
72 1
69 7
69 1
74 1
74 1
72 1
74 2
72 1
74 1
72 1
67 5
65 1
67 1
72 1
69 1
72 1
69 1
72 2
67 1
69 2
62 7
69 1
74 1
74 1
72 1
74 2
77 1
74 1
77 2
77 4
74 1
77 1
77 1
77 1
74 1
77 1
74 2
72 1
74 2
67 7
62 1
62 1
62 1
65 1
69 2
72 1
74 1
72 2
67 4
65 1
67 1
65 1
62 1
62 1
67 1
65 1
67 1
65 1
60 1
62 8
74 6
72 1
74 1
72 1
69 5
69 1
72 1
74 5
77 1
74 1
77 1
79 8
74 6
74 1
77 1
79 6
79 1
81 1
74 6
72 1
74 1
72 1
69 7
69 1
74 1
74 1
72 1
74 2
77 1
74 1
74 2
74 4
72 1
74 1
74 1
72 1
72 1
74 1
72 1
74 1
67 1
72 1
69 8
62 1
62 1
62 1
65 1
69 2
72 1
74 1
67 2
67 4
69 2
72 1
72 1
72 1
74 1
79 1
81 1
77 1
79 1
74 8
86 12
84 1
86 1
81 1
79 1
81 16
86 12
84 1
86 1
81 1
79 1
77 16
69 1
69 1
69 1
72 1
74 2
81 2
79 1
81 1
77 1
79 1
77 2
69 1
72 1
74 16
69 1
74 1
74 1
72 1
74 2
77 2
74 2
74 4
72 1
69 1
72 1
69 1
67 1
69 1
67 2
62 1
65 1
72 1
69 7
69 1
74 1
74 1
72 1
74 2
72 1
74 1
72 1
67 5
65 1
67 1
72 1
69 1
72 1
69 1
72 2
67 1
69 2
62 7
69 1
74 1
74 1
72 1
74 2
77 1
74 1
77 2
77 4
74 1
77 1
77 1
77 1
74 1
77 1
74 2
0 1
74 2
67 7
62 1
62 1
62 1
65 1
69 2
72 1
74 1
72 2
67 4
65 1
67 1
65 1
62 1
62 1
67 1
65 1
67 1
62 1
60 1
62 8
74 6
72 1
74 1
72 1
69 5
69 1
72 1
74 5
77 1
74 1
77 1
79 8
74 6
74 1
77 1
79 6
79 1
81 1
74 6
72 1
74 1
72 1
69 7
69 1
74 1
74 1
72 1
74 2
77 1
74 1
74 2
74 4
72 1
74 1
74 1
72 1
72 1
74 1
72 1
74 1
67 1
72 1
69 8
62 1
62 1
62 1
65 1
69 2
72 1
74 1
67 2
67 4
69 2
72 1
72 1
72 1
74 1
79 1
81 1
77 1
79 1
74 8
0 8
69 1
74 1
74 1
72 1
74 1
0 1
77 1
74 1
77 2
77 3
0 1
74 1
77 1
77 1
77 1
74 1
77 1
74 1
0 1
72 1
74 1
69 3
0 5
62 1
62 1
62 1
65 1
69 1
0 1
72 1
74 1
67 2
67 2
0 2
69 1
0 1
72 1
72 1
72 1
74 1
79 1
81 1
77 1
79 1
74 7
0 9
86 11
0 1
84 1
86 1
81 1
79 1
81 11
0 5
86 11
0 1
84 1
86 1
81 1
79 1
77 4
0 12
72 1
74 1
69 1
72 1
74 2
81 1
0 1
79 1
81 1
77 1
79 1
77 1
0 1
69 1
72 1
69 5
0 11
86 11
0 1
84 1
86 1
81 1
79 1
77 11
0 5
69 1
69 1
69 1
72 1
74 1
0 1
81 1
0 1
