Bb:min [1, 5, 10] 10 4 
Ab:maj [0, 3, 8] 8 4 
F#:maj [1, 6, 10] 6 4 
F:maj [0, 5, 9] 5 4 
Bb:min [1, 5, 10] 10 4 
Ab:maj [0, 3, 8] 8 4 
F#:maj [1, 6, 10] 6 4 
F:maj [0, 5, 9] 5 4 
Bb:min [1, 5, 10] 10 20 
Eb:min [3, 6, 10] 3 8 
Ab:maj [0, 3, 8] 8 2 
Bb:min [1, 5, 10] 10 2 
C:dim [0, 3, 6] 0 4 
F:maj [0, 5, 9] 5 4 
Bb:min [1, 5, 10] 10 12 
Eb:min [3, 6, 10] 3 8 
Ab:maj [0, 3, 8] 8 2 
Bb:min [1, 5, 10] 10 2 
C:dim [0, 3, 6] 0 2 
F:min [0, 5, 8] 5 2 
Bb:min [1, 5, 10] 10 12 
Eb:min [3, 6, 10] 3 2 
B:maj [3, 6, 11] 11 2 
Ab:maj [0, 3, 8] 8 4 
Eb:min [3, 6, 10] 3 4 
Bb:min [1, 5, 10] 10 4 
Ab:maj [0, 3, 8] 8 4 
C#:maj [1, 5, 8] 1 2 
Bb:maj [2, 5, 10] 10 2 
Eb:min [3, 6, 10] 3 4 
B:maj [3, 6, 11] 11 2 
Bb:min [1, 5, 10] 10 2 
F:min [0, 5, 8] 5 4 
Bb:min [1, 5, 10] 10 4 
Eb:min [3, 6, 10] 3 4 
B:maj [3, 6, 11] 11 2 
Bb:min [1, 5, 10] 10 2 
F:min [0, 5, 8] 5 4 
Bb:min [1, 5, 10] 10 4 
Ab:maj [0, 3, 8] 8 2 
F:min [0, 5, 8] 5 2 
Bb:min [1, 5, 10] 10 8 
C#:maj [1, 5, 8] 1 4 
Eb:min [3, 6, 10] 3 4 
Ab:maj [0, 3, 8] 8 4 
Bb:min [1, 5, 10] 10 8 
Ab:maj [0, 3, 8] 8 4 
F#:maj [1, 6, 10] 6 4 
F:maj [0, 5, 9] 5 4 
Bb:min [1, 5, 10] 10 20 
Eb:min [3, 6, 10] 3 8 
Ab:maj [0, 3, 8] 8 2 
Bb:min [1, 5, 10] 10 2 
C:dim [0, 3, 6] 0 4 
F:maj [0, 5, 9] 5 4 
Bb:min [1, 5, 10] 10 12 
Eb:min [3, 6, 10] 3 8 
Ab:maj [0, 3, 8] 8 2 
Bb:min [1, 5, 10] 10 2 
C:dim [0, 3, 6] 0 2 
F:min [0, 5, 8] 5 2 
Bb:min [1, 5, 10] 10 12 
Eb:min [3, 6, 10] 3 2 
B:maj [3, 6, 11] 11 2 
Ab:maj [0, 3, 8] 8 4 
Eb:min [3, 6, 10] 3 4 
Bb:min [1, 5, 10] 10 4 
Ab:maj [0, 3, 8] 8 4 
C#:maj [1, 5, 8] 1 2 
Bb:maj [2, 5, 10] 10 2 
Eb:min [3, 6, 10] 3 4 
B:maj [3, 6, 11] 11 2 
Bb:min [1, 5, 10] 10 2 
F:min [0, 5, 8] 5 4 
Bb:min [1, 5, 10] 10 4 
Eb:min [3, 6, 10] 3 4 
B:maj [3, 6, 11] 11 2 
Bb:min [1, 5, 10] 10 2 
F:min [0, 5, 8] 5 4 
Bb:min [1, 5, 10] 10 4 
Ab:maj [0, 3, 8] 8 4 
F#:maj [1, 6, 10] 6 1 
F:min [0, 5, 8] 5 1 
Bb:min [1, 5, 10] 10 8 
Ab:maj [0, 3, 8] 8 4 
F#:maj [1, 6, 10] 6 4 
F:min [0, 5, 8] 5 2 
Ab:maj [0, 3, 8] 8 4 
