0 160
65 2
68 2
0 2
65 1
0 1
70 6
0 2
73 2
72 3
0 1
68 2
70 5
0 3
77 1
0 1
77 1
0 1
77 1
0 1
75 1
0 1
73 2
0 2
70 4
75 11
0 5
78 1
0 1
78 2
0 2
77 1
0 1
78 3
0 1
70 1
0 1
70 1
0 1
75 5
0 1
73 1
0 1
77 6
0 2
72 1
0 1
72 1
0 1
72 1
0 1
73 1
0 1
72 3
0 1
70 3
0 1
77 12
0 4
65 1
0 1
68 2
0 2
65 1
0 1
70 6
0 2
73 1
0 1
72 2
0 2
68 1
0 1
70 7
0 1
77 1
0 1
77 1
0 1
77 1
0 1
75 1
0 1
73 3
0 1
70 3
0 1
75 12
0 4
78 1
0 1
78 2
0 2
77 1
0 1
78 3
0 1
70 1
0 1
70 1
0 1
75 2
75 3
0 1
73 1
0 1
77 6
0 2
72 1
0 1
72 1
0 1
72 1
0 1
70 1
0 1
68 3
0 1
72 4
70 11
0 5
82 4
0 2
77 2
82 5
0 1
84 1
0 1
85 3
0 1
84 3
0 1
82 4
0 4
82 1
0 1
82 1
0 1
80 1
0 1
82 1
0 1
78 3
0 1
78 2
80 2
75 12
0 4
75 1
0 1
75 1
0 1
75 1
0 1
77 1
0 1
75 2
0 2
70 3
0 1
73 5
0 1
75 1
0 1
77 6
0 2
80 1
0 1
80 1
0 1
80 1
0 1
77 1
0 1
75 3
0 1
80 3
0 1
77 4
0 12
78 1
0 1
78 1
0 1
78 1
0 1
77 1
0 1
78 2
0 2
82 3
0 1
75 1
0 1
75 2
0 2
73 1
0 1
77 5
0 3
68 1
0 1
68 1
0 1
68 1
0 1
65 1
0 1
68 3
0 1
72 3
0 1
70 10
0 6
78 1
0 1
78 2
0 2
77 1
0 1
78 2
0 2
82 3
0 1
75 1
0 1
75 2
0 2
73 1
0 1
77 5
0 3
68 1
0 1
68 1
0 1
68 1
0 1
65 1
0 1
68 3
0 1
72 3
0 1
70 10
0 6
80 1
0 1
80 1
0 1
80 1
0 1
77 1
0 1
80 2
0 2
84 3
0 1
82 11
0 181
65 2
68 2
0 2
65 1
0 1
70 6
0 2
73 2
72 3
0 1
68 2
70 5
0 3
77 1
0 1
77 1
0 1
77 1
0 1
75 1
0 1
73 2
0 2
70 4
75 11
0 5
78 1
0 1
78 2
0 2
77 1
0 1
78 3
0 1
70 1
0 1
70 1
0 1
75 5
0 1
73 1
0 1
77 6
0 2
72 1
0 1
72 1
0 1
72 1
0 1
73 1
0 1
72 3
0 1
70 3
0 1
77 12
0 4
65 1
0 1
68 2
0 2
65 1
0 1
70 6
0 2
73 1
0 1
72 2
0 2
68 1
0 1
70 7
0 1
77 1
0 1
77 1
0 1
77 1
0 1
75 1
0 1
73 3
0 1
70 3
0 1
75 12
0 4
78 1
0 1
78 2
0 2
77 1
0 1
78 3
0 1
70 1
0 1
70 1
0 1
75 2
75 3
0 1
73 1
0 1
77 6
0 2
72 1
0 1
72 1
0 1
72 1
0 1
70 1
0 1
68 3
0 1
72 4
70 11
0 5
82 4
0 2
77 2
82 5
0 1
84 1
0 1
85 3
0 1
84 3
0 1
82 4
0 4
82 1
0 1
82 1
0 1
80 1
0 1
82 1
0 1
78 3
0 1
78 2
80 2
75 12
0 4
75 1
0 1
75 1
0 1
75 1
0 1
77 1
0 1
75 2
0 2
70 3
0 1
73 5
0 1
75 1
0 1
77 6
0 2
80 1
0 1
80 1
0 1
80 1
0 1
77 1
0 1
75 3
0 1
80 3
0 1
77 4
0 12
78 1
0 1
78 1
0 1
78 1
0 1
77 1
0 1
78 2
0 2
82 3
0 1
75 1
0 1
75 2
0 2
73 1
0 1
77 5
0 3
68 1
0 1
68 1
0 1
68 1
0 1
65 1
0 1
68 3
0 1
72 3
0 1
70 10
0 6
78 1
0 1
78 2
0 2
77 1
0 1
78 2
0 2
82 3
0 1
75 1
0 1
75 2
0 2
73 1
0 1
77 5
0 3
68 1
0 1
68 1
0 1
68 1
0 1
65 1
0 1
68 3
0 1
72 3
0 1
70 10
0 6
80 1
0 1
80 1
0 1
80 1
0 1
77 1
0 1
80 2
0 6
82 4
84 4
82 25
