Bb:maj [2, 5, 10] 10 5
Ab:maj [0, 3, 8] 8 11
F#:maj [1, 6, 10] 6 8
F:maj [0, 5, 9] 5 8
Bb:maj [2, 5, 10] 10 2
F:maj/3 [0, 5, 9] 9 2
G:sus2 [2, 7, 9] 7 4
Eb:maj [3, 7, 10] 3 2
F:sus4 [0, 5, 10] 5 2
Bb:maj [2, 5, 10] 10 4
Eb:maj [3, 7, 10] 3 2
F:maj [0, 5, 9] 5 2
D:min7 [0, 2, 5, 9] 2 2
G:min7 [2, 5, 7, 10] 7 2
C:min7 [0, 3, 7, 10] 0 2
C:maj/3 [0, 4, 7] 4 2
F:maj [0, 5, 9] 5 4
Bb:maj [2, 5, 10] 10 2
F:maj/3 [0, 5, 9] 9 2
G:min [2, 7, 10] 7 4
Eb:maj [3, 7, 10] 3 2
F:maj [0, 5, 9] 5 2
Bb:maj [2, 5, 10] 10 4
Eb:maj [3, 7, 10] 3 2
F:maj [0, 5, 9] 5 2
D:min7 [0, 2, 5, 9] 2 2
G:min7 [2, 5, 7, 10] 7 1
G:min [2, 7, 10] 7 1
Eb:maj [3, 7, 10] 3 2
F:maj6 [0, 2, 5, 9] 5 2
Bb:sus2 [0, 5, 10] 10 8
G:min [2, 7, 10] 7 2
G:min7 [2, 5, 7, 10] 7 2
Eb:maj [3, 7, 10] 3 2
F:sus2 [0, 5, 7] 5 2
Bb:maj [2, 5, 10] 10 4
D:maj [2, 6, 9] 2 4
G:min [2, 7, 10] 7 4
C:min [0, 3, 7] 0 4
F:sus2 [0, 5, 7] 5 2
F:maj [0, 5, 9] 5 2
Bb:maj [2, 5, 10] 10 4
G:min7 [2, 5, 7, 10] 7 4
Eb:maj [3, 7, 10] 3 2
F:7 [0, 3, 5, 9] 5 2
Bb:maj [2, 5, 10] 10 4
D:maj [2, 6, 9] 2 4
G:min [2, 7, 10] 7 1
C:7 [0, 4, 7, 10] 0 3
Eb:maj [3, 7, 10] 3 4
F:maj [0, 5, 9] 5 4
Eb:maj [3, 7, 10] 3 1
D:min7 [0, 2, 5, 9] 2 1
C:min7/b7 [0, 3, 7, 10] 10 1
Ab:maj [0, 3, 8] 8 4
F:sus4(b7) [0, 5, 10] 5 1
Bb:maj/5 [2, 5, 10] 5 2
F:maj/3 [0, 5, 9] 9 1
G:min [2, 7, 10] 7 5
Eb:maj [3, 7, 10] 3 2
F:maj [0, 5, 9] 5 2
Bb:maj [2, 5, 10] 10 4
Eb:maj [3, 7, 10] 3 2
F:maj [0, 5, 9] 5 2
D:min7 [0, 2, 5, 9] 2 2
G:min7 [2, 5, 7, 10] 7 1
G:min [2, 7, 10] 7 1
C:min [0, 3, 7] 0 2
F:maj6 [0, 2, 5, 9] 5 2
Bb:sus2 [0, 5, 10] 10 8
G:min [2, 7, 10] 7 2
G:min7 [2, 5, 7, 10] 7 2
Eb:maj [3, 7, 10] 3 2
F:sus2 [0, 5, 7] 5 2
Bb:maj [2, 5, 10] 10 4
D:maj [2, 6, 9] 2 4
G:min [2, 7, 10] 7 4
C:min [0, 3, 7] 0 4
F:sus2 [0, 5, 7] 5 2
F:maj [0, 5, 9] 5 2
Bb:maj [2, 5, 10] 10 4
G:min7 [2, 5, 7, 10] 7 4
Eb:maj [3, 7, 10] 3 2
F:7 [0, 3, 5, 9] 5 2
Bb:maj [2, 5, 10] 10 4
D:maj [2, 6, 9] 2 4
G:min [2, 7, 10] 7 2
C:7 [0, 4, 7, 10] 0 2
C:7 [0, 4, 7, 10] 0 4
F:maj [0, 5, 9] 5 4
Bb:maj [2, 5, 10] 10 8
Ab:maj [0, 3, 8] 8 8
G:min [2, 7, 10] 7 4
C:min [0, 3, 7] 0 4
F:sus4(b7) [0, 5, 10] 5 4
Bb:sus2 [0, 5, 10] 10 2
Bb:maj [2, 5, 10] 10 2
G:min [2, 7, 10] 7 3
Eb:maj [3, 7, 10] 3 3
F:maj [0, 5, 9] 5 1
Bb:maj [2, 5, 10] 10 5
D:7 [0, 2, 6, 9] 2 4
G:min7/b7 [2, 5, 7, 10] 5 2
G:min [2, 7, 10] 7 2
C:min7 [0, 3, 7, 10] 0 4
F:sus4(b7) [0, 5, 10] 5 3
F:7 [0, 3, 5, 9] 5 1
Bb:maj [2, 5, 10] 10 4
G:min [2, 7, 10] 7 2
G:min7 [2, 5, 7, 10] 7 2
Eb:maj [3, 7, 10] 3 2
F:maj [0, 5, 9] 5 2
Bb:sus2 [0, 5, 10] 10 4
D:maj [2, 6, 9] 2 4
G:min [2, 7, 10] 7 2
C:7 [0, 4, 7, 10] 0 8
C:min7 [0, 3, 7, 10] 0 2
F:sus4(b7) [0, 5, 10] 5 4
Bb:maj(9) [0, 2, 5, 8, 10] 10 4
Bb:maj7 [2, 5, 8, 10] 10 6
Bb:maj(9) [0, 2, 5, 8, 10] 10 2
Bb:maj [2, 5, 10] 10 2
