C:maj [0, 4, 7] 0 3 
F:maj7 [0, 3, 5, 9] 5 5 
Eb:maj [3, 7, 10] 3 4 
D:sus4 [2, 7, 9] 2 4 
G:sus2 [2, 7, 9] 7 16 
C:maj [0, 4, 7] 0 4 
D:sus2 [2, 4, 9] 2 4 
G:maj [2, 7, 11] 7 4 
C:maj [0, 4, 7] 0 2 
B:min [2, 6, 11] 11 2 
A:min [0, 4, 9] 9 2 
B:min [2, 6, 11] 11 2 
E:min [4, 7, 11] 4 4 
G:maj [2, 7, 11] 7 8 
C:maj [0, 4, 7] 0 2 
G:maj [2, 7, 11] 7 2 
D:sus2 [2, 4, 9] 2 4 
G:maj [2, 7, 11] 7 4 
C:maj [0, 4, 7] 0 2 
B:min [2, 6, 11] 11 2 
A:min [0, 4, 9] 9 2 
B:min [2, 6, 11] 11 2 
E:min [4, 7, 11] 4 4 
G:maj [2, 7, 11] 7 4 
C:maj [0, 4, 7] 0 2 
B:min [2, 6, 11] 11 2 
A:min [0, 4, 9] 9 2 
B:min [2, 6, 11] 11 2 
E:maj [4, 8, 11] 4 4 
F:maj [0, 5, 9] 5 4 
G:maj [2, 7, 11] 7 4 
F:maj [0, 5, 9] 5 4 
G:maj [2, 7, 11] 7 4 
C:sus2 [0, 2, 7] 0 4 
B:min [2, 6, 11] 11 2 
E:min [4, 7, 11] 4 2 
A:min [0, 4, 9] 9 4 
D:maj [2, 6, 9] 2 2 
Eb:maj [3, 7, 10] 3 2 
Ab:maj [0, 3, 8] 8 8 
C#:maj [1, 5, 8] 1 4 
Eb:maj [3, 7, 10] 3 4 
Ab:maj [0, 3, 8] 8 4 
F:min [0, 5, 8] 5 2 
C:min [0, 3, 7] 0 2 
Bb:min [1, 5, 10] 10 2 
C:min7 [0, 3, 7, 10] 0 2 
F:min [0, 5, 8] 5 4 
Ab:maj [0, 3, 8] 8 8 
C#:maj [1, 5, 8] 1 4 
Eb:maj [3, 7, 10] 3 4 
Ab:maj [0, 3, 8] 8 4 
F:min [0, 5, 8] 5 2 
C:min [0, 3, 7] 0 2 
Bb:min [1, 5, 10] 10 2 
C:min7 [0, 3, 7, 10] 0 2 
F:maj [0, 5, 9] 5 2 
Eb:maj [3, 7, 10] 3 2 
Ab:maj/5 [0, 3, 8] 3 2 
Ab:maj [0, 3, 8] 8 1 
C#:maj [1, 5, 8] 1 3 
Eb:maj [3, 7, 10] 3 1 
C:min7 [0, 3, 7, 10] 0 3 
C#:maj [1, 5, 8] 1 3 
C:min7 [0, 3, 7, 10] 0 1 
C:min [0, 3, 7] 0 6 
F:min [0, 5, 8] 5 4 
F#:maj [1, 6, 10] 6 6 
F:sus2 [0, 5, 7] 5 6 
