D:maj [2, 6, 9] 2 8
G:maj [2, 7, 11] 7 4
D:maj [2, 6, 9] 2 6
A:maj/3 [1, 4, 9] 1 2
B:min [2, 6, 11] 11 2
A:maj [1, 4, 9] 9 2
G:maj [2, 7, 11] 7 2
D:maj/3 [2, 6, 9] 6 2
A:maj [1, 4, 9] 9 4
D:maj [2, 6, 9] 2 4
E:min7/b7 [2, 4, 7, 11] 2 4
E:min [4, 7, 11] 4 2
A:sus4 [2, 4, 9] 9 2
D:maj [2, 6, 9] 2 3
D:sus2 [2, 4, 9] 2 1
B:min [2, 6, 11] 11 2
F#:min [1, 6, 9] 6 2
E:min/b3 [4, 7, 11] 7 1
G:maj [2, 7, 11] 7 1
D:maj [2, 6, 9] 2 2
G:maj [2, 7, 11] 7 4
E:min [4, 7, 11] 4 2
A:maj [1, 4, 9] 9 4
D:maj [2, 6, 9] 2 2
A:maj/3 [1, 4, 9] 1 2
B:min [2, 6, 11] 11 2
A:sus4 [2, 4, 9] 9 2
G:maj [2, 7, 11] 7 2
D:maj/3 [2, 6, 9] 6 2
E:maj [4, 8, 11] 4 2
A:maj [1, 4, 9] 9 2
D:maj [2, 6, 9] 2 2
A:maj [1, 4, 9] 9 2
B:min [2, 6, 11] 11 2
D:maj/5 [2, 6, 9] 9 2
G:maj [2, 7, 11] 7 2
D:maj/3 [2, 6, 9] 6 2
E:min [4, 7, 11] 4 2
A:maj [1, 4, 9] 9 2
D:sus2 [2, 4, 9] 2 12
G:maj [2, 7, 11] 7 4
A:maj [1, 4, 9] 9 2
D:maj [2, 6, 9] 2 8
E:min [4, 7, 11] 4 2
A:sus4 [2, 4, 9] 9 2
D:maj [2, 6, 9] 2 3
D:sus2 [2, 4, 9] 2 1
B:min [2, 6, 11] 11 2
F#:min [1, 6, 9] 6 2
E:min/b3 [4, 7, 11] 7 1
F#:min/b3 [1, 6, 9] 9 1
D:maj [2, 6, 9] 2 2
G:maj [2, 7, 11] 7 4
E:min [4, 7, 11] 4 2
A:maj [1, 4, 9] 9 4
D:maj [2, 6, 9] 2 2
A:maj/3 [1, 4, 9] 1 2
B:min [2, 6, 11] 11 2
A:sus4 [2, 4, 9] 9 2
G:maj [2, 7, 11] 7 2
D:maj/3 [2, 6, 9] 6 2
E:maj [4, 8, 11] 4 2
A:maj [1, 4, 9] 9 2
D:maj [2, 6, 9] 2 2
A:maj [1, 4, 9] 9 2
B:min [2, 6, 11] 11 2
D:maj/5 [2, 6, 9] 9 2
G:maj [2, 7, 11] 7 2
D:maj/3 [2, 6, 9] 6 2
E:min [4, 7, 11] 4 2
A:maj [1, 4, 9] 9 2
D:sus2 [2, 4, 9] 2 3
E:maj [4, 8, 11] 4 1
F#:min [1, 6, 9] 6 4
B:min [2, 6, 11] 11 4
F#:min [1, 6, 9] 6 4
G:maj7/7 [2, 5, 7, 11] 6 2
E:min [4, 7, 11] 4 2
A:maj [1, 4, 9] 9 8
Eb:maj [3, 7, 10] 3 2
Bb:maj/3 [2, 5, 10] 2 2
C:min [0, 3, 7] 0 2
Bb:sus4 [3, 5, 10] 10 2
Ab:maj [0, 3, 8] 8 2
Eb:maj/3 [3, 7, 10] 7 2
F:maj [0, 5, 9] 5 2
Bb:maj [2, 5, 10] 10 2
Eb:maj [3, 7, 10] 3 2
Bb:maj [2, 5, 10] 10 2
C:min [0, 3, 7] 0 2
Eb:maj/5 [3, 7, 10] 10 2
Ab:maj [0, 3, 8] 8 2
Eb:maj/3 [3, 7, 10] 7 2
F:min [0, 5, 8] 5 2
Bb:maj [2, 5, 10] 10 2
Eb:sus2 [3, 5, 10] 3 12
Ab:maj [0, 3, 8] 8 4
Eb:maj [3, 7, 10] 3 6
Bb:maj/3 [2, 5, 10] 2 2
C:min [0, 3, 7] 0 2
Bb:maj [2, 5, 10] 10 2
Ab:maj [0, 3, 8] 8 2
Eb:maj/3 [3, 7, 10] 7 2
Bb:maj [2, 5, 10] 10 4
Eb:maj [3, 7, 10] 3 4
