0 128
66 3
0 1
66 1
64 1
0 1
66 4
0 1
66 1
62 1
64 1
66 1
64 1
0 1
64 3
62 1
0 1
62 2
59 4
0 3
64 2
64 2
64 2
62 1
64 4
0 1
69 2
66 1
64 2
66 8
0 5
62 1
64 1
66 2
66 2
0 1
66 1
71 2
69 4
0 2
69 1
69 1
71 1
62 1
62 1
62 2
62 1
69 2
66 4
0 2
64 1
62 5
0 1
65 2
64 1
62 4
0 2
59 1
57 1
69 1
69 1
69 1
69 1
71 1
69 1
66 1
69 12
0 2
69 1
71 1
69 1
66 2
0 1
69 2
0 1
66 2
64 2
66 1
64 1
0 1
66 2
69 1
62 10
0 2
66 1
0 1
64 1
62 1
59 2
62 3
0 1
64 2
57 3
0 1
66 2
69 1
66 3
64 6
0 5
69 1
71 1
69 1
66 2
0 1
69 2
0 1
66 2
64 2
66 1
64 1
0 1
66 2
69 1
62 10
0 2
66 1
0 1
64 1
62 1
59 2
62 2
62 1
64 2
57 3
0 2
66 2
69 1
66 3
64 6
0 4
66 2
69 1
0 1
64 3
62 11
0 58
0 4
66 1
64 1
0 1
66 4
0 1
66 1
62 1
64 1
66 1
64 1
0 1
64 3
62 1
0 1
62 2
59 4
0 3
64 2
64 2
64 2
62 1
64 4
0 1
69 2
66 1
64 2
66 8
0 5
62 1
64 1
66 2
66 2
0 1
66 1
71 2
69 4
0 2
69 1
69 1
71 1
62 1
62 1
62 2
62 1
69 2
66 4
0 2
64 1
62 5
0 1
65 2
64 1
62 4
0 2
59 1
57 1
69 1
69 1
69 1
69 1
71 1
69 1
66 1
69 12
0 2
69 1
71 1
69 1
66 2
0 1
69 2
0 1
66 2
64 2
66 1
64 1
0 1
66 2
69 1
62 10
0 2
66 1
0 1
64 1
62 1
59 2
62 3
0 1
64 2
57 3
0 1
66 2
69 1
66 3
64 6
0 5
69 1
71 1
69 1
66 2
0 1
69 2
0 1
66 2
64 2
66 1
64 1
0 1
66 2
69 1
62 10
0 2
66 1
0 1
64 1
62 1
59 2
62 2
62 1
64 2
57 3
0 2
66 2
69 1
66 3
64 6
0 4
66 2
69 1
0 1
64 3
62 11
0 4
61 1
0 1
61 1
0 1
69 1
69 1
0 1
61 3
0 1
61 1
62 1
64 1
64 2
62 1
0 1
62 1
64 1
0 1
62 9
0 2
61 1
0 1
61 1
0 1
69 1
69 2
61 1
61 2
0 1
61 1
59 1
57 1
59 1
0 1
62 8
66 1
66 1
66 1
0 1
64 1
62 1
71 2
74 1
71 1
0 1
69 14
0 10
70 1
72 1
70 1
67 2
0 1
70 2
0 1
67 2
65 2
67 1
65 1
0 1
67 2
70 1
63 10
0 2
67 1
0 1
65 1
63 1
60 2
63 3
0 1
65 2
58 3
0 1
67 2
70 1
67 3
65 6
0 5
70 1
72 1
70 1
67 2
0 1
70 2
0 1
67 2
65 2
67 1
65 1
0 1
67 2
70 1
63 10
0 2
67 1
0 1
65 1
63 1
60 2
63 2
63 1
65 2
58 3
0 2
67 2
70 1
67 3
65 6
0 4
67 2
70 1
0 1
65 3
63 11
