0 192
62 4
62 2
60 2
62 2
64 2
65 4
58 2
65 2
64 2
65 2
64 8
64 4
64 2
62 2
61 3
57 3
64 4
62 14
62 4
62 2
60 2
62 2
64 2
65 4
58 6
65 2
64 6
65 2
67 6
67 2
64 3
64 3
60 2
62 30
62 2
65 6
64 2
62 6
69 4
67 12
65 2
67 8
67 6
67 2
65 6
62 10
69 3
67 1
69 2
67 2
65 4
62 4
67 2
65 2
67 2
65 2
64 4
62 4
65 6
64 2
65 6
65 2
67 6
65 2
67 12
67 2
69 2
67 6
60 2
62 25
0 135
62 4
62 2
60 2
62 2
64 2
65 4
58 2
65 2
64 2
65 2
64 8
64 4
64 2
62 2
61 3
57 3
64 4
62 14
62 4
62 2
60 2
62 2
64 2
65 4
58 6
65 2
64 6
65 2
67 6
67 2
64 3
64 3
60 2
62 30
62 2
65 6
64 2
62 6
69 4
67 12
65 2
67 8
67 6
67 2
65 6
62 10
69 3
67 1
69 2
67 2
65 4
62 4
67 2
65 2
67 2
65 2
64 4
62 4
65 6
64 2
65 6
65 2
67 6
65 2
67 12
67 2
69 2
67 6
60 2
62 25
0 133
62 2
65 6
64 2
62 6
69 4
67 12
65 2
67 8
67 6
67 2
65 6
62 10
69 3
67 1
69 2
67 2
65 4
62 4
67 2
65 2
67 2
65 2
64 4
62 4
65 6
64 2
65 6
65 2
67 6
65 2
67 12
67 2
69 2
67 6
60 2
62 25
