Bb:maj [2, 5, 10] 10 4 
G:min [2, 7, 10] 7 4 
C:min [0, 3, 7] 0 2 
F:maj [0, 5, 9] 5 2 
Bb:maj [2, 5, 10] 10 2 
D:min [2, 5, 9] 2 2 
C:min [0, 3, 7] 0 2 
G:maj [2, 7, 11] 7 2 
C:min [0, 3, 7] 0 2 
G:min [2, 7, 10] 7 2 
F:maj [0, 5, 9] 5 4 
Bb:maj [2, 5, 10] 10 4 
C:min [0, 3, 7] 0 2 
F:maj [0, 5, 9] 5 2 
C:min [0, 3, 7] 0 2 
Eb:maj [3, 7, 10] 3 2 
Bb:maj [2, 5, 10] 10 8 
G:min [2, 7, 10] 7 4 
C:min [0, 3, 7] 0 4 
F:maj [0, 5, 9] 5 4 
Bb:maj [2, 5, 10] 10 2 
D:min [2, 5, 9] 2 2 
G:min [2, 7, 10] 7 4 
C:min [0, 3, 7] 0 4 
F:maj [0, 5, 9] 5 4 
Bb:maj [2, 5, 10] 10 4 
G:min [2, 7, 10] 7 4 
C:min [0, 3, 7] 0 4 
F:maj [0, 5, 9] 5 4 
Bb:maj [2, 5, 10] 10 2 
D:min [2, 5, 9] 2 2 
G:min [2, 7, 10] 7 4 
C:min [0, 3, 7] 0 2 
F:maj [0, 5, 9] 5 2 
Bb:maj [2, 5, 10] 10 4 
G:min [2, 7, 10] 7 4 
Bb:maj/5 [2, 5, 10] 5 4 
C:min/5 [0, 3, 7] 7 2 
Eb:maj [3, 7, 10] 3 2 
Bb:maj/5 [2, 5, 10] 5 4 
G:min [2, 7, 10] 7 4 
Bb:maj/5 [2, 5, 10] 5 4 
Eb:maj [3, 7, 10] 3 2 
G:min [2, 7, 10] 7 2 
F:maj [0, 5, 9] 5 4 
Bb:maj/5 [2, 5, 10] 5 4 
G:min [2, 7, 10] 7 4 
F:maj [0, 5, 9] 5 4 
Bb:maj/5 [2, 5, 10] 5 12 
G:min [2, 7, 10] 7 4 
F:maj [0, 5, 9] 5 4 
G:min/b3 [2, 7, 10] 10 2 
F:maj [0, 5, 9] 5 2 
Bb:maj [2, 5, 10] 10 2 
F:maj [0, 5, 9] 5 2 
C:min [0, 3, 7] 0 2 
F:maj [0, 5, 9] 5 2 
Bb:maj [2, 5, 10] 10 8 
G:min [2, 7, 10] 7 4 
C:min [0, 3, 7] 0 4 
F:maj [0, 5, 9] 5 4 
Bb:maj [2, 5, 10] 10 2 
D:min [2, 5, 9] 2 2 
G:min [2, 7, 10] 7 4 
C:min [0, 3, 7] 0 2 
F:maj [0, 5, 9] 5 2 
Bb:maj [2, 5, 10] 10 4 
G:min [2, 7, 10] 7 4 
Bb:maj/5 [2, 5, 10] 5 4 
C:min/5 [0, 3, 7] 7 2 
Eb:maj [3, 7, 10] 3 2 
Bb:maj/5 [2, 5, 10] 5 4 
G:min [2, 7, 10] 7 4 
Bb:maj/5 [2, 5, 10] 5 4 
Eb:maj [3, 7, 10] 3 2 
G:min [2, 7, 10] 7 2 
F:maj [0, 5, 9] 5 4 
Bb:maj/5 [2, 5, 10] 5 4 
G:min [2, 7, 10] 7 4 
F:maj [0, 5, 9] 5 4 
Bb:maj/5 [2, 5, 10] 5 4 
G:min [2, 7, 10] 7 4 
Bb:maj/5 [2, 5, 10] 5 4 
C:min/5 [0, 3, 7] 7 2 
Eb:maj [3, 7, 10] 3 2 
Bb:maj/5 [2, 5, 10] 5 4 
G:min [2, 7, 10] 7 4 
Bb:maj/5 [2, 5, 10] 5 4 
Eb:maj [3, 7, 10] 3 2 
G:min [2, 7, 10] 7 2 
F:maj [0, 5, 9] 5 4 
Bb:maj/5 [2, 5, 10] 5 4 
G:min [2, 7, 10] 7 4 
F:maj [0, 5, 9] 5 4 
Bb:maj/5 [2, 5, 10] 5 6 
D:min [2, 5, 9] 2 2 
C:min7 [0, 3, 7, 10] 0 2 
G:maj [2, 7, 11] 7 2 
Bb:maj [2, 5, 10] 10 2 
F:maj [0, 5, 9] 5 2 
Bb:maj [2, 5, 10] 10 6 
