0 128
68 2
0 1
68 1
68 1
70 1
0 1
71 1
75 7
0 1
73 2
0 1
73 1
73 1
73 1
71 3
68 6
0 1
66 1
66 1
0 1
66 1
66 1
66 1
0 1
68 1
70 2
0 1
68 4
66 1
63 12
0 4
68 2
0 1
68 1
68 1
70 1
0 1
71 1
75 7
0 1
73 2
0 1
73 1
73 1
73 1
0 1
71 1
73 6
0 2
66 1
66 1
0 1
66 1
66 1
68 1
0 1
70 1
70 2
0 1
66 4
70 1
68 12
0 4
73 1
73 1
0 1
73 1
73 1
73 1
71 2
68 6
0 2
66 1
66 1
0 1
66 1
66 1
68 1
0 1
70 1
68 8
73 1
73 1
0 1
73 1
73 1
73 1
0 1
71 1
73 6
0 2
78 1
78 1
0 1
78 1
78 1
75 1
0 1
73 1
75 17
0 3
75 1
78 1
0 1
80 1
80 3
0 1
75 1
78 1
0 1
80 1
80 3
0 1
75 1
78 1
0 1
80 1
78 1
75 1
0 1
73 1
75 7
0 1
68 1
71 1
0 1
73 1
73 4
68 1
71 1
0 1
73 1
73 3
0 1
73 1
71 1
0 1
73 1
78 1
75 1
0 1
73 1
75 7
0 1
75 1
78 1
0 1
80 1
80 4
75 1
78 1
0 1
80 1
80 4
75 1
78 1
0 1
80 1
78 1
75 1
0 1
73 1
75 7
0 1
68 1
71 1
0 1
73 1
73 4
68 1
71 1
0 1
75 1
73 3
0 1
73 1
71 1
0 1
73 1
75 2
0 1
78 1
66 2
0 1
68 9
0 128
68 2
0 1
68 1
68 1
70 1
0 1
71 1
75 7
0 1
73 2
0 1
73 1
73 1
73 1
0 1
71 1
73 6
0 2
66 1
66 1
0 1
66 1
66 1
68 1
0 1
70 1
70 2
0 1
66 4
70 1
68 12
0 4
73 1
73 1
0 1
73 1
73 1
73 1
71 2
68 6
0 2
66 1
66 1
0 1
66 1
66 1
68 1
0 1
70 1
68 8
73 1
73 1
0 1
73 1
73 1
73 1
0 1
71 1
73 6
0 2
78 1
78 1
0 1
78 1
78 1
75 1
0 1
73 1
75 17
0 3
75 1
78 1
0 1
80 1
80 3
0 1
75 1
78 1
0 1
80 1
80 3
0 1
75 1
78 1
0 1
80 1
78 1
75 1
0 1
73 1
75 7
0 1
68 1
71 1
0 1
73 1
73 4
68 1
71 1
0 1
73 1
73 3
0 1
73 1
71 1
0 1
73 1
78 1
75 1
0 1
73 1
75 7
0 1
75 1
78 1
0 1
80 1
80 4
75 1
78 1
0 1
80 1
80 4
75 1
78 1
0 1
80 1
78 1
75 1
0 1
73 1
75 7
0 1
68 1
71 1
0 1
73 1
73 4
68 1
71 1
0 1
75 1
73 3
0 1
73 1
71 1
0 1
73 1
75 2
0 1
78 1
66 2
0 1
68 5
75 1
78 1
0 1
80 1
80 3
0 1
75 1
78 1
0 1
80 1
80 3
0 1
75 1
78 1
0 1
80 1
78 1
75 1
0 1
73 1
75 7
0 1
68 1
71 1
0 1
73 1
73 4
68 1
71 1
0 1
73 1
73 3
0 1
73 1
71 1
0 1
73 1
78 1
75 1
0 1
73 1
75 7
0 1
75 1
78 1
0 1
80 1
80 4
75 1
78 1
0 1
80 1
80 4
75 1
78 1
0 1
80 1
78 1
75 1
0 1
73 1
75 7
0 1
68 1
71 1
0 1
73 1
73 4
68 1
71 1
0 1
75 1
73 3
0 1
73 1
71 1
0 1
73 1
75 2
0 1
78 1
66 2
0 1
68 5
0 1
68 2
71 1
73 1
73 4
0 1
68 2
71 1
75 2
73 4
73 3
71 2
73 2
75 3
78 10
0 4
66 5
68 15
0 5
78 12
