0 60
64 1
64 1
67 1
0 1
69 1
67 1
67 1
0 1
67 1
67 1
64 1
0 1
67 1
0 3
64 1
64 1
67 1
0 1
71 1
0 1
69 2
67 1
64 1
62 1
0 1
64 1
0 3
64 2
62 1
0 1
60 1
0 1
57 1
0 1
72 1
0 1
69 1
0 1
67 1
69 1
67 1
0 1
64 1
0 1
64 1
0 1
62 1
60 1
57 1
0 1
60 1
62 1
64 1
0 1
64 1
0 1
62 1
0 1
64 1
64 1
67 1
0 1
69 1
67 1
67 1
0 1
67 1
67 1
64 1
0 1
67 1
0 3
64 1
64 1
67 1
0 1
71 1
0 1
69 1
0 1
67 1
64 1
62 1
0 1
64 1
0 3
64 1
64 1
62 1
0 1
60 1
60 1
57 1
0 1
72 2
69 1
67 2
69 1
67 1
0 1
64 1
0 1
64 1
0 1
62 1
60 1
57 1
0 1
60 1
62 1
64 1
62 2
60 1
0 3
64 1
67 1
0 1
69 1
69 1
69 1
0 1
69 1
71 1
69 1
0 1
67 2
0 3
67 1
69 1
0 1
72 1
72 1
72 1
0 1
72 1
69 1
79 1
0 1
76 1
0 3
76 1
74 1
72 1
0 1
74 2
0 2
76 1
74 1
72 1
0 1
74 1
0 3
76 1
74 1
72 1
0 1
74 1
74 1
74 1
0 1
74 1
72 1
81 1
0 1
79 1
0 11
74 1
72 1
74 1
0 1
79 1
0 3
74 1
72 1
74 1
0 1
79 1
0 3
74 1
72 1
74 1
0 1
79 1
79 1
79 1
0 1
79 1
76 1
74 1
0 1
76 1
0 3
76 1
74 1
72 1
0 1
69 2
0 1
76 2
74 1
72 1
0 1
67 1
0 3
67 1
69 1
72 1
0 1
69 1
69 1
69 1
0 1
79 1
79 1
74 1
72 1
74 1
0 3
74 1
72 1
74 1
0 1
79 1
0 3
74 1
72 1
74 1
0 1
79 1
0 3
74 1
72 1
74 1
0 1
79 1
79 1
79 1
0 1
79 1
76 1
74 1
0 1
76 1
0 3
76 1
74 1
72 1
0 1
69 2
0 1
76 2
74 1
72 1
0 1
67 1
67 1
76 1
0 1
76 1
0 1
76 2
74 1
72 1
69 1
0 1
72 1
74 1
69 2
0 1
72 2
0 73
64 1
64 1
67 1
0 1
69 1
67 1
67 1
0 1
67 1
67 1
64 1
0 1
67 1
0 3
64 1
64 1
67 1
0 1
71 1
0 1
69 1
0 1
67 1
64 1
62 1
0 1
64 1
0 3
64 1
64 1
62 1
0 1
60 1
60 1
57 1
0 1
72 2
69 1
67 2
69 1
67 1
0 1
64 1
0 1
64 1
0 1
62 1
60 1
57 1
0 1
60 1
62 1
64 1
62 2
60 1
0 3
64 1
67 1
0 1
69 1
69 1
69 1
0 1
69 1
71 1
69 1
0 1
67 2
0 3
67 1
69 1
0 1
72 1
72 1
72 1
0 1
72 1
69 1
79 1
0 1
76 1
0 3
76 1
74 1
72 1
0 1
74 2
0 2
76 1
74 1
72 1
0 1
74 1
0 3
76 1
74 1
72 1
0 1
74 1
74 1
74 1
0 1
74 1
72 1
81 1
0 1
79 1
0 11
74 1
72 1
74 1
0 1
79 1
0 3
74 1
72 1
74 1
0 1
79 1
0 3
74 1
72 1
74 1
0 1
79 1
79 1
79 1
0 1
79 1
76 1
74 1
0 1
76 1
0 3
76 1
74 1
72 1
0 1
69 2
0 1
76 2
74 1
72 1
0 1
67 1
0 3
67 1
69 1
72 1
0 1
69 1
69 1
69 1
0 1
79 1
79 1
74 1
72 1
74 1
0 3
74 1
72 1
74 1
0 1
79 1
0 3
74 1
72 1
74 1
0 1
79 1
0 3
74 1
72 1
74 1
0 1
79 1
79 1
79 1
0 1
79 1
76 1
74 1
0 1
76 1
0 3
76 1
74 1
72 1
0 1
69 2
0 1
76 2
74 1
72 1
0 1
67 1
67 1
76 1
0 1
76 1
0 1
76 2
74 1
72 1
69 1
0 1
72 1
74 1
69 2
0 1
72 2
0 13
72 1
72 1
72 1
0 1
72 2
69 1
0 1
76 1
74 1
72 1
0 1
74 1
0 3
71 1
71 1
71 1
0 1
71 1
0 1
67 1
0 1
74 1
72 1
71 1
0 1
72 1
0 3
76 1
74 1
72 1
0 1
69 1
0 1
72 1
0 1
76 1
74 1
72 1
0 1
69 1
0 1
69 1
0 1
76 1
74 1
72 1
0 1
74 1
74 1
81 1
0 1
81 1
79 1
0 2
75 1
73 1
75 1
0 1
80 1
0 3
75 1
73 1
75 1
0 1
80 1
0 3
75 1
73 1
75 1
0 1
80 1
80 1
80 1
0 1
80 1
77 1
75 1
0 1
77 1
0 3
77 1
75 1
73 1
0 1
70 2
0 1
77 2
75 1
73 1
0 1
68 1
0 3
68 1
70 1
73 1
0 1
70 1
70 1
70 1
0 1
80 1
80 1
75 1
73 1
75 1
0 3
75 1
73 1
75 1
0 1
80 1
0 3
75 1
73 1
75 1
0 1
80 1
0 3
75 1
73 1
75 1
0 1
80 1
80 1
80 1
0 1
80 1
77 1
75 1
0 1
77 1
0 3
77 1
75 1
73 1
0 1
70 2
0 1
77 2
75 1
73 1
0 1
68 1
68 1
77 1
0 1
77 1
0 1
77 2
75 1
73 1
70 1
0 1
73 1
75 1
70 2
0 1
73 2
