0 94
55 2
59 1
0 3
59 1
0 1
59 1
0 1
57 1
0 1
55 1
0 1
59 5
0 3
57 1
0 1
55 1
0 1
57 1
0 1
59 7
0 3
59 1
0 1
57 1
0 1
57 1
0 1
55 1
0 1
57 1
0 1
57 2
0 4
55 1
0 1
57 3
0 3
55 1
0 1
57 1
0 1
57 1
0 1
55 1
0 1
55 1
0 1
55 1
0 1
57 1
0 1
59 1
0 1
57 2
0 12
57 2
55 2
57 1
0 1
57 1
0 1
59 8
0 8
59 2
57 1
0 1
55 2
57 1
0 3
57 3
0 3
54 1
0 1
50 1
0 5
59 1
0 3
55 1
0 1
62 1
0 1
64 3
0 7
64 1
0 1
62 1
0 1
64 1
0 1
62 1
0 3
62 1
0 1
57 3
0 15
57 3
0 1
59 12
0 8
59 2
57 2
55 2
59 1
0 1
59 2
0 2
57 2
0 2
59 1
0 1
57 1
0 1
59 1
0 3
59 2
0 2
55 1
0 1
62 1
0 1
64 1
0 9
64 1
0 1
62 1
0 1
62 2
64 1
0 3
64 1
0 1
62 1
0 5
62 2
0 2
57 2
0 6
62 2
0 2
59 9
0 13
55 1
0 1
55 1
0 1
59 2
0 2
57 2
59 1
0 1
54 3
0 7
59 1
0 1
57 1
0 1
55 1
0 1
62 2
64 2
0 18
50 1
0 1
62 1
0 1
59 7
0 1
57 1
0 1
57 10
62 2
71 3
0 1
71 1
0 1
71 1
0 1
69 1
0 1
67 2
71 2
0 2
66 4
0 2
66 1
0 1
71 2
0 2
71 4
0 2
69 1
0 1
71 3
0 3
67 1
0 1
67 1
0 1
67 1
0 1
72 3
0 1
72 1
0 1
72 2
0 2
71 1
0 1
69 1
0 1
72 5
0 3
74 1
0 1
69 4
0 2
67 3
0 3
69 6
0 4
62 2
71 3
0 1
71 1
0 1
71 1
0 1
69 1
0 1
67 2
71 2
0 4
71 2
0 2
67 1
0 1
66 4
0 2
74 6
0 4
62 1
0 1
71 3
0 1
71 1
0 1
72 1
0 1
71 1
0 1
69 2
69 1
0 3
71 1
0 1
72 1
0 1
69 6
0 4
67 2
69 1
0 1
71 1
0 1
69 9
0 195
57 2
0 2
55 2
57 2
59 11
0 5
59 2
57 2
55 2
59 1
0 1
59 2
0 2
57 2
0 2
59 1
0 1
57 1
0 1
59 1
0 3
59 2
0 2
55 1
0 1
62 1
0 1
64 1
0 9
64 1
0 1
62 1
0 1
62 2
64 1
0 3
64 1
0 1
62 1
0 5
62 2
0 2
57 2
0 6
62 2
0 2
59 9
0 13
55 1
0 1
55 1
0 1
59 2
0 2
57 2
59 1
0 1
54 3
0 7
59 1
0 1
57 1
0 1
55 1
0 1
62 2
64 2
0 18
50 1
0 1
62 1
0 1
59 7
0 1
57 1
0 1
57 10
62 2
71 3
0 1
71 1
0 1
71 1
0 1
69 1
0 1
67 2
71 2
0 2
66 4
0 2
66 1
0 1
71 2
0 2
71 4
0 2
69 1
0 1
71 3
0 3
67 1
0 1
67 1
0 1
67 1
0 1
72 3
0 1
72 1
0 1
72 2
0 2
71 1
0 1
69 1
0 1
72 5
0 3
74 1
0 1
69 4
0 2
67 3
0 3
69 6
0 4
62 2
71 3
0 1
71 1
0 1
71 1
0 1
69 1
0 1
67 2
71 2
0 4
71 2
0 2
67 1
0 1
66 4
0 2
74 6
0 4
62 1
0 1
71 3
0 1
71 1
0 1
72 1
0 1
71 1
0 1
69 2
69 1
0 3
71 1
0 1
72 1
0 1
69 6
0 4
67 2
69 1
0 1
71 1
0 1
69 2
0 4
74 7
0 3
74 1
0 1
74 2
0 2
74 1
0 1
74 1
0 1
72 1
0 1
71 2
74 2
0 2
71 4
0 2
71 2
74 2
0 2
74 4
0 2
71 2
74 3
0 3
74 1
0 1
74 1
0 1
74 1
0 1
76 3
0 1
76 1
0 1
76 2
0 2
74 1
0 1
72 1
0 1
76 2
0 6
76 1
0 1
74 6
71 4
74 1
0 1
74 8
0 2
62 1
0 1
74 2
0 2
74 1
0 1
74 2
0 2
71 2
74 3
0 3
74 2
0 2
71 1
0 1
71 5
0 1
78 4
0 2
74 2
0 2
67 1
0 1
74 3
0 1
74 1
0 1
76 2
74 1
0 1
72 1
0 1
72 4
74 1
0 1
76 1
0 1
72 4
0 6
69 1
0 1
69 1
0 1
71 1
0 1
69 4
0 20
67 2
0 2
66 1
0 2
66 1
0 1
67 14
