D:min [2, 5, 9] 2 2 
F:maj/5 [0, 5, 9] 0 2 
Bb:maj7 [2, 5, 8, 10] 10 2 
A:maj [1, 4, 9] 9 2 
G:sus2 [2, 7, 9] 7 2 
F:maj [0, 5, 9] 5 2 
E:hdim7 [1, 4, 7, 10] 4 2 
A:maj [1, 4, 9] 9 2 
D:maj [2, 6, 9] 2 2 
C:maj6 [0, 4, 7, 9] 0 2 
Bb:maj7 [2, 5, 8, 10] 10 2 
A:7 [1, 4, 7, 9] 9 2 
G:min [2, 7, 10] 7 2 
F:maj [0, 5, 9] 5 2 
E:hdim7 [1, 4, 7, 10] 4 2 
A:sus4 [2, 4, 9] 9 2 
D:min [2, 5, 9] 2 2 
C:maj [0, 4, 7] 0 2 
Bb:maj [2, 5, 10] 10 2 
A:maj [1, 4, 9] 9 2 
G:min [2, 7, 10] 7 2 
F:maj [0, 5, 9] 5 2 
E:hdim7 [1, 4, 7, 10] 4 2 
A:7 [1, 4, 7, 9] 9 2 
D:min [2, 5, 9] 2 2 
B:dim [2, 5, 11] 11 2 
Bb:maj [2, 5, 10] 10 2 
A:maj [1, 4, 9] 9 2 
D:min [2, 5, 9] 2 2 
C:maj [0, 4, 7] 0 2 
B:dim [2, 5, 11] 11 2 
G:min/b3 [2, 7, 10] 10 1 
C:maj [0, 4, 7] 0 1 
F:maj [0, 5, 9] 5 2 
C#:dim [1, 4, 7] 1 2 
D:min [2, 5, 9] 2 2 
A:min7 [0, 4, 7, 9] 9 2 
G:min [2, 7, 10] 7 2 
A:min [0, 4, 9] 9 2 
B:dim [2, 5, 11] 11 2 
A:maj [1, 4, 9] 9 2 
F:maj [0, 5, 9] 5 2 
C#:dim [1, 4, 7] 1 2 
D:min [2, 5, 9] 2 2 
C:maj [0, 4, 7] 0 2 
B:dim [2, 5, 11] 11 2 
A:maj/3 [1, 4, 9] 1 2 
D:min [2, 5, 9] 2 2 
C:maj [0, 4, 7] 0 2 
Bb:maj [2, 5, 10] 10 2 
A:maj [1, 4, 9] 9 2 
D:maj [2, 6, 9] 2 2 
C:maj6 [0, 4, 7, 9] 0 2 
Bb:maj7 [2, 5, 8, 10] 10 2 
A:7 [1, 4, 7, 9] 9 2 
G:min [2, 7, 10] 7 2 
F:maj [0, 5, 9] 5 2 
E:hdim7 [1, 4, 7, 10] 4 2 
A:sus4 [2, 4, 9] 9 2 
D:min [2, 5, 9] 2 2 
E:7 [2, 4, 8, 11] 4 2 
Bb:maj [2, 5, 10] 10 2 
A:maj [1, 4, 9] 9 2 
G:min [2, 7, 10] 7 2 
F:maj [0, 5, 9] 5 2 
E:hdim7 [1, 4, 7, 10] 4 2 
A:7 [1, 4, 7, 9] 9 2 
D:min [2, 5, 9] 2 2 
D:min(9) [0, 2, 4, 5, 9] 2 4 
A:maj [1, 4, 9] 9 2 
D:min [2, 5, 9] 2 4 
B:dim [2, 5, 11] 11 2 
G:min/b3 [2, 7, 10] 10 1 
C:maj [0, 4, 7] 0 1 
F:maj [0, 5, 9] 5 2 
C#:dim [1, 4, 7] 1 2 
D:min [2, 5, 9] 2 2 
A:min7 [0, 4, 7, 9] 9 2 
G:min [2, 7, 10] 7 2 
A:min [0, 4, 9] 9 2 
B:dim [2, 5, 11] 11 2 
A:maj [1, 4, 9] 9 2 
F:maj [0, 5, 9] 5 2 
C#:dim [1, 4, 7] 1 2 
D:min [2, 5, 9] 2 2 
C:maj [0, 4, 7] 0 2 
B:dim [2, 5, 11] 11 2 
A:maj/3 [1, 4, 9] 1 2 
D:min [2, 5, 9] 2 2 
C:maj [0, 4, 7] 0 2 
Bb:maj [2, 5, 10] 10 2 
A:maj [1, 4, 9] 9 2 
D:min [2, 5, 9] 2 2 
C:maj [0, 4, 7] 0 2 
Bb:maj [2, 5, 10] 10 2 
A:maj [1, 4, 9] 9 2 
D:min [2, 5, 9] 2 2 
C:maj [0, 4, 7] 0 2 
B:min7 [2, 6, 9, 11] 11 4 
D:min [2, 5, 9] 2 2 
C:maj [0, 4, 7] 0 2 
B:hdim7 [2, 5, 8, 11] 11 4 
Bb:maj [2, 5, 10] 10 2 
C:maj [0, 4, 7] 0 2 
A:maj [1, 4, 9] 9 2 
D:min [2, 5, 9] 2 2 
E:hdim7 [1, 4, 7, 10] 4 4 
A:maj [1, 4, 9] 9 2 
Bb:maj [2, 5, 10] 10 1 
C:maj [0, 4, 7] 0 3 
A:7 [1, 4, 7, 9] 9 2 
D:min [2, 5, 9] 2 2 
A:min [0, 4, 9] 9 2 
G:min [2, 7, 10] 7 2 
A:min [0, 4, 9] 9 2 
B:dim [2, 5, 11] 11 2 
A:maj [1, 4, 9] 9 2 
A:min7 [0, 4, 7, 9] 9 2 
A:maj [1, 4, 9] 9 2 
D:min [2, 5, 9] 2 2 
C:maj [0, 4, 7] 0 2 
Bb:maj [2, 5, 10] 10 2 
C:maj [0, 4, 7] 0 2 
F:maj [0, 5, 9] 5 8 
D:min [2, 5, 9] 2 2 
F:maj/5 [0, 5, 9] 0 2 
Bb:maj7 [2, 5, 8, 10] 10 2 
Eb:maj7 [1, 3, 7, 10] 3 2 
Eb:maj6(7) [0, 1, 3, 7, 10] 3 5 
