0 64
69 3
0 1
69 1
0 1
65 1
69 1
67 6
0 2
65 1
0 1
65 1
65 1
65 1
0 1
62 1
65 1
64 5
0 3
65 4
65 1
0 1
64 1
65 1
65 4
69 3
0 1
67 1
0 1
67 1
67 1
67 1
0 1
65 1
64 1
69 6
0 2
69 4
69 1
0 1
74 1
65 1
67 6
0 2
69 1
67 1
67 1
69 1
69 2
74 1
65 1
67 5
0 3
65 4
65 1
0 1
64 1
65 1
65 4
69 3
0 1
67 1
65 1
65 1
67 1
67 1
0 1
65 1
64 1
69 5
0 3
62 4
65 3
0 1
65 2
64 1
62 1
67 3
0 1
69 1
0 1
69 1
69 1
69 1
0 1
67 1
65 1
69 2
67 1
65 1
67 3
0 1
62 4
65 3
0 1
65 2
64 1
62 1
67 3
0 1
69 1
0 1
69 1
69 1
69 1
0 1
72 1
74 1
74 4
72 3
0 1
72 2
0 1
72 1
72 1
0 1
70 1
69 1
76 2
0 1
76 1
74 1
0 1
74 1
76 1
77 2
0 1
65 1
65 1
0 1
67 1
69 1
69 3
0 1
69 1
0 1
72 1
69 1
67 1
0 1
65 2
0 2
74 2
67 1
0 1
65 3
0 3
67 1
0 1
67 1
67 1
67 1
0 1
65 1
62 1
69 4
67 3
0 1
72 2
0 1
72 1
72 1
0 1
70 1
69 1
76 2
0 1
76 1
74 1
0 1
74 1
76 1
77 2
0 1
65 1
65 1
0 1
67 1
69 1
69 3
0 1
69 1
0 1
72 1
69 1
67 1
0 1
65 2
0 1
74 2
69 1
67 2
0 1
69 1
67 2
0 1
65 1
62 8
0 24
69 3
0 1
69 1
0 1
65 1
69 1
67 6
0 2
65 1
0 1
65 1
65 1
65 1
0 1
62 1
65 1
64 5
0 3
65 4
65 1
0 1
64 1
65 1
65 4
69 3
0 1
67 1
0 1
67 1
67 1
67 1
0 1
65 1
64 1
69 6
0 2
69 4
69 1
0 1
74 1
65 1
67 6
0 2
69 1
67 1
67 1
69 1
69 2
74 1
65 1
67 5
0 3
65 4
65 1
0 1
64 1
65 1
65 4
69 3
0 1
67 1
65 1
65 1
67 1
67 1
0 1
65 1
64 1
69 5
0 3
62 4
65 3
0 1
65 2
64 1
62 1
67 3
0 1
69 1
0 1
69 1
69 1
69 1
0 1
67 1
65 1
69 2
67 1
65 1
67 3
0 1
62 4
65 3
0 1
65 2
64 1
62 1
67 3
0 1
69 1
0 1
69 1
69 1
69 1
0 1
72 1
74 1
74 4
72 3
0 1
72 2
0 1
72 1
72 1
0 1
70 1
69 1
76 2
0 1
76 1
74 1
0 1
74 1
76 1
77 2
0 1
65 1
65 1
0 1
67 1
69 1
69 3
0 1
69 1
0 1
72 1
69 1
67 1
0 1
65 2
0 2
74 2
67 1
0 1
65 3
0 3
67 1
0 1
67 1
67 1
67 1
0 1
65 1
62 1
69 4
67 3
0 1
72 2
0 1
72 1
72 1
0 1
70 1
69 1
76 2
0 1
76 1
74 1
0 1
74 1
76 1
77 2
0 1
65 1
65 1
0 1
67 1
69 1
69 3
0 1
69 1
0 1
72 1
69 1
67 1
0 1
65 2
0 1
74 2
69 1
67 2
0 1
69 1
67 2
0 1
65 1
62 8
0 120
74 1
0 1
74 1
74 1
74 1
0 1
72 1
69 1
67 7
0 1
76 1
0 1
76 1
76 1
76 1
0 1
74 1
72 1
69 4
0 4
67 1
0 1
67 1
67 1
67 1
0 1
65 1
64 1
67 1
0 1
67 1
67 1
67 1
0 1
70 1
74 1
76 1
0 1
76 1
76 1
76 1
0 1
76 1
74 1
74 4
72 3
0 1
72 2
0 1
72 1
72 1
0 1
70 1
69 1
76 2
0 1
76 1
74 1
0 1
74 1
76 1
77 2
0 1
65 1
65 1
0 1
67 1
69 1
69 3
0 1
69 1
0 1
72 1
69 1
67 1
0 1
65 2
0 2
74 2
67 1
0 1
65 3
0 3
67 1
0 1
67 1
67 1
67 1
0 1
65 1
62 1
69 4
67 3
0 1
72 2
0 1
72 1
72 1
0 1
70 1
69 1
76 2
0 1
76 1
74 1
0 1
74 1
76 1
77 2
0 1
65 1
65 1
0 1
67 1
69 1
69 3
0 1
69 1
0 1
72 1
69 1
67 1
0 1
65 2
0 1
74 2
69 1
67 2
0 1
69 1
67 2
0 1
65 1
65 1
