A:min [0, 4, 9] 9 4 
F:maj [0, 5, 9] 5 4 
G:maj [2, 7, 11] 7 4 
A:min [0, 4, 9] 9 8 
F:maj [0, 5, 9] 5 4 
G:maj [2, 7, 11] 7 4 
A:min [0, 4, 9] 9 8 
F:maj [0, 5, 9] 5 4 
G:maj [2, 7, 11] 7 4 
A:min [0, 4, 9] 9 8 
F:maj [0, 5, 9] 5 4 
G:maj [2, 7, 11] 7 4 
A:min [0, 4, 9] 9 8 
F:maj [0, 5, 9] 5 4 
G:maj [2, 7, 11] 7 4 
A:min [0, 4, 9] 9 8 
F:maj [0, 5, 9] 5 4 
G:maj [2, 7, 11] 7 4 
A:min [0, 4, 9] 9 8 
F:maj [0, 5, 9] 5 4 
G:maj [2, 7, 11] 7 4 
A:min [0, 4, 9] 9 8 
F:maj [0, 5, 9] 5 4 
G:maj [2, 7, 11] 7 4 
A:min [0, 4, 9] 9 8 
F:maj [0, 5, 9] 5 4 
G:maj [2, 7, 11] 7 4 
A:min [0, 4, 9] 9 8 
F:maj [0, 5, 9] 5 4 
G:maj [2, 7, 11] 7 4 
A:min [0, 4, 9] 9 8 
F:maj [0, 5, 9] 5 4 
G:maj [2, 7, 11] 7 4 
A:min [0, 4, 9] 9 8 
F:maj [0, 5, 9] 5 4 
G:maj [2, 7, 11] 7 4 
A:min [0, 4, 9] 9 8 
F:maj [0, 5, 9] 5 4 
G:maj [2, 7, 11] 7 4 
A:min [0, 4, 9] 9 8 
F:maj [0, 5, 9] 5 4 
G:maj [2, 7, 11] 7 4 
A:min [0, 4, 9] 9 8 
F:maj [0, 5, 9] 5 4 
G:maj [2, 7, 11] 7 4 
A:min [0, 4, 9] 9 8 
F:maj [0, 5, 9] 5 4 
G:maj [2, 7, 11] 7 4 
A:min [0, 4, 9] 9 12 
F:maj [0, 5, 9] 5 4 
G:maj [2, 7, 11] 7 4 
A:min [0, 4, 9] 9 8 
F:maj [0, 5, 9] 5 4 
G:maj [2, 7, 11] 7 4 
A:min [0, 4, 9] 9 7 
