Bb:min [1, 5, 10] 10 2 
F:min/b3 [0, 5, 8] 8 2 
F#:maj [1, 6, 10] 6 4 
Bb:min [1, 5, 10] 10 2 
F:min/b3 [0, 5, 8] 8 2 
F#:maj [1, 6, 10] 6 4 
Bb:min [1, 5, 10] 10 2 
F:min/b3 [0, 5, 8] 8 2 
F#:maj [1, 6, 10] 6 4 
Bb:min7 [1, 5, 8, 10] 10 2 
F:min/b3 [0, 5, 8] 8 2 
F#:maj [1, 6, 10] 6 4 
Bb:min7 [1, 5, 8, 10] 10 2 
F:min/b3 [0, 5, 8] 8 2 
F#:maj [1, 6, 10] 6 4 
Eb:min [3, 6, 10] 3 2 
Ab:maj [0, 3, 8] 8 2 
Bb:min [1, 5, 10] 10 6 
F:min/b3 [0, 5, 8] 8 2 
F#:maj [1, 6, 10] 6 4 
Bb:min7 [1, 5, 8, 10] 10 2 
F:min/b3 [0, 5, 8] 8 2 
F#:maj [1, 6, 10] 6 4 
Eb:min [3, 6, 10] 3 2 
Ab:maj [0, 3, 8] 8 2 
Bb:min [1, 5, 10] 10 4 
F#:maj [1, 6, 10] 6 2 
Ab:maj [0, 3, 8] 8 2 
F:min [0, 5, 8] 5 2 
Bb:min [1, 5, 10] 10 2 
Eb:min [3, 6, 10] 3 2 
Ab:maj [0, 3, 8] 8 2 
Bb:min7 [1, 5, 8, 10] 10 4 
F#:maj [1, 6, 10] 6 2 
Ab:maj [0, 3, 8] 8 2 
F:min [0, 5, 8] 5 2 
Bb:min [1, 5, 10] 10 2 
Eb:min [3, 6, 10] 3 2 
Ab:maj [0, 3, 8] 8 2 
Bb:sus4(b7) [3, 5, 10] 10 4 
Bb:min [1, 5, 10] 10 2 
Ab:maj [0, 3, 8] 8 2 
F:min [0, 5, 8] 5 2 
Bb:min [1, 5, 10] 10 2 
Eb:min [3, 6, 10] 3 2 
F:min7 [0, 3, 5, 8] 5 2 
Bb:min [1, 5, 10] 10 6 
F:min/b3 [0, 5, 8] 8 2 
F#:maj [1, 6, 10] 6 4 
Bb:min7 [1, 5, 8, 10] 10 2 
F:min/b3 [0, 5, 8] 8 2 
F#:maj [1, 6, 10] 6 4 
Eb:min [3, 6, 10] 3 2 
Ab:maj [0, 3, 8] 8 2 
Bb:min [1, 5, 10] 10 4 
F#:maj [1, 6, 10] 6 2 
Ab:maj [0, 3, 8] 8 2 
F:min [0, 5, 8] 5 2 
Bb:min [1, 5, 10] 10 2 
Eb:min [3, 6, 10] 3 2 
Ab:maj [0, 3, 8] 8 2 
Bb:min7 [1, 5, 8, 10] 10 4 
F#:maj [1, 6, 10] 6 2 
Ab:maj [0, 3, 8] 8 2 
F:min [0, 5, 8] 5 2 
Bb:min [1, 5, 10] 10 2 
Eb:min [3, 6, 10] 3 2 
Ab:maj [0, 3, 8] 8 2 
Bb:sus4(b7) [3, 5, 10] 10 4 
Eb:min7 [1, 3, 6, 10] 3 2 
Ab:maj [0, 3, 8] 8 2 
C#:maj7 [1, 5, 8, 11] 1 2 
F#:maj [1, 6, 10] 6 2 
Eb:min7 [1, 3, 6, 10] 3 2 
F:7 [0, 3, 5, 9] 5 2 
Bb:min [1, 5, 10] 10 3 
