0 98
73 1
73 1
73 1
0 1
75 1
72 1
0 5
73 1
72 1
68 1
0 1
68 1
0 1
68 1
0 13
73 1
73 1
73 1
73 1
73 1
77 1
0 1
72 1
72 1
72 1
72 1
73 1
72 1
0 1
68 1
68 1
0 1
70 1
0 9
70 1
73 1
77 1
75 1
0 6
72 1
73 1
75 1
0 5
73 1
0 1
70 2
0 16
73 1
73 1
73 1
75 1
77 1
0 1
72 1
0 4
73 2
72 2
68 1
0 1
70 1
0 13
73 1
73 1
73 1
73 1
73 1
77 1
0 1
72 1
72 1
72 1
72 1
73 1
72 1
0 1
68 1
68 1
70 1
0 10
70 1
73 1
77 1
75 1
0 6
72 1
73 1
75 1
0 5
72 1
0 1
70 2
0 7
77 1
77 1
77 1
77 1
80 1
80 1
78 1
82 1
0 1
82 1
80 1
82 1
0 1
82 1
80 1
84 1
0 2
84 1
84 1
82 1
80 1
75 1
77 1
0 3
77 1
77 1
75 1
77 1
0 4
77 1
80 1
78 1
77 1
75 1
0 1
73 1
75 1
0 2
75 1
73 1
75 1
0 1
73 1
75 1
0 2
73 1
75 1
77 1
77 1
77 1
77 1
77 1
77 1
75 1
77 1
0 1
77 1
77 1
77 1
77 1
80 1
80 1
78 1
82 1
0 1
82 1
80 1
82 1
0 1
82 1
80 1
84 1
0 2
84 1
84 1
82 1
80 1
75 1
77 1
0 3
77 1
77 1
75 1
77 1
0 4
77 1
80 1
78 1
77 1
75 1
0 1
73 1
75 1
0 2
75 1
73 1
75 1
0 1
73 1
75 1
0 2
73 1
75 1
77 1
77 1
77 1
77 1
77 1
77 1
75 1
77 1
0 74
73 1
73 1
73 1
75 1
77 1
0 1
72 1
0 4
73 2
72 2
68 1
0 1
70 1
0 13
73 1
73 1
73 1
73 1
73 1
77 1
0 1
72 1
72 1
72 1
72 1
73 1
72 1
0 1
68 1
68 1
70 1
0 10
70 1
73 1
77 1
75 1
0 6
72 1
73 1
75 1
0 5
72 1
0 1
70 2
0 7
77 1
77 1
77 1
77 1
80 1
80 1
78 1
82 1
0 1
82 1
80 1
82 1
0 1
82 1
80 1
84 1
0 2
84 1
84 1
82 1
80 1
75 1
77 1
0 3
77 1
77 1
75 1
77 1
0 4
77 1
80 1
78 1
77 1
75 1
0 1
73 1
75 1
0 2
75 1
73 1
75 1
0 1
73 1
75 1
0 2
73 1
75 1
77 1
77 1
77 1
77 1
77 1
77 1
75 1
77 1
0 1
77 1
76 1
77 1
77 1
80 1
80 1
78 1
82 1
0 1
82 1
80 1
82 1
0 1
82 1
80 1
84 1
0 2
84 1
84 1
82 1
80 1
75 1
77 1
0 3
77 1
77 1
75 1
77 1
0 4
77 1
80 1
78 1
77 1
75 1
0 1
73 1
75 1
0 2
75 1
73 1
75 1
0 1
73 1
75 1
0 2
73 1
75 1
77 3
77 1
77 1
77 1
75 1
77 9
0 8
82 7
0 1
80 4
0 8
77 1
0 1
78 1
77 1
0 1
75 1
0 7
73 1
72 1
0 4
70 1
73 3
