0 66
69 1
71 1
73 2
69 1
0 1
71 2
69 1
66 2
71 3
0 2
69 2
69 1
0 1
66 1
0 1
64 2
73 1
73 4
0 3
69 1
71 1
73 1
0 1
69 1
0 1
71 2
73 1
66 3
66 1
68 1
69 1
0 1
69 1
69 2
0 1
71 2
71 5
0 5
69 1
71 1
73 2
69 1
0 1
71 2
69 1
66 2
71 3
0 2
69 2
69 1
0 1
66 1
0 1
64 2
73 1
73 4
0 3
69 1
71 1
73 1
0 1
69 1
0 1
71 2
69 1
71 3
66 2
0 2
64 1
0 1
64 2
71 1
71 4
0 1
69 1
71 1
73 1
69 1
73 8
71 4
69 1
71 1
73 1
69 1
73 2
73 1
73 1
0 1
80 2
80 2
0 3
78 1
80 1
81 1
80 1
81 2
0 1
81 3
74 1
74 4
0 1
76 1
73 1
69 1
71 1
73 2
0 1
73 3
71 1
71 3
76 2
76 1
0 1
78 1
0 1
76 1
0 1
69 1
73 3
74 1
71 2
0 1
76 2
76 1
0 1
78 2
76 1
0 1
64 1
66 3
68 1
69 2
0 1
76 2
76 1
0 1
78 2
76 2
69 1
69 3
0 2
76 1
0 1
69 1
69 2
71 2
73 9
0 2
76 2
76 1
0 1
78 1
0 1
76 1
0 1
69 1
73 3
74 1
71 2
0 1
76 2
76 1
0 1
78 2
80 1
0 1
81 1
83 3
80 1
81 2
0 5
78 2
76 2
69 1
69 3
69 1
71 1
74 1
0 1
73 1
69 3
71 2
69 7
0 59
69 1
71 1
73 2
69 1
0 1
71 2
69 1
66 2
71 3
0 2
69 2
69 1
0 1
66 1
0 1
64 2
73 1
73 4
0 3
69 1
71 1
73 1
0 1
69 1
0 1
71 2
73 1
66 3
66 1
68 1
69 1
0 1
69 1
69 2
0 1
71 2
71 5
0 5
69 1
71 1
73 2
69 1
0 1
71 2
69 1
66 2
71 3
0 2
69 2
69 1
0 1
66 1
0 1
64 2
73 1
73 4
0 3
69 1
71 1
73 1
0 1
69 1
0 1
71 2
69 1
71 3
66 2
0 2
64 1
0 1
64 2
71 1
71 4
0 1
69 1
71 1
73 1
69 1
73 8
71 4
69 1
71 1
73 1
69 1
73 2
73 1
73 1
0 1
80 2
80 2
0 3
78 1
80 1
81 1
80 1
81 2
0 1
81 3
74 1
74 4
0 1
76 1
73 1
69 1
71 1
73 2
0 1
73 3
71 1
71 3
76 2
76 1
0 1
78 1
0 1
76 1
0 1
69 1
73 3
74 1
71 2
0 1
76 2
76 1
0 1
78 2
76 1
0 1
64 1
66 3
68 1
69 2
0 1
76 2
76 1
0 1
78 2
76 2
69 1
69 3
0 2
76 1
0 1
69 1
69 2
71 2
73 9
0 2
76 2
76 1
0 1
78 1
0 1
76 1
0 1
69 1
73 3
74 1
71 2
0 1
76 2
76 1
0 1
78 2
80 1
0 1
81 1
83 3
80 1
81 2
0 5
78 2
76 2
69 1
69 3
69 1
71 1
74 1
0 1
73 1
69 3
71 2
69 7
0 61
73 1
0 1
73 1
76 1
76 1
0 1
76 1
81 1
81 1
0 1
81 1
83 1
85 2
85 1
85 3
83 1
83 4
0 1
80 1
0 1
81 2
83 1
0 1
80 1
76 3
83 1
83 3
81 3
0 1
78 2
76 1
0 1
69 1
69 2
0 1
69 1
71 1
74 1
0 1
73 2
69 2
71 2
69 8
