A:maj [1, 4, 9] 9 2 
B:maj [3, 6, 11] 11 2 
C#:min [1, 4, 8] 1 4 
A:maj [1, 4, 9] 9 3 
B:sus4(b7) [4, 6, 11] 11 3 
C#:maj [1, 5, 8] 1 6 
A:maj [1, 4, 9] 9 2
B:maj [3, 6, 11] 11 2 
C#:min [1, 4, 8] 1 4 
A:maj [1, 4, 9] 9 2 
B:maj [3, 6, 11] 11 2 
E:maj [4, 8, 11] 4 2 
Bb:dim [1, 4, 10] 10 1 
Ab:maj [0, 3, 8] 8 1 
A:maj [1, 4, 9] 9 2 
B:maj [3, 6, 11] 11 2 
C#:min [1, 4, 8] 1 4 
A:maj [1, 4, 9] 9 2 
B:maj [3, 6, 11] 11 2 
C#:min [1, 4, 8] 1 4 
A:maj [1, 4, 9] 9 2 
B:maj [3, 6, 11] 11 2 
C#:min [1, 4, 8] 1 4 
A:maj [1, 4, 9] 9 2 
B:maj [3, 6, 11] 11 2 
E:maj [4, 8, 11] 4 4 
F#:min [1, 6, 9] 6 2 
Ab:maj [0, 3, 8] 8 2 
C#:min [1, 4, 8] 1 1 
B:maj [3, 6, 11] 11 1 
Bb:dim [1, 4, 10] 10 2 
F#:min [1, 6, 9] 6 2 
Ab:min [3, 8, 11] 8 2 
C#:min [1, 4, 8] 1 4 
A:maj [1, 4, 9] 9 2 
B:maj [3, 6, 11] 11 2 
C#:min [1, 4, 8] 1 4 
A:maj [1, 4, 9] 9 2 
B:maj [3, 6, 11] 11 2 
C#:min [1, 4, 8] 1 4 
A:maj [1, 4, 9] 9 2 
B:maj [3, 6, 11] 11 2 
C#:min [1, 4, 8] 1 4 
A:maj [1, 4, 9] 9 2 
B:maj [3, 6, 11] 11 2 
E:maj [4, 8, 11] 4 2 
Bb:dim [1, 4, 10] 10 1 
Ab:min [3, 8, 11] 8 1 
A:maj [1, 4, 9] 9 2 
B:maj [3, 6, 11] 11 2 
C#:min [1, 4, 8] 1 1 
Ab:min/b3 [3, 8, 11] 11 1 
Bb:dim [1, 4, 10] 10 2 
A:maj [1, 4, 9] 9 2 
B:maj [3, 6, 11] 11 2 
C#:min [1, 4, 8] 1 4 
C#:min7 [1, 4, 8, 11] 1 4 
C#:min [1, 4, 8] 1 4 
A:maj [1, 4, 9] 9 4 
C#:min [1, 4, 8] 1 4 
A:maj [1, 4, 9] 9 2 
B:maj [3, 6, 11] 11 2 
C#:min7 [1, 4, 8, 11] 1 4 
A:maj7 [1, 4, 7, 9] 9 2 
B:min7 [2, 6, 9, 11] 11 2 
C#:min [1, 4, 8] 1 1 
E:7 [2, 4, 8, 11] 4 3 
F#:min [1, 6, 9] 6 2 
Ab:min [3, 8, 11] 8 2 
C#:min [1, 4, 8] 1 4 
F#:min [1, 6, 9] 6 2 
B:maj [3, 6, 11] 11 2 
C#:min [1, 4, 8] 1 4 
A:maj [1, 4, 9] 9 2 
B:maj [3, 6, 11] 11 2 
C#:min [1, 4, 8] 1 4 
A:maj [1, 4, 9] 9 2 
B:maj [3, 6, 11] 11 2 
C#:min [1, 4, 8] 1 4 
A:maj [1, 4, 9] 9 2 
B:maj [3, 6, 11] 11 2 
C#:min [1, 4, 8] 1 4 
A:maj [1, 4, 9] 9 2 
B:maj [3, 6, 11] 11 2 
E:maj [4, 8, 11] 4 2 
F#:maj/3 [1, 6, 10] 10 1 
Ab:maj [0, 3, 8] 8 1 
A:maj [1, 4, 9] 9 2 
B:maj [3, 6, 11] 11 2 
C#:min [1, 4, 8] 1 1 
C#:7/b7 [1, 5, 8, 11] 11 1 
Bb:dim [1, 4, 10] 10 2 
A:maj [1, 4, 9] 9 2 
B:maj [3, 6, 11] 11 2 
C#:min [1, 4, 8] 1 2 
D:min [2, 5, 9] 2 2 
Bb:maj [2, 5, 10] 10 2 
C:maj [0, 4, 7] 0 2 
D:min [2, 5, 9] 2 4 
Bb:maj [2, 5, 10] 10 2 
C:maj [0, 4, 7] 0 2 
F:maj [0, 5, 9] 5 2 
G:maj/3 [2, 7, 11] 11 1 
A:maj [1, 4, 9] 9 1 
Bb:maj [2, 5, 10] 10 2 
C:maj [0, 4, 7] 0 2 
D:min7 [0, 2, 5, 9] 2 1 
D:7/b7 [0, 2, 6, 9] 0 1 
B:dim [2, 5, 11] 11 4 
Bb:maj [2, 5, 10] 10 2 
C:maj [0, 4, 7] 0 2 
D:min [2, 5, 9] 2 4 
Bb:maj [2, 5, 10] 10 2 
C:maj [0, 4, 7] 0 2 
D:min [2, 5, 9] 2 4 
Bb:maj [2, 5, 10] 10 2 
C:maj [0, 4, 7] 0 2 
D:min [2, 5, 9] 2 2 
