0 128
71 1
71 1
0 1
71 1
71 1
0 1
70 1
68 5
0 2
63 1
68 1
66 4
0 2
64 1
0 1
63 6
0 2
71 1
71 1
71 1
71 1
71 1
0 1
73 2
68 4
0 4
73 1
73 1
73 1
73 1
73 1
0 1
71 2
68 2
70 5
63 1
75 1
75 1
75 1
75 1
75 1
71 1
70 1
68 1
75 4
0 2
71 1
73 1
75 1
0 1
78 1
78 2
0 1
75 1
0 1
71 4
0 2
68 1
70 1
71 5
0 1
71 1
75 2
73 3
0 4
73 1
75 1
73 1
71 1
68 1
76 3
75 5
0 3
71 1
71 1
0 1
71 1
71 1
0 1
70 1
68 5
0 2
63 1
68 1
66 4
0 2
64 1
0 1
63 6
0 2
71 1
71 1
71 1
71 1
71 1
0 1
73 2
68 4
0 4
73 1
73 1
73 1
73 1
73 1
0 1
71 2
68 2
70 5
63 1
75 1
75 1
75 1
75 1
75 1
71 1
70 1
68 1
75 4
0 2
71 1
73 1
75 1
0 1
78 1
78 2
0 1
75 1
0 1
71 4
0 2
68 1
70 1
71 5
0 1
71 1
75 2
73 3
0 4
73 1
75 1
73 1
71 1
70 1
71 3
68 8
0 7
75 1
80 1
80 2
0 1
80 1
0 1
75 1
75 2
73 4
71 1
71 1
73 1
75 3
76 1
75 2
73 2
71 5
0 1
68 1
70 1
71 1
71 2
71 1
71 1
0 1
73 1
73 1
0 1
68 4
0 1
68 1
70 1
71 1
71 1
0 1
71 1
71 1
0 1
76 1
0 1
75 5
0 2
75 1
80 1
80 2
0 1
80 2
75 1
75 2
73 4
71 1
71 1
73 1
75 3
76 1
75 2
73 1
0 1
71 5
0 1
68 1
70 1
71 1
71 1
0 1
71 1
71 1
0 1
73 1
73 2
68 3
0 2
68 1
70 1
71 1
71 1
0 1
71 1
71 1
0 1
76 1
0 1
75 5
0 1
71 2
68 12
0 68
71 1
71 1
0 1
71 1
71 1
0 1
70 1
68 5
0 2
63 1
68 1
66 4
0 2
64 1
0 1
63 6
0 2
71 1
71 1
71 1
71 1
71 1
0 1
73 2
68 4
0 4
73 1
73 1
73 1
73 1
73 1
0 1
71 2
68 2
70 5
63 1
75 1
75 1
75 1
75 1
75 1
71 1
70 1
68 1
75 4
0 2
71 1
73 1
75 1
0 1
78 1
78 2
0 1
75 1
0 1
71 4
0 2
68 1
70 1
71 5
0 1
71 1
75 2
73 3
0 4
73 1
75 1
73 1
71 1
70 1
71 3
68 8
0 7
75 1
80 1
80 2
0 1
80 1
0 1
75 1
75 2
73 4
71 1
71 1
73 1
75 3
76 1
75 2
73 2
71 5
0 1
68 1
70 1
71 1
71 2
71 1
71 1
0 1
73 1
73 1
0 1
68 4
0 1
68 1
70 1
71 1
71 1
0 1
71 1
71 1
0 1
76 1
0 1
75 5
0 2
75 1
80 1
80 2
0 1
80 2
75 1
75 2
73 4
71 1
71 1
73 1
75 3
76 1
75 2
73 1
0 1
71 5
0 1
68 1
70 1
71 1
71 1
0 1
71 1
71 1
0 1
73 1
73 2
68 3
0 2
68 1
70 1
71 1
71 1
0 1
71 1
71 1
0 1
76 1
0 1
75 5
0 1
71 2
68 12
0 83
76 1
81 1
81 2
0 1
81 1
0 1
76 1
76 2
74 4
72 1
72 1
74 1
76 3
77 1
76 2
74 2
72 5
0 1
69 1
71 1
72 1
72 2
72 1
72 1
0 1
74 1
74 1
0 1
69 4
0 1
69 1
71 1
72 1
72 1
0 1
72 1
72 1
0 1
77 1
0 1
76 5
0 2
76 1
81 1
81 2
0 1
81 2
76 1
76 2
74 4
72 1
72 1
74 1
76 3
77 1
76 2
74 1
0 1
72 5
0 1
69 1
71 1
72 1
72 1
0 1
72 1
72 1
0 1
74 1
74 2
69 3
0 2
69 1
71 1
72 1
72 1
0 1
72 1
72 1
0 1
77 1
0 1
76 5
0 1
72 2
69 12
0 2
69 1
71 1
72 1
72 1
0 1
72 1
0 1
72 2
74 2
71 6
0 3
71 2
71 4
0 3
72 4
0 1
69 17
