B:maj7 [3, 6, 9, 11] 11 4 
E:maj7 [2, 4, 8, 11] 4 4 
F#:7 [1, 4, 6, 10] 6 4 
B:maj [3, 6, 11] 11 4 
A:maj [1, 4, 9] 9 4 
G:maj [2, 7, 11] 7 4 
E:maj [4, 8, 11] 4 4 
F#:7 [1, 4, 6, 10] 6 4 
B:sus2 [1, 6, 11] 11 4 
E:maj7 [2, 4, 8, 11] 4 4 
F#:maj [1, 6, 10] 6 4 
B:maj7 [3, 6, 9, 11] 11 4 
B:maj [3, 6, 11] 11 3 
A:maj6 [1, 4, 6, 9] 9 1 
E:maj7 [2, 4, 8, 11] 4 4 
C#:min7 [1, 4, 8, 11] 1 5 
F#:7 [1, 4, 6, 10] 6 3 
B:sus2 [1, 6, 11] 11 4 
E:sus2 [4, 6, 11] 4 4 
F#:7 [1, 4, 6, 10] 6 1 
F#:maj [1, 6, 10] 6 3 
F#:7 [1, 4, 6, 10] 6 1 
B:maj [3, 6, 11] 11 3 
A:maj [1, 4, 9] 9 4 
A:maj6 [1, 4, 6, 9] 9 1 
E:min/b3 [4, 7, 11] 7 2 
C#:min7 [1, 4, 8, 11] 1 1 
F#:maj [1, 6, 10] 6 3 
F#:7 [1, 4, 6, 10] 6 1 
B:sus2 [1, 6, 11] 11 4 
B:maj [3, 6, 11] 11 4 
Ab:min7 [3, 6, 8, 11] 8 4 
E:maj [4, 8, 11] 4 2 
F#:maj [1, 6, 10] 6 2 
F#:sus4 [1, 6, 11] 6 4 
Ab:min [3, 8, 11] 8 2 
Eb:7 [1, 3, 7, 10] 3 3 
E:maj [4, 8, 11] 4 1 
B:maj [3, 6, 11] 11 2 
C#:min [1, 4, 8] 1 4 
F#:maj [1, 6, 10] 6 4 
B:maj [3, 6, 11] 11 3 
F#:maj [1, 6, 10] 6 1 
Ab:min [3, 8, 11] 8 4 
E:maj [4, 8, 11] 4 3 
F#:maj [1, 6, 10] 6 5 
Ab:min7 [3, 6, 8, 11] 8 2 
Eb:7 [1, 3, 7, 10] 3 2 
E:maj [4, 8, 11] 4 2 
B:maj [3, 6, 11] 11 2 
C#:min [1, 4, 8] 1 2 
F#:maj [1, 6, 10] 6 2 
B:maj [3, 6, 11] 11 8 
Ab:min7 [3, 6, 8, 11] 8 4 
C#:min [1, 4, 8] 1 4 
F#:maj [1, 6, 10] 6 4 
F#:7 [1, 4, 6, 10] 6 1 
Eb:min [3, 6, 10] 3 1 
Ab:maj [0, 3, 8] 8 2 
C#:min [1, 4, 8] 1 4 
E:maj [4, 8, 11] 4 4 
F#:maj [1, 6, 10] 6 4 
B:maj [3, 6, 11] 11 3 
F#:maj [1, 6, 10] 6 1 
Ab:min [3, 8, 11] 8 4 
E:maj [4, 8, 11] 4 3 
F#:maj [1, 6, 10] 6 5 
Ab:min [3, 8, 11] 8 2 
Eb:7 [1, 3, 7, 10] 3 3 
E:maj [4, 8, 11] 4 1 
B:maj [3, 6, 11] 11 2 
C#:min [1, 4, 8] 1 4 
F#:maj [1, 6, 10] 6 4 
B:maj [3, 6, 11] 11 3 
F#:maj [1, 6, 10] 6 1 
Ab:min [3, 8, 11] 8 4 
E:maj [4, 8, 11] 4 3 
B:maj [3, 6, 11] 11 1 
F#:maj [1, 6, 10] 6 4 
Ab:min [3, 8, 11] 8 2 
Eb:7 [1, 3, 7, 10] 3 2 
E:maj [4, 8, 11] 4 2 
B:maj [3, 6, 11] 11 2 
C#:min [1, 4, 8] 1 1 
F#:7 [1, 4, 6, 10] 6 1 
F#:maj [1, 6, 10] 6 2 
B:maj [3, 6, 11] 11 8 
E:sus2 [4, 6, 11] 4 4 
F#:maj/5 [1, 6, 10] 1 4 
F#:maj [1, 6, 10] 6 4 
B:maj [3, 6, 11] 11 2 
