0 124
70 1
71 2
73 1
75 1
73 1
70 2
0 2
66 2
63 2
73 2
71 2
70 2
71 3
68 3
0 5
68 2
75 2
73 1
70 3
66 4
0 1
70 3
66 2
0 1
76 2
75 7
0 7
75 1
75 1
73 2
78 6
0 4
78 2
73 1
75 1
76 9
0 2
76 2
75 2
73 1
71 2
73 1
68 3
0 2
75 2
68 2
75 2
75 1
75 1
73 5
0 7
71 2
71 1
73 1
75 1
76 1
75 1
70 3
66 2
63 2
73 2
71 2
70 2
71 3
68 6
0 2
68 2
75 2
73 1
70 3
66 2
0 3
70 3
66 2
76 3
75 11
0 3
75 1
75 1
73 2
78 8
0 2
78 2
73 1
75 1
76 9
0 2
76 2
78 2
76 1
75 2
76 1
76 1
0 3
76 3
70 2
71 1
73 3
71 9
0 4
75 2
76 1
78 2
78 1
76 3
75 2
73 4
76 2
75 13
0 2
76 2
78 1
80 2
80 1
78 3
76 1
75 2
0 1
66 2
76 1
75 3
73 9
0 4
75 2
73 1
71 2
73 1
73 1
75 2
80 2
79 2
75 1
75 1
73 2
75 2
0 2
71 2
71 1
80 3
78 7
0 1
76 3
75 1
76 2
78 2
76 2
0 1
68 3
75 2
75 1
0 1
73 9
0 2
75 2
76 1
78 2
78 1
76 3
75 2
73 4
76 2
75 11
0 4
76 2
78 1
80 2
80 1
78 3
76 1
75 2
0 1
66 2
76 1
75 3
73 11
0 2
75 2
73 1
71 2
73 1
73 1
75 2
80 2
79 2
75 1
75 1
73 2
75 2
0 2
71 2
80 1
80 1
78 2
80 2
78 1
75 2
78 3
75 6
70 5
73 3
71 10
0 5
71 2
73 1
75 2
70 2
71 2
73 2
0 5
70 2
70 1
71 5
0 8
73 2
75 1
76 2
73 2
75 2
76 2
0 4
66 4
75 2
73 10
0 1
75 2
76 1
78 2
75 2
76 2
78 4
0 2
68 2
78 2
78 1
76 10
0 1
76 2
73 1
75 1
76 3
0 1
78 2
76 3
0 1
76 2
79 4
78 13
75 2
76 1
78 2
78 1
76 3
75 2
73 3
76 3
75 14
0 1
76 2
78 1
80 2
80 1
78 3
76 1
75 2
0 1
66 2
76 1
75 3
73 13
75 2
73 1
71 2
73 1
73 1
75 2
80 2
79 2
75 1
75 1
73 2
75 2
0 2
71 2
71 1
80 3
78 7
0 1
76 3
75 1
76 2
78 2
76 2
0 1
68 3
75 2
75 1
0 1
73 10
0 1
75 2
76 1
78 2
78 1
76 3
75 2
73 4
76 2
75 10
0 5
76 2
78 1
80 2
80 1
78 3
76 1
75 2
0 1
66 2
76 1
75 3
73 10
0 3
75 2
73 1
71 2
73 1
73 1
75 2
80 3
79 1
75 1
75 1
73 2
75 4
71 2
80 1
80 1
78 2
80 2
78 1
75 3
78 2
75 6
70 3
0 2
75 3
71 11
