0 125
56 2
61 2
65 5
0 1
68 2
65 3
0 1
63 2
61 1
0 1
61 2
61 2
61 2
58 2
56 3
0 1
56 1
0 1
61 1
0 1
65 6
68 2
68 2
68 1
0 1
70 2
68 1
0 1
68 2
65 2
63 2
61 2
63 3
0 1
70 2
68 2
65 6
68 1
0 1
68 1
0 1
68 2
70 1
0 1
68 2
65 2
63 2
61 1
0 1
63 2
58 3
0 1
56 1
0 1
58 2
61 6
65 2
63 4
65 4
61 11
0 1
56 2
61 2
65 5
0 1
68 2
65 3
0 1
63 2
61 1
0 1
61 2
61 2
61 2
58 2
56 3
0 1
56 1
0 1
61 1
0 1
65 6
68 2
68 2
68 1
0 1
70 2
68 1
0 1
68 2
65 2
63 2
61 2
63 3
0 1
70 2
68 2
65 6
68 1
0 1
68 1
0 1
68 2
70 1
0 1
68 2
65 2
63 2
61 1
0 1
63 2
58 3
0 1
56 1
0 1
58 2
61 6
65 2
63 4
65 4
61 11
0 1
65 2
68 2
73 5
0 1
73 2
72 3
0 1
70 2
68 2
70 2
73 1
0 1
65 2
63 2
61 4
61 1
0 1
61 1
0 1
61 1
0 1
73 4
70 2
68 2
65 2
63 2
61 2
63 10
0 2
65 2
68 2
73 5
0 1
73 2
72 3
0 1
70 2
68 2
70 2
73 1
0 1
65 2
63 2
61 4
61 1
0 1
61 1
0 1
61 1
0 1
73 4
70 2
68 2
65 2
63 2
61 2
61 10
0 130
56 2
61 2
65 5
0 1
68 2
65 3
0 1
63 2
61 1
0 1
61 2
61 2
61 2
58 2
56 3
0 1
56 1
0 1
61 1
0 1
65 6
68 2
68 2
68 1
0 1
70 2
68 1
0 1
68 2
65 2
63 2
61 2
63 3
0 1
70 2
68 2
65 6
68 1
0 1
68 1
0 1
68 2
70 1
0 1
68 2
65 2
63 2
61 1
0 1
63 2
58 3
0 1
56 1
0 1
58 2
61 6
65 2
63 4
65 4
61 11
0 1
65 2
68 2
73 5
0 1
73 2
72 3
0 1
70 2
68 2
70 2
73 1
0 1
65 2
63 2
61 4
61 1
0 1
61 1
0 1
61 1
0 1
73 4
70 2
68 2
65 2
63 2
61 2
63 10
0 2
65 2
68 2
73 5
0 1
73 2
72 3
0 1
70 2
68 2
70 2
73 1
0 1
65 2
63 2
61 4
61 1
0 1
61 1
0 1
61 1
0 1
73 4
70 2
68 2
65 2
63 2
61 2
61 10
0 2
65 2
68 2
73 5
0 1
73 2
72 3
0 1
70 2
68 2
70 2
73 1
0 1
65 2
63 2
61 4
61 1
0 1
61 1
0 1
61 1
0 1
73 4
0 1
70 2
68 3
65 3
63 11
61 2
0 1
61 8
