C:maj [0, 4, 7] 0 5 
A:min7/b7 [0, 4, 7, 9] 7 5 
A:min [0, 4, 9] 9 1 
G:maj [2, 7, 11] 7 2 
C:sus2 [0, 2, 7] 0 7 
G:maj/3 [2, 7, 11] 11 2 
A:min [0, 4, 9] 9 2 
G:maj [2, 7, 11] 7 2 
F:maj [0, 5, 9] 5 4 
G:maj [2, 7, 11] 7 6 
C:maj [0, 4, 7] 0 4 
A:min [0, 4, 9] 9 9 
F:maj [0, 5, 9] 5 5 
E:min [4, 7, 11] 4 3 
C:maj/3 [0, 4, 7] 4 1 
D:sus2 [2, 4, 9] 2 2 
G:sus4 [0, 2, 7] 7 5 
C:sus2 [0, 2, 7] 0 8 
C:maj(9) [0, 2, 4, 7, 10] 0 1 
A:min7 [0, 4, 7, 9] 9 8 
F:maj6 [0, 2, 5, 9] 5 2 
F:maj [0, 5, 9] 5 2 
E:min [4, 7, 11] 4 3 
D:min [2, 5, 9] 2 4 
G:sus2 [2, 7, 9] 7 4 
G:7 [2, 5, 7, 11] 7 1 
C:sus2 [0, 2, 7] 0 3 
G:maj [2, 7, 11] 7 3 
A:min [0, 4, 9] 9 6 
G:maj [2, 7, 11] 7 3 
C:maj/5 [0, 4, 7] 7 1 
F:sus2 [0, 5, 7] 5 2 
E:min [4, 7, 11] 4 4 
D:min [2, 5, 9] 2 5 
G:sus2 [2, 7, 9] 7 5 
C:maj [0, 4, 7] 0 4 
E:maj [4, 8, 11] 4 4 
A:min [0, 4, 9] 9 2 
A:min7 [0, 4, 7, 9] 9 1 
F#:dim [0, 6, 9] 6 5 
E:min [4, 7, 11] 4 2 
A:min [0, 4, 9] 9 5 
D:min [2, 5, 9] 2 4 
D:min7 [0, 2, 5, 9] 2 1 
G:sus4 [0, 2, 7] 7 3 
C:maj [0, 4, 7] 0 5 
F:maj [0, 5, 9] 5 4 
G:maj [2, 7, 11] 7 4 
F:maj [0, 5, 9] 5 4 
C:maj [0, 4, 7] 0 8 
G:maj [2, 7, 11] 7 4 
F:maj [0, 5, 9] 5 1 
G:7 [2, 5, 7, 11] 7 3 
C:sus2 [0, 2, 7] 0 8 
A:min [0, 4, 9] 9 8 
F:maj [0, 5, 9] 5 4 
E:min [4, 7, 11] 4 4 
D:min [2, 5, 9] 2 4 
G:sus4 [0, 2, 7] 7 4 
C:sus2 [0, 2, 7] 0 8 
A:min [0, 4, 9] 9 8 
F:maj [0, 5, 9] 5 4 
E:min [4, 7, 11] 4 4 
D:min [2, 5, 9] 2 4 
G:maj [2, 7, 11] 7 8 
C:maj [0, 4, 7] 0 4 
G:maj [2, 7, 11] 7 4 
A:min [0, 4, 9] 9 4 
G:maj [2, 7, 11] 7 4 
F:maj [0, 5, 9] 5 4 
E:min [4, 7, 11] 4 4 
D:min [2, 5, 9] 2 4 
G:maj [2, 7, 11] 7 4 
C:maj [0, 4, 7] 0 4 
E:min [4, 7, 11] 4 4 
A:min [0, 4, 9] 9 2 
A:min7 [0, 4, 7, 9] 9 2 
F#:hdim7 [0, 3, 6, 9] 6 4 
E:min [4, 7, 11] 4 4 
A:min7 [0, 4, 7, 9] 9 4 
D:min [2, 5, 9] 2 3 
D:min7 [0, 2, 5, 9] 2 1 
G:maj [2, 7, 11] 7 4 
C:maj [0, 4, 7] 0 4 
F:maj [0, 5, 9] 5 4 
A:min [0, 4, 9] 9 4 
G:maj [2, 7, 11] 7 4 
F:maj [0, 5, 9] 5 8 
G:maj [2, 7, 11] 7 4 
C:maj [0, 4, 7] 0 4 
G:maj [2, 7, 11] 7 4 
A:min [0, 4, 9] 9 4 
G:maj [2, 7, 11] 7 4 
F:maj [0, 5, 9] 5 4 
C:maj [0, 4, 7] 0 4 
D:min [2, 5, 9] 2 4 
G:maj [2, 7, 11] 7 4 
C:maj [0, 4, 7] 0 4 
E:min [4, 7, 11] 4 4 
A:min [0, 4, 9] 9 2 
G:maj [2, 7, 11] 7 2 
F#:hdim7 [0, 3, 6, 9] 6 4 
E:min [4, 7, 11] 4 4 
A:min7 [0, 4, 7, 9] 9 4 
D:min [2, 5, 9] 2 3 
D:min7 [0, 2, 5, 9] 2 1 
G:maj [2, 7, 11] 7 4 
C:maj7/5 [0, 4, 7, 10] 7 1 
E:min/b3 [4, 7, 11] 7 2 
A:min7/b7 [0, 4, 7, 9] 7 5 
F:maj [0, 5, 9] 5 1 
G:maj [2, 7, 11] 7 2 
C:sus2 [0, 2, 7] 0 7 
G:maj [2, 7, 11] 7 2 
A:min [0, 4, 9] 9 4 
F:maj [0, 5, 9] 5 4 
G:maj [2, 7, 11] 7 13 
C:sus2 [0, 2, 7] 0 6 
