0 128
67 3
0 1
69 3
0 1
74 3
0 1
72 1
0 1
74 3
0 1
72 3
0 1
74 8
0 2
67 3
0 1
69 3
0 1
74 3
0 1
72 1
0 1
74 3
0 1
76 6
74 7
0 1
67 3
0 1
69 3
0 1
74 3
0 1
72 1
0 1
72 4
69 5
0 1
74 3
0 1
76 1
0 1
74 4
72 5
0 1
74 3
0 1
72 1
0 1
72 4
69 6
67 7
0 1
67 3
0 1
69 3
0 1
74 3
0 1
72 1
0 1
74 3
0 1
72 3
0 1
74 8
0 2
67 3
0 1
69 3
0 1
74 3
0 1
72 1
0 1
74 3
0 1
76 6
74 7
0 1
67 3
0 1
69 3
0 1
74 3
0 1
72 1
0 1
72 4
69 5
0 1
74 3
0 1
76 1
0 1
74 4
72 5
0 1
81 3
0 1
79 1
0 1
79 4
76 6
74 7
0 1
72 3
0 1
74 3
0 1
79 8
72 3
0 1
74 1
0 1
76 8
0 2
76 2
74 1
0 1
74 2
72 2
76 3
0 1
84 3
0 1
83 3
0 1
81 1
0 1
76 9
0 1
83 2
0 1
81 2
0 1
79 2
81 7
0 1
81 2
0 1
79 3
77 2
79 6
0 2
76 2
74 2
72 2
74 5
0 1
72 4
69 3
76 3
74 2
74 7
0 1
72 3
0 1
74 3
0 1
79 8
72 3
0 1
74 1
0 1
76 8
0 2
76 2
74 1
0 1
74 2
72 2
76 3
0 1
84 3
0 1
83 3
0 1
84 1
0 1
81 9
0 1
81 3
0 1
88 3
0 1
86 3
0 1
83 3
0 1
79 4
76 4
81 8
76 1
0 1
74 1
0 1
72 1
0 1
74 6
81 3
0 1
81 3
0 1
79 4
74 3
0 1
76 6
0 2
74 3
0 1
72 15
0 105
67 3
0 1
69 3
0 1
74 3
0 1
72 1
0 1
74 3
0 1
72 3
0 1
74 8
0 2
67 3
0 1
69 3
0 1
74 3
0 1
72 1
0 1
74 3
0 1
76 6
74 7
0 1
67 3
0 1
69 3
0 1
74 3
0 1
72 1
0 1
72 4
69 5
0 1
74 3
0 1
76 1
0 1
74 4
72 5
0 1
74 3
0 1
72 1
0 1
72 4
69 6
67 7
0 1
67 3
0 1
69 3
0 1
74 3
0 1
72 1
0 1
74 3
0 1
72 3
0 1
74 8
0 2
67 3
0 1
69 3
0 1
74 3
0 1
72 1
0 1
74 3
0 1
76 6
74 7
0 1
67 3
0 1
69 3
0 1
74 3
0 1
72 1
0 1
72 4
69 5
0 1
74 3
0 1
76 1
0 1
74 4
72 5
0 1
81 3
0 1
79 1
0 1
79 4
76 6
74 7
0 17
72 3
0 1
74 3
0 1
79 8
72 3
0 1
74 1
0 1
76 8
0 2
76 2
74 1
0 1
74 2
72 2
76 3
0 1
84 3
0 1
83 3
0 1
81 1
0 1
76 9
0 1
83 2
0 1
81 2
0 1
79 2
81 7
0 1
81 2
0 1
79 3
77 2
79 6
0 2
76 2
74 2
72 2
74 5
0 1
72 4
69 3
76 3
74 2
74 7
0 1
72 3
0 1
74 3
0 1
79 8
72 3
0 1
74 1
0 1
76 8
0 2
76 2
74 1
0 1
74 2
72 2
76 3
0 1
84 3
0 1
83 3
0 1
84 1
0 1
81 9
0 1
81 3
0 1
88 3
0 1
86 3
0 1
83 3
0 1
79 4
76 4
81 8
76 1
0 1
74 1
0 1
72 1
0 1
74 6
81 3
0 1
81 3
0 1
79 4
74 3
0 1
76 6
0 2
74 3
0 1
72 15
0 89
72 3
0 1
74 3
0 1
79 8
72 3
0 1
74 1
0 1
76 8
0 2
76 2
74 1
0 1
74 2
72 2
76 3
0 1
84 3
0 1
83 3
0 1
81 1
0 1
76 9
0 1
83 2
0 1
81 2
0 1
79 2
81 7
0 1
81 2
0 1
79 3
77 2
79 6
0 2
76 2
74 2
72 2
74 5
0 1
72 4
69 3
76 3
74 2
74 7
0 1
72 3
0 1
74 3
0 1
79 8
72 3
0 1
74 1
0 1
76 8
0 2
76 2
74 1
0 1
74 2
72 2
76 3
0 1
84 3
0 1
83 3
0 1
84 1
0 1
81 9
0 1
81 3
0 1
88 3
0 1
86 3
0 1
83 3
0 1
79 4
76 4
81 8
76 1
0 1
74 1
0 1
72 1
0 1
74 6
81 3
0 1
81 3
0 1
79 4
74 3
0 1
76 6
0 2
74 3
0 1
72 15
