E:maj [4, 8, 11] 4 4 
Ab:min/5 [3, 8, 11] 3 4 
C#:min [1, 4, 8] 1 4 
A:maj7 [1, 4, 7, 9] 9 4 
E:maj [4, 8, 11] 4 4 
Ab:min/5 [3, 8, 11] 3 4 
C#:min [1, 4, 8] 1 4 
E:maj [4, 8, 11] 4 4 
A:maj7 [1, 4, 7, 9] 9 4 
B:maj [3, 6, 11] 11 2 
C#:min [1, 4, 8] 1 2 
F#:maj [1, 6, 10] 6 4 
B:maj [3, 6, 11] 11 4 
E:maj [4, 8, 11] 4 4 
Ab:min/5 [3, 8, 11] 3 4 
C#:min [1, 4, 8] 1 4 
Ab:min/b3 [3, 8, 11] 11 4 
A:maj7 [1, 4, 7, 9] 9 4 
Ab:min [3, 8, 11] 8 2 
C#:min [1, 4, 8] 1 2 
F#:maj [1, 6, 10] 6 4 
B:maj [3, 6, 11] 11 4 
E:maj [4, 8, 11] 4 2 
B:maj [3, 6, 11] 11 2 
C#:min [1, 4, 8] 1 2 
B:maj [3, 6, 11] 11 2 
A:maj [1, 4, 9] 9 2 
Ab:min7 [3, 6, 8, 11] 8 2 
F#:min [1, 6, 9] 6 2 
B:maj [3, 6, 11] 11 2 
E:maj [4, 8, 11] 4 2 
B:maj [3, 6, 11] 11 2 
C#:min [1, 4, 8] 1 2 
E:maj [4, 8, 11] 4 2 
A:maj [1, 4, 9] 9 2 
Ab:min [3, 8, 11] 8 2 
F#:min [1, 6, 9] 6 2 
B:maj [3, 6, 11] 11 2 
A:maj [1, 4, 9] 9 4 
Ab:min [3, 8, 11] 8 2 
C#:min7 [1, 4, 8, 11] 1 2 
C#:min [1, 4, 8] 1 4 
B:maj [3, 6, 11] 11 4 
E:maj [4, 8, 11] 4 4 
Ab:min/5 [3, 8, 11] 3 4 
C#:min [1, 4, 8] 1 4 
Ab:min/b3 [3, 8, 11] 11 4 
A:maj7 [1, 4, 7, 9] 9 4 
Ab:min [3, 8, 11] 8 2 
C#:min [1, 4, 8] 1 2 
F#:maj [1, 6, 10] 6 4 
B:maj [3, 6, 11] 11 4 
E:maj [4, 8, 11] 4 2 
B:maj [3, 6, 11] 11 2 
C#:min [1, 4, 8] 1 2 
B:maj [3, 6, 11] 11 2 
A:maj [1, 4, 9] 9 2 
Ab:min7 [3, 6, 8, 11] 8 2 
F#:min [1, 6, 9] 6 2 
B:maj [3, 6, 11] 11 2 
E:maj [4, 8, 11] 4 2 
B:maj [3, 6, 11] 11 2 
C#:min [1, 4, 8] 1 2 
B:maj [3, 6, 11] 11 2 
A:maj [1, 4, 9] 9 2 
Ab:min [3, 8, 11] 8 2 
F#:min [1, 6, 9] 6 2 
A:maj [1, 4, 9] 9 2 
C#:min [1, 4, 8] 1 4 
C:aug [0, 4, 8] 0 4 
E:maj/5 [4, 8, 11] 11 4 
F#:maj [1, 6, 10] 6 4 
F#:min [1, 6, 9] 6 1 
Ab:min [3, 8, 11] 8 1 
D:maj/5 [2, 6, 9] 9 2 
B:maj [3, 6, 11] 11 4 
E:maj [4, 8, 11] 4 2 
B:maj [3, 6, 11] 11 2 
C#:min [1, 4, 8] 1 2 
B:maj [3, 6, 11] 11 2 
A:maj [1, 4, 9] 9 2 
Ab:min7 [3, 6, 8, 11] 8 2 
F#:min [1, 6, 9] 6 2 
B:maj [3, 6, 11] 11 2 
E:maj [4, 8, 11] 4 2 
B:maj [3, 6, 11] 11 2 
C#:min [1, 4, 8] 1 2 
B:maj [3, 6, 11] 11 1 
E:maj [4, 8, 11] 4 1 
A:maj [1, 4, 9] 9 2 
Ab:min [3, 8, 11] 8 2 
F#:maj [1, 6, 10] 6 1 
Ab:min [3, 8, 11] 8 1 
A:maj [1, 4, 9] 9 1 
A:maj7 [1, 4, 7, 9] 9 1 
C#:min [1, 4, 8] 1 2 
Bb:dim [1, 4, 10] 10 4 
Ab:min7/b7 [3, 6, 8, 11] 6 1 
B:sus4(b7,9) [1, 3, 6, 9, 11] 11 4 
B:sus2 [1, 6, 11] 11 1 
E:maj [4, 8, 11] 4 6 
E:maj7 [2, 4, 8, 11] 4 4 
E:maj [4, 8, 11] 4 3 
E:maj7 [2, 4, 8, 11] 4 4 
E:maj [4, 8, 11] 4 1 
