0 62
59 1
0 1
64 1
0 1
66 1
0 1
68 1
0 1
71 3
0 1
68 3
0 1
63 7
0 9
59 1
0 1
64 2
66 1
0 1
68 2
71 3
0 1
68 3
0 1
71 10
0 4
66 1
0 1
68 2
73 2
66 1
0 1
68 2
73 5
0 1
66 1
0 1
68 1
0 1
71 2
66 1
0 1
68 2
71 4
0 4
71 1
0 1
71 1
0 1
68 3
0 1
61 3
0 1
68 3
0 1
66 12
0 4
59 1
0 1
64 1
0 1
66 1
0 1
68 1
0 1
71 3
0 1
68 3
0 1
63 7
0 9
59 1
0 1
64 2
66 1
0 1
68 2
71 3
0 1
68 3
0 1
71 10
0 4
66 1
0 1
68 2
73 2
66 1
0 1
68 2
73 5
0 1
66 1
0 1
68 1
0 1
71 2
66 1
0 1
68 2
71 4
0 4
71 1
0 1
71 1
0 1
73 2
76 1
0 1
76 3
0 1
73 3
0 1
78 2
78 10
0 4
71 1
0 1
71 2
76 1
76 2
0 1
75 4
76 1
0 1
71 1
0 1
68 1
0 1
71 1
0 1
76 1
76 2
0 1
75 2
0 2
76 1
0 1
71 2
64 1
0 1
73 3
0 1
64 3
0 1
71 3
0 1
64 2
0 2
73 2
71 1
73 1
0 1
68 3
66 4
0 2
71 1
0 1
71 2
76 1
76 2
0 1
75 4
76 1
0 1
71 1
0 1
68 1
0 1
71 1
0 1
76 1
76 2
0 1
75 2
0 2
76 1
0 1
78 2
76 1
0 1
80 4
0 2
81 1
80 2
0 1
76 6
71 2
73 1
76 2
0 1
73 2
78 2
0 2
75 2
76 1
0 1
76 11
0 51
59 1
0 1
64 1
0 1
66 1
0 1
68 1
0 1
71 3
0 1
68 3
0 1
63 7
0 9
59 1
0 1
64 2
66 1
0 1
68 2
71 3
0 1
68 3
0 1
71 10
0 4
66 1
0 1
68 2
73 2
66 1
0 1
68 2
73 5
0 1
66 1
0 1
68 1
0 1
71 2
66 1
0 1
68 2
71 4
0 4
71 1
0 1
71 1
0 1
73 2
76 1
0 1
76 3
0 1
73 3
0 1
78 1
0 1
78 13
0 1
71 1
0 1
71 2
76 1
76 2
0 1
75 4
76 1
0 1
71 1
0 1
68 1
0 1
71 1
0 1
76 1
76 2
0 1
75 2
0 2
76 1
0 1
71 2
64 1
0 1
73 3
0 1
64 3
0 1
71 3
0 1
64 2
0 2
73 2
71 1
73 1
0 1
68 3
66 4
0 2
71 1
0 1
71 2
76 1
76 2
0 1
75 4
76 1
0 1
71 1
0 1
68 1
0 1
71 1
0 1
76 1
76 2
0 1
75 2
0 2
76 1
0 1
78 2
76 1
0 1
80 4
0 2
81 1
80 2
0 1
76 6
71 2
73 1
76 2
0 1
73 1
76 2
0 3
75 2
76 1
0 1
76 5
0 1
76 1
76 1
75 1
0 1
76 1
0 1
78 2
0 1
76 6
0 1
76 1
76 1
75 2
76 1
78 3
76 7
0 1
76 1
76 1
75 1
0 1
76 1
0 1
78 1
76 1
80 7
0 1
78 1
76 3
73 4
71 1
73 1
76 2
71 1
73 1
0 1
76 2
0 1
76 2
78 1
80 2
0 1
81 1
0 1
78 14
71 1
0 1
71 2
76 1
76 2
0 1
75 4
76 1
0 1
71 1
0 1
68 1
0 1
71 1
0 1
76 1
76 2
0 1
75 2
0 2
76 1
0 1
71 2
64 1
0 1
73 3
0 1
64 3
0 1
71 3
0 1
64 2
0 2
73 2
71 1
73 1
0 1
68 3
66 4
0 2
71 1
0 1
71 2
76 1
76 2
0 1
75 4
76 1
0 1
71 1
0 1
68 1
0 1
71 1
0 1
76 1
76 2
0 1
75 2
0 2
76 1
0 1
78 1
0 1
76 1
0 1
80 4
0 2
81 1
80 2
0 1
76 6
71 2
73 1
76 2
0 1
73 2
78 2
0 2
75 2
76 1
0 1
76 11
0 11
71 2
0 1
73 1
0 1
76 3
73 2
76 9
0 5
75 3
76 2
76 15
