0 92
60 1
0 1
62 2
63 4
60 4
63 4
62 4
58 6
62 2
60 17
0 3
60 2
62 1
0 1
63 4
60 4
63 3
0 1
65 4
62 6
65 2
67 21
0 3
70 4
72 5
67 3
68 4
65 7
0 1
68 4
70 4
67 2
0 2
67 3
0 1
63 7
0 1
65 3
0 1
63 4
61 3
0 1
61 3
0 1
63 3
0 1
65 3
0 1
67 19
0 1
60 1
0 1
62 2
63 4
60 4
63 4
62 4
58 6
62 2
60 17
0 3
60 2
62 1
0 1
63 4
60 4
63 3
0 1
65 4
62 6
65 2
67 21
0 3
70 4
72 5
67 3
68 4
65 7
0 1
68 4
70 4
67 2
0 2
65 3
0 1
63 7
0 1
65 3
0 1
63 3
0 1
61 3
0 1
61 3
0 1
63 3
0 1
65 3
0 1
67 19
0 3
60 1
0 1
72 3
0 1
72 3
0 1
72 3
0 1
72 4
70 5
0 1
68 2
67 2
68 2
67 17
0 1
67 2
72 3
0 1
72 3
0 1
72 3
0 1
72 4
70 4
65 4
70 4
67 15
0 5
65 3
0 1
67 5
0 1
68 2
67 4
65 5
0 1
68 2
67 4
65 4
67 4
60 10
0 2
63 4
65 4
63 4
67 4
65 4
67 4
62 21
0 1
60 1
0 1
72 3
0 1
72 3
0 1
72 3
0 1
72 4
70 5
0 1
68 2
67 2
68 2
67 17
0 1
67 2
72 3
0 1
72 3
0 1
72 3
0 1
72 4
70 4
65 4
70 4
67 15
0 5
65 3
0 1
67 5
0 1
68 2
67 4
65 5
0 1
68 2
67 4
65 4
67 4
60 10
0 2
63 4
65 4
63 4
67 4
65 4
63 4
62 4
60 21
0 187
61 1
0 1
63 2
64 4
61 4
64 4
63 4
59 6
63 2
61 17
0 3
61 2
63 1
0 1
64 4
61 4
64 3
0 1
66 4
63 6
66 2
68 21
0 3
71 4
73 5
68 3
69 4
66 7
0 1
69 4
71 4
68 2
0 2
66 3
0 1
64 7
0 1
66 3
0 1
64 4
62 3
0 1
62 3
0 1
64 3
0 1
66 3
0 1
68 19
0 3
61 1
0 1
73 3
0 1
73 3
0 1
73 3
0 1
73 4
71 5
0 1
69 2
68 2
69 2
68 17
0 1
68 2
73 3
0 1
73 3
0 1
73 3
0 1
73 4
71 4
66 4
71 4
68 15
0 5
66 3
0 1
68 5
0 1
69 2
68 4
66 5
0 1
69 2
68 4
66 4
68 4
61 10
0 2
64 4
66 4
64 4
68 4
66 4
68 4
63 21
0 1
61 1
0 1
73 3
0 1
73 3
0 1
73 3
0 1
73 4
71 5
0 1
69 2
68 2
69 2
68 17
0 1
68 2
73 3
0 1
73 3
0 1
73 3
0 1
73 4
71 4
66 4
71 4
68 15
0 5
66 3
0 1
68 5
0 1
69 2
68 4
66 5
0 1
69 2
68 4
66 4
68 4
61 10
0 2
64 4
66 4
64 4
68 4
66 4
64 4
63 4
61 14
0 4
61 1
0 1
73 3
0 1
73 3
0 1
73 3
0 1
73 4
71 5
0 1
69 2
68 2
69 2
68 17
0 1
68 2
73 3
0 1
73 3
0 1
73 3
0 1
73 4
71 4
66 4
71 4
68 15
0 5
66 3
0 1
68 5
0 1
69 2
68 4
66 5
0 1
69 2
68 4
66 4
68 4
61 10
0 2
64 4
66 4
64 4
68 4
66 16
0 2
76 6
75 2
73 20
