Eb:min [3, 6, 10] 3 2 
C#:sus4 [1, 6, 8] 1 2 
Eb:sus2 [3, 5, 10] 3 4 
C#:sus4 [1, 6, 8] 1 4 
Bb:min [1, 5, 10] 10 2 
Bb:maj [2, 5, 10] 10 2 
Eb:min [3, 6, 10] 3 4 
Ab:min [3, 8, 11] 8 2 
C#:maj [1, 5, 8] 1 4 
Bb:sus4(b7) [3, 5, 10] 10 2 
Eb:min [3, 6, 10] 3 12 
Ab:min [3, 8, 11] 8 4 
Eb:min(9)/5 [1, 3, 5, 6, 10] 10 4 
Eb:sus2 [3, 5, 10] 3 4 
Ab:maj [0, 3, 8] 8 4 
Bb:min [1, 5, 10] 10 4 
Eb:sus2 [3, 5, 10] 3 12 
Ab:min [3, 8, 11] 8 4 
Bb:min [1, 5, 10] 10 4 
Eb:min [3, 6, 10] 3 4 
Ab:min [3, 8, 11] 8 4 
Bb:min7 [1, 5, 8, 10] 10 4 
Eb:min [3, 6, 10] 3 6 
C#:maj [1, 5, 8] 1 2 
Eb:min [3, 6, 10] 3 4 
C#:maj [1, 5, 8] 1 4 
Bb:min [1, 5, 10] 10 4 
Eb:min [3, 6, 10] 3 4 
Ab:min [3, 8, 11] 8 2 
C#:maj [1, 5, 8] 1 2 
Bb:min [1, 5, 10] 10 4 
Eb:min [3, 6, 10] 3 6 
C#:maj [1, 5, 8] 1 2 
Eb:min [3, 6, 10] 3 4 
C#:maj [1, 5, 8] 1 4 
Bb:min [1, 5, 10] 10 4 
Eb:min [3, 6, 10] 3 4 
Ab:min [3, 8, 11] 8 2 
C#:maj [1, 5, 8] 1 2 
Bb:min7 [1, 5, 8, 10] 10 4 
Eb:min [3, 6, 10] 3 6 
C#:sus4 [1, 6, 8] 1 2 
Eb:sus2 [3, 5, 10] 3 4 
C#:sus4 [1, 6, 8] 1 4 
F#:maj7 [1, 4, 6, 10] 6 2 
Bb:maj [2, 5, 10] 10 2 
Eb:min [3, 6, 10] 3 4 
Ab:min [3, 8, 11] 8 2 
C#:maj [1, 5, 8] 1 4 
Bb:sus4(b7) [3, 5, 10] 10 2 
Eb:min [3, 6, 10] 3 12 
Ab:min [3, 8, 11] 8 4 
Bb:min [1, 5, 10] 10 4 
Eb:sus2 [3, 5, 10] 3 4 
Ab:maj [0, 3, 8] 8 4 
Bb:min [1, 5, 10] 10 4 
Eb:sus2 [3, 5, 10] 3 6 
Eb:min [3, 6, 10] 3 6 
C#:maj [1, 5, 8] 1 4 
Bb:min [1, 5, 10] 10 4 
Eb:min [3, 6, 10] 3 4 
Ab:min [3, 8, 11] 8 4 
Bb:min7 [1, 5, 8, 10] 10 4 
Eb:min [3, 6, 10] 3 6 
C#:maj [1, 5, 8] 1 2 
Eb:min [3, 6, 10] 3 4 
C#:maj [1, 5, 8] 1 4 
Bb:min [1, 5, 10] 10 4 
Eb:min [3, 6, 10] 3 4 
Ab:min [3, 8, 11] 8 2 
C#:maj [1, 5, 8] 1 2 
Bb:min [1, 5, 10] 10 4 
Eb:min [3, 6, 10] 3 8 
Ab:min [3, 8, 11] 8 4 
Bb:min [1, 5, 10] 10 4 
Eb:min [3, 6, 10] 3 4 
Bb:min [1, 5, 10] 10 2 
Bb:min7 [1, 5, 8, 10] 10 2 
Eb:sus2 [3, 5, 10] 3 2 
