G:maj [2, 7, 11] 7 2 
A:maj [1, 4, 9] 9 2 
B:min [2, 6, 11] 11 4 
G:maj [2, 7, 11] 7 2 
A:maj [1, 4, 9] 9 2 
B:min [2, 6, 11] 11 4 
G:maj [2, 7, 11] 7 2 
A:maj [1, 4, 9] 9 2 
B:min [2, 6, 11] 11 4 
G:maj [2, 7, 11] 7 2 
A:maj [1, 4, 9] 9 2 
B:min [2, 6, 11] 11 4 
G:maj [2, 7, 11] 7 2 
A:maj [1, 4, 9] 9 2 
B:min [2, 6, 11] 11 4 
G:maj [2, 7, 11] 7 2 
A:maj [1, 4, 9] 9 2 
B:min [2, 6, 11] 11 4 
G:maj [2, 7, 11] 7 2 
A:maj [1, 4, 9] 9 2 
D:maj [2, 6, 9] 2 2 
B:min [2, 6, 11] 11 2 
G:maj [2, 7, 11] 7 4 
A:maj [1, 4, 9] 9 4 
G:maj [2, 7, 11] 7 2 
A:maj [1, 4, 9] 9 2 
B:min [2, 6, 11] 11 4 
G:maj [2, 7, 11] 7 2 
A:maj [1, 4, 9] 9 2 
B:min [2, 6, 11] 11 4 
G:maj [2, 7, 11] 7 2 
A:maj [1, 4, 9] 9 2 
B:min [2, 6, 11] 11 4 
G:maj [2, 7, 11] 7 4 
A:maj [1, 4, 9] 9 4 
G:maj [2, 7, 11] 7 2 
A:maj [1, 4, 9] 9 2 
B:min [2, 6, 11] 11 4 
G:maj [2, 7, 11] 7 2 
A:maj [1, 4, 9] 9 2 
B:min [2, 6, 11] 11 4 
G:maj [2, 7, 11] 7 2 
A:maj [1, 4, 9] 9 2 
B:min [2, 6, 11] 11 4 
G:maj [2, 7, 11] 7 2 
A:maj [1, 4, 9] 9 2 
B:min [2, 6, 11] 11 4 
G:maj [2, 7, 11] 7 2 
A:maj [1, 4, 9] 9 2 
D:maj [2, 6, 9] 2 2 
B:min [2, 6, 11] 11 2 
G:maj [2, 7, 11] 7 4 
A:maj [1, 4, 9] 9 4 
G:maj [2, 7, 11] 7 2 
A:maj [1, 4, 9] 9 2 
B:min [2, 6, 11] 11 4 
G:maj [2, 7, 11] 7 2 
A:maj [1, 4, 9] 9 2 
B:min [2, 6, 11] 11 4 
G:maj [2, 7, 11] 7 2 
A:maj [1, 4, 9] 9 2 
B:min [2, 6, 11] 11 4 
G:maj [2, 7, 11] 7 4 
A:maj [1, 4, 9] 9 4 
E:maj [4, 8, 11] 4 4 
G:min [2, 7, 10] 7 4 
D:maj [2, 6, 9] 2 4 
G:min [2, 7, 10] 7 4 
D:maj [2, 6, 9] 2 4 
G:min [2, 7, 10] 7 6 
A:maj [1, 4, 9] 9 2 
B:min [2, 6, 11] 11 4 
G:maj [2, 7, 11] 7 2 
A:maj [1, 4, 9] 9 2 
B:min [2, 6, 11] 11 4 
G:maj [2, 7, 11] 7 2 
A:maj [1, 4, 9] 9 2 
B:min [2, 6, 11] 11 4 
G:maj [2, 7, 11] 7 4 
A:maj [1, 4, 9] 9 4 
G:maj [2, 7, 11] 7 2 
A:maj [1, 4, 9] 9 2 
B:min [2, 6, 11] 11 4 
G:maj [2, 7, 11] 7 2 
A:maj [1, 4, 9] 9 2 
B:min [2, 6, 11] 11 4 
G:maj [2, 7, 11] 7 2 
A:maj [1, 4, 9] 9 2 
B:min [2, 6, 11] 11 4 
G:maj [2, 7, 11] 7 4 
A:maj [1, 4, 9] 9 4 
G:maj [2, 7, 11] 7 2 
A:maj [1, 4, 9] 9 2 
B:min [2, 6, 11] 11 4 
G:maj [2, 7, 11] 7 2 
A:maj [1, 4, 9] 9 2 
B:min [2, 6, 11] 11 4 
G:maj [2, 7, 11] 7 2 
A:maj [1, 4, 9] 9 2 
B:min [2, 6, 11] 11 4 
G:maj [2, 7, 11] 7 2 
A:maj [1, 4, 9] 9 2 
