0 132
78 1
78 1
78 1
78 1
76 1
0 1
73 1
0 3
74 4
73 1
0 1
71 1
0 1
74 6
0 8
78 1
78 1
78 1
78 1
76 1
0 1
81 3
0 1
73 2
0 2
74 2
69 2
73 4
74 2
69 2
71 5
0 1
78 1
76 1
74 1
76 1
76 1
0 2
69 2
0 1
69 4
0 2
78 1
76 1
74 1
0 1
76 3
73 3
71 6
78 1
0 5
69 1
0 1
78 1
0 1
76 3
0 1
81 5
0 1
81 1
0 1
78 1
0 1
74 1
0 1
71 5
0 1
81 2
76 3
0 1
73 1
0 1
69 1
0 1
73 3
0 1
74 3
0 3
81 2
78 2
74 2
83 4
81 1
0 1
81 1
83 5
81 1
0 1
81 1
0 1
78 3
76 1
74 2
0 2
74 1
0 1
81 2
78 2
74 1
0 1
74 4
0 2
81 1
0 1
76 5
0 1
73 1
0 1
73 3
0 1
74 4
0 1
74 1
81 2
78 1
0 1
78 1
0 1
76 2
74 11
0 1
78 2
76 4
78 1
0 3
69 1
0 1
73 1
0 1
74 2
69 2
73 2
71 9
0 59
78 1
78 1
78 1
78 1
76 1
0 1
73 3
0 1
74 4
73 1
0 1
71 1
0 1
74 6
0 8
78 1
78 1
78 1
78 1
76 1
0 1
81 3
0 1
73 2
0 2
74 2
69 2
73 2
0 2
74 2
0 1
71 7
78 1
76 1
74 1
76 1
76 1
0 1
69 3
0 1
69 4
0 2
78 1
76 1
74 1
0 1
76 3
73 3
74 11
0 1
71 1
0 1
78 1
76 5
81 5
0 1
81 1
0 1
78 1
0 1
74 1
0 1
71 5
0 1
81 2
76 3
0 1
73 1
0 1
69 1
0 1
73 3
0 1
74 3
0 3
81 2
78 2
74 2
83 5
0 1
81 1
0 1
83 5
0 1
81 1
78 4
76 1
74 2
0 2
74 1
0 1
81 2
78 2
74 1
0 1
74 4
0 2
81 1
0 1
76 3
78 1
0 2
73 1
0 1
73 3
0 1
74 4
0 1
74 1
81 2
78 1
0 1
78 1
0 1
76 1
74 1
74 12
78 2
76 4
78 1
0 3
69 1
0 1
73 1
0 1
74 2
69 2
73 5
0 1
74 1
0 1
74 4
74 1
0 1
76 1
77 3
76 2
77 9
0 1
77 2
76 4
0 10
76 2
74 4
0 10
79 2
78 4
81 10
79 2
78 1
0 7
74 2
81 1
0 1
79 1
0 1
81 1
0 1
78 1
76 1
74 4
81 2
76 3
0 1
73 1
0 1
69 1
0 1
73 3
0 1
74 3
0 3
81 2
78 2
74 2
83 4
81 1
0 1
81 1
0 1
83 4
81 1
81 3
78 3
76 1
74 2
0 2
74 1
0 1
81 2
78 2
74 1
0 1
74 4
0 2
81 1
0 1
76 3
78 1
0 2
73 1
0 1
73 3
0 1
74 4
0 1
74 1
81 2
78 1
0 1
78 1
76 1
74 1
76 1
74 8
0 4
78 1
74 1
76 4
81 1
0 3
81 1
0 1
78 1
0 1
78 2
74 2
74 1
71 4
0 1
81 1
78 1
76 4
73 1
0 1
69 1
0 1
73 3
0 1
74 4
0 2
81 2
78 2
74 1
0 1
83 6
81 1
0 1
83 4
86 4
78 3
76 1
74 2
0 2
74 2
81 1
0 1
78 1
0 1
74 1
0 1
74 5
0 1
81 1
0 1
76 4
73 2
73 2
73 3
0 1
74 2
76 1
0 6
71 1
74 1
76 1
78 1
0 1
78 1
0 1
76 1
0 1
71 1
0 1
74 7
76 1
76 4
78 1
0 3
69 2
73 2
74 2
69 2
73 2
71 9
