C:maj [0, 4, 7] 0 12
Bb:maj [2, 5, 10] 10 4
C:maj [0, 4, 7] 0 8
F:maj [0, 5, 9] 5 4
G:sus4 [0, 2, 7] 7 4
C:maj [0, 4, 7] 0 8
F:maj [0, 5, 9] 5 5
C:maj [0, 4, 7] 0 3
E:min [4, 7, 11] 4 3
F:maj [0, 5, 9] 5 5
D:min [2, 5, 9] 2 8
G:sus4(b7) [0, 2, 7] 7 8
C:maj [0, 4, 7] 0 8
F:maj [0, 5, 9] 5 5
C:maj [0, 4, 7] 0 3
E:min [4, 7, 11] 4 3
F:maj [0, 5, 9] 5 5
D:min [2, 5, 9] 2 8
C:sus4 [0, 5, 7] 0 8
F:maj [0, 5, 9] 5 3
F:maj7 [0, 3, 5, 9] 5 1
A:min [0, 4, 9] 9 1
A:maj [1, 4, 9] 9 2
F:maj [0, 5, 9] 5 5
G:sus4 [0, 2, 7] 7 4
Bb:maj [2, 5, 10] 10 4
A:min [0, 4, 9] 9 3
F:maj [0, 5, 9] 5 5
G:maj [2, 7, 11] 7 8
C:maj [0, 4, 7] 0 5
E:min [4, 7, 11] 4 3
F:maj7 [0, 3, 5, 9] 5 4
F:maj7/3 [0, 3, 5, 9] 9 4
F:maj [0, 5, 9] 5 4
E:min [4, 7, 11] 4 4
D:min [2, 5, 9] 2 3
G:sus2 [2, 7, 9] 7 4
G:7 [2, 5, 7, 11] 7 1
C:sus2 [0, 2, 7] 0 4
C:maj/3 [0, 4, 7] 4 1
E:min [4, 7, 11] 4 3
F:maj7 [0, 3, 5, 9] 5 4
F:maj7/3 [0, 3, 5, 9] 9 4
F:maj7 [0, 3, 5, 9] 5 4
E:min [4, 7, 11] 4 4
D:maj [2, 6, 9] 2 3
G:sus2 [2, 7, 9] 7 5
F:maj [0, 5, 9] 5 1
F:sus2 [0, 5, 7] 5 7
C:maj7/3 [0, 4, 7, 10] 4 5
E:min7/b7 [2, 4, 7, 11] 2 7
G:7 [2, 5, 7, 11] 7 4
C:maj7 [0, 4, 7, 10] 0 6
C:maj [0, 4, 7] 0 2
F:maj7 [0, 3, 5, 9] 5 8
C:maj7/3 [0, 4, 7, 10] 4 4
A:min [0, 4, 9] 9 4
Ab:maj [0, 3, 8] 8 8
G:sus4 [0, 2, 7] 7 17
C:maj [0, 4, 7] 0 7
F:maj [0, 5, 9] 5 5
C:maj [0, 4, 7] 0 3
C:maj(9) [0, 2, 4, 7, 10] 0 3
F:maj [0, 5, 9] 5 5
D:min [2, 5, 9] 2 8
C:sus4 [0, 5, 7] 0 8
F:maj [0, 5, 9] 5 3
F:maj7 [0, 3, 5, 9] 5 1
A:min [0, 4, 9] 9 1
A:maj [1, 4, 9] 9 2
F:maj [0, 5, 9] 5 5
G:sus4 [0, 2, 7] 7 4
Bb:maj [2, 5, 10] 10 4
A:min [0, 4, 9] 9 3
F:maj [0, 5, 9] 5 5
G:maj [2, 7, 11] 7 8
C:maj [0, 4, 7] 0 5
E:min [4, 7, 11] 4 3
F:maj7 [0, 3, 5, 9] 5 5
A:min7 [0, 4, 7, 9] 9 3
F:maj [0, 5, 9] 5 4
E:min [4, 7, 11] 4 4
D:min [2, 5, 9] 2 3
G:sus2 [2, 7, 9] 7 4
G:7 [2, 5, 7, 11] 7 1
C:sus2 [0, 2, 7] 0 4
C:maj/3 [0, 4, 7] 4 1
E:min [4, 7, 11] 4 3
F:maj7 [0, 3, 5, 9] 5 5
A:min7 [0, 4, 7, 9] 9 3
F:maj [0, 5, 9] 5 4
E:min [4, 7, 11] 4 4
D:min [2, 5, 9] 2 3
G:sus2 [2, 7, 9] 7 5
D:7 [0, 2, 6, 9] 2 6
F:maj6 [0, 2, 5, 9] 5 3
E:min7 [2, 4, 7, 11] 4 4
A:sus4 [2, 4, 9] 9 5
D:sus2 [2, 4, 9] 2 5
G:maj [2, 7, 11] 7 8
C:sus2 [0, 2, 7] 0 10
F:sus2 [0, 5, 7] 5 9
C:maj [0, 4, 7] 0 5
