0 130
64 1
0 1
64 1
0 1
64 1
0 1
64 1
0 1
62 1
0 1
62 2
60 2
62 2
62 1
0 1
62 2
60 2
62 2
57 5
0 3
60 1
0 1
60 1
0 1
60 1
0 1
60 1
0 1
57 1
0 1
57 2
60 1
0 1
64 2
62 1
0 1
62 1
0 1
60 1
0 1
57 4
55 4
0 2
64 1
0 1
64 1
0 1
67 1
0 1
67 2
64 3
0 1
60 2
62 3
0 1
62 1
0 1
64 1
0 1
57 2
62 4
0 4
60 1
0 1
60 1
0 1
60 1
0 1
60 2
57 1
0 1
57 2
60 1
0 1
64 3
0 1
62 1
0 1
62 6
0 2
57 2
64 2
60 2
62 12
0 18
64 1
0 1
64 1
0 1
64 1
0 1
64 1
0 1
62 1
0 1
62 2
60 2
62 2
62 1
0 1
62 2
60 2
62 2
57 5
0 3
60 1
0 1
60 1
0 1
60 1
0 1
60 1
0 1
57 1
0 1
57 2
60 1
0 1
64 4
62 1
0 1
60 1
0 1
57 2
55 6
0 2
64 1
0 1
64 1
0 1
67 1
0 1
67 2
64 2
62 2
60 2
62 2
62 2
62 1
0 1
64 1
0 1
57 2
62 4
0 4
60 1
0 1
60 1
0 1
60 1
0 1
60 2
57 1
0 1
57 2
60 1
0 1
64 3
0 1
62 1
0 1
62 4
60 2
57 2
60 14
0 24
65 2
64 1
0 1
65 2
64 2
60 2
64 4
60 8
60 1
0 1
60 2
57 1
0 1
60 1
0 1
60 1
0 1
60 2
57 2
60 4
57 2
64 4
62 13
0 5
65 1
0 1
64 1
0 1
65 1
0 1
64 1
0 1
60 2
64 4
60 5
0 5
60 2
57 2
67 1
0 1
67 1
0 1
67 1
0 1
67 1
0 1
67 1
0 1
64 3
0 1
65 2
69 6
67 14
0 4
72 7
0 1
69 2
67 1
0 1
67 2
64 2
67 4
69 2
67 8
0 6
64 1
0 1
67 1
0 1
69 1
0 1
69 4
72 1
0 1
69 2
67 4
64 4
62 6
0 4
64 2
62 2
60 2
62 1
0 1
64 2
69 5
0 1
64 1
0 1
62 2
60 2
62 2
64 2
71 5
0 1
69 1
0 1
71 1
0 1
72 2
0 1
72 3
69 2
72 2
0 1
72 3
69 1
0 1
69 2
67 8
0 2
72 2
71 2
69 2
67 1
0 1
67 1
0 1
64 2
67 4
64 2
69 4
67 7
0 3
64 1
0 1
67 2
69 2
0 1
69 2
0 1
72 2
69 4
67 2
64 4
62 9
0 1
64 2
62 2
60 2
62 2
64 2
69 5
0 1
64 2
62 2
60 2
62 2
64 2
71 5
0 1
69 1
0 1
71 1
0 1
72 1
0 1
72 1
0 1
72 2
69 2
74 4
72 11
69 3
76 6
69 2
72 16
0 272
64 1
0 1
64 1
0 1
64 1
0 1
64 1
0 1
62 1
0 1
62 2
60 2
62 2
62 1
0 1
62 2
60 2
62 2
57 5
0 3
60 1
0 1
60 1
0 1
60 1
0 1
60 1
0 1
57 1
0 1
57 2
60 1
0 1
64 4
62 1
0 1
60 1
0 1
57 2
55 6
0 2
64 1
0 1
64 1
0 1
67 1
0 1
67 2
64 2
62 2
60 2
62 2
62 2
62 1
0 1
64 1
0 1
57 2
62 4
0 4
60 1
0 1
60 1
0 1
60 1
0 1
60 2
57 1
0 1
57 2
60 1
0 1
64 3
0 1
62 1
0 1
62 4
60 2
57 2
60 14
0 24
65 2
64 1
0 1
65 2
64 2
60 2
64 4
60 8
60 1
0 1
60 2
57 1
0 1
60 1
0 1
60 1
0 1
60 2
57 2
60 4
57 2
64 4
62 13
0 5
65 1
0 1
64 1
0 1
65 1
0 1
64 1
0 1
60 2
64 4
60 5
0 5
60 2
57 2
67 1
0 1
67 1
0 1
67 1
0 1
67 1
0 1
67 1
0 1
64 3
0 1
65 2
69 6
67 14
0 8
72 2
71 2
69 2
67 1
0 1
67 2
64 2
67 4
69 2
67 8
0 6
64 1
0 1
67 1
0 1
69 1
0 1
69 4
72 1
0 1
69 2
67 4
64 4
62 6
0 4
64 2
62 2
60 2
62 1
0 1
64 2
69 5
0 1
64 1
0 1
62 2
60 2
62 2
64 2
71 5
0 1
69 1
0 1
71 1
0 1
72 2
0 1
72 3
69 2
72 2
0 1
72 3
69 1
0 1
69 2
67 8
0 2
72 2
71 2
69 2
67 1
0 1
67 1
0 1
64 2
67 4
64 2
69 4
67 7
0 3
64 1
0 1
67 2
69 2
0 1
69 2
0 1
72 2
69 4
67 2
64 4
62 9
0 1
64 2
62 2
60 2
62 2
64 2
69 5
0 1
64 2
62 2
60 2
62 2
64 2
71 5
0 1
69 1
0 1
71 1
0 1
72 1
0 1
72 1
0 1
72 2
69 2
74 4
72 11
0 4
69 3
76 6
69 3
72 28
0 34
69 2
71 2
0 1
72 2
72 2
0 1
72 2
69 3
74 5
72 17
69 4
76 8
69 7
72 27
