0 144
70 3
0 1
70 2
73 2
68 1
0 1
70 1
0 1
66 2
63 1
0 1
61 6
0 10
63 2
66 2
66 2
63 1
0 1
75 2
73 1
0 1
66 2
70 2
68 11
0 5
68 1
0 1
68 1
0 1
68 2
66 2
68 3
0 1
70 1
0 1
73 1
0 1
70 3
0 1
68 2
66 2
63 6
0 2
68 1
0 1
68 1
0 1
68 1
0 1
70 1
0 1
68 1
0 1
66 1
0 1
66 2
63 2
68 12
0 4
70 3
0 1
70 2
73 2
68 1
0 1
70 1
0 1
66 2
63 1
0 1
61 6
0 10
63 2
66 2
66 2
63 1
0 1
75 2
73 1
0 1
66 2
70 2
68 11
0 5
68 1
0 1
68 1
0 1
68 2
66 2
68 3
0 1
70 1
0 1
73 1
0 1
70 3
0 1
68 2
66 2
63 6
0 2
68 1
0 1
68 1
0 1
68 1
0 1
70 1
0 1
68 1
0 1
66 1
0 1
68 2
70 2
73 12
0 3
70 1
73 1
0 1
73 1
0 1
73 2
75 2
78 5
0 1
77 1
0 1
75 9
0 5
73 2
75 2
78 2
75 2
73 2
70 1
0 1
63 4
70 1
0 1
68 8
0 8
68 1
0 1
68 1
0 1
68 2
66 2
68 2
68 4
70 2
73 5
0 1
75 1
0 1
75 6
0 2
68 1
0 1
68 2
68 2
70 1
0 1
75 2
78 4
75 2
73 11
0 4
70 1
73 1
0 1
73 1
0 1
73 2
75 2
78 5
0 1
77 1
0 1
75 9
0 7
75 2
78 2
75 2
73 2
70 1
0 1
63 4
70 1
0 1
68 8
0 8
68 1
0 1
68 1
0 1
68 2
66 2
68 2
68 4
70 2
73 5
0 1
75 1
0 1
75 6
0 2
68 1
0 1
68 2
68 2
70 1
0 1
75 2
78 4
75 2
73 11
0 5
68 1
0 1
68 1
0 1
68 1
0 1
70 1
0 1
73 1
0 1
75 3
0 1
70 1
68 1
66 12
0 132
70 3
0 1
70 2
73 2
68 1
0 1
70 1
0 1
66 2
63 1
0 1
61 6
0 10
63 2
66 2
66 2
63 1
0 1
75 2
73 1
0 1
66 2
70 2
68 11
0 5
68 1
0 1
68 1
0 1
68 2
66 2
68 3
0 1
70 1
0 1
73 1
0 1
70 3
0 1
68 2
66 2
63 6
0 2
68 1
0 1
68 1
0 1
68 1
0 1
70 1
0 1
68 1
0 1
66 1
0 1
68 2
70 2
73 12
0 3
70 1
73 1
0 1
73 1
0 1
73 2
75 2
78 5
0 1
77 1
0 1
75 9
0 5
73 2
75 2
78 2
75 2
73 2
70 1
0 1
63 4
70 1
0 1
68 8
0 8
68 1
0 1
68 1
0 1
68 2
66 2
68 2
68 4
70 2
73 5
0 1
75 1
0 1
75 6
0 2
68 1
0 1
68 2
68 2
70 1
0 1
75 2
78 4
75 2
73 11
0 4
70 1
73 1
0 1
73 1
0 1
73 2
75 2
78 5
0 1
77 1
0 1
75 9
0 7
75 2
78 2
75 2
73 2
70 1
0 1
63 4
70 1
0 1
68 8
0 8
68 1
0 1
68 1
0 1
68 2
66 2
68 2
68 4
70 2
73 5
0 1
75 1
0 1
75 6
0 2
68 1
0 1
68 2
68 2
70 1
0 1
75 2
78 4
75 2
73 11
0 5
68 1
0 1
68 1
0 1
68 1
0 1
70 1
0 1
73 1
0 1
75 3
0 1
70 1
68 1
66 12
0 3
70 1
73 1
0 1
73 1
0 1
73 2
75 2
78 5
0 1
77 1
0 1
75 9
0 5
73 2
75 2
78 2
75 2
73 2
70 1
0 1
63 4
70 1
0 1
68 8
0 8
68 1
0 1
68 1
0 1
68 2
66 2
68 2
68 4
70 2
73 5
0 1
75 1
0 1
75 6
0 2
68 1
0 1
68 2
68 2
70 1
0 1
75 2
78 4
75 2
73 11
0 4
70 1
73 1
0 1
73 1
0 1
73 2
75 2
78 5
0 1
77 1
0 1
75 9
0 7
75 2
78 2
75 2
73 2
70 1
0 1
63 4
70 1
0 1
68 8
0 8
68 1
0 1
68 1
0 1
68 2
66 2
68 2
68 4
70 2
73 5
0 1
75 1
0 1
75 6
0 2
68 1
0 1
68 2
68 2
70 1
0 1
75 2
78 4
75 2
73 11
0 5
68 2
68 2
0 1
68 2
70 3
73 3
75 4
70 4
68 3
66 13
