0 160
77 3
77 1
77 2
79 2
81 2
79 2
77 2
74 2
72 16
81 2
81 2
81 2
84 2
86 2
84 2
84 2
77 2
79 16
81 4
81 2
81 2
84 6
81 2
79 2
81 2
84 2
76 2
74 8
74 2
84 2
84 2
81 2
79 2
81 2
79 2
74 2
77 16
77 3
77 1
77 2
79 2
81 2
79 2
77 2
74 2
72 16
81 2
81 2
81 2
84 2
86 2
84 2
84 2
77 2
79 16
81 4
79 2
81 2
84 4
84 2
81 2
79 2
81 2
81 2
76 2
74 8
74 2
84 2
84 2
81 2
79 2
81 2
79 2
74 2
77 16
84 2
84 2
84 2
86 2
89 2
88 2
86 2
81 2
84 16
84 2
84 2
84 2
86 2
89 2
88 2
86 2
81 2
79 16
81 4
79 2
81 2
84 4
84 2
81 2
79 2
81 2
81 2
76 2
74 6
72 2
84 2
84 1
84 1
84 2
81 2
79 2
77 2
79 2
86 2
84 16
84 2
84 4
86 2
89 3
89 3
88 2
86 6
81 2
84 8
86 2
86 2
86 2
89 2
86 2
84 1
84 1
84 2
81 2
79 16
79 3
79 3
81 2
84 3
84 3
81 2
79 3
81 3
76 2
74 8
72 2
84 2
84 2
81 2
79 2
81 2
79 2
74 2
77 16
0 160
77 3
77 1
77 2
79 2
81 2
79 2
77 2
74 2
72 16
81 2
81 2
81 2
84 2
86 2
84 2
84 2
77 2
79 16
81 4
79 2
81 2
84 4
84 2
81 2
79 2
81 2
81 2
76 2
74 8
74 2
84 2
84 2
81 2
79 2
81 2
79 2
74 2
77 16
84 2
84 2
84 2
86 2
89 2
88 2
86 2
81 2
84 16
84 2
84 2
84 2
86 2
89 2
88 2
86 2
81 2
79 16
81 4
79 2
81 2
84 4
84 2
81 2
79 2
81 2
81 2
76 2
74 6
72 2
84 2
84 1
84 1
84 2
81 2
79 2
77 2
79 2
86 2
84 16
84 2
84 4
86 2
89 3
89 3
88 2
86 6
81 2
84 8
86 2
86 2
86 2
89 2
86 2
84 1
84 1
84 2
81 2
79 16
79 3
79 3
81 2
84 3
84 3
81 2
79 3
81 3
76 2
74 8
72 2
84 2
84 2
81 2
79 2
81 2
79 2
74 2
77 16
84 2
84 2
84 2
86 2
89 2
88 2
86 2
81 2
84 16
84 2
84 2
84 2
86 2
89 2
88 2
86 2
81 2
79 16
81 4
79 2
81 2
84 4
84 2
81 2
79 2
81 2
81 2
76 2
74 6
72 2
84 2
84 1
84 1
84 2
81 2
79 2
77 2
79 2
86 2
84 16
84 2
84 4
86 2
89 3
89 3
88 2
86 6
81 2
84 8
86 2
86 2
86 2
89 2
86 2
84 1
84 1
84 2
81 2
79 16
79 3
79 3
81 2
84 3
84 3
81 2
79 3
81 3
76 2
74 8
72 2
84 2
84 2
81 2
79 2
81 2
79 2
74 2
77 16
72 2
84 2
84 2
81 2
79 2
81 2
79 2
74 10
77 12
