C:maj [0, 4, 7] 0 4
A:sus2 [4, 9, 11] 9 5
C:maj7/5 [0, 4, 7, 10] 7 1
C:maj/3 [0, 4, 7] 4 2
F:maj [0, 5, 9] 5 2
D:min7 [0, 2, 5, 9] 2 2
C:maj [0, 4, 7] 0 4
A:min [0, 4, 9] 9 4
F:maj [0, 5, 9] 5 2
E:min [4, 7, 11] 4 2
D:maj [2, 6, 9] 2 2
G:maj6 [2, 4, 7, 11] 7 2
C:maj [0, 4, 7] 0 4
A:min [0, 4, 9] 9 3
A:min7 [0, 4, 7, 9] 9 1
F:maj [0, 5, 9] 5 4
G:sus2 [2, 7, 9] 7 2
G:maj [2, 7, 11] 7 5
G:maj [2, 7, 11] 7 1
C:maj/5 [0, 4, 7] 7 3
C:maj [0, 4, 7] 0 1
A:min [0, 4, 9] 9 4
F:maj [0, 5, 9] 5 6
G:maj [2, 7, 11] 7 2
C:maj [0, 4, 7] 0 4
A:min [0, 4, 9] 9 3
A:min7 [0, 4, 7, 9] 9 1
F:maj [0, 5, 9] 5 2
D:maj [2, 6, 9] 2 1
G:maj [2, 7, 11] 7 4
C:sus2 [0, 2, 7] 0 5
C:sus4 [0, 5, 7] 0 2
D:maj/5 [2, 6, 9] 9 2
F:sus2 [0, 5, 7] 5 4
F#:dim [0, 6, 9] 6 2
C:maj/3 [0, 4, 7] 4 1
E:maj/3 [4, 8, 11] 8 1
G:maj [2, 7, 11] 7 4
C:maj [0, 4, 7] 0 4
A:min [0, 4, 9] 9 4
F:maj [0, 5, 9] 5 2
E:min [4, 7, 11] 4 2
D:maj [2, 6, 9] 2 2
G:maj6 [2, 4, 7, 11] 7 2
C:maj [0, 4, 7] 0 4
A:min [0, 4, 9] 9 3
A:min7 [0, 4, 7, 9] 9 1
F:maj [0, 5, 9] 5 2
D:min [2, 5, 9] 2 2
G:sus2 [2, 7, 9] 7 2
G:maj [2, 7, 11] 7 5
G:maj [2, 7, 11] 7 1
C:maj [0, 4, 7] 0 4
A:min [0, 4, 9] 9 4
F:maj [0, 5, 9] 5 6
G:maj [2, 7, 11] 7 2
C:maj [0, 4, 7] 0 4
A:min [0, 4, 9] 9 4
F:maj [0, 5, 9] 5 2
D:min [2, 5, 9] 2 2
G:maj [2, 7, 11] 7 2
C:maj [0, 4, 7] 0 2
Eb:min [3, 6, 10] 3 1
G:7 [2, 5, 7, 11] 7 1
G:maj [2, 7, 11] 7 2
C:maj [0, 4, 7] 0 4
A:min [0, 4, 9] 9 4
F:maj [0, 5, 9] 5 4
D:maj [2, 6, 9] 2 2
G:maj [2, 7, 11] 7 2
C:maj [0, 4, 7] 0 4
A:min [0, 4, 9] 9 4
F:maj [0, 5, 9] 5 2
D:min [2, 5, 9] 2 2
G:maj [2, 7, 11] 7 2
C:maj [0, 4, 7] 0 1
C:sus2 [0, 2, 7] 0 7
C:maj [0, 4, 7] 0 1
A:min [0, 4, 9] 9 4
F:maj [0, 5, 9] 5 4
G:maj [2, 7, 11] 7 1
G:7 [2, 5, 7, 11] 7 4
