B:min [2, 6, 11] 11 8 
F#:maj [1, 6, 10] 6 8 
B:min [2, 6, 11] 11 8 
F#:maj [1, 6, 10] 6 8 
B:min [2, 6, 11] 11 8 
G:maj [2, 7, 11] 7 8 
F#:maj [1, 6, 10] 6 8 
B:min [2, 6, 11] 11 12 
C#:maj [1, 5, 8] 1 4 
B:min [2, 6, 11] 11 4 
E:min7 [2, 4, 7, 11] 4 4 
G:maj [2, 7, 11] 7 4 
F#:maj [1, 6, 10] 6 4 
B:min [2, 6, 11] 11 8 
G:maj [2, 7, 11] 7 4 
A:maj [1, 4, 9] 9 4 
D:maj [2, 6, 9] 2 8 
G:maj [2, 7, 11] 7 4 
A:maj [1, 4, 9] 9 4 
F#:maj [1, 6, 10] 6 8 
G:maj [2, 7, 11] 7 4 
A:maj [1, 4, 9] 9 4 
D:maj [2, 6, 9] 2 8 
G:maj [2, 7, 11] 7 4 
A:maj [1, 4, 9] 9 4 
F#:maj [1, 6, 10] 6 8 
B:min [2, 6, 11] 11 8 
G:maj [2, 7, 11] 7 8 
F#:maj [1, 6, 10] 6 8 
B:min [2, 6, 11] 11 12 
C#:maj [1, 5, 8] 1 4 
B:min [2, 6, 11] 11 4 
E:min7 [2, 4, 7, 11] 4 4 
G:maj [2, 7, 11] 7 4 
F#:maj [1, 6, 10] 6 4 
B:min [2, 6, 11] 11 8 
G:maj [2, 7, 11] 7 8 
F#:maj [1, 6, 10] 6 8 
B:min [2, 6, 11] 11 4 
A:maj [1, 4, 9] 9 4 
B:min [2, 6, 11] 11 8 
G:maj [2, 7, 11] 7 4 
A:maj [1, 4, 9] 9 4 
D:maj [2, 6, 9] 2 4 
B:min [2, 6, 11] 11 4 
G:maj [2, 7, 11] 7 8 
F#:maj [1, 6, 10] 6 8 
G:maj [2, 7, 11] 7 4 
A:maj [1, 4, 9] 9 4 
D:maj [2, 6, 9] 2 8 
G:maj [2, 7, 11] 7 4 
A:maj [1, 4, 9] 9 4 
F#:maj [1, 6, 10] 6 8 
G:maj [2, 7, 11] 7 4 
A:maj [1, 4, 9] 9 4 
D:maj [2, 6, 9] 2 8 
G:maj [2, 7, 11] 7 4 
A:maj [1, 4, 9] 9 4 
F#:maj [1, 6, 10] 6 8 
B:min [2, 6, 11] 11 8 
C#:maj [1, 5, 8] 1 8 
B:min7 [2, 6, 9, 11] 11 8 
C#:maj [1, 5, 8] 1 8 
