E:maj7 [2, 4, 8, 11] 4 1 
C#:min [1, 4, 8] 1 2 
Bb:hdim7 [1, 4, 7, 10] 10 1 
Eb:7 [1, 3, 7, 10] 3 2 
Eb:maj [3, 7, 10] 3 2 
Ab:min7 [3, 6, 8, 11] 8 8 
Ab:maj [0, 3, 8] 8 4 
E:maj [4, 8, 11] 4 2 
Eb:min [3, 6, 10] 3 2 
C#:min [1, 4, 8] 1 2 
F#:maj [1, 6, 10] 6 2 
Ab:min/b3 [3, 8, 11] 11 2 
Ab:min/2 [3, 8, 11] 10 2 
Ab:min [3, 8, 11] 8 2 
Ab:min7 [3, 6, 8, 11] 8 2 
E:maj [4, 8, 11] 4 2 
E:maj7 [2, 4, 8, 11] 4 2 
C#:min7 [1, 4, 8, 11] 1 2 
Eb:7 [1, 3, 7, 10] 3 2 
Ab:sus4 [1, 3, 8] 8 4 
B:maj [3, 6, 11] 11 4 
F#:maj/3 [1, 6, 10] 10 2 
Ab:maj [0, 3, 8] 8 2 
C#:min7 [1, 4, 8, 11] 1 4 
Ab:min7/b7 [3, 6, 8, 11] 6 4 
E:maj [4, 8, 11] 4 4 
B:maj/3 [3, 6, 11] 3 4 
C#:min7/b7 [1, 4, 8, 11] 11 2 
Bb:hdim7 [1, 4, 7, 10] 10 2 
Eb:maj [3, 7, 10] 3 4 
B:maj [3, 6, 11] 11 4 
F#:maj/3 [1, 6, 10] 10 4 
C#:min7 [1, 4, 8, 11] 1 4 
Ab:min [3, 8, 11] 8 3 
F#:maj [1, 6, 10] 6 1 
E:maj [4, 8, 11] 4 4 
B:maj [3, 6, 11] 11 4 
C#:min7 [1, 4, 8, 11] 1 2 
Bb:dim [1, 4, 10] 10 2 
Eb:maj [3, 7, 10] 3 1 
Eb:sus4(b7) [3, 8, 10] 3 3 
E:maj [4, 8, 11] 4 4 
B:maj/3 [3, 6, 11] 3 4 
D:dim [2, 5, 8] 2 4 
Eb:sus4 [3, 8, 10] 3 4 
E:maj7 [2, 4, 8, 11] 4 4 
Eb:min7 [1, 3, 6, 10] 3 4 
C#:min7 [1, 4, 8, 11] 1 2 
A:maj9 [1, 4, 7, 9, 11] 9 2 
Eb:maj [3, 7, 10] 3 2 
A:7 [1, 4, 7, 9] 9 2 
Ab:sus2 [3, 8, 10] 8 4 
Ab:min7 [3, 6, 8, 11] 8 4 
Ab:min [3, 8, 11] 8 2 
Eb:min/b3 [3, 6, 10] 6 2 
E:maj7 [2, 4, 8, 11] 4 2 
B:maj/3 [3, 6, 11] 3 2 
C#:min7 [1, 4, 8, 11] 1 2 
F#:maj [1, 6, 10] 6 2 
B:maj7 [3, 6, 9, 11] 11 2 
Bb:hdim7 [1, 4, 7, 10] 10 1 
Eb:maj [3, 7, 10] 3 1 
Ab:min [3, 8, 11] 8 2 
F#:maj [1, 6, 10] 6 2 
E:maj7 [2, 4, 8, 11] 4 2 
B:maj [3, 6, 11] 11 2 
C#:min7 [1, 4, 8, 11] 1 2 
Eb:7 [1, 3, 7, 10] 3 2 
Ab:sus2 [3, 8, 10] 8 4 
B:maj [3, 6, 11] 11 4 
F#:maj/3 [1, 6, 10] 10 2 
Ab:maj [0, 3, 8] 8 2 
C#:min7 [1, 4, 8, 11] 1 4 
Ab:min7/b7 [3, 6, 8, 11] 6 4 
E:maj [4, 8, 11] 4 4 
B:maj/3 [3, 6, 11] 3 4 
C#:min7/b7 [1, 4, 8, 11] 11 2 
C#:min [1, 4, 8] 1 2 
Eb:maj [3, 7, 10] 3 4 
B:maj [3, 6, 11] 11 4 
F#:sus4 [1, 6, 11] 6 3 
F#:maj [1, 6, 10] 6 1 
C#:min7 [1, 4, 8, 11] 1 4 
Ab:min [3, 8, 11] 8 4 
E:maj [4, 8, 11] 4 4 
B:maj [3, 6, 11] 11 4 
C#:min7 [1, 4, 8, 11] 1 2 
Bb:dim [1, 4, 10] 10 2 
Eb:maj [3, 7, 10] 3 1 
Eb:7 [1, 3, 7, 10] 3 3 
B:maj [3, 6, 11] 11 4 
F#:maj [1, 6, 10] 6 4 
C#:min7 [1, 4, 8, 11] 1 4 
Ab:min [3, 8, 11] 8 4 
E:maj [4, 8, 11] 4 4 
B:maj/3 [3, 6, 11] 3 4 
C#:min [1, 4, 8] 1 2 
Bb:sus4(b7) [3, 5, 10] 10 2 
Eb:sus4 [3, 8, 10] 3 4 
Ab:min [3, 8, 11] 8 4 
E:sus2 [4, 6, 11] 4 2 
B:maj/3 [3, 6, 11] 3 2 
C#:min7 [1, 4, 8, 11] 1 2 
Eb:maj [3, 7, 10] 3 3 
Ab:min [3, 8, 11] 8 3 
C#:min [1, 4, 8] 1 3 
