0 62
75 2
83 6
75 2
82 6
78 2
80 2
78 2
76 2
78 10
76 2
75 2
76 2
80 8
78 2
75 13
75 3
83 6
75 2
82 6
78 2
80 2
78 2
76 1
78 1
78 10
80 2
80 2
80 2
79 6
80 3
80 13
71 2
73 2
75 2
75 2
75 2
75 6
73 2
73 14
73 1
0 1
75 2
76 2
76 2
76 2
76 4
75 2
71 2
75 16
71 1
71 1
80 2
80 2
80 2
80 4
78 2
76 2
78 4
78 2
76 2
75 10
73 2
73 2
73 2
73 4
75 2
76 3
75 13
71 2
73 2
75 2
75 2
75 2
75 4
76 2
78 2
75 2
73 12
73 2
75 2
76 2
76 2
76 2
80 4
82 2
83 2
82 2
80 14
80 1
82 1
83 2
83 2
83 2
83 4
82 2
80 2
78 4
78 2
76 2
75 9
71 1
80 2
80 2
80 2
80 4
82 2
83 2
82 18
0 158
75 2
83 6
75 2
82 6
78 2
80 2
78 2
76 2
78 10
76 2
75 2
76 2
80 6
78 2
75 13
0 2
75 3
83 6
85 2
82 6
78 2
80 2
78 2
76 1
78 1
78 10
80 2
80 2
80 2
79 6
80 2
80 1
0 13
71 2
73 2
75 2
75 2
75 2
75 6
73 2
73 14
73 1
0 1
75 2
76 2
76 2
76 2
76 4
75 2
73 2
75 16
71 1
71 1
80 2
80 2
80 2
80 4
78 2
76 2
78 4
78 2
76 2
75 10
73 2
73 2
73 2
73 4
75 2
76 3
75 13
71 2
73 2
75 2
75 2
75 2
75 4
76 2
78 2
75 2
73 12
73 2
75 2
76 2
76 2
76 2
80 4
82 2
83 2
82 2
80 14
80 1
82 1
83 2
83 2
83 2
83 4
82 2
80 2
78 4
78 2
76 2
75 9
71 1
80 2
80 2
80 2
80 4
82 2
83 2
82 14
75 2
76 2
78 2
78 1
0 1
78 2
78 3
0 1
76 2
75 2
80 2
78 5
0 7
75 2
78 2
80 1
0 1
80 1
0 1
80 1
0 1
80 3
0 1
82 2
83 3
0 1
82 2
80 10
0 2
80 1
82 1
83 1
0 1
83 1
0 1
83 1
0 1
83 3
0 1
82 2
80 2
78 4
78 1
0 1
80 2
75 8
0 2
80 1
0 1
80 2
80 1
0 1
80 4
82 1
0 1
83 1
0 1
82 14
0 1
75 3
83 6
75 2
82 6
78 2
80 2
78 2
76 1
78 1
78 3
0 7
80 1
0 1
80 1
0 1
80 2
79 5
0 1
80 1
0 1
80 14
0 4
80 2
80 1
0 1
80 2
79 11
0 11
80 3
0 1
80 15
