0 194
77 2
77 2
77 2
77 3
75 3
74 2
72 3
74 3
67 12
77 2
77 2
77 2
77 3
75 3
74 2
72 3
74 3
67 12
72 2
72 2
74 2
77 2
79 4
77 8
74 2
74 2
72 2
70 2
72 4
70 1
67 31
77 2
77 2
77 2
77 3
75 3
74 2
72 3
74 3
67 12
77 2
77 2
77 2
77 3
75 3
74 2
72 3
74 3
67 12
72 2
72 2
74 2
77 2
79 4
77 8
74 2
74 2
72 2
70 2
72 4
70 1
67 13
72 4
74 4
75 4
77 4
84 2
84 2
84 2
82 2
82 6
82 2
81 2
81 2
81 2
81 2
82 4
81 2
77 2
79 2
79 2
79 2
77 2
79 4
79 2
77 2
79 2
79 2
79 2
86 2
84 6
82 2
84 2
84 2
84 2
82 2
82 6
82 2
81 2
81 2
81 2
81 2
82 4
82 2
77 2
79 3
77 1
70 10
72 1
74 1
75 2
74 2
70 2
75 4
74 4
70 2
70 16
0 114
77 2
77 2
77 2
77 3
75 3
74 2
72 3
74 3
67 12
77 2
77 2
77 2
77 3
75 3
74 2
72 3
74 3
67 12
72 2
72 2
74 2
77 2
79 4
77 8
74 2
74 2
72 2
70 2
72 4
70 1
67 31
77 2
77 2
77 2
77 3
75 3
74 2
72 3
74 3
67 12
77 2
77 2
77 2
77 3
75 3
74 2
72 3
74 3
67 12
72 2
72 2
74 2
77 2
79 4
77 8
74 2
74 2
72 2
70 2
72 4
70 1
67 13
72 4
74 4
75 4
77 4
84 2
84 2
84 2
82 2
82 6
82 2
81 2
81 2
81 2
81 2
82 4
81 2
77 2
79 2
79 2
79 2
77 2
79 4
79 2
77 2
79 2
79 2
79 2
86 2
84 6
82 2
84 2
84 2
84 2
82 2
82 6
82 2
81 2
81 2
81 2
81 2
82 4
82 2
77 2
79 3
77 1
70 10
72 1
74 1
75 2
74 2
70 2
75 4
74 4
70 2
70 16
0 16
84 2
84 2
84 2
82 2
82 6
82 2
81 2
81 2
81 2
81 2
82 4
81 2
77 2
79 2
79 2
79 2
77 2
79 4
79 2
77 2
79 2
79 2
79 2
86 2
84 6
82 2
84 2
84 2
84 2
82 2
82 6
82 2
81 2
81 2
81 2
81 2
82 4
82 2
77 2
79 3
77 1
70 10
72 1
74 1
75 2
74 2
70 2
75 4
74 4
70 2
0 2
70 16
