0 124
67 2
70 2
72 2
70 2
72 2
75 2
74 2
75 2
74 3
0 1
70 2
67 7
0 3
67 2
70 2
72 2
70 2
72 1
0 1
75 2
74 1
0 1
72 2
72 2
70 4
79 8
0 4
70 2
79 2
0 1
77 2
0 1
75 2
77 4
0 2
70 2
77 2
0 1
77 2
0 1
72 1
0 1
75 4
0 2
70 2
72 2
0 1
79 2
0 1
70 1
0 1
72 3
79 2
0 1
70 2
72 12
67 2
70 2
72 2
70 2
72 2
75 2
74 2
75 2
74 3
0 1
70 2
67 7
0 3
67 2
70 2
72 2
70 2
72 1
0 1
75 2
74 1
0 1
72 2
72 2
70 4
79 8
0 4
70 2
79 2
0 1
77 2
0 1
75 2
77 4
0 2
70 2
77 2
0 1
77 2
0 1
72 1
0 1
75 4
0 2
70 2
72 2
0 1
79 2
0 1
70 1
0 1
72 3
79 2
0 1
75 2
72 8
0 2
75 2
72 1
0 1
72 2
82 2
0 1
79 2
0 1
75 1
0 1
77 4
0 2
70 2
82 2
0 1
82 2
0 1
75 2
72 4
0 2
70 1
0 1
72 3
82 2
0 1
70 1
0 1
72 3
82 2
0 1
77 4
79 8
75 2
72 1
0 1
72 1
0 1
82 2
0 1
79 2
0 1
75 2
77 4
0 2
70 2
82 2
0 1
82 2
0 1
70 1
0 1
72 5
0 1
70 2
72 2
0 1
79 2
0 1
70 2
72 3
79 2
0 1
70 4
72 12
0 126
67 2
70 2
72 2
70 2
72 2
75 2
74 2
75 2
74 3
0 1
70 2
67 7
0 3
67 2
70 2
72 2
70 2
72 1
0 1
75 2
74 1
0 1
72 2
72 2
70 4
79 8
0 4
70 2
79 2
0 1
77 2
0 1
75 2
77 4
0 2
70 2
77 2
0 1
77 2
0 1
72 1
0 1
75 4
0 2
70 2
72 2
0 1
79 2
0 1
70 1
0 1
72 3
79 2
0 1
75 2
72 8
0 2
75 2
72 1
0 1
72 2
82 2
0 1
79 2
0 1
75 1
0 1
77 4
0 2
70 2
82 2
0 1
82 2
0 1
75 2
72 4
0 2
70 1
0 1
72 3
82 2
0 1
70 1
0 1
72 3
82 2
0 1
77 4
79 8
75 2
72 1
0 1
72 1
0 1
82 2
0 1
79 2
0 1
75 2
77 5
0 1
70 2
82 2
0 1
82 2
0 1
70 1
0 1
72 5
0 1
70 2
72 2
0 1
79 2
0 1
70 2
72 3
79 2
0 1
70 2
72 8
0 2
75 2
72 1
0 1
72 2
82 2
0 1
79 2
0 1
75 1
0 1
77 4
0 2
70 2
82 2
0 1
82 2
0 1
75 2
72 4
0 2
70 1
0 1
72 3
82 2
0 1
70 1
0 1
72 3
82 2
0 1
77 4
79 8
75 2
72 1
0 1
72 1
0 1
82 2
0 1
79 2
0 1
75 2
77 5
0 1
70 2
82 2
0 1
82 2
0 1
70 1
0 1
72 5
0 1
70 2
72 2
0 1
79 2
0 1
70 2
72 3
79 2
0 1
70 2
72 10
0 4
70 2
72 2
0 1
79 2
0 1
70 2
72 3
79 2
0 1
70 2
72 10
