Eb:min/b3 [3, 6, 10] 6 2 
C#:sus4 [1, 6, 8] 1 2 
C#:maj [1, 5, 8] 1 2 
Eb:sus2 [3, 5, 10] 3 1 
Eb:min7 [1, 3, 6, 10] 3 1 
B:maj [3, 6, 11] 11 4 
C#:sus2 [1, 3, 8] 1 4 
Eb:min [3, 6, 10] 3 2 
D:dim7 [2, 5, 8, 11] 2 2 
Eb:min [3, 6, 10] 3 2 
B:maj7 [3, 6, 9, 11] 11 2 
B:maj [3, 6, 11] 11 2 
F#:maj [1, 6, 10] 6 6 
B:maj [3, 6, 11] 11 2 
Bb:min/b3 [1, 5, 10] 1 2 
Bb:maj/3 [2, 5, 10] 2 2 
Eb:min [3, 6, 10] 3 2 
B:maj [3, 6, 11] 11 2 
C:dim [0, 3, 6] 0 2 
C#:maj [1, 5, 8] 1 4 
F#:maj [1, 6, 10] 6 2 
D:dim7 [2, 5, 8, 11] 2 2 
Eb:min [3, 6, 10] 3 2 
Eb:min7 [1, 3, 6, 10] 3 2 
B:maj [3, 6, 11] 11 2 
Bb:min [1, 5, 10] 10 2 
Eb:min(9) [1, 3, 5, 6, 10] 3 4 
B:maj [3, 6, 11] 11 2 
Bb:min/b3 [1, 5, 10] 1 2 
Bb:maj/3 [2, 5, 10] 2 2 
Eb:min [3, 6, 10] 3 2 
B:maj [3, 6, 11] 11 2 
C#:maj [1, 5, 8] 1 2 
F#:maj7 [1, 4, 6, 10] 6 6 
F#:maj [1, 6, 10] 6 2 
Eb:min [3, 6, 10] 3 6 
Bb:min7 [1, 5, 8, 10] 10 1 
Eb:maj [3, 7, 10] 3 1 
Ab:min [3, 8, 11] 8 2 
C#:maj [1, 5, 8] 1 2 
F#:maj [1, 6, 10] 6 3 
Ab:maj [0, 3, 8] 8 1 
Eb:min [3, 6, 10] 3 4 
B:maj [3, 6, 11] 11 2 
Bb:min [1, 5, 10] 10 1 
Eb:min [3, 6, 10] 3 1 
Ab:min [3, 8, 11] 8 2 
Ab:min7 [3, 6, 8, 11] 8 2 
F#:maj [1, 6, 10] 6 4 
B:maj [3, 6, 11] 11 2 
Eb:min [3, 6, 10] 3 6 
B:maj [3, 6, 11] 11 4 
C#:sus2 [1, 3, 8] 1 4 
F#:maj [1, 6, 10] 6 4 
Eb:min [3, 6, 10] 3 4 
B:maj [3, 6, 11] 11 2 
Bb:min7 [1, 5, 8, 10] 10 1 
Eb:maj [3, 7, 10] 3 1 
Ab:min [3, 8, 11] 8 2 
C#:maj [1, 5, 8] 1 2 
F#:maj [1, 6, 10] 6 2 
C#:maj [1, 5, 8] 1 1 
C#:7 [1, 5, 8, 11] 1 1 
Eb:min [3, 6, 10] 3 8 
Ab:min [3, 8, 11] 8 2 
C#:sus2 [1, 3, 8] 1 2 
F#:maj [1, 6, 10] 6 4 
B:maj [3, 6, 11] 11 2 
Bb:min [1, 5, 10] 10 2 
D:dim [2, 5, 8] 2 2 
Eb:min [3, 6, 10] 3 2 
B:maj [3, 6, 11] 11 3 
C#:sus4(b7) [1, 6, 8] 1 1 
F#:maj [1, 6, 10] 6 20 
B:maj [3, 6, 11] 11 2 
C:dim [0, 3, 6] 0 2 
C#:sus2 [1, 3, 8] 1 4 
F#:maj [1, 6, 10] 6 2 
C#:maj [1, 5, 8] 1 2 
D:dim [2, 5, 8] 2 2 
Eb:min [3, 6, 10] 3 2 
B:maj [3, 6, 11] 11 2 
C#:maj [1, 5, 8] 1 2 
Eb:min(9) [1, 3, 5, 6, 10] 3 2 
