0 62
61 1
61 1
70 3
0 1
68 2
66 1
0 1
68 4
0 1
68 1
65 1
66 1
68 3
0 1
65 2
68 2
66 4
0 2
66 1
65 1
63 2
65 1
0 1
66 1
0 1
70 1
66 1
61 4
0 2
59 2
58 8
0 10
63 1
65 1
66 2
68 1
65 2
66 5
0 4
68 1
70 1
71 2
71 2
70 5
0 1
66 1
68 1
70 1
0 1
70 3
0 1
70 1
70 1
63 1
0 1
66 1
0 1
63 1
0 1
66 2
70 1
65 1
65 8
0 4
58 1
61 1
70 3
0 1
68 2
66 1
68 5
0 1
68 1
65 1
66 1
68 4
65 2
68 2
66 4
0 1
66 1
66 1
65 1
63 1
0 1
65 1
0 1
66 2
70 1
66 1
0 1
61 3
0 2
59 2
58 8
0 10
63 1
65 1
66 1
0 1
68 1
65 1
0 1
66 6
0 3
68 1
70 1
71 1
0 1
71 2
70 4
0 2
66 1
68 1
70 1
0 1
70 3
0 1
70 1
70 1
63 2
66 2
68 1
0 1
66 1
0 1
65 1
0 1
66 10
0 3
61 1
61 2
73 1
0 1
71 2
70 1
0 1
68 2
0 1
70 1
71 2
70 4
0 2
68 2
71 2
70 4
0 3
66 1
75 2
0 1
73 1
71 2
73 2
0 1
66 1
66 1
73 1
68 1
0 1
66 2
0 1
63 1
63 1
65 1
66 2
70 1
0 1
68 6
0 1
61 1
61 2
0 1
73 1
71 2
70 2
68 3
70 1
71 2
70 3
0 3
68 2
71 2
70 5
0 2
66 1
75 2
0 1
73 1
71 1
0 1
73 2
0 1
66 1
66 1
73 1
68 1
0 1
66 1
0 1
66 5
0 1
63 1
65 1
66 4
0 2
68 3
0 1
66 13
0 64
61 1
61 2
73 1
0 1
71 2
70 1
0 1
68 2
0 1
70 1
71 2
70 4
0 2
68 2
71 2
70 4
0 3
66 1
75 2
0 1
73 1
71 2
73 2
0 1
66 1
66 1
73 1
68 1
0 1
66 2
0 1
63 1
63 1
65 1
66 2
70 1
0 1
68 6
0 1
61 1
61 2
0 1
73 1
71 2
70 2
68 3
70 1
71 2
70 3
0 3
68 2
71 2
70 5
0 2
66 1
75 2
0 1
73 1
71 1
0 1
73 2
0 1
66 1
66 1
73 1
68 1
0 1
66 1
0 1
66 5
0 1
63 1
65 1
66 4
0 2
68 3
0 1
66 10
0 1
61 1
61 1
73 1
71 2
70 2
71 2
70 1
71 2
68 4
68 1
68 1
66 1
65 1
0 1
58 1
0 1
58 1
0 1
68 1
70 3
66 3
0 2
63 1
70 2
68 3
0 1
66 2
65 2
63 3
0 1
65 2
68 4
66 12
