0 122
73 2
73 2
75 2
77 4
77 2
75 2
77 2
82 4
75 12
73 2
72 2
73 2
75 4
75 2
73 2
75 2
80 4
73 12
73 2
73 2
75 2
77 4
77 2
75 2
77 2
82 4
75 12
72 2
72 2
73 2
75 4
75 2
73 2
75 2
80 4
73 18
77 2
77 2
77 2
77 2
77 2
73 4
75 12
72 2
72 2
73 2
75 2
75 2
75 2
75 2
75 2
72 4
73 18
77 2
77 2
77 2
77 2
77 2
73 4
75 12
72 2
72 2
73 2
75 2
75 2
75 2
75 2
75 2
72 4
73 14
73 2
75 2
77 4
73 4
70 4
77 2
77 4
75 10
72 2
73 2
75 4
75 4
75 4
72 2
75 4
73 10
73 2
75 2
77 4
73 4
70 4
77 2
77 4
75 10
72 2
73 2
75 2
75 2
75 2
75 2
75 4
80 2
78 6
77 2
77 4
73 2
73 2
75 2
77 4
77 2
75 2
77 2
82 4
75 12
73 2
72 2
73 2
75 4
75 2
73 2
75 2
80 4
73 12
73 2
73 2
75 2
77 4
77 2
75 2
77 2
82 4
75 12
73 2
72 2
73 2
75 4
75 2
73 2
75 2
80 4
73 9
0 139
77 2
77 2
77 2
77 2
73 4
75 12
72 2
72 2
73 2
75 2
75 2
75 2
75 2
75 2
72 4
73 10
0 8
77 2
77 2
77 2
77 2
77 2
73 4
75 6
0 6
72 2
72 2
73 2
75 2
75 2
75 2
75 2
75 2
72 4
73 6
0 8
73 2
75 2
77 4
73 4
70 4
77 2
77 4
75 6
0 4
72 2
73 2
75 4
75 4
75 4
72 2
75 4
73 10
73 2
75 2
77 4
73 4
70 4
77 2
77 2
75 12
72 2
73 2
75 2
75 2
75 2
75 2
75 4
80 2
78 6
77 2
77 14
0 6
73 2
73 2
75 2
77 4
77 2
75 2
77 2
82 4
75 12
73 2
72 2
73 2
75 4
75 2
73 2
75 2
80 4
73 12
73 2
73 2
75 2
77 4
77 2
75 2
77 2
82 4
75 12
73 2
72 2
73 2
75 4
75 2
73 2
75 2
80 4
73 9
0 131
73 2
73 2
75 2
77 4
77 2
75 2
77 2
82 4
75 12
73 2
72 2
73 2
75 4
75 2
73 2
75 2
80 4
73 12
73 2
73 2
75 2
77 4
77 2
75 2
77 2
82 4
75 12
73 2
72 2
73 2
75 4
75 2
73 2
75 2
80 4
73 9
0 3
73 2
73 2
75 2
77 4
77 2
75 2
77 2
82 4
75 12
73 2
72 2
73 2
75 4
75 2
73 2
75 2
80 4
73 12
73 2
73 2
75 2
77 4
77 2
75 2
77 2
82 4
75 12
73 2
72 2
73 2
75 4
75 2
73 2
75 2
80 4
73 9
0 3
73 2
73 2
75 2
77 4
77 2
75 2
77 2
82 4
75 12
73 2
72 2
73 2
75 4
75 2
73 2
75 2
80 4
73 12
73 2
73 2
75 2
77 4
77 2
75 2
77 2
82 4
75 12
73 2
72 2
73 2
75 4
75 2
73 2
75 2
80 4
73 9
