0 140
58 2
63 1
0 1
63 3
0 1
65 3
0 1
65 3
0 1
65 2
70 2
67 2
65 2
63 5
0 5
58 2
63 1
0 1
63 3
0 1
63 2
65 2
0 1
65 3
68 3
0 1
67 5
0 5
58 2
63 1
0 1
63 4
63 2
65 1
0 1
65 3
0 1
65 1
0 1
70 2
67 2
67 2
63 6
0 4
67 1
70 1
72 3
72 2
0 1
75 3
0 1
75 1
0 1
75 1
0 1
75 2
72 3
70 6
0 3
70 1
0 1
77 3
0 1
75 7
0 3
63 2
72 4
70 7
0 2
58 3
67 2
65 5
0 1
65 1
0 1
65 4
0 2
63 2
62 2
60 8
0 2
70 2
77 2
0 2
75 6
0 4
63 2
72 4
70 8
0 1
58 3
67 2
65 6
65 1
65 5
63 2
65 2
63 11
0 1
58 2
63 1
0 1
63 3
0 1
63 2
65 1
0 1
65 3
0 1
65 2
70 2
67 2
65 2
63 5
0 5
58 2
63 2
63 3
0 1
63 2
65 2
65 3
0 1
67 2
68 2
67 9
0 1
58 2
63 1
0 1
63 3
0 1
63 2
65 2
65 3
0 1
65 2
70 2
67 2
65 2
63 6
0 4
67 1
70 1
72 2
0 1
72 2
0 1
75 3
0 1
75 1
0 1
75 1
0 1
75 3
0 1
72 2
70 6
0 2
70 2
77 2
0 2
75 6
0 4
63 2
72 4
70 8
0 1
58 3
67 2
65 6
65 1
0 1
65 5
0 1
63 2
62 2
60 7
0 3
70 2
77 2
0 2
75 6
0 4
63 2
72 4
70 8
0 1
58 3
67 2
65 6
65 1
65 5
63 2
65 2
63 11
0 5
67 9
0 2
67 1
65 2
63 2
65 2
70 1
0 1
70 5
0 3
72 2
74 1
0 1
75 5
0 5
75 2
0 2
74 2
72 2
67 5
0 3
70 1
70 1
70 1
0 1
77 3
0 1
75 6
0 2
63 1
63 1
63 1
0 1
72 3
0 1
70 6
0 4
68 2
67 2
65 8
0 2
65 1
0 1
67 2
65 1
0 1
65 8
0 8
67 9
0 1
67 1
67 1
65 2
63 2
65 2
70 1
0 1
70 5
0 3
72 2
74 1
0 1
75 8
0 2
75 2
0 2
74 2
72 2
70 1
0 1
67 4
0 2
70 1
70 1
70 1
0 1
77 3
0 1
75 6
0 2
63 1
63 1
63 1
0 1
72 3
0 1
70 10
68 2
67 2
65 6
65 1
0 1
65 2
0 2
63 2
65 2
63 11
0 1
58 1
0 1
63 1
0 1
63 3
0 1
63 2
0 1
65 1
65 3
0 1
70 1
0 2
67 1
67 2
63 6
0 4
58 2
0 2
63 3
0 1
63 2
0 1
63 1
65 2
0 2
67 2
0 1
68 1
67 12
58 2
0 2
63 3
0 1
63 2
0 1
63 1
65 2
0 2
70 1
0 2
67 1
67 1
0 1
63 6
0 4
67 2
70 2
72 2
0 2
72 2
75 1
0 1
75 2
0 2
75 2
0 1
72 1
74 1
0 1
70 7
0 3
70 2
77 2
0 2
75 6
0 4
63 2
72 4
70 8
0 1
58 3
67 2
65 6
65 1
0 1
65 5
0 1
63 2
62 2
60 7
0 3
70 2
77 2
0 2
75 6
0 4
63 2
72 4
70 8
0 1
58 3
67 2
65 6
65 1
65 5
63 2
65 2
63 11
0 5
67 9
0 2
67 1
65 2
63 2
65 2
70 1
0 1
70 5
0 3
72 2
74 1
0 1
75 5
0 5
75 2
0 2
74 2
72 2
67 5
0 3
70 1
70 1
70 1
0 1
77 3
0 1
75 6
0 2
63 1
63 1
63 1
0 1
72 3
0 1
70 6
0 4
68 2
67 2
65 8
0 2
65 1
0 1
67 2
65 1
0 1
65 8
0 8
67 9
0 1
67 1
67 1
65 2
63 2
65 2
70 1
0 1
70 5
0 3
72 2
74 1
0 1
75 8
0 2
75 2
0 2
74 2
72 2
70 1
0 1
67 4
0 2
70 1
70 1
70 1
0 1
77 3
0 1
75 6
0 2
63 1
63 1
63 1
0 1
72 3
0 1
70 10
58 2
67 2
65 6
65 1
0 1
65 3
0 1
63 2
65 2
63 10
70 1
70 1
70 1
0 1
77 2
0 2
75 4
0 4
63 1
63 1
63 1
0 1
72 3
0 1
70 6
0 4
58 2
67 2
0 1
65 5
0 2
65 1
0 1
65 9
63 3
65 7
63 26
