0 66
59 2
62 2
59 2
64 5
0 1
71 1
0 1
69 2
67 1
0 1
66 3
0 1
62 1
0 1
59 6
0 2
59 1
0 1
62 1
0 1
59 1
0 1
60 3
0 1
64 1
0 1
67 1
0 1
66 1
0 1
64 2
62 4
57 2
59 7
0 1
59 1
0 1
62 1
0 1
59 1
0 1
64 5
0 1
71 1
0 1
69 1
0 1
67 1
0 1
66 1
0 1
62 1
0 1
71 4
69 3
0 1
67 3
0 1
62 1
0 1
59 1
0 1
60 8
0 2
62 1
0 1
62 3
0 1
59 1
0 1
60 7
0 1
59 2
62 2
59 2
64 5
0 1
71 1
0 1
69 2
67 1
0 1
66 3
0 1
62 1
0 1
59 6
0 2
59 1
0 1
62 1
0 1
59 1
0 1
60 3
0 1
64 1
0 1
67 1
0 1
66 1
0 1
64 2
62 4
57 2
59 7
0 1
59 1
0 1
62 1
0 1
59 1
0 1
64 5
0 1
71 1
0 1
69 1
0 1
67 1
0 1
66 1
0 1
62 1
0 1
71 4
69 3
0 1
67 3
0 1
62 1
0 1
59 1
0 1
60 6
59 1
0 1
69 1
0 1
67 1
0 1
66 3
0 1
64 2
66 11
0 5
71 1
0 1
71 1
0 1
72 1
0 1
71 1
0 1
69 1
0 1
67 1
0 1
66 1
0 1
67 12
0 6
67 1
0 1
67 1
0 1
69 1
0 1
66 1
0 1
64 1
0 1
62 1
0 1
57 1
0 1
59 16
0 2
71 1
0 1
71 1
0 1
72 1
0 1
71 2
69 1
0 1
69 3
0 3
67 1
0 1
69 1
0 1
71 1
0 1
67 2
64 1
0 1
64 4
0 2
60 1
0 1
64 2
0 1
67 1
71 1
0 1
67 1
64 1
0 1
71 1
67 1
64 1
67 1
0 1
67 2
67 1
0 1
69 1
0 1
69 3
0 1
64 1
0 1
62 2
0 2
71 1
0 1
71 1
0 1
72 1
0 1
71 1
0 1
69 1
0 1
67 1
0 1
66 1
0 1
67 12
0 6
67 1
0 1
67 1
0 1
69 1
0 1
66 1
0 1
64 1
0 1
62 1
0 1
57 1
0 1
59 16
0 2
71 1
0 1
71 1
0 1
72 1
0 1
71 2
69 1
0 1
69 3
0 3
67 1
0 1
69 1
0 1
71 1
0 1
67 2
64 1
0 1
64 4
0 2
60 1
0 1
64 2
0 1
67 1
71 1
0 1
67 1
64 1
0 1
71 1
67 1
64 1
67 1
0 1
67 2
67 2
0 2
67 1
0 1
67 2
67 6
0 4
71 2
69 2
67 13
0 51
59 2
62 2
59 2
64 5
0 1
71 1
0 1
69 2
67 1
0 1
66 3
0 1
62 1
0 1
59 6
0 2
59 1
0 1
62 1
0 1
59 1
0 1
60 3
0 1
64 1
0 1
67 1
0 1
66 1
0 1
64 2
62 4
57 2
59 7
0 1
59 1
0 1
62 1
0 1
59 1
0 1
64 5
0 1
71 1
0 1
69 1
0 1
67 1
0 1
66 1
0 1
62 1
0 1
71 4
69 3
0 1
67 3
0 1
62 1
0 1
59 1
0 1
60 6
59 1
0 1
69 1
0 1
67 1
0 1
66 3
0 1
64 2
66 11
0 5
71 1
0 1
71 1
0 1
72 1
0 1
71 1
0 1
69 1
0 1
67 1
0 1
66 1
0 1
67 12
0 6
67 1
0 1
67 1
0 1
69 1
0 1
66 1
0 1
64 1
0 1
62 1
0 1
57 1
0 1
59 16
0 2
71 1
0 1
71 1
0 1
72 1
0 1
71 2
69 1
0 1
69 3
0 3
67 1
0 1
69 1
0 1
71 1
0 1
67 2
64 1
0 1
64 4
0 2
60 1
0 1
64 2
0 1
67 1
71 1
0 1
67 1
64 1
0 1
71 1
67 1
64 1
67 1
0 1
67 2
67 1
0 1
69 1
0 1
69 6
0 2
69 1
0 1
69 1
69 2
0 1
71 1
0 1
71 8
0 82
71 1
0 1
71 1
0 1
72 1
0 1
71 1
0 1
69 1
0 1
67 1
0 1
66 1
0 1
67 12
0 6
67 1
0 1
67 1
0 1
69 1
0 1
66 1
0 1
64 1
0 1
62 1
0 1
57 1
0 1
59 16
0 2
71 1
0 1
71 1
0 1
72 1
0 1
71 2
69 1
0 1
69 3
0 3
67 1
0 1
69 1
0 1
71 1
0 1
67 2
64 1
0 1
64 4
0 2
60 1
0 1
64 2
0 1
67 1
71 1
0 1
67 1
64 1
0 1
71 1
67 1
64 1
67 1
0 1
67 2
67 1
0 3
68 3
0 1
70 4
0 2
72 1
0 1
72 1
0 1
73 1
0 1
72 1
0 1
70 1
0 1
68 1
0 1
67 1
0 1
68 12
0 6
68 1
0 1
68 1
0 1
70 1
0 1
67 1
0 1
65 1
0 1
63 1
0 1
58 1
0 1
60 16
0 2
72 1
0 1
72 1
0 1
73 1
0 1
72 2
70 1
0 1
70 3
0 3
68 1
0 1
70 1
0 1
72 1
0 1
68 2
65 1
0 1
65 4
0 2
61 1
0 1
65 2
0 1
68 1
72 1
0 1
68 1
65 1
0 1
72 1
68 1
65 1
68 1
0 1
68 2
68 1
0 3
68 1
0 1
68 1
0 1
68 11
0 1
72 3
70 1
68 11
