G:maj [2, 7, 11] 7 4 
C:maj [0, 4, 7] 0 4 
G:maj [2, 7, 11] 7 3 
C:sus2 [0, 2, 7] 0 2 
E:min7 [2, 4, 7, 11] 4 1 
G:maj [2, 7, 11] 7 6 
C:maj [0, 4, 7] 0 4 
G:maj [2, 7, 11] 7 3 
D:sus4 [2, 7, 9] 2 6 
G:maj [2, 7, 11] 7 2 
A:sus4(b7) [2, 4, 9] 9 5 
D:sus4 [2, 7, 9] 2 4 
G:sus4 [0, 2, 7] 7 7 
C:sus2 [0, 2, 7] 0 5 
G:maj [2, 7, 11] 7 3 
D:sus4 [2, 7, 9] 2 6 
G:maj [2, 7, 11] 7 3 
A:min [0, 4, 9] 9 4 
D:sus4 [2, 7, 9] 2 4 
G:maj/5 [2, 7, 11] 2 3 
G:sus2 [2, 7, 9] 7 1 
C:maj [0, 4, 7] 0 4 
C:maj7/3 [0, 4, 7, 10] 4 4 
C:maj [0, 4, 7] 0 4 
C:sus2 [0, 2, 7] 0 1 
G:maj [2, 7, 11] 7 2 
C:sus2 [0, 2, 7] 0 4 
C:maj9 [0, 2, 4, 7, 10] 0 1 
A:min7 [0, 4, 7, 9] 9 4 
D:sus4 [2, 7, 9] 2 3 
G:sus2 [2, 7, 9] 7 9 
C:maj [0, 4, 7] 0 4 
G:maj [2, 7, 11] 7 3 
D:sus4 [2, 7, 9] 2 2 
D:maj/5 [2, 6, 9] 9 2 
D:maj [2, 6, 9] 2 1 
G:sus2 [2, 7, 9] 7 3 
A:sus4(b7) [2, 4, 9] 9 5 
A:sus4 [2, 4, 9] 9 3 
G:maj7 [2, 5, 7, 11] 7 4 
C:sus2 [0, 2, 7] 0 5 
E:min [4, 7, 11] 4 4  
C:maj [0, 4, 7] 0 3 
C:maj9 [0, 2, 4, 7, 10] 0 1 
G:sus4 [0, 2, 7] 7 4 
A:min/b3 [0, 4, 9] 0 4 
A:min7 [0, 4, 7, 9] 9 4 
D:sus4(b7) [2, 7, 9] 2 3 
D:maj(9) [0, 2, 4, 6, 9] 2 1 
G:maj6 [2, 4, 7, 11] 7 1 
G:maj9 [2, 5, 7, 9, 11] 7 2 
C:maj6 [0, 4, 7, 9] 0 5 
C:maj7 [0, 4, 7, 10] 0 1 
E:min [4, 7, 11] 4 3 
C:maj [0, 4, 7] 0 3 
C:maj9 [0, 2, 4, 7, 10] 0 1 
G:sus4 [0, 2, 7] 7 4 
A:min/b3 [0, 4, 9] 0 4 
A:min7 [0, 4, 7, 9] 9 4 
D:sus4(b7) [2, 7, 9] 2 3 
D:maj(9) [0, 2, 4, 6, 9] 2 1 
G:maj6 [2, 4, 7, 11] 7 4 
G:maj [2, 7, 11] 7 4 
C:maj [0, 4, 7] 0 4 
G:maj [2, 7, 11] 7 3 
C:sus2 [0, 2, 7] 0 2 
C:maj9 [0, 2, 4, 7, 10] 0 1 
G:maj6 [2, 4, 7, 11] 7 6 
