0 124
69 2
71 2
66 5
0 1
69 2
71 2
66 2
64 2
66 2
62 5
0 7
62 2
64 2
66 3
0 3
74 2
71 2
69 1
0 1
69 1
0 1
66 2
64 7
0 5
64 2
66 2
69 4
0 2
66 2
69 5
0 3
74 2
76 1
0 1
76 1
0 1
73 2
71 4
71 2
74 2
76 1
0 1
76 3
0 1
73 1
0 1
71 2
73 3
0 1
71 1
0 1
69 8
0 4
69 2
71 2
66 5
0 1
69 2
71 2
66 2
64 2
66 2
62 10
0 2
62 2
64 2
66 3
0 3
74 2
71 2
69 1
0 1
69 1
0 1
66 2
64 10
0 2
64 2
66 2
69 4
0 2
66 2
69 8
74 2
76 1
0 1
76 1
0 1
73 2
71 4
71 2
74 2
76 1
0 1
76 1
0 1
76 1
0 1
73 1
0 1
71 2
71 1
73 2
0 1
71 1
0 1
74 8
0 4
74 1
0 1
76 1
0 1
78 4
0 2
76 1
0 1
78 2
76 1
0 1
66 2
69 2
71 2
0 10
76 2
74 1
0 1
76 4
0 2
74 1
0 1
66 2
66 2
73 1
0 1
71 1
0 1
69 12
62 1
0 1
64 1
0 1
66 4
0 2
69 1
0 1
69 2
0 2
69 1
0 1
66 1
0 1
71 2
74 3
0 1
73 1
0 1
71 2
0 2
69 2
71 2
74 4
0 2
74 1
0 1
74 2
71 1
0 1
78 1
76 1
74 2
76 7
0 5
74 1
0 1
76 1
0 1
78 4
0 2
76 1
0 1
78 2
76 1
0 1
66 2
69 2
71 10
0 2
76 2
74 1
0 1
76 4
0 2
74 1
0 1
66 2
66 2
73 1
0 1
71 1
0 1
69 12
62 1
0 1
64 1
0 1
66 4
0 2
69 1
0 1
69 2
0 2
69 1
0 1
66 1
0 1
71 2
74 3
0 1
73 1
0 1
71 2
0 2
69 2
71 2
74 4
74 1
0 1
78 1
0 1
76 1
0 1
74 2
0 2
71 2
74 8
0 132
69 2
71 2
66 5
0 1
69 2
71 2
66 2
64 2
66 2
62 10
0 2
62 2
64 2
66 3
0 3
74 2
71 2
69 1
0 1
69 1
0 1
66 2
64 10
0 2
64 2
66 2
69 4
0 2
66 2
69 8
74 2
76 1
0 1
76 1
0 1
73 2
71 4
71 2
74 2
76 1
0 1
76 1
0 1
76 1
0 1
73 1
0 1
71 2
71 1
73 2
0 1
71 1
0 1
74 8
0 4
74 1
0 1
76 1
0 1
78 4
0 2
76 1
0 1
78 2
76 1
0 1
66 2
69 2
71 2
0 10
76 2
74 1
0 1
76 4
0 2
74 1
0 1
66 2
66 2
73 1
0 1
71 1
0 1
69 12
62 1
0 1
64 1
0 1
66 4
0 2
69 1
0 1
69 2
0 2
69 1
0 1
66 1
0 1
71 2
74 3
0 1
73 1
0 1
71 2
0 2
69 2
71 2
74 4
0 2
74 1
0 1
74 2
71 1
0 1
78 1
76 1
74 2
76 7
0 5
74 1
0 1
76 1
0 1
78 4
0 2
76 1
0 1
78 2
76 1
0 1
66 2
69 2
71 10
0 2
76 2
74 1
0 1
76 4
0 2
74 1
0 1
66 2
66 2
73 1
0 1
71 1
0 1
69 12
62 1
0 1
64 1
0 1
66 4
0 2
69 1
0 1
69 2
0 2
69 1
0 1
66 1
0 1
71 2
74 3
0 1
73 1
0 1
71 2
0 2
69 2
71 2
74 4
74 1
0 1
78 1
0 1
76 1
0 1
74 2
0 2
71 2
74 8
0 4
69 2
71 2
74 4
74 1
0 1
78 1
0 1
76 1
74 4
71 12
74 21
