F:maj [0, 5, 9] 5 2 
G:maj [2, 7, 11] 7 2 
A:min [0, 4, 9] 9 4 
F:maj [0, 5, 9] 5 2 
G:maj [2, 7, 11] 7 2 
A:min [0, 4, 9] 9 4 
F:maj [0, 5, 9] 5 2 
G:maj [2, 7, 11] 7 2 
E:maj [4, 8, 11] 4 2 
A:min [0, 4, 9] 9 2 
F:maj [0, 5, 9] 5 2 
G:maj [2, 7, 11] 7 2 
C:maj [0, 4, 7] 0 4 
F:maj [0, 5, 9] 5 2 
G:maj [2, 7, 11] 7 2 
E:min [4, 7, 11] 4 2 
A:min [0, 4, 9] 9 3 
F:maj [0, 5, 9] 5 1 
G:maj [2, 7, 11] 7 2 
A:min [0, 4, 9] 9 4 
F:maj [0, 5, 9] 5 2 
G:maj [2, 7, 11] 7 2 
E:maj [4, 8, 11] 4 2 
A:min [0, 4, 9] 9 2 
F:maj [0, 5, 9] 5 2 
G:maj [2, 7, 11] 7 2 
C:maj [0, 4, 7] 0 4 
F:maj [0, 5, 9] 5 2 
G:maj [2, 7, 11] 7 2 
E:min [4, 7, 11] 4 2 
A:min [0, 4, 9] 9 2 
F:maj [0, 5, 9] 5 2 
G:maj [2, 7, 11] 7 2 
A:min [0, 4, 9] 9 4 
F:maj [0, 5, 9] 5 2 
G:maj [2, 7, 11] 7 2 
E:maj [4, 8, 11] 4 2 
A:min [0, 4, 9] 9 2 
F:maj [0, 5, 9] 5 2 
G:maj [2, 7, 11] 7 2 
C:maj [0, 4, 7] 0 4 
F:maj [0, 5, 9] 5 2 
G:maj [2, 7, 11] 7 2 
E:maj [4, 8, 11] 4 2 
A:min [0, 4, 9] 9 2 
F:maj [0, 5, 9] 5 2 
G:maj [2, 7, 11] 7 2 
C:maj [0, 4, 7] 0 4 
F:maj [0, 5, 9] 5 2 
G:maj [2, 7, 11] 7 2 
E:maj [4, 8, 11] 4 2 
A:min [0, 4, 9] 9 2 
F:maj [0, 5, 9] 5 2 
G:maj [2, 7, 11] 7 2 
C:maj [0, 4, 7] 0 4 
F:maj [0, 5, 9] 5 2 
G:maj [2, 7, 11] 7 2 
E:maj [4, 8, 11] 4 2 
A:min [0, 4, 9] 9 2 
F:maj [0, 5, 9] 5 2 
G:maj [2, 7, 11] 7 2 
C:maj [0, 4, 7] 0 4 
F:maj [0, 5, 9] 5 2 
G:maj [2, 7, 11] 7 2 
E:min [4, 7, 11] 4 2 
A:min [0, 4, 9] 9 2 
F:maj [0, 5, 9] 5 2 
G:maj [2, 7, 11] 7 2 
C:maj [0, 4, 7] 0 4 
F:maj [0, 5, 9] 5 2 
G:maj [2, 7, 11] 7 2 
E:min [4, 7, 11] 4 2 
A:min [0, 4, 9] 9 2 
F:maj [0, 5, 9] 5 2 
G:maj [2, 7, 11] 7 9 
F:maj [0, 5, 9] 5 2 
A:min7/b7 [0, 4, 7, 9] 7 2 
E:min [4, 7, 11] 4 2 
A:sus2 [4, 9, 11] 9 2 
A:min [0, 4, 9] 9 2 
A:min7/b7 [0, 4, 7, 9] 7 3 
A:maj [1, 4, 9] 9 2 
