B:min [2, 6, 11] 11 4 
B:sus4 [4, 6, 11] 11 8 
A:maj [1, 4, 9] 9 8 
Bb:maj [2, 5, 10] 10 8 
D:maj/3 [2, 6, 9] 6 8 
G:maj [2, 7, 11] 7 2 
A:maj [1, 4, 9] 9 2 
D:maj7/7 [0, 2, 6, 9] 1 2 
B:min [2, 6, 11] 11 2 
G:maj [2, 7, 11] 7 2 
A:maj [1, 4, 9] 9 2 
B:min [2, 6, 11] 11 4 
D:maj [2, 6, 9] 2 2 
A:maj [1, 4, 9] 9 2 
B:min [2, 6, 11] 11 2 
A:maj [1, 4, 9] 9 2 
G:maj [2, 7, 11] 7 2 
A:maj [1, 4, 9] 9 2 
D:maj [2, 6, 9] 2 6 
A:maj [1, 4, 9] 9 2 
B:min [2, 6, 11] 11 2 
A:maj [1, 4, 9] 9 2 
G:maj [2, 7, 11] 7 2 
A:maj [1, 4, 9] 9 2 
B:min [2, 6, 11] 11 4 
G:maj [2, 7, 11] 7 2 
A:maj [1, 4, 9] 9 2 
D:maj [2, 6, 9] 2 4 
G:maj [2, 7, 11] 7 2 
A:maj [1, 4, 9] 9 2 
B:min [2, 6, 11] 11 4 
D:maj [2, 6, 9] 2 2 
A:maj [1, 4, 9] 9 2 
B:min [2, 6, 11] 11 2 
A:maj [1, 4, 9] 9 2 
G:maj [2, 7, 11] 7 2 
A:maj [1, 4, 9] 9 2 
D:maj [2, 6, 9] 2 2 
A:maj [1, 4, 9] 9 2 
D:maj [2, 6, 9] 2 2 
A:maj/3 [1, 4, 9] 1 2 
B:min [2, 6, 11] 11 2 
A:maj [1, 4, 9] 9 2 
G:maj [2, 7, 11] 7 2 
A:maj [1, 4, 9] 9 2 
B:min [2, 6, 11] 11 4 
G:maj [2, 7, 11] 7 2 
A:maj [1, 4, 9] 9 2 
D:maj7/7 [0, 2, 6, 9] 1 2 
B:min [2, 6, 11] 11 2 
G:maj [2, 7, 11] 7 2 
A:maj [1, 4, 9] 9 2 
D:sus2 [2, 4, 9] 2 4 
G:maj [2, 7, 11] 7 2 
A:maj [1, 4, 9] 9 2 
D:maj7/7 [0, 2, 6, 9] 1 2 
B:min [2, 6, 11] 11 2 
G:maj [2, 7, 11] 7 2 
A:maj [1, 4, 9] 9 2 
B:min [2, 6, 11] 11 4 
E:min [4, 7, 11] 4 2 
A:maj [1, 4, 9] 9 2 
D:sus2 [2, 4, 9] 2 4 
C#:dim [1, 4, 7] 1 4 
F#:maj [1, 6, 10] 6 4 
G:maj [2, 7, 11] 7 4 
A:maj [1, 4, 9] 9 4 
C#:dim [1, 4, 7] 1 4 
B:min [2, 6, 11] 11 4 
G:maj [2, 7, 11] 7 2 
A:maj [1, 4, 9] 9 2 
D:maj [2, 6, 9] 2 4 
G:maj [2, 7, 11] 7 2 
A:maj [1, 4, 9] 9 2 
B:min [2, 6, 11] 11 4 
D:maj [2, 6, 9] 2 2 
A:maj [1, 4, 9] 9 2 
B:min [2, 6, 11] 11 2 
A:maj [1, 4, 9] 9 2 
G:maj [2, 7, 11] 7 2 
A:maj [1, 4, 9] 9 2 
D:maj [2, 6, 9] 2 2 
A:maj [1, 4, 9] 9 2 
D:maj [2, 6, 9] 2 2 
A:maj/3 [1, 4, 9] 1 2 
B:min [2, 6, 11] 11 2 
A:maj [1, 4, 9] 9 2 
G:maj [2, 7, 11] 7 2 
A:maj [1, 4, 9] 9 2 
B:min [2, 6, 11] 11 4 
G:maj [2, 7, 11] 7 2 
A:maj [1, 4, 9] 9 2 
D:maj7/7 [0, 2, 6, 9] 1 2 
B:min [2, 6, 11] 11 2 
G:maj [2, 7, 11] 7 2 
A:maj [1, 4, 9] 9 2 
D:sus2 [2, 4, 9] 2 4 
G:maj [2, 7, 11] 7 2 
A:maj [1, 4, 9] 9 2 
D:maj7/7 [0, 2, 6, 9] 1 2 
B:min [2, 6, 11] 11 2 
G:maj [2, 7, 11] 7 2 
A:maj [1, 4, 9] 9 2 
B:min [2, 6, 11] 11 4 
G:maj [2, 7, 11] 7 2 
A:maj [1, 4, 9] 9 2 
D:maj7/7 [0, 2, 6, 9] 1 2 
B:min [2, 6, 11] 11 2 
G:maj [2, 7, 11] 7 2 
A:maj [1, 4, 9] 9 2 
D:sus2 [2, 4, 9] 2 4 
G:maj [2, 7, 11] 7 2 
A:maj [1, 4, 9] 9 2 
D:maj7/7 [0, 2, 6, 9] 1 2 
B:min [2, 6, 11] 11 2 
G:maj [2, 7, 11] 7 2 
A:maj [1, 4, 9] 9 2 
B:min [2, 6, 11] 11 4 
G:maj [2, 7, 11] 7 2 
A:maj [1, 4, 9] 9 2 
D:maj7/7 [0, 2, 6, 9] 1 2 
B:min [2, 6, 11] 11 2 
G:maj [2, 7, 11] 7 2 
A:maj [1, 4, 9] 9 2 
B:min [2, 6, 11] 11 20 
