Bb:min [1, 5, 10] 10 4 
F:min [0, 5, 8] 5 4 
C:maj [0, 4, 7] 0 4 
F:min [0, 5, 8] 5 4 
Bb:min [1, 5, 10] 10 4 
F:min [0, 5, 8] 5 4 
C:min [0, 3, 7] 0 4 
F:min [0, 5, 8] 5 8 
Bb:min [1, 5, 10] 10 4 
F:min [0, 5, 8] 5 8 
C:min [0, 3, 7] 0 4 
Bb:min [1, 5, 10] 10 4 
Eb:maj [3, 7, 10] 3 4 
F:min [0, 5, 8] 5 8 
Bb:min [1, 5, 10] 10 4 
F:min [0, 5, 8] 5 8 
C:min [0, 3, 7] 0 4 
Bb:min [1, 5, 10] 10 4 
Eb:maj [3, 7, 10] 3 4 
F:min [0, 5, 8] 5 8 
Ab:maj [0, 3, 8] 8 4 
F:min [0, 5, 8] 5 4 
C#:maj [1, 5, 8] 1 4 
F:min [0, 5, 8] 5 4 
Bb:min [1, 5, 10] 10 8 
C:min [0, 3, 7] 0 4 
Ab:maj [0, 3, 8] 8 4 
F:min [0, 5, 8] 5 4 
C#:maj [1, 5, 8] 1 4 
F:min [0, 5, 8] 5 4 
Bb:min [1, 5, 10] 10 8 
F:min [0, 5, 8] 5 20 
Bb:min [1, 5, 10] 10 4 
F:min [0, 5, 8] 5 8 
C:min [0, 3, 7] 0 4 
Bb:min [1, 5, 10] 10 4 
Eb:maj [3, 7, 10] 3 4 
F:min [0, 5, 8] 5 8 
Ab:maj [0, 3, 8] 8 4 
F:min [0, 5, 8] 5 4 
C#:maj [1, 5, 8] 1 4 
F:min [0, 5, 8] 5 4 
Bb:min [1, 5, 10] 10 8 
C:min [0, 3, 7] 0 4 
Ab:maj [0, 3, 8] 8 4 
F:min [0, 5, 8] 5 4 
C#:maj [1, 5, 8] 1 4 
F:min [0, 5, 8] 5 4 
Bb:min [1, 5, 10] 10 8 
F:min [0, 5, 8] 5 12 
Eb:maj [3, 7, 10] 3 4 
C#:maj [1, 5, 8] 1 4 
C:min [0, 3, 7] 0 4 
F:min [0, 5, 8] 5 4 
Eb:maj [3, 7, 10] 3 4 
C#:maj [1, 5, 8] 1 4 
C:min [0, 3, 7] 0 4 
F:min [0, 5, 8] 5 4 
Ab:maj [0, 3, 8] 8 4 
F:min [0, 5, 8] 5 4 
C#:maj [1, 5, 8] 1 4 
F:min [0, 5, 8] 5 4 
Bb:min [1, 5, 10] 10 8 
C:min [0, 3, 7] 0 4 
Ab:maj [0, 3, 8] 8 4 
F:min [0, 5, 8] 5 4 
C#:maj [1, 5, 8] 1 4 
F:min [0, 5, 8] 5 4 
Bb:min [1, 5, 10] 10 8 
F:min [0, 5, 8] 5 16 
