E:maj [4, 8, 11] 4 4 
C#:maj [1, 5, 8] 1 4 
A:maj [1, 4, 9] 9 4 
B:7 [3, 6, 9, 11] 11 4 
E:maj [4, 8, 11] 4 4 
Ab:min [3, 8, 11] 8 4 
A:maj [1, 4, 9] 9 4 
E:maj [4, 8, 11] 4 4 
C#:min [1, 4, 8] 1 4 
A:maj [1, 4, 9] 9 4 
F#:maj [1, 6, 10] 6 4 
B:maj [3, 6, 11] 11 4 
E:maj [4, 8, 11] 4 4 
Ab:min [3, 8, 11] 8 4 
A:maj [1, 4, 9] 9 4 
E:maj [4, 8, 11] 4 4 
C#:min [1, 4, 8] 1 4 
A:maj [1, 4, 9] 9 4 
F#:maj [1, 6, 10] 6 2 
B:maj [3, 6, 11] 11 2 
E:maj [4, 8, 11] 4 8 
Ab:min [3, 8, 11] 8 4 
F#:min [1, 6, 9] 6 2 
B:maj [3, 6, 11] 11 2 
E:maj [4, 8, 11] 4 8 
Ab:min [3, 8, 11] 8 4 
F#:7 [1, 4, 6, 10] 6 4 
B:maj [3, 6, 11] 11 4 
E:maj [4, 8, 11] 4 4 
Ab:min [3, 8, 11] 8 4 
A:maj [1, 4, 9] 9 4 
E:maj [4, 8, 11] 4 4 
C#:min [1, 4, 8] 1 4 
A:maj [1, 4, 9] 9 4 
F#:maj [1, 6, 10] 6 2 
B:maj [3, 6, 11] 11 2 
E:maj [4, 8, 11] 4 2 
B:maj [3, 6, 11] 11 2 
E:maj [4, 8, 11] 4 4 
Ab:min [3, 8, 11] 8 4 
A:maj [1, 4, 9] 9 4 
E:maj [4, 8, 11] 4 4 
C#:min [1, 4, 8] 1 4 
A:maj [1, 4, 9] 9 4 
F#:maj [1, 6, 10] 6 2 
B:maj [3, 6, 11] 11 2 
E:maj [4, 8, 11] 4 8 
Ab:min [3, 8, 11] 8 4 
F#:min [1, 6, 9] 6 2 
B:maj [3, 6, 11] 11 2 
E:maj [4, 8, 11] 4 8 
Ab:min [3, 8, 11] 8 4 
F#:7 [1, 4, 6, 10] 6 4 
B:maj [3, 6, 11] 11 4 
E:maj [4, 8, 11] 4 4 
Ab:min [3, 8, 11] 8 4 
A:maj [1, 4, 9] 9 4 
E:maj [4, 8, 11] 4 4 
C#:min [1, 4, 8] 1 4 
A:maj [1, 4, 9] 9 4 
F#:maj [1, 6, 10] 6 2 
B:maj [3, 6, 11] 11 2 
E:maj [4, 8, 11] 4 4 
C#:min [1, 4, 8] 1 4 
A:maj [1, 4, 9] 9 4 
F#:maj [1, 6, 10] 6 2 
B:maj [3, 6, 11] 11 2 
E:maj [4, 8, 11] 4 2 
C#:min [1, 4, 8] 1 2 
A:maj [1, 4, 9] 9 2 
A:min [0, 4, 9] 9 3 
E:sus4 [4, 9, 11] 4 4 
