D:min/5 [2, 5, 9] 9 8 
A:min [0, 4, 9] 9 8 
G:min [2, 7, 10] 7 8 
A:min [0, 4, 9] 9 4 
D:min [2, 5, 9] 2 12 
A:min [0, 4, 9] 9 8 
D:min/5 [2, 5, 9] 9 4 
G:maj [2, 7, 11] 7 4 
C:maj [0, 4, 7] 0 2 
Bb:maj [2, 5, 10] 10 2 
D:min/5 [2, 5, 9] 9 12 
A:min [0, 4, 9] 9 8 
D:min/5 [2, 5, 9] 9 4 
G:maj [2, 7, 11] 7 4 
C:maj [0, 4, 7] 0 2 
Bb:maj [2, 5, 10] 10 2 
D:min/5 [2, 5, 9] 9 8 
A:maj [1, 4, 9] 9 4 
C:maj/5 [0, 4, 7] 7 4 
D:min/5 [2, 5, 9] 9 12 
A:min [0, 4, 9] 9 8 
D:min/5 [2, 5, 9] 9 4 
G:maj [2, 7, 11] 7 4 
C:maj [0, 4, 7] 0 2 
Bb:maj [2, 5, 10] 10 2 
D:min/5 [2, 5, 9] 9 12 
A:min [0, 4, 9] 9 8 
D:min/5 [2, 5, 9] 9 4 
G:maj [2, 7, 11] 7 4 
C:maj [0, 4, 7] 0 2 
Bb:maj [2, 5, 10] 10 2 
D:min/5 [2, 5, 9] 9 28 
A:min [0, 4, 9] 9 8 
G:min [2, 7, 10] 7 8 
A:min [0, 4, 9] 9 4 
D:min [2, 5, 9] 2 12 
A:min [0, 4, 9] 9 8 
D:min/5 [2, 5, 9] 9 4 
G:maj [2, 7, 11] 7 4 
C:maj [0, 4, 7] 0 2 
Bb:maj [2, 5, 10] 10 2 
D:min/5 [2, 5, 9] 9 12 
A:min [0, 4, 9] 9 8 
D:min/5 [2, 5, 9] 9 4 
G:maj [2, 7, 11] 7 4 
C:maj [0, 4, 7] 0 2 
Bb:maj [2, 5, 10] 10 2 
D:min/5 [2, 5, 9] 9 8 
A:maj [1, 4, 9] 9 4 
C:maj/5 [0, 4, 7] 7 4 
D:min/5 [2, 5, 9] 9 12 
A:min [0, 4, 9] 9 8 
D:min/5 [2, 5, 9] 9 4 
G:maj [2, 7, 11] 7 4 
C:maj [0, 4, 7] 0 2 
Bb:maj [2, 5, 10] 10 2 
D:min/5 [2, 5, 9] 9 12 
A:min [0, 4, 9] 9 8 
D:min/5 [2, 5, 9] 9 4 
G:maj [2, 7, 11] 7 4 
C:maj [0, 4, 7] 0 2 
Bb:maj [2, 5, 10] 10 2 
D:min/5 [2, 5, 9] 9 8 
G:maj [2, 7, 11] 7 4 
C:maj [0, 4, 7] 0 2 
Bb:maj [2, 5, 10] 10 2 
D:min/5 [2, 5, 9] 9 8 
G:maj [2, 7, 11] 7 4 
C:maj [0, 4, 7] 0 2 
Bb:maj [2, 5, 10] 10 2 
D:min/5 [2, 5, 9] 9 12 
A:min [0, 4, 9] 9 8 
G:min [2, 7, 10] 7 8 
A:min [0, 4, 9] 9 4 
D:min [2, 5, 9] 2 3 
