0 128
74 1
0 1
74 1
0 1
74 1
0 1
72 2
69 3
0 1
77 3
0 1
74 1
0 1
74 2
0 12
69 2
72 1
0 1
74 1
0 1
72 1
0 1
74 3
0 1
69 2
72 2
69 7
0 9
69 1
0 1
69 3
0 1
77 1
0 1
74 3
0 1
72 2
69 1
0 1
67 1
0 1
67 3
0 1
69 1
0 1
65 4
62 4
67 1
0 1
67 1
0 1
67 1
0 1
69 1
0 1
65 3
0 1
64 3
0 1
62 10
0 6
74 1
0 1
74 1
0 1
74 1
0 1
72 1
0 1
69 3
0 1
77 3
0 1
74 2
74 3
0 11
69 1
0 1
72 1
0 1
74 1
0 1
72 2
69 3
0 1
72 4
69 7
0 9
69 1
0 1
69 3
0 1
77 1
0 1
74 3
0 1
72 1
0 1
69 1
0 1
67 1
0 1
67 2
67 2
69 1
0 1
65 3
0 1
62 4
67 1
0 1
67 1
0 1
67 1
0 1
69 1
0 1
65 3
0 1
64 3
0 1
62 9
0 71
74 1
0 1
74 1
0 1
74 1
0 1
72 2
69 3
0 1
77 3
0 1
74 1
0 1
74 2
0 12
69 2
72 1
0 1
74 1
0 1
72 1
0 1
74 3
0 1
69 2
72 2
69 7
0 9
69 1
0 1
69 3
0 1
77 1
0 1
74 3
0 1
72 2
69 1
0 1
67 1
0 1
67 3
0 1
69 1
0 1
65 4
62 4
67 1
0 1
67 1
0 1
67 1
0 1
69 1
0 1
65 3
0 1
64 3
0 1
62 10
0 6
74 1
0 1
74 1
0 1
74 1
0 1
72 1
0 1
69 3
0 1
77 3
0 1
74 2
74 3
0 11
69 1
0 1
72 1
0 1
74 1
0 1
72 2
69 3
0 1
72 4
69 7
0 9
69 1
0 1
69 3
0 1
77 1
0 1
74 3
0 1
72 1
0 1
69 1
0 1
67 1
0 1
67 2
67 2
69 1
0 1
65 3
0 1
62 4
67 1
0 1
67 1
0 1
67 1
0 1
69 1
0 1
65 3
0 1
64 3
0 1
62 9
0 199
74 1
0 1
74 1
0 1
74 1
0 1
72 2
69 3
0 1
77 3
0 1
74 1
0 1
74 2
0 12
69 2
72 1
0 1
74 1
0 1
72 1
0 1
74 3
0 1
69 2
72 2
69 7
0 9
69 1
0 1
69 3
0 1
77 1
0 1
74 3
0 1
72 2
69 1
0 1
67 1
0 1
67 3
0 1
69 1
0 1
65 4
62 4
67 1
0 1
67 1
0 1
67 1
0 1
69 1
0 1
65 3
0 1
64 3
0 1
62 10
0 6
74 1
0 1
74 1
0 1
74 1
0 1
72 1
0 1
69 3
0 1
77 3
0 1
74 2
74 3
0 11
69 1
0 1
72 1
0 1
74 1
0 1
72 2
69 3
0 1
72 4
69 7
0 9
69 1
0 1
69 3
0 1
77 1
0 1
74 3
0 1
72 1
0 1
69 1
0 1
67 1
0 1
67 2
67 2
69 1
0 1
65 3
0 1
62 4
67 1
0 1
67 1
0 1
67 1
0 1
69 1
0 1
65 3
0 1
64 3
0 1
62 9
0 71
74 1
0 1
74 1
0 1
74 1
0 1
72 2
69 3
0 1
77 3
0 1
74 1
0 1
74 2
0 12
69 2
72 1
0 1
74 1
0 1
72 1
0 1
74 3
0 1
69 2
72 2
69 7
0 9
69 1
0 1
69 3
0 1
77 1
0 1
74 3
0 1
72 2
69 1
0 1
67 1
0 1
67 3
0 1
69 1
0 1
65 4
62 4
67 1
0 1
67 1
0 1
67 1
0 1
69 1
0 1
65 3
0 1
64 3
0 1
62 10
0 6
74 1
0 1
74 1
0 1
74 1
0 1
72 1
0 1
69 3
0 1
77 3
0 1
74 2
74 3
0 11
69 1
0 1
72 1
0 1
74 1
0 1
72 2
69 3
0 1
72 4
69 7
0 9
69 1
0 1
69 3
0 1
77 1
0 1
74 3
0 1
72 1
0 1
69 1
0 1
67 1
0 1
67 2
67 2
69 1
0 1
65 3
0 1
62 4
67 1
0 1
67 1
0 1
67 1
0 1
69 1
0 1
65 3
0 1
64 3
0 1
62 9
0 7
69 1
0 1
69 3
0 1
77 1
0 1
74 3
0 1
72 1
0 1
69 1
0 1
67 1
0 1
67 2
67 2
69 1
0 1
65 3
0 1
62 4
67 1
0 1
67 1
0 1
67 1
0 1
69 1
0 1
65 3
0 1
64 3
0 1
62 9
0 7
69 1
0 1
69 3
0 1
77 1
0 1
74 3
0 1
72 1
0 1
69 1
0 1
67 1
0 1
67 2
67 2
69 1
0 1
65 3
0 1
62 4
67 1
0 1
67 1
0 1
67 1
0 1
69 1
0 1
77 3
0 1
76 3
0 1
74 9
