C#:maj [1, 5, 8] 1 4 
Ab:maj [0, 3, 8] 8 4 
Bb:min [1, 5, 10] 10 4 
Bb:maj [2, 5, 10] 10 4 
F#:maj [1, 6, 10] 6 4 
Ab:maj [0, 3, 8] 8 12 
C#:maj [1, 5, 8] 1 4 
Ab:maj [0, 3, 8] 8 4 
Bb:min [1, 5, 10] 10 8 
F#:maj [1, 6, 10] 6 4 
Ab:maj [0, 3, 8] 8 4 
Ab:sus4 [1, 3, 8] 8 8 
C#:maj [1, 5, 8] 1 4 
Ab:maj [0, 3, 8] 8 4 
Bb:min [1, 5, 10] 10 8 
F#:maj [1, 6, 10] 6 8 
Ab:maj [0, 3, 8] 8 8 
C#:maj [1, 5, 8] 1 6 
C#:maj7/5 [1, 5, 8, 11] 8 2 
Bb:min [1, 5, 10] 10 8 
F#:maj [1, 6, 10] 6 4 
F:min [0, 5, 8] 5 2 
Bb:min [1, 5, 10] 10 2 
Eb:min [3, 6, 10] 3 4 
Ab:maj [0, 3, 8] 8 4 
C#:maj/5 [1, 5, 8] 8 6 
C#:maj7/7 [1, 5, 8, 11] 0 2 
Bb:min [1, 5, 10] 10 7 
C#:7 [1, 5, 8, 11] 1 1 
F#:maj [1, 6, 10] 6 4 
F:min [0, 5, 8] 5 1 
Bb:min [1, 5, 10] 10 3 
Eb:min [3, 6, 10] 3 1 
B:maj [3, 6, 11] 11 1 
Ab:maj [0, 3, 8] 8 6 
F#:maj [1, 6, 10] 6 6 
Ab:maj [0, 3, 8] 8 2 
Bb:min [1, 5, 10] 10 7 
F#:maj9 [1, 4, 6, 8, 10] 6 1 
F#:maj [1, 6, 10] 6 8 
Ab:7 [0, 3, 6, 8] 8 8 
C#:maj [1, 5, 8] 1 8 
Bb:min [1, 5, 10] 10 8 
F#:maj [1, 6, 10] 6 8 
Ab:sus4 [1, 3, 8] 8 8 
C#:maj [1, 5, 8] 1 8 
Bb:min [1, 5, 10] 10 8 
F#:maj [1, 6, 10] 6 8 
Ab:maj [0, 3, 8] 8 8 
C#:maj [1, 5, 8] 1 8 
Bb:min [1, 5, 10] 10 6 
Bb:min7/b7 [1, 5, 8, 10] 8 2 
F#:maj [1, 6, 10] 6 4 
F:min [0, 5, 8] 5 2 
Bb:min [1, 5, 10] 10 2 
Eb:min [3, 6, 10] 3 4 
Ab:maj [0, 3, 8] 8 4 
C#:maj/5 [1, 5, 8] 8 6 
C#:maj7/7 [1, 5, 8, 11] 0 2 
Bb:min [1, 5, 10] 10 7 
C#:maj [1, 5, 8] 1 1 
F#:maj [1, 6, 10] 6 4 
F:min [0, 5, 8] 5 1 
Bb:min [1, 5, 10] 10 3 
B:maj [3, 6, 11] 11 2 
Ab:maj [0, 3, 8] 8 6 
Eb:min/b3 [3, 6, 10] 6 4 
C#:maj/3 [1, 5, 8] 5 4 
Eb:min [3, 6, 10] 3 2 
B:maj/3 [3, 6, 11] 3 2 
Ab:sus4 [1, 3, 8] 8 3 
Ab:maj [0, 3, 8] 8 1 
Bb:maj [2, 5, 10] 10 6 
Eb:sus2 [3, 5, 10] 3 5 
Eb:maj [3, 7, 10] 3 1 
C:min [0, 3, 7] 0 7 
C:min7 [0, 3, 7, 10] 0 1 
Ab:maj [0, 3, 8] 8 4 
G:min [2, 7, 10] 7 2 
C:min [0, 3, 7] 0 2 
F:min [0, 5, 8] 5 3 
F:min7 [0, 3, 5, 8] 5 1 
Bb:maj [2, 5, 10] 10 4 
Bb:sus4 [3, 5, 10] 10 3 
Eb:maj [3, 7, 10] 3 4 
D:maj [2, 6, 9] 2 1 
C:min [0, 3, 7] 0 6 
Eb:maj [3, 7, 10] 3 2 
Ab:maj [0, 3, 8] 8 4 
G:min [2, 7, 10] 7 1 
C:min [0, 3, 7] 0 3 
C#:maj [1, 5, 8] 1 2 
Bb:maj [2, 5, 10] 10 10 
Eb:maj [3, 7, 10] 3 12 
C:maj [0, 4, 7] 0 4 
Ab:maj [0, 3, 8] 8 8 
Eb:sus2 [3, 5, 10] 3 6 
Bb:maj [2, 5, 10] 10 1 
