A:min [0, 4, 9] 9 26 
D:sus2 [2, 4, 9] 2 1 
D:min9 [0, 2, 4, 5, 9] 2 1 
A:min [0, 4, 9] 9 1 
A:min/5 [0, 4, 9] 4 16 
A:min [0, 4, 9] 9 1 
D:sus2 [2, 4, 9] 2 1 
D:min7/5 [0, 2, 5, 9] 9 1 
A:min/5 [0, 4, 9] 4 14 
D:min/5 [2, 5, 9] 9 3 
D:min [2, 5, 9] 2 1 
E:sus4 [4, 9, 11] 4 2 
A:min [0, 4, 9] 9 4 
D:min [2, 5, 9] 2 4 
E:min [4, 7, 11] 4 4 
A:min [0, 4, 9] 9 4 
E:min [4, 7, 11] 4 2 
D:min/5 [2, 5, 9] 9 2 
A:min [0, 4, 9] 9 14 
D:sus2 [2, 4, 9] 2 1 
D:min7/b7 [0, 2, 5, 9] 0 1 
A:min [0, 4, 9] 9 1 
A:min/5 [0, 4, 9] 4 17 
D:min/5 [2, 5, 9] 9 3 
A:min/5 [0, 4, 9] 4 13 
D:min/5 [2, 5, 9] 9 3 
D:min [2, 5, 9] 2 1 
E:sus4 [4, 9, 11] 4 2 
A:min [0, 4, 9] 9 4 
D:min [2, 5, 9] 2 4 
E:min [4, 7, 11] 4 4 
A:min [0, 4, 9] 9 4 
E:min [4, 7, 11] 4 2 
D:min/5 [2, 5, 9] 9 2 
A:min [0, 4, 9] 9 30 
D:sus2 [2, 4, 9] 2 1 
D:min7/b7 [0, 2, 5, 9] 0 1 
A:min [0, 4, 9] 9 1 
A:min/5 [0, 4, 9] 4 17 
D:min/5 [2, 5, 9] 9 3 
A:min/5 [0, 4, 9] 4 13 
D:min/5 [2, 5, 9] 9 3 
D:min [2, 5, 9] 2 1 
E:sus4 [4, 9, 11] 4 2 
A:min [0, 4, 9] 9 4 
D:min [2, 5, 9] 2 4 
E:min [4, 7, 11] 4 4 
A:min [0, 4, 9] 9 4 
E:min [4, 7, 11] 4 2 
D:min/5 [2, 5, 9] 9 2 
A:min [0, 4, 9] 9 14 
D:sus2 [2, 4, 9] 2 1 
D:min7/b7 [0, 2, 5, 9] 0 1 
A:min [0, 4, 9] 9 1 
A:min/5 [0, 4, 9] 4 17 
D:min/5 [2, 5, 9] 9 3 
A:min/5 [0, 4, 9] 4 13 
D:min/5 [2, 5, 9] 9 3 
D:min [2, 5, 9] 2 1 
E:sus4 [4, 9, 11] 4 2 
A:min [0, 4, 9] 9 4 
D:min [2, 5, 9] 2 4 
E:min [4, 7, 11] 4 4 
A:min [0, 4, 9] 9 4 
E:min [4, 7, 11] 4 2 
D:min/5 [2, 5, 9] 9 2 
A:min [0, 4, 9] 9 9 
A:min7/b7 [0, 4, 7, 9] 7 3 
D:maj/5 [2, 6, 9] 9 4 
