B:maj [3, 6, 11] 11 8 
F#:maj [1, 6, 10] 6 2 
B:maj [3, 6, 11] 11 14
Ab:min [3, 8, 11] 8 2 
F#:maj [1, 6, 10] 6 2
E:maj [4, 8, 11] 4 2 
F#:maj [1, 6, 10] 6 2 
B:maj [3, 6, 11] 11 8 
Ab:min [3, 8, 11] 8 2 
Ab:min7 [3, 6, 8, 11] 8 2 
E:maj [4, 8, 11] 4 2 
F#:maj [1, 6, 10] 6 2 
B:maj [3, 6, 11] 11 6 
F#:maj/3 [1, 6, 10] 10 2 
Ab:min [3, 8, 11] 8 2 
Eb:min/b3 [3, 6, 10] 6 2 
E:maj [4, 8, 11] 4 2 
F#:maj [1, 6, 10] 6 2 
B:maj [3, 6, 11] 11 6 
F#:maj/3 [1, 6, 10] 10 2 
C#:7/5 [1, 5, 8, 11] 8 2 
F#:maj [1, 6, 10] 6 2 
E:maj6 [1, 4, 8, 11] 4 2 
F#:maj [1, 6, 10] 6 2 
B:sus2 [1, 6, 11] 11 4 
E:maj [4, 8, 11] 4 2 
F#:maj [1, 6, 10] 6 2 
Ab:min [3, 8, 11] 8 4 
E:maj [4, 8, 11] 4 2 
F#:maj [1, 6, 10] 6 2 
B:maj/5 [3, 6, 11] 6 4 
E:maj [4, 8, 11] 4 2 
F#:maj [1, 6, 10] 6 2 
B:maj7/7 [3, 6, 9, 11] 10 2 
Ab:min [3, 8, 11] 8 2 
E:maj7 [2, 4, 8, 11] 4 2 
F#:maj [1, 6, 10] 6 2 
B:maj [3, 6, 11] 11 6 
F#:maj [1, 6, 10] 6 2 
Ab:min [3, 8, 11] 8 2 
Eb:min [3, 6, 10] 3 2 
E:maj [4, 8, 11] 4 2 
B:maj [3, 6, 11] 11 2 
C#:maj [1, 5, 8] 1 2 
F#:maj [1, 6, 10] 6 2 
B:maj [3, 6, 11] 11 2 
Eb:min [3, 6, 10] 3 2 
Ab:min [3, 8, 11] 8 2 
F#:maj [1, 6, 10] 6 2 
E:maj [4, 8, 11] 4 2 
B:maj [3, 6, 11] 11 2 
E:maj [4, 8, 11] 4 2 
F#:maj [1, 6, 10] 6 2 
B:maj [3, 6, 11] 11 8 
F#:maj [1, 6, 10] 6 8 
B:maj [3, 6, 11] 11 8 
F#:maj [1, 6, 10] 6 8 
B:maj [3, 6, 11] 11 4 
Ab:min [3, 8, 11] 8 4 
E:maj [4, 8, 11] 4 2 
F#:maj [1, 6, 10] 6 2 
B:maj [3, 6, 11] 11 6 
F#:maj/3 [1, 6, 10] 10 2 
C#:7/5 [1, 5, 8, 11] 8 2 
F#:maj [1, 6, 10] 6 2 
E:maj6 [1, 4, 8, 11] 4 2 
F#:maj [1, 6, 10] 6 2 
B:sus2 [1, 6, 11] 11 4 
E:maj [4, 8, 11] 4 2 
F#:maj [1, 6, 10] 6 2 
Ab:min [3, 8, 11] 8 4 
E:maj [4, 8, 11] 4 2 
F#:maj [1, 6, 10] 6 2 
B:maj/5 [3, 6, 11] 6 4 
E:maj [4, 8, 11] 4 2 
F#:maj [1, 6, 10] 6 2 
B:maj7/7 [3, 6, 9, 11] 10 2 
Ab:min [3, 8, 11] 8 2 
E:maj7 [2, 4, 8, 11] 4 2 
F#:maj [1, 6, 10] 6 2 
B:maj [3, 6, 11] 11 6 
F#:maj [1, 6, 10] 6 2 
Ab:min [3, 8, 11] 8 2 
Eb:min [3, 6, 10] 3 2 
E:maj [4, 8, 11] 4 2 
B:maj [3, 6, 11] 11 2 
C#:maj [1, 5, 8] 1 2 
F#:maj [1, 6, 10] 6 2 
B:maj [3, 6, 11] 11 2 
Eb:min [3, 6, 10] 3 2 
Ab:min [3, 8, 11] 8 2 
F#:maj [1, 6, 10] 6 2 
E:maj [4, 8, 11] 4 2 
B:maj [3, 6, 11] 11 2 
E:maj [4, 8, 11] 4 2 
F#:maj [1, 6, 10] 6 2 
B:maj [3, 6, 11] 11 3 
E:maj [4, 8, 11] 4 2 
G:maj [2, 7, 11] 7 3 
C:maj [0, 4, 7] 0 2 
G:maj [2, 7, 11] 7 2 
A:min [0, 4, 9] 9 2 
E:min [4, 7, 11] 4 2 
F:maj [0, 5, 9] 5 2 
C:maj [0, 4, 7] 0 2 
D:maj [2, 6, 9] 2 2 
G:maj [2, 7, 11] 7 2 
C:maj [0, 4, 7] 0 2 
E:min [4, 7, 11] 4 2 
A:min [0, 4, 9] 9 2 
C:maj/6 [0, 4, 7] 9 2 
F:maj [0, 5, 9] 5 2 
C:maj [0, 4, 7] 0 2 
F:maj [0, 5, 9] 5 2 
G:maj [2, 7, 11] 7 2 
C:maj [0, 4, 7] 0 4 
A:min [0, 4, 9] 9 2 
E:min [4, 7, 11] 4 2 
F:maj [0, 5, 9] 5 2 
C:maj [0, 4, 7] 0 2 
D:maj [2, 6, 9] 2 2 
G:maj [2, 7, 11] 7 2 
C:maj [0, 4, 7] 0 2 
E:min [4, 7, 11] 4 2 
A:min [0, 4, 9] 9 2 
G:maj [2, 7, 11] 7 2 
F:maj [0, 5, 9] 5 2 
C:maj [0, 4, 7] 0 6 
F:maj [0, 5, 9] 5 2 
G:maj [2, 7, 11] 7 2 
C:maj [0, 4, 7] 0 4 
F:maj [0, 5, 9] 5 2 
G:maj [2, 7, 11] 7 2 
C:maj [0, 4, 7] 0 12 
G:maj [2, 7, 11] 7 8 
C:maj [0, 4, 7] 0 8 
G:maj [2, 7, 11] 7 8 
C:maj [0, 4, 7] 0 7 
