0 202
66 1
0 1
71 1
0 1
73 1
0 1
73 1
0 1
75 1
0 1
75 3
0 1
73 1
0 1
75 1
0 1
75 3
0 1
73 1
0 1
75 1
0 1
78 1
0 1
75 1
0 1
71 3
0 1
71 2
66 1
0 1
68 5
0 1
75 2
73 4
71 2
73 1
0 1
75 9
0 1
66 1
0 1
71 1
0 1
73 1
0 1
73 1
0 1
75 1
0 1
75 3
0 1
73 1
0 1
75 1
0 1
75 3
0 1
73 1
0 1
75 1
0 1
78 1
0 1
75 1
0 1
71 3
0 1
71 1
0 1
70 1
0 1
68 3
0 3
75 2
73 3
0 1
71 1
0 1
73 1
0 1
71 10
0 2
71 1
0 1
70 2
68 3
0 1
71 3
0 1
73 3
0 1
71 1
0 1
73 1
0 1
75 2
78 1
0 1
73 1
0 1
75 1
0 1
71 2
0 2
71 2
70 2
68 3
0 1
71 4
73 1
0 1
75 1
73 1
71 1
0 1
73 1
0 1
75 9
0 3
71 1
0 1
70 1
0 1
68 3
0 1
71 3
0 1
73 1
0 1
75 1
73 1
71 1
0 1
73 1
0 1
75 2
78 1
0 1
78 1
0 1
75 2
80 2
0 2
75 1
0 1
73 2
71 5
0 1
75 1
0 1
73 1
0 1
75 1
73 1
71 2
73 1
0 1
71 9
0 1
71 1
0 1
75 1
0 1
76 1
0 1
78 1
0 1
71 1
0 1
75 1
0 1
76 1
0 1
78 3
0 1
80 1
0 1
82 1
0 1
83 1
0 1
75 1
0 1
75 1
0 1
76 1
0 1
78 3
0 5
80 3
0 1
78 1
0 1
76 1
0 1
78 1
0 1
83 1
0 1
83 2
0 2
80 3
0 1
80 1
0 1
82 1
0 1
83 3
0 1
82 3
0 1
78 3
0 1
75 1
0 1
76 2
78 3
0 1
80 1
0 1
82 1
0 1
83 3
0 1
82 1
0 1
80 1
0 1
78 6
0 2
76 1
0 1
78 1
0 1
80 1
0 1
76 1
0 1
78 2
83 1
0 1
83 2
0 2
83 1
0 1
82 1
0 1
78 1
0 1
71 1
0 1
75 4
73 2
0 2
71 12
0 110
66 1
0 1
71 1
0 1
73 1
0 1
73 1
0 1
75 1
0 1
75 3
0 1
73 1
0 1
75 1
0 1
75 3
0 1
73 1
0 1
75 1
0 1
78 1
0 1
75 1
0 1
71 3
0 1
71 2
66 1
0 1
68 5
0 1
75 2
73 4
71 2
73 1
0 1
75 9
0 1
66 1
0 1
71 1
0 1
73 1
0 1
73 1
0 1
75 1
0 1
75 3
0 1
73 1
0 1
75 1
0 1
75 3
0 1
73 1
0 1
75 1
0 1
78 1
0 1
75 1
0 1
71 3
0 1
71 1
0 1
70 1
0 1
68 3
0 3
75 2
73 3
0 1
71 1
0 1
73 1
0 1
71 10
0 2
71 1
0 1
70 2
68 3
0 1
71 3
0 1
73 3
0 1
71 1
0 1
73 1
0 1
75 2
78 1
0 1
73 1
0 1
75 1
0 1
71 2
0 2
71 2
70 2
68 3
0 1
71 4
73 1
0 1
75 1
73 1
71 1
0 1
73 1
0 1
75 9
0 3
71 1
0 1
70 1
0 1
68 3
0 1
71 3
0 1
73 1
0 1
75 1
73 1
71 1
0 1
73 1
0 1
75 2
78 1
0 1
78 1
0 1
75 2
80 2
0 2
75 1
0 1
73 2
71 5
0 1
75 1
0 1
73 1
0 1
75 1
73 1
71 2
73 1
0 1
71 9
0 1
71 1
0 1
75 1
0 1
76 1
0 1
78 1
0 1
71 1
0 1
75 1
0 1
76 1
0 1
78 3
0 1
80 1
0 1
82 1
0 1
83 1
0 1
75 1
0 1
75 1
0 1
76 1
0 1
78 3
0 5
80 3
0 1
78 1
0 1
76 1
0 1
78 1
0 1
83 1
0 1
83 2
0 2
80 3
0 1
80 1
0 1
82 1
0 1
83 3
0 1
82 3
0 1
78 3
0 1
75 1
0 1
76 2
78 3
0 1
80 1
0 1
82 1
0 1
83 3
0 1
82 1
0 1
80 1
0 1
78 6
0 2
76 1
0 1
78 1
0 1
80 1
0 1
76 1
0 1
78 2
83 1
0 1
83 2
0 2
83 1
0 1
82 1
0 1
78 1
0 1
71 1
0 1
75 4
73 2
0 2
71 12
0 14
72 1
0 1
76 1
0 1
77 1
0 1
79 1
0 1
72 1
0 1
76 1
0 1
77 1
0 1
79 3
0 1
81 1
0 1
83 1
0 1
84 1
0 1
76 1
0 1
76 1
0 1
77 1
0 1
79 3
0 5
81 3
0 1
79 1
0 1
77 1
0 1
79 1
0 1
84 1
0 1
84 2
0 2
81 3
0 1
81 1
0 1
83 1
0 1
84 3
0 1
83 3
0 1
79 3
0 1
76 1
0 1
77 2
79 3
0 1
81 1
0 1
83 1
0 1
84 3
0 1
83 1
0 1
81 1
0 1
79 6
0 2
77 1
0 1
79 1
0 1
81 1
0 1
77 1
0 1
79 2
84 1
0 1
84 2
0 2
84 1
0 1
83 1
0 1
79 1
0 1
72 1
0 1
76 4
74 3
0 1
79 1
0 1
72 1
0 1
76 1
0 1
77 1
0 1
79 3
0 1
81 1
0 1
83 1
0 1
84 1
0 1
76 1
0 1
76 1
0 1
77 1
0 1
79 3
0 5
81 3
0 1
79 1
0 1
77 1
0 1
79 1
0 1
84 1
0 1
84 2
0 2
81 3
0 1
81 1
0 1
83 1
0 1
84 3
0 1
83 3
0 1
79 3
0 1
76 1
0 1
77 2
79 3
0 1
81 1
0 1
83 1
0 1
84 3
0 1
83 1
0 1
81 1
0 1
79 6
0 2
77 1
0 1
79 1
0 1
81 1
0 1
77 1
0 1
79 2
84 1
0 1
84 2
0 18
84 1
0 1
83 1
0 1
79 1
0 1
72 1
0 1
76 4
74 2
0 2
72 12
0 4
84 1
0 1
83 1
0 1
79 1
0 1
72 1
0 1
76 4
74 2
0 2
72 12
