D:maj [2, 6, 9] 2 4
E:maj [4, 8, 11] 4 4
D:maj [2, 6, 9] 2 5
E:maj [4, 8, 11] 4 3
F:maj7/7 [0, 3, 5, 9] 4 4
G:maj [2, 7, 11] 7 4
A:maj [1, 4, 9] 9 4
G:sus2 [2, 7, 9] 7 5
A:maj [1, 4, 9] 9 7
D:maj [2, 6, 9] 2 4
B:min [2, 6, 11] 11 1
B:sus2 [1, 6, 11] 11 2
B:min [2, 6, 11] 11 1
G:maj [2, 7, 11] 7 4
A:sus4(b7) [2, 4, 9] 9 4
D:maj [2, 6, 9] 2 4
B:min [2, 6, 11] 11 4
G:maj7 [2, 5, 7, 11] 7 4
F#:sus4 [1, 6, 11] 6 3
B:min [2, 6, 11] 11 5
A:maj [1, 4, 9] 9 3
F#:min/b3 [1, 6, 9] 9 1
E:min [4, 7, 11] 4 4
F#:sus4 [1, 6, 11] 6 4
B:min [2, 6, 11] 11 4
F#:min [1, 6, 9] 6 4
G:maj [2, 7, 11] 7 8
A:maj [1, 4, 9] 9 3
A:maj [1, 4, 9] 9 1
D:sus2 [2, 4, 9] 2 4
B:sus2 [1, 6, 11] 11 4
G:maj7 [2, 5, 7, 11] 7 2
G:maj [2, 7, 11] 7 2
F#:min [1, 6, 9] 6 4
G:maj [2, 7, 11] 7 4
D:maj [2, 6, 9] 2 1
C#:min [1, 4, 8] 1 1
B:min [2, 6, 11] 11 2
E:min [4, 7, 11] 4 4
A:sus2 [4, 9, 11] 9 4
D:sus2 [2, 4, 9] 2 4
B:sus2 [1, 6, 11] 11 4
G:maj [2, 7, 11] 7 4
F#:min [1, 6, 9] 6 4
G:maj [2, 7, 11] 7 4
D:maj [2, 6, 9] 2 1
C#:min [1, 4, 8] 1 1
B:min [2, 6, 11] 11 2
E:min [4, 7, 11] 4 4
G:maj [2, 7, 11] 7 2
A:maj [1, 4, 9] 9 1
A:maj [1, 4, 9] 9 1
D:maj [2, 6, 9] 2 4
B:min/b3 [2, 6, 11] 2 3
B:min [2, 6, 11] 11 1
G:maj [2, 7, 11] 7 4
F#:min [1, 6, 9] 6 4
G:maj [2, 7, 11] 7 4
D:maj [2, 6, 9] 2 2
B:min [2, 6, 11] 11 2
G:maj [2, 7, 11] 7 4
F#:sus4 [1, 6, 11] 6 4
B:min [2, 6, 11] 11 4
F#:sus4 [1, 6, 11] 6 3
F#:min7 [1, 4, 6, 9] 6 1
E:min [4, 7, 11] 4 4
F#:sus4 [1, 6, 11] 6 4
B:min [2, 6, 11] 11 4
F#:min [1, 6, 9] 6 4
G:maj [2, 7, 11] 7 6
G:min [2, 7, 10] 7 2
A:maj [1, 4, 9] 9 3
A:maj [1, 4, 9] 9 1
D:sus2 [2, 4, 9] 2 4
B:sus2 [1, 6, 11] 11 4
G:maj7 [2, 5, 7, 11] 7 2
E:min [4, 7, 11] 4 1
D:maj [2, 6, 9] 2 1
F#:min [1, 6, 9] 6 4
G:maj [2, 7, 11] 7 4
D:maj [2, 6, 9] 2 1
D:maj(9) [0, 2, 4, 6, 9] 2 1
B:min [2, 6, 11] 11 2
E:min [4, 7, 11] 4 4
A:sus2 [4, 9, 11] 9 4
D:sus2 [2, 4, 9] 2 4
B:sus2 [1, 6, 11] 11 4
G:maj [2, 7, 11] 7 4
F#:min [1, 6, 9] 6 4
G:maj [2, 7, 11] 7 4
D:maj [2, 6, 9] 2 2
B:min [2, 6, 11] 11 2
E:min [4, 7, 11] 4 4
G:maj [2, 7, 11] 7 2
A:maj [1, 4, 9] 9 1
A:maj [1, 4, 9] 9 1
D:maj [2, 6, 9] 2 4
E:sus4 [4, 9, 11] 4 4
E:min [4, 7, 11] 4 1
C:maj/3 [0, 4, 7] 4 1
A:maj [1, 4, 9] 9 1
G:maj [2, 7, 11] 7 4
E:min [4, 7, 11] 4 3
A:maj [1, 4, 9] 9 3
Bb:min [1, 5, 10] 10 3
C:sus4 [0, 5, 7] 0 1
C:maj [0, 4, 7] 0 5
D:sus4 [2, 7, 9] 2 1
