G:maj [2, 7, 11] 7 2 
A:min [0, 4, 9] 9 2 
D:maj [2, 6, 9] 2 2 
E:min/b3 [4, 7, 11] 7 1 
A:sus2 [4, 9, 11] 9 1 
C:maj [0, 4, 7] 0 2 
B:7/5 [3, 6, 9, 11] 6 1 
B:min7 [2, 6, 9, 11] 11 1 
C:maj/3 [0, 4, 7] 4 2 
G:sus4(b7) [0, 2, 7] 7 2 
C:maj [0, 4, 7] 0 2 
D:maj [2, 6, 9] 2 2 
B:min7 [2, 6, 9, 11] 11 2 
E:maj [4, 8, 11] 4 2 
A:min7 [0, 4, 7, 9] 9 1 
B:min7 [2, 6, 9, 11] 11 1 
C#:dim [1, 4, 7] 1 2 
D:maj [2, 6, 9] 2 4 
G:maj [2, 7, 11] 7 2 
A:min [0, 4, 9] 9 2 
D:maj/3 [2, 6, 9] 6 2 
G:maj [2, 7, 11] 7 2 
C:maj [0, 4, 7] 0 3 
G:maj/3 [2, 7, 11] 11 1 
A:min [0, 4, 9] 9 2 
G:maj [2, 7, 11] 7 2 
D:min [2, 5, 9] 2 2 
G:maj [2, 7, 11] 7 2 
C:maj [0, 4, 7] 0 2 
B:min7 [2, 6, 9, 11] 11 2 
A:min7 [0, 4, 7, 9] 9 2 
D:maj [2, 6, 9] 2 2 
G:maj [2, 7, 11] 7 2 
D:7 [0, 2, 6, 9] 2 2 
G:maj [2, 7, 11] 7 2 
A:min [0, 4, 9] 9 2 
D:maj/3 [2, 6, 9] 6 2 
G:maj [2, 7, 11] 7 2 
C:maj [0, 4, 7] 0 3 
G:maj/3 [2, 7, 11] 11 1 
A:min [0, 4, 9] 9 2 
G:maj [2, 7, 11] 7 2 
D:min [2, 5, 9] 2 2 
G:maj [2, 7, 11] 7 2 
C:maj [0, 4, 7] 0 2 
B:min7 [2, 6, 9, 11] 11 2 
A:min7 [0, 4, 7, 9] 9 2 
D:maj [2, 6, 9] 2 2 
E:min/b3 [4, 7, 11] 7 1 
G:maj [2, 7, 11] 7 1 
G:maj7 [2, 5, 7, 11] 7 2 
C:maj [0, 4, 7] 0 2 
B:min7 [2, 6, 9, 11] 11 2 
B:min [2, 6, 11] 11 2 
E:min [4, 7, 11] 4 2 
A:min [0, 4, 9] 9 2 
B:maj [3, 6, 11] 11 2 
E:min [4, 7, 11] 4 1 
Eb:aug [3, 7, 11] 3 1 
G:maj7/5 [2, 5, 7, 11] 2 2 
C:maj [0, 4, 7] 0 2 
D:maj [2, 6, 9] 2 2 
B:min [2, 6, 11] 11 2 
E:min [4, 7, 11] 4 2 
A:min [0, 4, 9] 9 2 
D:maj [2, 6, 9] 2 2 
C:maj [0, 4, 7] 0 2 
D:maj [2, 6, 9] 2 2 
G:maj [2, 7, 11] 7 2 
A:min [0, 4, 9] 9 2 
D:maj/3 [2, 6, 9] 6 2 
G:maj [2, 7, 11] 7 2 
C:maj [0, 4, 7] 0 3 
G:maj/3 [2, 7, 11] 11 1 
A:min [0, 4, 9] 9 2 
G:maj [2, 7, 11] 7 2 
D:min [2, 5, 9] 2 2 
G:maj [2, 7, 11] 7 2 
C:maj [0, 4, 7] 0 2 
B:min7 [2, 6, 9, 11] 11 2 
A:min7 [0, 4, 7, 9] 9 2 
D:maj [2, 6, 9] 2 2 
E:min/b3 [4, 7, 11] 7 1 
G:maj [2, 7, 11] 7 1 
G:maj7 [2, 5, 7, 11] 7 2 
G:7 [2, 5, 7, 11] 7 4 
C:maj [0, 4, 7] 0 4 
Eb:maj [3, 7, 10] 3 4 
D:maj [2, 6, 9] 2 4 
C:maj [0, 4, 7] 0 4 
B:min [2, 6, 11] 11 1 
E:min [4, 7, 11] 4 3 
A:min [0, 4, 9] 9 2 
B:min [2, 6, 11] 11 2 
Eb:maj [3, 7, 10] 3 2 
D:maj [2, 6, 9] 2 2 
C:maj [0, 4, 7] 0 4 
B:min [2, 6, 11] 11 2 
E:min [4, 7, 11] 4 2 
A:min [0, 4, 9] 9 2 
B:maj [3, 6, 11] 11 2 
E:min [4, 7, 11] 4 1 
Eb:aug [3, 7, 11] 3 1 
G:maj7/5 [2, 5, 7, 11] 2 2 
C:maj [0, 4, 7] 0 2 
D:maj [2, 6, 9] 2 2 
B:min [2, 6, 11] 11 1 
E:maj [4, 8, 11] 4 1 
E:min [4, 7, 11] 4 6 
A:min [0, 4, 9] 9 2 
D:maj [2, 6, 9] 2 2 
G:maj [2, 7, 11] 7 1 
G:maj/3 [2, 7, 11] 11 1 
G:maj [2, 7, 11] 7 4 
C:maj [0, 4, 7] 0 2 
C:maj/#4 [0, 4, 7] 4 2 
G:maj [2, 7, 11] 7 2 
C:maj [0, 4, 7] 0 3 
G:maj/3 [2, 7, 11] 11 1 
A:min [0, 4, 9] 9 2 
G:maj [2, 7, 11] 7 2 
D:min [2, 5, 9] 2 2 
G:maj [2, 7, 11] 7 2 
C:maj [0, 4, 7] 0 2 
B:min7 [2, 6, 9, 11] 11 2 
A:min7 [0, 4, 7, 9] 9 2 
D:maj [2, 6, 9] 2 2 
E:min/b3 [4, 7, 11] 7 1 
G:maj [2, 7, 11] 7 1 
G:maj7 [2, 5, 7, 11] 7 2 
D:min [2, 5, 9] 2 2 
G:maj [2, 7, 11] 7 2 
C:maj [0, 4, 7] 0 2 
B:min7 [2, 6, 9, 11] 11 2 
A:min7 [0, 4, 7, 9] 9 2 
D:maj [2, 6, 9] 2 2 
C:maj/3 [0, 4, 7] 4 1 
D:maj [2, 6, 9] 2 3 
A:min [0, 4, 9] 9 2 
D:maj [2, 6, 9] 2 2 
Eb:maj [3, 7, 10] 3 2 
D:maj [2, 6, 9] 2 2 
A:min [0, 4, 9] 9 2 
D:maj [2, 6, 9] 2 8 
G:maj [2, 7, 11] 7 2 
A:min [0, 4, 9] 9 2 
D:maj [2, 6, 9] 2 2 
E:min/b3 [4, 7, 11] 7 1 
G:maj [2, 7, 11] 7 1 
C:maj [0, 4, 7] 0 2 
D:maj [2, 6, 9] 2 2 
G:maj [2, 7, 11] 7 3 
