0 124
62 2
72 2
71 5
0 1
71 1
0 1
72 1
0 1
71 2
69 2
67 2
69 1
0 1
71 1
0 1
72 2
71 7
0 1
64 2
72 5
0 1
72 1
0 1
74 2
72 2
69 2
71 2
72 5
0 1
71 1
0 1
71 5
0 1
67 2
74 5
0 1
74 1
0 1
76 2
74 1
0 1
72 2
71 2
71 2
72 1
0 1
69 1
0 1
67 2
78 3
0 3
76 1
0 1
74 1
0 1
72 1
0 1
64 1
0 1
66 2
71 3
0 1
69 3
0 1
67 8
0 4
62 2
72 2
71 5
0 1
71 1
0 1
72 1
0 1
71 2
69 2
67 2
69 1
0 1
71 1
0 1
72 2
71 7
0 1
64 2
72 5
0 1
72 1
0 1
74 2
72 2
69 2
71 2
72 5
0 1
71 1
0 1
71 5
0 1
67 2
74 5
0 1
74 1
0 1
76 2
74 1
0 1
72 2
71 2
71 2
72 1
0 1
69 1
0 1
67 2
78 3
0 3
76 1
0 1
74 1
0 1
72 1
0 1
64 1
0 1
66 2
71 3
0 1
69 3
0 1
67 8
0 2
67 1
0 1
71 1
0 1
74 1
0 1
74 1
0 1
76 1
0 1
72 2
71 1
69 4
67 1
71 1
72 1
0 1
72 3
74 1
0 1
71 2
69 1
67 4
62 1
69 1
71 1
0 1
71 3
72 1
0 1
72 1
0 1
64 2
66 2
0 2
67 1
0 1
69 2
67 6
69 2
71 2
67 1
0 1
71 2
74 1
0 1
74 1
0 1
76 1
0 1
72 2
71 1
69 3
0 1
79 1
78 1
79 3
74 1
0 1
76 1
0 1
74 2
72 1
71 3
0 1
67 1
72 1
74 2
0 1
74 1
0 1
76 1
0 1
76 1
0 1
67 2
67 3
0 1
66 3
0 1
67 11
0 1
62 2
72 2
71 5
0 1
71 1
0 1
72 1
0 1
71 2
69 2
67 2
69 1
0 1
71 1
0 1
72 2
71 7
0 1
64 2
72 5
0 1
72 1
0 1
74 2
72 2
69 2
71 2
72 5
0 1
71 1
0 1
71 5
0 1
67 2
74 5
0 1
74 1
0 1
76 2
74 1
0 1
72 2
71 2
71 2
72 1
0 1
69 1
0 1
67 2
78 3
0 3
76 1
0 1
74 1
0 1
72 1
0 1
64 1
0 1
66 2
71 3
0 1
69 3
0 1
67 8
0 64
71 1
0 1
74 1
79 2
81 2
0 1
83 2
79 1
79 2
76 3
81 1
0 1
78 1
78 2
76 2
0 1
74 2
81 1
0 1
78 1
0 1
79 7
0 3
72 2
71 1
72 2
74 2
0 1
76 2
74 1
76 2
78 2
0 1
79 1
0 1
78 1
79 1
0 1
81 3
81 2
67 1
0 1
71 1
0 1
74 1
0 1
74 1
0 1
76 1
0 1
72 2
71 1
69 4
67 1
71 1
72 1
0 1
72 3
74 1
0 1
71 2
69 1
67 4
62 1
69 1
71 1
0 1
71 3
72 1
0 1
72 1
0 1
64 2
66 2
0 2
67 1
0 1
69 2
67 6
69 2
71 2
67 1
0 1
71 2
74 1
0 1
74 1
0 1
76 1
0 1
72 2
71 1
69 3
0 1
79 1
78 1
79 3
74 1
0 1
76 1
0 1
74 2
72 1
71 3
0 17
67 1
72 1
74 2
0 1
74 1
0 1
76 1
0 1
76 1
0 1
67 2
67 3
0 1
66 3
0 1
67 11
0 1
62 2
72 2
71 5
0 1
71 1
0 1
72 1
0 1
71 2
69 2
67 2
69 1
0 1
71 1
0 1
72 2
71 7
0 1
64 2
72 5
0 1
72 1
0 1
74 2
72 2
69 2
71 2
72 5
0 1
71 1
0 1
71 5
0 1
67 2
74 5
0 1
74 1
0 1
76 2
74 1
0 1
72 2
71 2
71 2
72 1
0 1
69 1
0 1
67 2
78 3
0 3
76 1
0 1
74 1
0 1
72 1
0 1
64 1
0 1
66 2
71 3
0 1
69 3
0 1
67 8
0 2
67 1
0 1
66 2
67 2
74 5
0 1
74 1
0 1
76 2
74 1
0 1
72 2
71 2
71 2
72 1
0 1
69 1
0 1
67 2
78 3
0 3
76 1
0 1
74 1
0 1
72 1
0 1
64 1
0 1
66 2
71 3
0 1
69 3
0 1
67 8
0 6
76 1
0 1
74 1
0 1
72 1
0 1
64 1
0 1
66 2
71 3
0 1
69 3
0 1
67 8
0 6
76 1
0 1
74 1
0 1
72 1
0 1
64 1
0 1
66 2
71 14
0 3
69 4
67 13
