Ab:maj [0, 3, 8] 8 8 
Ab:min [3, 8, 11] 8 1 
Eb:sus4(b7) [3, 8, 10] 3 7 
Ab:maj [0, 3, 8] 8 8 
Ab:min [3, 8, 11] 8 1 
Eb:sus4(b7) [3, 8, 10] 3 7 
Ab:min [3, 8, 11] 8 2 
F#:maj [1, 6, 10] 6 2 
E:maj7 [2, 4, 8, 11] 4 2 
B:maj/5 [3, 6, 11] 6 2 
C#:min [1, 4, 8] 1 2 
B:maj [3, 6, 11] 11 2 
Bb:dim [1, 4, 10] 10 2 
Eb:maj [3, 7, 10] 3 2 
Ab:min [3, 8, 11] 8 2 
Eb:min [3, 6, 10] 3 2 
E:maj [4, 8, 11] 4 2 
B:maj [3, 6, 11] 11 2 
C#:min7 [1, 4, 8, 11] 1 2 
B:maj [3, 6, 11] 11 2 
Eb:maj [3, 7, 10] 3 2 
Ab:min [3, 8, 11] 8 2 
F#:maj [1, 6, 10] 6 2 
B:maj/5 [3, 6, 11] 6 1 
B:maj [3, 6, 11] 11 1 
Eb:maj [3, 7, 10] 3 2 
Ab:min [3, 8, 11] 8 2 
F#:maj [1, 6, 10] 6 2 
B:maj [3, 6, 11] 11 2 
Bb:maj [2, 5, 10] 10 2 
Eb:maj [3, 7, 10] 3 2 
Ab:min [3, 8, 11] 8 2 
Eb:min [3, 6, 10] 3 2 
E:maj7 [2, 4, 8, 11] 4 2 
B:maj [3, 6, 11] 11 2 
C#:min7 [1, 4, 8, 11] 1 2 
Ab:min [3, 8, 11] 8 2 
Eb:maj [3, 7, 10] 3 2 
Ab:min [3, 8, 11] 8 4 
Eb:maj [3, 7, 10] 3 2 
F:min7 [0, 3, 5, 8] 5 2 
Eb:sus2 [3, 5, 10] 3 2 
C#:maj [1, 5, 8] 1 2 
Ab:maj/3 [0, 3, 8] 0 2 
Bb:min7/5 [1, 5, 8, 10] 5 2 
Eb:sus2 [3, 5, 10] 3 2 
Ab:maj [0, 3, 8] 8 2 
Eb:7 [1, 3, 7, 10] 3 2 
F:min [0, 5, 8] 5 2 
C:min7 [0, 3, 7, 10] 0 2 
C#:maj [1, 5, 8] 1 2 
Ab:maj/3 [0, 3, 8] 0 2 
Bb:min7 [1, 5, 8, 10] 10 2 
C:maj [0, 4, 7] 0 2 
F:min [0, 5, 8] 5 2 
C:min7 [0, 3, 7, 10] 0 2 
C#:maj [1, 5, 8] 1 2 
Ab:maj/5 [0, 3, 8] 3 2 
C:7/5 [0, 4, 7, 10] 7 2 
F:sus2 [0, 5, 7] 5 2 
C#:maj [1, 5, 8] 1 2 
Eb:maj [3, 7, 10] 3 2 
F:min [0, 5, 8] 5 2 
Eb:maj [3, 7, 10] 3 2 
C#:maj [1, 5, 8] 1 2 
Ab:maj [0, 3, 8] 8 2 
F:maj7/5 [0, 3, 5, 9] 0 2 
F:min7 [0, 3, 5, 8] 5 2 
C#:maj [1, 5, 8] 1 2 
Eb:maj [3, 7, 10] 3 2 
F:min7 [0, 3, 5, 8] 5 4 
Ab:maj [0, 3, 8] 8 4 
Eb:maj [3, 7, 10] 3 4 
F:min [0, 5, 8] 5 4 
E:maj [4, 8, 11] 4 4 
C#:min7 [1, 4, 8, 11] 1 4 
F#:maj [1, 6, 10] 6 4 
Eb:7 [1, 3, 7, 10] 3 4 
Ab:min7 [3, 6, 8, 11] 8 8 
Ab:sus2 [3, 8, 10] 8 8 
Ab:min [3, 8, 11] 8 2 
Eb:min [3, 6, 10] 3 2 
E:maj7 [2, 4, 8, 11] 4 2 
B:maj/5 [3, 6, 11] 6 2 
C#:min [1, 4, 8] 1 2 
B:maj [3, 6, 11] 11 2 
Bb:dim [1, 4, 10] 10 2 
Eb:maj [3, 7, 10] 3 2 
Ab:min [3, 8, 11] 8 2 
Eb:min [3, 6, 10] 3 2 
E:maj [4, 8, 11] 4 2 
B:maj [3, 6, 11] 11 2 
C#:min7 [1, 4, 8, 11] 1 2 
B:maj [3, 6, 11] 11 2 
Eb:maj [3, 7, 10] 3 2 
Ab:min [3, 8, 11] 8 2 
F#:maj [1, 6, 10] 6 2 
B:maj/5 [3, 6, 11] 6 1 
B:maj [3, 6, 11] 11 1 
Bb:dim [1, 4, 10] 10 1 
Eb:maj [3, 7, 10] 3 1 
Ab:min [3, 8, 11] 8 2 
F#:maj [1, 6, 10] 6 2 
B:maj [3, 6, 11] 11 2 
Bb:maj [2, 5, 10] 10 2 
Eb:maj [3, 7, 10] 3 2 
Ab:min [3, 8, 11] 8 2 
Eb:min [3, 6, 10] 3 2 
E:maj7 [2, 4, 8, 11] 4 2 
B:maj [3, 6, 11] 11 2 
C#:min7 [1, 4, 8, 11] 1 2 
Ab:min [3, 8, 11] 8 2 
Eb:maj [3, 7, 10] 3 2 
Ab:min [3, 8, 11] 8 2 
Ab:maj [0, 3, 8] 8 2 
Eb:maj [3, 7, 10] 3 2 
F:min7 [0, 3, 5, 8] 5 2 
Eb:sus2 [3, 5, 10] 3 2 
C#:maj [1, 5, 8] 1 2 
Ab:maj/3 [0, 3, 8] 0 2 
Bb:min7/5 [1, 5, 8, 10] 5 2 
Eb:sus2 [3, 5, 10] 3 2 
Ab:maj [0, 3, 8] 8 2 
Eb:7 [1, 3, 7, 10] 3 2 
F:min [0, 5, 8] 5 2 
C:min7 [0, 3, 7, 10] 0 2 
C#:maj [1, 5, 8] 1 2 
Ab:maj/3 [0, 3, 8] 0 2 
Bb:min7 [1, 5, 8, 10] 10 2 
C:maj [0, 4, 7] 0 2 
F:min [0, 5, 8] 5 2 
C:min7 [0, 3, 7, 10] 0 2 
C#:maj [1, 5, 8] 1 2 
Ab:maj/5 [0, 3, 8] 3 2 
C:7/5 [0, 4, 7, 10] 7 2 
F:sus2 [0, 5, 7] 5 2 
C#:maj [1, 5, 8] 1 2 
Eb:maj [3, 7, 10] 3 2 
F:min [0, 5, 8] 5 2 
Eb:maj [3, 7, 10] 3 2 
C#:maj [1, 5, 8] 1 2 
Ab:maj [0, 3, 8] 8 2 
F:maj7/5 [0, 3, 5, 9] 0 2 
F:min7 [0, 3, 5, 8] 5 2 
C#:maj [1, 5, 8] 1 2 
Eb:maj [3, 7, 10] 3 2 
F:min [0, 5, 8] 5 2 
C:min [0, 3, 7] 0 2 
C#:maj [1, 5, 8] 1 2 
Ab:maj/5 [0, 3, 8] 3 2 
C:7/5 [0, 4, 7, 10] 7 2 
F:sus2 [0, 5, 7] 5 2 
C#:maj [1, 5, 8] 1 2 
Eb:maj [3, 7, 10] 3 2 
F:min [0, 5, 8] 5 2 
Eb:maj [3, 7, 10] 3 2 
C#:maj [1, 5, 8] 1 2 
Ab:maj [0, 3, 8] 8 2 
F:maj7/5 [0, 3, 5, 9] 0 2 
F:min7 [0, 3, 5, 8] 5 2 
C#:maj [1, 5, 8] 1 2 
Eb:maj [3, 7, 10] 3 2 
A:maj [1, 4, 9] 9 2 
E:maj [4, 8, 11] 4 2 
F#:min7 [1, 4, 6, 9] 6 2 
C#:min7 [1, 4, 8, 11] 1 2 
D:maj7 [0, 2, 6, 9] 2 2 
A:maj [1, 4, 9] 9 2 
B:min7 [2, 6, 9, 11] 11 2 
E:sus4 [4, 9, 11] 4 2 
A:maj [1, 4, 9] 9 2 
E:maj/3 [4, 8, 11] 8 2 
F#:min [1, 6, 9] 6 2 
C#:min7 [1, 4, 8, 11] 1 2 
D:maj [2, 6, 9] 2 2 
A:maj/3 [1, 4, 9] 1 2 
B:min [2, 6, 11] 11 3 
