B:min [2, 6, 11] 11 4 
F#:min [1, 6, 9] 6 4 
D:maj [2, 6, 9] 2 2 
B:min [2, 6, 11] 11 2 
F#:min [1, 6, 9] 6 4 
B:min [2, 6, 11] 11 2 
E:min [4, 7, 11] 4 2 
D:maj [2, 6, 9] 2 2 
B:min [2, 6, 11] 11 2 
E:min [4, 7, 11] 4 2 
F#:min [1, 6, 9] 6 2 
B:min [2, 6, 11] 11 8 
F#:min [1, 6, 9] 6 2 
B:min [2, 6, 11] 11 6 
E:sus4(b7) [4, 9, 11] 4 2 
F#:min [1, 6, 9] 6 2 
B:min [2, 6, 11] 11 2 
E:min [4, 7, 11] 4 2 
F#:min [1, 6, 9] 6 2 
B:min [2, 6, 11] 11 2 
E:min [4, 7, 11] 4 4 
B:min [2, 6, 11] 11 8 
F#:min [1, 6, 9] 6 2 
B:min [2, 6, 11] 11 6 
E:min [4, 7, 11] 4 2 
F#:min [1, 6, 9] 6 2 
B:maj [3, 6, 11] 11 2 
E:min [4, 7, 11] 4 2 
D:maj [2, 6, 9] 2 1 
F#:7/b7 [1, 4, 6, 10] 4 1 
B:sus2 [1, 6, 11] 11 2 
E:min [4, 7, 11] 4 2 
B:min [2, 6, 11] 11 6 
D:maj [2, 6, 9] 2 4 
B:min [2, 6, 11] 11 4 
E:min [4, 7, 11] 4 2 
G:maj [2, 7, 11] 7 2 
A:maj [1, 4, 9] 9 4 
D:maj [2, 6, 9] 2 4 
B:min [2, 6, 11] 11 4 
E:min [4, 7, 11] 4 4 
D:maj [2, 6, 9] 2 8 
B:sus2 [1, 6, 11] 11 4 
E:min [4, 7, 11] 4 2 
G:maj [2, 7, 11] 7 2 
A:maj [1, 4, 9] 9 4 
D:maj [2, 6, 9] 2 4 
B:min [2, 6, 11] 11 4 
E:min [4, 7, 11] 4 4 
D:maj [2, 6, 9] 2 4 
B:min [2, 6, 11] 11 4 
F#:min [1, 6, 9] 6 2 
B:min [2, 6, 11] 11 6 
E:min [4, 7, 11] 4 2 
F#:min [1, 6, 9] 6 2 
B:maj [3, 6, 11] 11 2 
E:min [4, 7, 11] 4 2 
D:maj [2, 6, 9] 2 1 
F#:sus4 [1, 6, 11] 6 1 
B:min [2, 6, 11] 11 2 
E:min [4, 7, 11] 4 2 
B:min [2, 6, 11] 11 6 
D:maj [2, 6, 9] 2 4 
B:min [2, 6, 11] 11 4 
E:min [4, 7, 11] 4 2 
G:maj [2, 7, 11] 7 2 
A:maj [1, 4, 9] 9 4 
D:maj [2, 6, 9] 2 4 
B:min [2, 6, 11] 11 4 
E:min [4, 7, 11] 4 4 
D:maj [2, 6, 9] 2 8 
B:min [2, 6, 11] 11 4 
E:min [4, 7, 11] 4 2 
G:maj [2, 7, 11] 7 2 
A:maj [1, 4, 9] 9 4 
D:maj [2, 6, 9] 2 4 
B:min [2, 6, 11] 11 4 
E:min [4, 7, 11] 4 4 
D:maj [2, 6, 9] 2 4 
E:min [4, 7, 11] 4 4 
D:maj [2, 6, 9] 2 4 
B:min [2, 6, 11] 11 4 
F#:min [1, 6, 9] 6 4 
D:maj [2, 6, 9] 2 2 
B:min [2, 6, 11] 11 2 
F#:min [1, 6, 9] 6 4 
B:sus2 [1, 6, 11] 11 2 
E:min [4, 7, 11] 4 2 
D:maj [2, 6, 9] 2 2 
B:min [2, 6, 11] 11 2 
E:maj [4, 8, 11] 4 2 
F#:min [1, 6, 9] 6 2 
D:maj [2, 6, 9] 2 3 
