0 139
69 1
69 1
71 3
69 11
69 1
69 1
71 3
69 11
69 1
69 1
71 3
69 7
71 1
73 2
71 2
69 1
71 3
73 11
69 1
69 2
71 2
69 7
76 1
76 2
74 2
73 1
76 2
71 2
69 3
69 1
71 3
73 3
69 1
68 2
69 2
66 11
66 1
69 1
66 3
71 8
71 4
69 2
71 2
73 4
73 2
74 1
71 7
71 1
73 1
69 2
69 1
69 2
78 3
76 6
71 1
73 1
69 2
69 1
69 2
78 3
76 6
71 1
73 1
74 2
73 1
69 2
73 3
71 4
69 2
71 2
73 4
73 2
74 1
71 7
71 1
73 1
69 2
69 1
69 2
78 3
76 6
71 1
73 1
74 2
73 1
74 2
69 2
73 3
71 4
73 1
74 1
76 2
74 1
76 2
68 2
76 2
73 5
71 1
73 1
74 2
73 1
74 3
76 2
73 2
69 2
66 4
64 2
71 3
69 6
0 64
69 1
69 1
71 3
69 11
69 1
69 1
71 3
69 11
69 1
69 1
71 3
69 7
71 1
73 2
71 2
69 1
71 3
73 10
76 2
74 1
73 2
69 8
76 1
76 2
74 2
73 1
76 2
71 2
69 3
69 1
71 3
73 3
69 1
68 2
69 2
66 11
66 1
69 1
66 3
71 12
69 2
71 2
73 4
73 2
74 1
71 7
71 1
73 1
69 2
69 1
69 2
78 3
76 6
71 1
73 1
69 2
69 1
69 2
78 3
76 6
71 1
73 1
74 2
73 1
69 2
73 3
71 4
69 2
71 2
73 4
73 2
74 1
71 7
71 1
73 1
69 2
69 1
69 2
78 3
76 6
71 1
73 1
74 2
73 1
74 2
69 2
73 3
71 4
73 1
74 1
76 2
74 1
76 2
68 2
76 2
73 5
71 1
73 1
74 2
73 1
74 4
76 1
73 2
69 1
66 3
64 2
71 2
69 10
71 2
73 2
75 4
75 2
76 1
73 7
73 1
75 1
71 2
71 1
71 2
80 3
78 6
73 1
75 1
71 2
71 1
71 2
80 3
78 6
73 1
75 1
76 2
75 1
71 2
75 3
73 4
71 2
73 2
75 4
75 2
76 1
73 7
73 1
75 1
71 2
71 1
71 2
80 3
78 6
73 1
75 1
76 2
75 1
76 2
71 2
75 3
73 4
75 1
76 1
78 2
76 1
78 2
70 2
78 2
75 5
73 1
75 1
76 2
75 1
76 4
78 1
75 2
71 1
68 3
66 2
73 4
71 10
73 1
75 1
76 2
75 2
76 4
78 1
75 3
71 2
68 9
66 4
71 31
