C#:maj [1, 5, 8] 1 2 
Ab:maj [0, 3, 8] 8 2 
Ab:sus2 [3, 8, 10] 8 4 
F#:maj [1, 6, 10] 6 4 
Eb:min7 [1, 3, 6, 10] 3 2 
Ab:maj [0, 3, 8] 8 2 
C#:maj [1, 5, 8] 1 2 
F:min/5 [0, 5, 8] 0 2 
Bb:min [1, 5, 10] 10 2 
C#:maj/5 [1, 5, 8] 8 2 
Ab:7 [0, 3, 6, 8] 8 2 
Ab:maj [0, 3, 8] 8 2 
C#:sus4 [1, 6, 8] 1 8 
C:aug [0, 4, 8] 0 4 
Bb:maj [2, 5, 10] 10 4 
C#:maj/5 [1, 5, 8] 8 4 
F#:maj [1, 6, 10] 6 2 
Ab:maj [0, 3, 8] 8 2 
C#:maj7/3 [1, 5, 8, 11] 5 2 
Bb:min [1, 5, 10] 10 2 
Eb:min [3, 6, 10] 3 4 
Ab:maj [0, 3, 8] 8 4 
C#:maj [1, 5, 8] 1 4 
C:aug [0, 4, 8] 0 4 
Bb:maj [2, 5, 10] 10 4 
C#:maj/5 [1, 5, 8] 8 4 
F#:maj [1, 6, 10] 6 2 
Ab:maj [0, 3, 8] 8 2 
F:min7 [0, 3, 5, 8] 5 2 
Bb:sus2 [0, 5, 10] 10 2 
Ab:sus2 [3, 8, 10] 8 4 
F#:min/5 [1, 6, 9] 1 6 
C:aug [0, 4, 8] 0 2 
Bb:sus4(b7) [3, 5, 10] 10 2 
C#:maj [1, 5, 8] 1 2 
F#:maj6 [1, 3, 6, 10] 6 2 
F:maj [0, 5, 9] 5 2 
Eb:maj [3, 7, 10] 3 2 
Ab:maj [0, 3, 8] 8 2 
C#:maj [1, 5, 8] 1 2 
C:aug [0, 4, 8] 0 2 
Bb:sus4 [3, 5, 10] 10 2 
Ab:maj6 [0, 3, 5, 8] 8 2 
Eb:min7 [1, 3, 6, 10] 3 2 
Ab:maj [0, 3, 8] 8 2 
F#:min/5 [1, 6, 9] 1 6 
Ab:maj/3 [0, 3, 8] 0 2 
Bb:sus4(b7) [3, 5, 10] 10 2 
C#:maj/5 [1, 5, 8] 8 2 
F#:maj7 [1, 4, 6, 10] 6 2 
F:min [0, 5, 8] 5 2 
Eb:sus4 [3, 8, 10] 3 2 
Ab:maj [0, 3, 8] 8 2 
Bb:min [1, 5, 10] 10 2 
A:aug [1, 5, 9] 9 2 
Ab:maj [0, 3, 8] 8 2 
C:min/5 [0, 3, 7] 7 2 
F#:maj [1, 6, 10] 6 2 
Ab:maj [0, 3, 8] 8 2 
C#:sus4 [1, 6, 8] 1 8 
C:aug [0, 4, 8] 0 4 
Bb:maj [2, 5, 10] 10 4 
C#:maj/5 [1, 5, 8] 8 4 
F#:maj [1, 6, 10] 6 2 
Ab:maj [0, 3, 8] 8 2 
F:min7 [0, 3, 5, 8] 5 2 
Bb:sus2 [0, 5, 10] 10 2 
Ab:sus2 [3, 8, 10] 8 4 
Ab:maj [0, 3, 8] 8 4 
C#:maj [1, 5, 8] 1 4 
Ab:maj/3 [0, 3, 8] 0 4 
Bb:min7 [1, 5, 8, 10] 10 4 
Ab:maj [0, 3, 8] 8 4 
C#:maj [1, 5, 8] 1 2 
Ab:maj/b7 [0, 3, 8] 6 2 
F:min7 [0, 3, 5, 8] 5 2 
Bb:min7 [1, 5, 8, 10] 10 2 
Eb:min7 [1, 3, 6, 10] 3 2 
Ab:maj [0, 3, 8] 8 3 
C#:aug [1, 5, 9] 1 5 
C:aug [0, 4, 8] 0 2 
Bb:sus4(b7) [3, 5, 10] 10 2 
Ab:maj6 [0, 3, 5, 8] 8 2 
F#:maj6 [1, 3, 6, 10] 6 2 
F:maj [0, 5, 9] 5 2 
Eb:maj [3, 7, 10] 3 2 
Ab:maj [0, 3, 8] 8 2 
C#:maj [1, 5, 8] 1 2 
C:aug [0, 4, 8] 0 2 
Bb:sus4 [3, 5, 10] 10 2 
Ab:maj6 [0, 3, 5, 8] 8 2 
F#:sus2 [1, 6, 8] 6 2 
Ab:maj [0, 3, 8] 8 2 
F#:min/5 [1, 6, 9] 1 6 
C#:maj [1, 5, 8] 1 2 
Bb:sus4(b7) [3, 5, 10] 10 2 
Ab:maj6 [0, 3, 5, 8] 8 2 
F#:maj6 [1, 3, 6, 10] 6 2 
F:maj [0, 5, 9] 5 2 
Eb:maj [3, 7, 10] 3 2 
Ab:maj [0, 3, 8] 8 2 
C#:maj [1, 5, 8] 1 2 
F:min7 [0, 3, 5, 8] 5 2 
Bb:sus4 [3, 5, 10] 10 2 
Ab:maj6 [0, 3, 5, 8] 8 2 
F:min7/b7 [0, 3, 5, 8] 3 1 
C#:maj/3 [1, 5, 8] 5 1 
F#:sus2 [1, 6, 8] 6 2 
F:min7 [0, 3, 5, 8] 5 1 
Eb:maj/5 [3, 7, 10] 10 5 
Eb:maj [3, 7, 10] 3 2 
C:sus4(b7) [0, 5, 7] 0 2 
Eb:maj/5 [3, 7, 10] 10 2 
Ab:maj6 [0, 3, 5, 8] 8 2 
Eb:maj/3 [3, 7, 10] 7 2 
F:maj [0, 5, 9] 5 2 
Bb:maj7 [2, 5, 8, 10] 10 2 
Eb:maj7 [1, 3, 7, 10] 3 2 
Eb:maj [3, 7, 10] 3 2 
C:sus4(b7) [0, 5, 7] 0 2 
Bb:maj6 [2, 5, 7, 10] 10 2 
Ab:sus2 [3, 8, 10] 8 5 
Bb:maj [2, 5, 10] 10 4 
F:min7 [0, 3, 5, 8] 5 1 
Bb:maj [2, 5, 10] 10 3 
Eb:maj [3, 7, 10] 3 3 
C:sus4 [0, 5, 7] 0 2 
Eb:maj/5 [3, 7, 10] 10 3 
Ab:sus2 [3, 8, 10] 8 2 
Bb:sus2 [0, 5, 10] 10 4 
Eb:maj7 [1, 3, 7, 10] 3 4 
