0 124
68 2
68 2
77 4
77 8
73 2
75 2
80 4
80 8
80 2
72 2
72 4
73 8
73 3
73 1
72 4
77 8
68 4
70 8
72 8
80 4
77 4
73 6
73 2
70 12
73 4
75 12
68 2
68 2
77 4
77 8
73 2
75 2
80 4
80 8
80 2
72 2
72 4
73 8
73 3
73 1
72 4
77 8
68 4
70 8
72 8
80 4
77 4
73 6
73 2
70 12
72 4
73 12
73 2
75 2
77 4
80 4
75 4
77 4
73 2
70 4
73 6
75 2
77 2
78 4
82 4
77 4
78 4
77 2
75 4
75 6
73 2
75 2
77 4
80 4
75 4
77 4
75 2
70 4
73 6
75 2
77 2
78 4
77 4
73 4
75 4
73 16
0 124
68 2
68 2
77 4
77 8
73 2
75 2
80 4
80 8
80 2
72 2
72 4
73 8
73 3
73 1
72 4
77 8
68 4
70 8
72 8
80 4
77 4
73 6
73 2
70 12
73 4
75 12
68 2
68 2
77 4
77 8
73 2
75 2
80 4
80 8
80 2
72 2
72 4
73 8
73 3
73 1
72 4
77 8
68 4
70 8
72 8
80 4
77 4
73 6
73 2
70 12
72 4
73 8
0 4
73 2
75 2
77 4
80 4
75 4
77 4
73 2
70 4
73 6
75 2
77 2
78 4
82 4
77 4
78 4
77 2
75 4
75 6
73 2
75 2
77 4
80 4
75 4
77 4
75 2
70 4
73 6
75 2
77 2
78 4
77 4
73 4
75 4
73 12
73 2
75 2
77 4
80 4
75 4
77 4
73 2
70 4
73 6
75 2
77 2
78 4
82 4
77 4
78 4
77 2
75 4
75 6
73 2
75 2
77 4
80 4
75 4
77 4
75 2
70 4
73 6
75 2
77 2
78 4
77 4
73 4
75 4
77 13
0 1
75 2
77 2
79 3
0 1
82 2
0 2
77 3
0 1
79 3
0 1
75 2
72 1
0 3
75 2
0 4
77 2
79 2
80 3
0 1
84 2
0 2
79 2
0 2
80 3
0 1
79 2
77 2
0 2
77 2
0 4
75 2
77 2
79 2
0 2
82 2
0 2
77 3
0 1
79 2
0 2
77 1
0 1
72 2
0 2
75 2
0 4
77 1
0 1
79 1
0 1
80 2
0 2
79 2
0 10
80 2
0 2
79 2
0 8
79 1
0 1
80 2
0 2
79 2
0 2
75 2
0 2
77 2
0 2
75 3
