F#:maj [1, 6, 10] 6 4 
Ab:sus2 [3, 8, 10] 8 2 
B:maj [3, 6, 11] 11 6 
F#:maj [1, 6, 10] 6 8 
Ab:min [3, 8, 11] 8 4 
B:maj [3, 6, 11] 11 8 
F#:maj7 [1, 4, 6, 10] 6 4 
Ab:min [3, 8, 11] 8 8 
C#:maj [1, 5, 8] 1 4 
Bb:min [1, 5, 10] 10 4 
Ab:maj [0, 3, 8] 8 3 
Ab:min [3, 8, 11] 8 1 
B:maj6 [3, 6, 8, 11] 11 4 
F#:maj [1, 6, 10] 6 8 
Ab:min [3, 8, 11] 8 8 
C#:maj [1, 5, 8] 1 4 
Bb:min [1, 5, 10] 10 4 
Ab:min [3, 8, 11] 8 4 
B:maj6 [3, 6, 8, 11] 11 4 
Eb:min [3, 6, 10] 3 4 
Ab:min [3, 8, 11] 8 2 
C#:maj [1, 5, 8] 1 2 
Bb:min [1, 5, 10] 10 2 
Eb:maj [3, 7, 10] 3 2 
Ab:min [3, 8, 11] 8 2 
C#:maj [1, 5, 8] 1 2 
F#:maj [1, 6, 10] 6 4 
Ab:min [3, 8, 11] 8 1 
C#:sus2 [1, 3, 8] 1 3 
Bb:min [1, 5, 10] 10 2 
Eb:maj [3, 7, 10] 3 2 
Ab:min [3, 8, 11] 8 1 
C#:sus2 [1, 3, 8] 1 3 
F#:maj [1, 6, 10] 6 4 
Ab:min [3, 8, 11] 8 2 
C#:maj [1, 5, 8] 1 2 
Bb:min [1, 5, 10] 10 2 
Eb:maj [3, 7, 10] 3 2 
Ab:min [3, 8, 11] 8 1 
C#:sus2 [1, 3, 8] 1 3 
F#:maj [1, 6, 10] 6 12 
Ab:min [3, 8, 11] 8 6 
B:min [2, 6, 11] 11 2 
F#:maj [1, 6, 10] 6 4 
Eb:maj [3, 7, 10] 3 4 
Ab:maj [0, 3, 8] 8 4 
D:dim [2, 5, 8] 2 2 
Bb:min [1, 5, 10] 10 2 
B:maj [3, 6, 11] 11 2 
C#:maj [1, 5, 8] 1 2 
F#:maj7 [1, 4, 6, 10] 6 4 
Ab:min [3, 8, 11] 8 8 
C#:maj [1, 5, 8] 1 4 
Bb:min [1, 5, 10] 10 4 
Ab:min [3, 8, 11] 8 4 
B:maj6 [3, 6, 8, 11] 11 4 
Eb:min [3, 6, 10] 3 4 
Ab:min [3, 8, 11] 8 2 
C#:maj [1, 5, 8] 1 2 
Bb:min [1, 5, 10] 10 2 
Eb:maj [3, 7, 10] 3 2 
Ab:min [3, 8, 11] 8 2 
C#:maj [1, 5, 8] 1 2 
F#:maj [1, 6, 10] 6 4 
Ab:min [3, 8, 11] 8 1 
C#:sus2 [1, 3, 8] 1 3 
Bb:min [1, 5, 10] 10 2 
Eb:maj [3, 7, 10] 3 2 
Ab:min [3, 8, 11] 8 1 
C#:sus2 [1, 3, 8] 1 3 
F#:maj [1, 6, 10] 6 4 
Ab:min [3, 8, 11] 8 2 
C#:maj [1, 5, 8] 1 2 
Bb:min [1, 5, 10] 10 2 
Eb:maj [3, 7, 10] 3 2 
Ab:min [3, 8, 11] 8 1 
C#:sus2 [1, 3, 8] 1 3 
F#:maj [1, 6, 10] 6 12 
Ab:min [3, 8, 11] 8 4 
B:maj [3, 6, 11] 11 4 
F#:maj [1, 6, 10] 6 8 
Ab:min [3, 8, 11] 8 4 
B:maj [3, 6, 11] 11 8 
