0 128
66 2
66 1
0 1
66 1
0 1
70 2
68 2
66 2
65 2
65 1
0 1
63 13
0 3
68 1
0 1
63 1
0 1
68 1
0 1
71 1
0 1
70 2
68 1
0 1
66 1
0 1
66 1
0 1
65 1
63 1
61 9
0 5
70 1
0 1
70 1
0 1
70 1
0 1
73 1
0 1
71 1
0 1
70 1
0 1
70 1
0 1
69 1
0 1
68 2
0 10
63 1
66 1
66 1
0 1
65 3
0 1
63 7
0 1
63 4
58 10
0 6
66 2
61 2
66 2
70 2
68 2
66 1
0 1
65 2
65 1
0 1
63 7
0 9
68 1
0 1
68 1
0 1
68 1
0 1
71 1
0 1
70 2
68 1
0 1
66 1
0 1
66 1
65 2
63 1
61 5
0 9
70 1
0 1
70 1
0 1
70 1
0 1
73 1
0 1
71 1
0 1
70 2
70 1
0 1
69 1
0 1
68 6
0 6
66 1
66 1
66 1
0 1
65 2
61 1
63 8
0 1
66 4
63 11
0 1
70 1
71 1
73 1
0 1
75 5
0 1
78 1
0 1
77 3
0 3
73 2
70 2
70 1
0 1
70 1
0 1
77 2
75 4
0 2
68 1
70 1
71 4
0 2
75 1
0 1
73 1
0 1
71 2
0 2
70 1
68 1
70 1
71 1
70 7
0 3
70 1
71 1
73 1
0 1
75 4
0 2
78 1
0 1
77 4
0 2
73 1
0 1
70 1
0 1
70 1
0 1
70 1
0 1
77 2
75 3
0 3
68 1
70 1
71 4
0 2
75 2
73 2
71 2
0 2
70 1
68 1
70 2
70 1
0 9
70 1
71 1
73 1
0 1
75 3
0 3
71 1
70 1
68 3
0 5
73 1
0 1
73 1
0 1
73 1
0 1
77 2
75 5
0 1
68 1
70 1
71 3
0 3
75 1
0 1
73 1
0 1
71 1
0 3
70 1
68 1
66 9
0 151
66 2
61 2
66 2
70 2
68 2
66 1
0 1
65 2
65 1
0 1
63 7
0 9
68 1
0 1
68 1
0 1
68 1
0 1
71 1
0 1
70 2
68 1
0 1
66 1
0 1
66 1
65 2
63 1
61 5
0 9
70 1
0 1
70 1
0 1
70 1
0 1
73 1
0 1
71 1
0 1
70 2
70 1
0 1
69 1
0 1
68 6
0 6
66 1
66 1
66 1
0 1
65 2
61 1
63 8
0 1
66 4
63 11
0 1
70 1
71 1
73 1
0 1
75 5
0 1
78 1
0 1
77 3
0 3
73 2
70 2
70 1
0 1
70 1
0 1
77 2
75 4
0 2
68 1
70 1
71 4
0 2
75 1
0 1
73 1
0 1
71 2
0 2
70 1
68 1
70 1
71 1
70 7
0 3
70 1
71 1
73 1
0 1
75 4
0 2
78 1
0 1
77 4
0 2
73 1
0 1
70 1
0 1
70 1
0 1
70 1
0 1
77 2
75 3
0 3
68 1
70 1
71 4
0 2
75 2
73 2
71 2
0 2
70 1
68 1
70 2
70 1
0 9
70 1
71 1
73 1
0 1
75 3
0 3
71 1
70 1
68 3
0 5
73 1
0 1
73 1
0 1
73 1
0 1
77 2
75 5
0 1
68 1
70 1
71 3
0 3
75 1
0 1
73 1
0 1
71 1
0 3
70 1
68 1
66 9
