B:min [2, 6, 11] 11 4 
G:maj [2, 7, 11] 7 2 
A:maj [1, 4, 9] 9 2 
B:min [2, 6, 11] 11 4 
G:maj [2, 7, 11] 7 2 
F#:min [1, 6, 9] 6 2 
G:maj [2, 7, 11] 7 2 
A:maj [1, 4, 9] 9 2 
B:min [2, 6, 11] 11 4 
G:maj [2, 7, 11] 7 2 
A:maj [1, 4, 9] 9 2 
F#:min [1, 6, 9] 6 4 
G:maj [2, 7, 11] 7 2 
A:maj [1, 4, 9] 9 2 
B:min [2, 6, 11] 11 4 
G:maj [2, 7, 11] 7 2 
A:maj [1, 4, 9] 9 2 
B:min [2, 6, 11] 11 6 
B:min7 [2, 6, 9, 11] 11 2 
B:min [2, 6, 11] 11 2 
A:maj [1, 4, 9] 9 2 
B:min [2, 6, 11] 11 2 
A:maj [1, 4, 9] 9 2 
G:maj [2, 7, 11] 7 2 
A:maj [1, 4, 9] 9 2 
B:min [2, 6, 11] 11 4 
D:maj [2, 6, 9] 2 2 
A:maj [1, 4, 9] 9 2 
B:min [2, 6, 11] 11 2 
F#:min [1, 6, 9] 6 2 
G:maj [2, 7, 11] 7 2 
A:maj [1, 4, 9] 9 2 
B:min [2, 6, 11] 11 10 
A:maj [1, 4, 9] 9 2 
B:min [2, 6, 11] 11 2 
B:min7 [2, 6, 9, 11] 11 2 
G:maj [2, 7, 11] 7 2 
A:maj [1, 4, 9] 9 2 
B:min [2, 6, 11] 11 4 
D:maj [2, 6, 9] 2 2 
A:maj [1, 4, 9] 9 2 
B:min [2, 6, 11] 11 2 
F#:min [1, 6, 9] 6 2 
G:maj [2, 7, 11] 7 2 
A:maj [1, 4, 9] 9 2 
G:maj [2, 7, 11] 7 2 
A:maj [1, 4, 9] 9 2 
B:min [2, 6, 11] 11 8 
G:maj [2, 7, 11] 7 2 
A:maj [1, 4, 9] 9 2 
B:min [2, 6, 11] 11 4 
G:maj [2, 7, 11] 7 2 
A:maj [1, 4, 9] 9 2 
F#:min [1, 6, 9] 6 4 
G:maj [2, 7, 11] 7 2 
A:maj [1, 4, 9] 9 2 
B:min [2, 6, 11] 11 4 
G:maj [2, 7, 11] 7 2 
A:maj [1, 4, 9] 9 2 
B:min [2, 6, 11] 11 10 
A:maj [1, 4, 9] 9 2 
B:min [2, 6, 11] 11 2 
B:min7 [2, 6, 9, 11] 11 2 
G:maj [2, 7, 11] 7 2 
A:maj [1, 4, 9] 9 2 
B:min [2, 6, 11] 11 4 
D:maj [2, 6, 9] 2 2 
A:maj [1, 4, 9] 9 2 
B:min [2, 6, 11] 11 2 
F#:min [1, 6, 9] 6 2 
G:maj [2, 7, 11] 7 2 
A:maj [1, 4, 9] 9 2 
G:maj [2, 7, 11] 7 2 
A:maj [1, 4, 9] 9 2 
B:min [2, 6, 11] 11 8 
G:maj [2, 7, 11] 7 2 
A:maj [1, 4, 9] 9 2 
B:min [2, 6, 11] 11 4 
G:maj [2, 7, 11] 7 2 
A:maj [1, 4, 9] 9 2 
F#:min [1, 6, 9] 6 4 
G:maj [2, 7, 11] 7 2 
A:maj [1, 4, 9] 9 2 
B:min [2, 6, 11] 11 4 
G:maj [2, 7, 11] 7 2 
A:maj [1, 4, 9] 9 2 
B:min [2, 6, 11] 11 4 
G:maj [2, 7, 11] 7 2 
A:maj [1, 4, 9] 9 2 
B:min [2, 6, 11] 11 4 
G:maj [2, 7, 11] 7 2 
A:maj [1, 4, 9] 9 2 
B:min [2, 6, 11] 11 6 
B:min9 [1, 2, 6, 9, 11] 11 3 
B:sus4(b7) [4, 6, 11] 11 5 
