0 20
65 2
68 2
70 4
70 2
70 2
68 4
68 2
65 14
65 2
65 2
63 4
61 2
61 6
63 2
65 14
65 2
68 2
70 4
70 2
70 2
68 2
68 2
72 2
73 6
72 2
70 6
70 2
70 2
68 4
72 2
73 22
73 2
72 1
73 5
73 2
75 2
72 4
70 2
68 8
65 1
68 1
70 4
68 2
68 4
66 2
65 2
65 4
63 10
65 2
63 2
61 4
73 2
72 1
73 5
77 2
75 1
73 1
72 4
70 2
68 8
66 1
68 1
70 2
72 2
73 2
68 4
66 2
65 2
65 2
63 30
68 2
73 2
75 2
77 2
75 4
73 2
72 2
73 16
68 2
70 2
72 2
73 2
68 4
73 4
66 6
70 2
68 8
68 2
73 2
75 2
77 2
80 4
75 2
77 2
75 2
73 14
68 1
68 1
70 2
72 2
73 2
68 4
73 2
73 2
73 16
0 6
65 2
68 2
70 4
70 2
70 2
68 4
68 2
65 14
65 2
65 2
63 4
61 2
61 6
63 2
65 14
65 2
68 2
70 4
70 2
70 2
68 2
68 2
72 2
73 6
72 2
70 6
70 2
70 2
68 4
72 2
73 22
73 2
72 1
73 5
73 2
75 2
72 4
70 2
68 8
65 1
68 1
70 4
68 2
68 4
66 2
65 2
65 4
63 10
65 2
63 2
61 4
73 2
72 1
73 5
77 2
75 1
73 1
72 4
70 2
68 8
66 1
68 1
70 2
72 2
73 2
68 4
66 2
65 2
65 2
63 14
68 2
73 2
75 2
77 2
75 4
73 2
72 2
73 16
68 2
70 2
72 2
73 2
68 4
73 4
66 6
70 2
68 8
68 2
73 2
75 2
77 2
80 4
75 2
77 2
75 2
73 14
68 1
68 1
70 2
72 2
73 2
68 4
73 2
73 2
73 18
0 4
65 2
68 2
70 4
70 2
70 2
68 4
68 2
65 14
65 2
65 2
63 4
61 2
61 6
63 2
65 14
65 2
68 2
70 4
70 2
70 2
68 2
68 2
72 2
73 8
68 1
68 1
70 2
72 2
73 2
68 4
73 2
73 2
73 16
68 1
68 1
70 2
72 2
73 2
68 4
73 2
73 2
73 18
68 2
70 3
72 3
73 3
68 17
65 1
63 1
61 9
