Eb:maj [3, 7, 10] 3 4 
F:min [0, 5, 8] 5 8 
C:min [0, 3, 7] 0 8 
F:min [0, 5, 8] 5 8 
Eb:maj [3, 7, 10] 3 12 
F:min [0, 5, 8] 5 8 
C:min [0, 3, 7] 0 8 
F:min [0, 5, 8] 5 8 
Eb:maj [3, 7, 10] 3 8 
F:min [0, 5, 8] 5 8 
C:min [0, 3, 7] 0 8 
F:min [0, 5, 8] 5 8 
Eb:maj [3, 7, 10] 3 16 
F:min [0, 5, 8] 5 8 
C:min [0, 3, 7] 0 8 
F:min [0, 5, 8] 5 8 
Eb:maj [3, 7, 10] 3 8 
F:min [0, 5, 8] 5 8 
C:min [0, 3, 7] 0 8 
F:min [0, 5, 8] 5 8 
Eb:maj [3, 7, 10] 3 8 
F:sus4 [0, 5, 10] 5 8 
C:min [0, 3, 7] 0 8 
F:min [0, 5, 8] 5 8 
Eb:maj [3, 7, 10] 3 12 
F:min [0, 5, 8] 5 8 
C:min [0, 3, 7] 0 8 
F:min [0, 5, 8] 5 8 
Eb:maj [3, 7, 10] 3 8 
F:min [0, 5, 8] 5 8 
C:min [0, 3, 7] 0 8 
F:min [0, 5, 8] 5 8 
Eb:maj [3, 7, 10] 3 8 
F:min [0, 5, 8] 5 7 
C:min [0, 3, 7] 0 9 
F:min [0, 5, 8] 5 8 
Eb:maj [3, 7, 10] 3 7 
