Eb:maj [3, 7, 10] 3 3 
C:maj [0, 4, 7] 0 3 
Ab:maj [0, 3, 8] 8 3 
Eb:sus2 [3, 5, 10] 3 2 
Eb:maj [3, 7, 10] 3 1 
C:min [0, 3, 7] 0 3 
Ab:maj [0, 3, 8] 8 3 
Bb:sus2 [0, 5, 10] 10 6 
Eb:sus2 [3, 5, 10] 3 6 
C:min [0, 3, 7] 0 3 
Ab:maj7 [0, 3, 6, 8] 8 2 
Eb:sus2 [3, 5, 10] 3 3 
Eb:maj [3, 7, 10] 3 1 
Ab:maj [0, 3, 8] 8 3 
Eb:sus2 [3, 5, 10] 3 12 
C:min [0, 3, 7] 0 3 
Ab:maj7 [0, 3, 6, 8] 8 3 
Eb:maj [3, 7, 10] 3 3 
Ab:maj(9) [0, 3, 6, 8, 10] 8 3 
Bb:sus4 [3, 5, 10] 10 6 
Eb:maj [3, 7, 10] 3 5 
Eb:maj(9) [1, 3, 5, 7, 10] 3 1 
Eb:maj [3, 7, 10] 3 3 
Ab:maj [0, 3, 8] 8 2 
Ab:maj(9) [0, 3, 6, 8, 10] 8 1 
Eb:maj [3, 7, 10] 3 3 
Ab:maj [0, 3, 8] 8 3 
Eb:sus2 [3, 5, 10] 3 11 
Eb:maj [3, 7, 10] 3 1 
C:min [0, 3, 7] 0 3 
Ab:maj [0, 3, 8] 8 3 
Eb:sus2 [3, 5, 10] 3 3 
Ab:maj [0, 3, 8] 8 3 
Bb:sus4 [3, 5, 10] 10 6 
Eb:maj [3, 7, 10] 3 6 
C:min [0, 3, 7] 0 3 
Ab:maj7 [0, 3, 6, 8] 8 3 
Eb:sus2 [3, 5, 10] 3 3 
Ab:maj [0, 3, 8] 8 3 
Eb:sus2 [3, 5, 10] 3 5 
Eb:maj [3, 7, 10] 3 1 
G:min [2, 7, 10] 7 3 
C:min [0, 3, 7] 0 3 
G:min [2, 7, 10] 7 3 
C:min [0, 3, 7] 0 3 
G:min [2, 7, 10] 7 3 
C:min [0, 3, 7] 0 3 
Ab:maj [0, 3, 8] 8 3 
Bb:maj [2, 5, 10] 10 3 
G:min [2, 7, 10] 7 3 
C:min [0, 3, 7] 0 3 
G:min [2, 7, 10] 7 3 
C:min [0, 3, 7] 0 3 
Eb:maj [3, 7, 10] 3 3 
Ab:maj [0, 3, 8] 8 3 
B:maj [3, 6, 11] 11 3 
F#:maj/3 [1, 6, 10] 10 2 
F#:sus2 [1, 6, 8] 6 1 
Ab:min [3, 8, 11] 8 3 
C#:min [1, 4, 8] 1 3 
A:maj [1, 4, 9] 9 3 
Ab:min [3, 8, 11] 8 3 
E:sus2 [4, 6, 11] 4 3 
F#:sus4 [1, 6, 11] 6 3 
E:maj [4, 8, 11] 4 3 
F#:maj [1, 6, 10] 6 3 
Eb:min7 [1, 3, 6, 10] 3 3 
Ab:min [3, 8, 11] 8 3 
E:maj [4, 8, 11] 4 3 
Eb:min [3, 6, 10] 3 3 
Ab:min [3, 8, 11] 8 5 
Ab:maj [0, 3, 8] 8 1 
Eb:min [3, 6, 10] 3 3 
Bb:min [1, 5, 10] 10 3 
Eb:maj [3, 7, 10] 3 11 
C:min [0, 3, 7] 0 3 
Ab:maj7 [0, 3, 6, 8] 8 3 
Eb:maj [3, 7, 10] 3 1 
Eb:sus2 [3, 5, 10] 3 2 
Ab:maj [0, 3, 8] 8 4 
Bb:sus4 [3, 5, 10] 10 6 
Eb:maj [3, 7, 10] 3 5 
C:min [0, 3, 7] 0 4 
Ab:maj [0, 3, 8] 8 2 
Eb:sus2 [3, 5, 10] 3 4 
Ab:maj [0, 3, 8] 8 3 
Eb:sus2 [3, 5, 10] 3 6 
Eb:maj [3, 7, 10] 3 3 
C:min [0, 3, 7] 0 9 
Eb:sus2 [3, 5, 10] 3 3 
Ab:maj [0, 3, 8] 8 6 
Bb:maj [2, 5, 10] 10 3 
G:min [2, 7, 10] 7 2 
C:min [0, 3, 7] 0 3 
C:min/5 [0, 3, 7] 7 3 
C:min [0, 3, 7] 0 3 
Eb:maj [3, 7, 10] 3 3 
F:min/b3 [0, 5, 8] 8 4 
Eb:sus2 [3, 5, 10] 3 5 
Eb:maj [3, 7, 10] 3 1 
G:min [2, 7, 10] 7 3 
C:min/5 [0, 3, 7] 7 12 
C:min [0, 3, 7] 0 3 
Ab:maj [0, 3, 8] 8 3 
Bb:sus4(b7) [3, 5, 10] 10 3 
G:min [2, 7, 10] 7 3 
C:sus2 [0, 2, 7] 0 2 
C:min/b3 [0, 3, 7] 3 1 
G:min [2, 7, 10] 7 3 
C:min [0, 3, 7] 0 3 
Eb:maj [3, 7, 10] 3 3 
Ab:sus2 [3, 8, 10] 8 4 
Eb:sus2 [3, 5, 10] 3 8 
G:min7 [2, 5, 7, 10] 7 1 
F:min7 [0, 3, 5, 8] 5 2 
Eb:sus4 [3, 8, 10] 3 5 
Eb:maj [3, 7, 10] 3 5 
