0 188
72 4
70 8
72 2
75 2
72 4
70 4
75 2
77 2
79 6
77 2
75 2
72 2
75 8
72 4
70 8
72 2
75 2
77 2
79 2
77 8
75 2
77 18
72 4
70 8
72 2
75 2
72 4
70 4
75 2
77 2
79 6
77 2
75 2
72 2
75 8
72 4
70 8
72 2
75 2
77 2
79 2
77 6
75 2
75 20
72 4
70 8
72 2
75 2
72 4
70 4
75 2
77 2
79 6
77 2
75 2
72 2
75 8
72 4
70 8
72 2
75 2
77 2
79 2
77 8
75 2
77 18
72 4
70 8
72 2
75 2
72 4
70 4
75 2
77 2
79 6
77 2
75 2
72 2
75 8
72 4
70 9
72 2
75 2
77 2
79 2
77 8
75 3
75 17
79 2
82 2
82 7
79 2
82 2
84 2
87 2
84 6
79 2
82 4
79 4
77 4
75 8
79 2
82 2
82 8
79 2
82 2
84 2
87 2
84 4
79 4
77 20
79 2
82 2
82 8
79 2
82 2
84 2
87 2
84 6
79 2
82 4
79 4
77 4
75 10
72 2
70 8
72 2
75 2
77 2
79 2
77 8
75 2
75 10
0 222
72 4
70 8
72 2
75 2
72 4
70 4
75 2
77 2
79 6
77 2
75 2
72 2
75 8
72 4
70 8
72 2
75 2
77 2
79 2
77 8
75 2
77 20
72 4
70 8
72 2
75 2
72 4
70 4
75 2
77 2
79 6
77 2
75 2
72 2
75 8
72 4
70 8
72 2
75 2
77 2
79 2
77 7
75 2
75 19
79 2
82 2
82 8
79 2
82 2
84 2
87 2
84 6
79 2
82 4
79 4
77 4
75 8
79 2
82 2
82 8
79 2
82 2
84 2
87 2
84 4
79 4
77 20
79 2
82 2
82 6
79 2
82 2
84 2
87 2
84 6
79 2
82 4
79 4
77 4
75 10
72 2
70 8
72 2
75 2
77 2
79 2
77 7
75 3
75 22
79 2
82 2
82 8
79 2
82 2
84 2
87 2
84 6
79 2
82 4
79 4
77 4
75 8
79 2
82 2
82 8
79 2
82 2
84 2
87 2
84 4
79 4
77 20
79 4
82 2
82 6
79 2
82 2
84 2
87 2
84 6
79 2
82 4
79 4
77 4
75 11
72 2
70 7
72 2
75 2
77 2
79 2
77 6
75 2
75 21
72 5
70 10
72 2
75 2
77 2
79 2
77 13
75 2
75 13
