0 62
71 1
73 1
74 2
73 1
74 2
73 2
74 1
73 1
0 1
74 1
74 1
0 2
69 2
71 7
0 7
71 1
73 1
74 1
0 1
73 1
74 1
0 1
73 1
0 1
74 1
0 1
73 1
0 1
73 1
0 1
74 1
0 1
76 3
0 1
71 11
74 1
76 1
78 2
0 1
78 1
78 1
0 1
81 1
0 1
78 1
76 3
0 2
76 1
74 1
76 2
0 1
76 1
76 2
78 1
0 1
71 1
74 5
71 1
73 1
74 2
0 1
73 1
74 1
74 1
0 1
74 1
74 1
73 1
0 2
73 1
73 1
0 2
76 1
71 6
0 7
71 1
73 1
74 1
0 1
73 1
74 2
73 1
0 1
74 1
0 1
73 1
0 1
74 1
0 1
73 1
0 2
69 3
71 9
0 2
71 1
73 1
74 1
0 1
73 1
74 1
0 1
73 1
0 2
74 2
73 1
0 1
73 1
74 1
0 1
78 2
0 1
76 3
0 9
74 1
76 1
78 2
0 1
78 1
78 1
81 1
0 1
78 1
0 1
76 4
0 1
76 1
74 1
76 2
0 1
76 1
76 1
81 1
0 1
78 1
0 1
74 3
0 2
71 1
73 1
74 1
0 1
73 1
74 1
0 1
73 1
0 1
74 1
0 1
73 2
73 1
0 1
74 1
0 1
76 2
71 1
71 8
0 10
81 2
83 1
78 2
76 4
0 7
83 1
0 1
81 1
78 4
0 3
78 1
76 1
74 1
0 1
71 1
74 1
0 1
71 2
74 1
0 1
71 1
0 1
74 1
0 1
76 1
0 1
78 6
0 15
81 2
83 1
78 1
0 1
76 3
0 8
83 1
0 1
81 1
78 3
0 4
78 1
76 1
74 1
0 1
71 1
74 1
0 1
71 1
0 1
74 1
0 1
76 1
0 1
78 1
0 1
81 1
0 2
78 3
71 6
0 71
74 2
73 1
74 2
73 1
0 1
74 1
73 1
0 2
74 1
74 1
0 1
69 2
71 7
0 7
71 1
73 1
74 1
0 1
73 1
74 1
0 1
73 1
0 1
74 1
0 1
73 1
0 1
73 1
0 1
74 1
0 1
76 3
0 1
71 11
74 1
76 1
78 2
0 1
78 1
78 1
81 1
0 1
78 1
0 1
76 4
0 1
76 1
74 1
76 2
0 1
76 1
76 1
81 1
0 1
78 1
0 1
74 3
0 2
71 1
73 1
74 1
0 1
73 1
74 1
0 1
73 1
0 1
74 1
0 1
73 2
73 1
0 1
74 1
0 1
76 2
0 1
71 8
0 10
81 2
83 1
78 2
76 4
0 7
83 1
0 1
81 1
78 4
0 3
78 1
76 1
74 1
0 1
71 1
74 1
0 1
71 2
74 1
0 1
71 1
0 1
74 1
0 1
76 1
0 1
78 6
0 15
81 1
0 1
83 1
78 1
0 1
76 3
0 8
83 1
0 1
81 1
78 3
0 4
78 1
76 1
74 1
0 1
71 1
74 1
0 1
71 1
0 1
74 1
0 1
76 1
0 1
78 1
0 1
81 1
0 2
78 3
71 6
0 9
83 1
83 1
83 1
0 1
81 1
81 1
81 1
0 2
81 1
81 1
0 1
83 1
0 1
81 1
0 1
76 1
78 5
0 10
83 1
83 1
83 1
85 1
0 1
83 1
81 1
81 1
81 1
0 1
81 1
81 1
0 1
78 1
0 1
83 4
0 6
86 1
86 1
85 1
83 3
0 3
81 2
83 1
78 2
76 4
0 7
83 1
0 1
81 1
78 4
0 3
78 1
76 1
74 1
0 1
71 1
74 1
0 1
71 2
74 1
0 1
71 1
0 1
74 1
0 1
76 1
0 1
78 6
0 15
81 1
0 1
83 1
78 1
0 1
76 3
0 8
86 1
0 1
85 1
83 3
0 4
83 1
85 1
86 1
0 1
85 1
86 1
0 1
85 1
0 1
83 1
0 1
81 2
0 1
81 1
0 1
81 3
0 1
78 2
83 19
