0 126
61 1
0 1
66 1
0 1
66 1
0 1
66 1
0 1
66 1
66 1
64 1
66 1
66 1
66 1
66 1
66 1
64 1
64 1
66 1
66 1
66 1
66 1
66 2
64 2
66 2
64 1
64 2
66 1
66 1
64 1
66 1
66 1
69 1
66 2
66 1
66 1
64 1
66 1
66 1
69 1
66 2
66 1
66 1
66 1
66 1
66 1
64 1
66 2
66 1
66 1
66 1
66 2
61 1
66 3
66 1
66 2
66 1
66 1
64 1
66 1
66 2
66 1
66 1
66 1
64 1
61 1
0 1
66 1
66 1
66 1
66 1
66 1
66 1
66 2
66 2
64 1
61 1
64 1
66 1
61 2
66 1
66 1
66 1
66 2
69 1
69 2
71 2
0 1
74 2
73 1
71 2
69 3
66 8
0 2
61 1
0 1
73 1
0 1
71 1
0 1
69 3
0 1
68 3
66 2
0 1
61 1
0 1
73 1
0 1
71 1
0 1
69 1
0 1
69 1
0 1
69 2
68 1
66 3
0 2
71 2
69 2
68 1
0 1
68 1
68 2
68 1
0 2
68 1
0 1
68 1
68 2
64 2
0 1
71 2
69 1
71 1
0 1
76 2
73 4
0 1
71 1
0 1
73 2
78 3
0 1
66 2
0 1
68 2
0 1
78 1
0 1
76 1
0 1
74 1
0 1
76 3
0 1
68 3
66 2
0 3
71 2
73 1
0 1
74 1
0 1
74 1
0 1
74 1
0 1
66 1
66 1
65 1
0 1
65 2
73 1
71 3
66 8
0 2
61 1
0 1
73 1
0 1
71 1
0 1
69 3
0 1
68 3
66 2
0 1
61 1
0 1
73 1
0 1
71 1
0 1
69 1
0 1
69 1
0 1
69 2
68 1
66 3
0 2
71 2
69 2
68 1
0 1
68 1
68 2
68 1
0 2
68 1
0 1
68 1
68 2
64 2
0 1
71 2
69 1
71 1
0 1
76 2
73 4
0 1
71 1
0 1
73 2
78 3
0 1
66 2
0 1
68 2
0 1
78 1
0 1
76 1
0 1
74 1
0 1
76 3
0 1
68 3
66 2
0 3
71 2
73 1
0 1
74 1
0 1
74 1
0 1
74 1
0 1
66 1
66 1
65 1
0 1
65 2
73 1
71 3
66 8
0 8
61 1
0 1
66 1
0 1
66 1
0 1
66 1
66 1
0 1
66 1
66 1
66 1
66 1
66 1
66 1
61 1
66 1
0 1
66 1
66 1
66 1
66 1
66 1
66 1
66 1
66 1
66 1
66 2
0 1
61 2
0 1
66 1
66 1
66 1
69 2
0 2
66 1
66 1
66 1
69 2
69 1
69 1
69 1
69 1
0 1
69 1
69 1
69 1
69 1
69 1
69 1
69 1
66 1
64 1
66 2
66 1
66 1
66 1
66 1
66 1
0 1
66 1
66 1
66 1
66 1
66 1
61 2
66 1
66 1
66 1
66 1
66 1
66 1
61 1
0 1
66 1
66 2
66 1
66 1
69 1
0 1
64 1
66 1
61 2
69 1
69 1
69 1
71 2
71 1
0 1
71 1
69 2
71 1
73 2
71 2
71 1
69 2
66 9
0 2
61 1
0 1
73 1
0 1
71 1
0 1
69 3
0 1
68 3
66 2
0 1
61 1
0 1
73 1
0 1
71 1
0 1
69 1
0 1
69 1
0 1
69 2
68 1
66 3
0 2
71 2
69 2
68 1
0 1
68 1
68 2
68 1
0 2
68 1
0 1
68 1
68 2
64 2
0 1
71 2
69 1
71 1
0 1
76 2
73 4
0 1
71 1
0 1
73 2
78 3
0 1
66 2
0 1
68 2
0 1
78 1
0 1
76 1
0 1
74 1
0 1
76 3
0 1
68 3
66 2
0 3
71 2
73 1
0 1
74 1
0 1
74 1
0 1
74 1
0 1
66 1
66 1
65 1
0 1
65 2
73 1
71 3
66 8
0 2
61 1
0 1
73 1
0 1
71 1
0 1
69 3
0 1
68 3
66 2
0 1
61 1
0 1
73 1
0 1
71 1
0 1
69 1
0 1
69 1
0 1
69 2
68 1
66 3
0 2
71 2
69 2
68 1
0 1
68 1
68 2
68 1
0 2
68 1
0 1
68 1
68 2
64 2
0 1
71 2
69 1
71 1
0 1
76 2
73 4
0 1
71 1
0 1
73 2
78 3
0 1
66 2
0 1
68 2
0 1
78 1
0 1
76 1
0 1
74 1
0 1
76 3
0 1
68 3
66 2
0 3
71 2
73 1
0 1
74 1
0 1
74 1
0 1
74 1
0 1
66 1
66 1
65 1
0 1
65 2
73 1
71 3
66 8
0 4
66 1
0 1
66 1
0 1
78 1
0 1
78 1
0 1
78 1
0 1
78 1
78 2
0 1
78 2
76 1
0 1
74 1
0 1
76 8
0 4
71 1
0 1
73 1
0 1
74 1
0 1
74 1
74 2
0 1
74 2
73 1
0 1
71 1
0 1
69 1
71 2
0 1
73 8
0 4
71 1
0 1
73 1
0 1
74 1
0 1
74 1
0 1
74 1
73 2
0 1
76 2
74 1
73 1
0 1
71 2
0 1
69 7
0 5
71 1
0 1
69 2
67 5
0 1
67 2
69 3
0 1
71 3
0 1
73 8
0 2
73 2
73 1
0 1
71 1
0 1
69 3
0 1
68 3
66 2
0 1
61 1
0 1
73 1
0 1
71 1
0 1
69 1
0 1
69 1
0 1
69 2
68 1
66 3
0 2
71 2
69 2
68 1
0 1
68 1
68 2
68 1
0 2
68 1
0 1
68 1
68 2
64 2
0 1
71 2
69 1
71 1
0 1
76 2
73 4
0 1
71 1
0 1
73 2
78 3
0 1
66 2
0 1
68 2
0 1
78 1
0 1
76 1
0 1
74 1
0 1
76 3
0 1
68 3
66 2
0 3
71 2
73 1
0 1
74 1
0 1
74 1
0 1
74 1
0 1
66 1
66 1
65 1
0 1
65 2
73 1
71 3
66 8
0 2
61 1
0 1
73 1
0 1
71 1
0 1
69 3
0 1
68 3
66 2
0 1
61 1
0 1
73 1
0 1
71 1
0 1
69 1
0 1
69 1
0 1
69 2
68 1
66 3
0 2
71 2
69 2
68 1
0 1
68 1
68 2
68 1
0 2
68 1
0 1
68 1
68 2
64 2
0 1
71 2
69 1
71 1
0 1
76 2
73 4
0 1
71 1
0 1
73 2
78 3
0 1
66 2
0 1
68 2
0 1
78 1
0 1
76 1
0 1
74 1
0 1
76 3
0 1
68 3
66 2
0 3
71 2
73 1
0 1
74 1
0 1
74 1
0 1
74 1
0 1
66 1
66 1
65 1
0 1
65 2
73 1
71 3
66 8
0 4
71 1
0 1
73 1
0 1
74 1
0 1
74 1
0 1
74 1
0 1
66 1
65 2
0 1
65 7
