Eb:min [3, 6, 10] 3 3
C#:maj [1, 5, 8] 1 1
C:dim [0, 3, 6] 0 2
B:maj [3, 6, 11] 11 2
Bb:min [1, 5, 10] 10 8
B:maj [3, 6, 11] 11 2
Bb:min [1, 5, 10] 10 4
Eb:min [3, 6, 10] 3 2
C:dim [0, 3, 6] 0 2
B:maj [3, 6, 11] 11 2
Bb:min [1, 5, 10] 10 4
Eb:min [3, 6, 10] 3 14
C:dim [0, 3, 6] 0 2
B:maj [3, 6, 11] 11 2
Bb:min [1, 5, 10] 10 2
Eb:min [3, 6, 10] 3 10
C:dim [0, 3, 6] 0 2
B:maj [3, 6, 11] 11 2
Eb:min [3, 6, 10] 3 2
C:dim [0, 3, 6] 0 2
B:maj [3, 6, 11] 11 2
Bb:min [1, 5, 10] 10 2
Eb:min [3, 6, 10] 3 2
C:dim [0, 3, 6] 0 2
B:maj [3, 6, 11] 11 2
Bb:min [1, 5, 10] 10 4
Eb:min [3, 6, 10] 3 6
B:maj [3, 6, 11] 11 2
Bb:min [1, 5, 10] 10 4
Eb:min [3, 6, 10] 3 2
C#:maj [1, 5, 8] 1 2
B:maj [3, 6, 11] 11 2
Eb:min [3, 6, 10] 3 4
B:maj [3, 6, 11] 11 2
Bb:min [1, 5, 10] 10 4
Eb:min7/b7 [1, 3, 6, 10] 1 2
C:dim [0, 3, 6] 0 2
B:maj [3, 6, 11] 11 2
Bb:min [1, 5, 10] 10 4
Eb:min [3, 6, 10] 3 2
Eb:min [3, 6, 10] 3 10
C:dim [0, 3, 6] 0 2
B:maj [3, 6, 11] 11 2
Bb:min [1, 5, 10] 10 2
Eb:min [3, 6, 10] 3 10
C:dim [0, 3, 6] 0 2
B:maj [3, 6, 11] 11 2
Eb:min [3, 6, 10] 3 2
C:dim [0, 3, 6] 0 2
B:maj [3, 6, 11] 11 2
Bb:min [1, 5, 10] 10 2
Eb:min [3, 6, 10] 3 2
C:dim [0, 3, 6] 0 2
B:maj [3, 6, 11] 11 2
Bb:min [1, 5, 10] 10 4
Eb:min [3, 6, 10] 3 6
B:maj [3, 6, 11] 11 2
Bb:min [1, 5, 10] 10 4
Eb:min [3, 6, 10] 3 2
C#:maj [1, 5, 8] 1 2
B:maj [3, 6, 11] 11 2
Eb:min [3, 6, 10] 3 2
C:dim [0, 3, 6] 0 2
B:maj [3, 6, 11] 11 2
Bb:min [1, 5, 10] 10 2
Eb:min [3, 6, 10] 3 2
C:dim [0, 3, 6] 0 2
B:maj [3, 6, 11] 11 2
Bb:min [1, 5, 10] 10 4
Eb:min [3, 6, 10] 3 6
B:maj [3, 6, 11] 11 2
Bb:min [1, 5, 10] 10 4
Eb:min [3, 6, 10] 3 2
C#:maj [1, 5, 8] 1 4
B:maj [3, 6, 11] 11 4
Eb:min [3, 6, 10] 3 3
C#:maj [1, 5, 8] 1 1
B:maj [3, 6, 11] 11 4
Bb:min [1, 5, 10] 10 8
