0 144
75 1
0 1
75 1
75 1
78 3
73 1
75 7
0 1
75 1
0 1
75 1
75 1
77 2
0 1
73 1
70 8
70 2
0 1
70 1
75 2
70 2
68 2
66 5
0 1
68 2
0 1
68 1
66 2
0 1
63 1
70 8
75 1
0 1
75 1
75 1
77 2
0 1
73 1
75 7
0 1
75 1
0 1
75 1
75 1
77 2
0 1
73 1
70 7
0 1
70 3
0 1
75 1
0 1
75 1
70 1
68 2
68 1
70 1
66 4
68 2
70 2
66 2
0 1
63 1
63 8
75 2
78 3
0 1
75 1
0 1
80 2
78 5
0 1
77 2
75 1
77 1
73 2
0 1
70 1
73 2
75 6
75 1
0 1
78 3
75 1
0 2
82 2
80 4
0 2
77 1
0 1
75 1
77 1
75 2
73 2
75 2
70 1
70 4
0 1
70 2
75 1
0 1
75 1
0 1
70 1
68 1
70 1
0 1
70 3
0 3
70 2
75 1
0 1
75 1
0 1
70 1
68 1
66 2
66 3
0 3
65 1
65 1
0 1
63 1
68 1
0 1
70 1
70 1
73 2
0 1
70 1
73 2
75 1
0 1
78 2
0 1
78 1
77 1
0 1
75 1
0 1
80 8
75 2
77 2
73 1
70 1
0 1
70 1
73 2
75 14
0 72
75 1
0 1
75 1
75 1
78 3
73 1
75 7
0 1
75 1
0 1
75 1
75 1
77 2
0 1
73 1
70 8
70 2
0 1
70 1
75 2
70 2
68 2
66 5
0 1
68 2
0 1
68 1
66 2
0 1
63 1
70 8
75 1
0 1
75 1
75 1
77 2
0 1
73 1
75 7
0 1
75 1
0 1
75 1
75 1
77 2
0 1
73 1
70 7
0 1
70 3
0 1
75 1
0 1
75 1
70 1
68 2
68 1
70 1
66 4
68 2
70 2
66 2
0 1
63 1
63 8
75 2
78 3
0 1
75 1
0 1
80 2
78 5
0 1
77 2
75 1
77 1
73 2
0 1
70 1
73 2
75 6
75 1
0 1
78 3
75 1
0 2
82 2
80 4
0 2
77 1
0 1
75 1
77 1
75 2
73 2
75 2
70 1
70 4
0 1
70 2
75 1
0 1
75 1
0 1
70 1
68 1
70 1
0 1
70 3
0 3
70 2
75 1
0 1
75 1
0 1
70 1
68 1
66 2
66 3
0 3
65 1
65 1
0 1
63 1
68 1
0 1
70 1
70 1
73 2
0 1
70 1
73 2
75 1
0 1
78 2
0 1
78 1
77 1
0 1
75 1
0 1
80 8
75 2
77 2
73 1
70 1
0 1
70 1
73 2
75 6
75 2
78 3
0 1
75 1
0 1
80 2
78 5
0 1
77 2
75 1
77 1
73 2
0 1
70 1
73 2
75 6
75 1
0 1
78 3
75 1
0 2
82 2
80 4
0 2
77 1
0 1
75 1
77 1
75 2
73 2
75 2
70 1
70 4
0 1
70 2
75 1
0 1
75 1
0 1
70 1
68 1
70 1
0 1
70 3
0 3
70 2
75 1
0 1
75 1
0 1
70 1
68 1
66 2
66 3
0 3
65 1
65 1
0 1
63 1
68 1
0 1
70 1
70 1
73 2
0 1
70 1
73 2
75 1
0 1
78 2
0 1
78 1
77 1
0 1
75 1
0 1
80 16
75 2
77 4
73 3
0 1
70 6
75 17
