E:maj [4, 8, 11] 4 8 
C:maj [0, 4, 7] 0 1 
D:maj [2, 6, 9] 2 1 
G:maj [2, 7, 11] 7 2 
E:min [4, 7, 11] 4 2 
B:min7 [2, 6, 9, 11] 11 2 
C:maj [0, 4, 7] 0 2 
D:maj [2, 6, 9] 2 2 
E:maj [4, 8, 11] 4 8 
C:maj [0, 4, 7] 0 1 
D:maj [2, 6, 9] 2 1 
E:min [4, 7, 11] 4 2 
C:maj [0, 4, 7] 0 2 
D:maj [2, 6, 9] 2 2 
G:maj [2, 7, 11] 7 2 
B:maj [3, 6, 11] 11 2 
C:maj [0, 4, 7] 0 2 
D:maj [2, 6, 9] 2 2 
E:min/b3 [4, 7, 11] 7 1 
D:maj/3 [2, 6, 9] 6 1 
E:min [4, 7, 11] 4 2 
C:maj [0, 4, 7] 0 2 
D:maj [2, 6, 9] 2 2 
E:min [4, 7, 11] 4 8 
C:maj [0, 4, 7] 0 1 
D:maj [2, 6, 9] 2 1 
E:min [4, 7, 11] 4 2 
C:maj [0, 4, 7] 0 2 
D:maj [2, 6, 9] 2 2 
G:maj [2, 7, 11] 7 2 
B:maj [3, 6, 11] 11 2 
C:maj [0, 4, 7] 0 2 
D:maj [2, 6, 9] 2 2 
G:maj7/5 [2, 5, 7, 11] 2 2 
E:min [4, 7, 11] 4 2 
C:maj [0, 4, 7] 0 2 
D:maj [2, 6, 9] 2 2 
E:min [4, 7, 11] 4 8 
C:maj [0, 4, 7] 0 1 
D:maj [2, 6, 9] 2 1 
G:maj [2, 7, 11] 7 2 
A:min [0, 4, 9] 9 4 
C:maj [0, 4, 7] 0 2 
D:maj [2, 6, 9] 2 2 
E:min [4, 7, 11] 4 4 
C:maj [0, 4, 7] 0 1 
D:maj [2, 6, 9] 2 1 
G:maj [2, 7, 11] 7 2 
A:min [0, 4, 9] 9 4 
C:maj [0, 4, 7] 0 2 
D:maj [2, 6, 9] 2 2 
C:maj [0, 4, 7] 0 4 
E:min [4, 7, 11] 4 4 
C:maj [0, 4, 7] 0 1 
D:maj [2, 6, 9] 2 1 
G:maj [2, 7, 11] 7 2 
A:min [0, 4, 9] 9 4 
G:maj [2, 7, 11] 7 2 
B:maj [3, 6, 11] 11 2 
E:min [4, 7, 11] 4 4 
C:maj [0, 4, 7] 0 1 
D:maj [2, 6, 9] 2 1 
G:maj [2, 7, 11] 7 2 
A:min [0, 4, 9] 9 4 
B:maj [3, 6, 11] 11 4 
E:min [4, 7, 11] 4 4 
C:maj [0, 4, 7] 0 1 
D:maj [2, 6, 9] 2 1 
E:min [4, 7, 11] 4 2 
C:maj [0, 4, 7] 0 2 
D:maj [2, 6, 9] 2 2 
G:maj [2, 7, 11] 7 2 
B:maj [3, 6, 11] 11 2 
C:maj [0, 4, 7] 0 2 
D:maj [2, 6, 9] 2 2 
G:maj7/5 [2, 5, 7, 11] 2 2 
E:min [4, 7, 11] 4 2 
C:maj [0, 4, 7] 0 2 
D:maj [2, 6, 9] 2 2 
E:min [4, 7, 11] 4 8 
C:maj [0, 4, 7] 0 1 
D:maj [2, 6, 9] 2 1 
G:maj [2, 7, 11] 7 2 
A:min [0, 4, 9] 9 4 
C:maj [0, 4, 7] 0 2 
D:maj [2, 6, 9] 2 2 
E:min [4, 7, 11] 4 4 
C:maj [0, 4, 7] 0 1 
D:maj [2, 6, 9] 2 1 
G:maj [2, 7, 11] 7 2 
A:min [0, 4, 9] 9 4 
C:maj [0, 4, 7] 0 2 
D:maj [2, 6, 9] 2 2 
C:maj [0, 4, 7] 0 4 
E:min [4, 7, 11] 4 4 
C:maj [0, 4, 7] 0 1 
D:maj [2, 6, 9] 2 1 
G:maj [2, 7, 11] 7 2 
A:min [0, 4, 9] 9 4 
C:maj [0, 4, 7] 0 2 
D:maj [2, 6, 9] 2 2 
E:min [4, 7, 11] 4 4 
C:maj [0, 4, 7] 0 1 
D:maj [2, 6, 9] 2 1 
G:maj [2, 7, 11] 7 2 
A:min [0, 4, 9] 9 4 
C:maj [0, 4, 7] 0 2 
D:maj [2, 6, 9] 2 2 
E:min [4, 7, 11] 4 8 
C:maj [0, 4, 7] 0 1 
D:maj [2, 6, 9] 2 1 
G:maj [2, 7, 11] 7 2 
E:min [4, 7, 11] 4 2 
B:min7 [2, 6, 9, 11] 11 2 
C:maj [0, 4, 7] 0 2 
D:maj [2, 6, 9] 2 2 
