E:min [4, 7, 11] 4 8 
A:maj [1, 4, 9] 9 4 
D:maj/3 [2, 6, 9] 6 4 
G:maj [2, 7, 11] 7 2 
B:maj [3, 6, 11] 11 2 
E:min [4, 7, 11] 4 4 
A:min [0, 4, 9] 9 4 
C:maj [0, 4, 7] 0 2 
B:min [2, 6, 11] 11 2 
E:sus4 [4, 9, 11] 4 2 
E:maj/3 [4, 8, 11] 8 4 
A:maj [1, 4, 9] 9 2 
C:maj [0, 4, 7] 0 1 
G:maj/5 [2, 7, 11] 2 1 
E:min [4, 7, 11] 4 4 
A:maj [1, 4, 9] 9 2 
C:sus2 [0, 2, 7] 0 2 
G:maj [2, 7, 11] 7 1 
B:maj [3, 6, 11] 11 1 
E:min [4, 7, 11] 4 2 
A:maj [1, 4, 9] 9 2 
C:maj [0, 4, 7] 0 1 
G:maj/5 [2, 7, 11] 2 1 
E:min [4, 7, 11] 4 4 
A:maj [1, 4, 9] 9 2 
C:sus2 [0, 2, 7] 0 2 
G:maj [2, 7, 11] 7 1 
B:maj [3, 6, 11] 11 1 
E:sus4 [4, 9, 11] 4 4 
A:min [0, 4, 9] 9 4 
D:maj [2, 6, 9] 2 4 
G:maj [2, 7, 11] 7 2 
B:maj [3, 6, 11] 11 2 
E:sus4 [4, 9, 11] 4 4 
A:min [0, 4, 9] 9 4 
C:maj [0, 4, 7] 0 2 
B:min [2, 6, 11] 11 2 
E:min [4, 7, 11] 4 4 
A:min [0, 4, 9] 9 4 
C:maj [0, 4, 7] 0 2 
B:min [2, 6, 11] 11 2 
E:min [4, 7, 11] 4 4 
A:maj [1, 4, 9] 9 4 
D:maj/3 [2, 6, 9] 6 4 
G:maj [2, 7, 11] 7 2 
B:maj [3, 6, 11] 11 2 
E:sus4 [4, 9, 11] 4 2 
E:maj/3 [4, 8, 11] 8 2 
A:min [0, 4, 9] 9 4 
C:maj [0, 4, 7] 0 2 
B:min [2, 6, 11] 11 2 
E:sus4 [4, 9, 11] 4 6 
A:maj [1, 4, 9] 9 2 
C:sus2 [0, 2, 7] 0 2 
E:min [4, 7, 11] 4 4 
A:maj [1, 4, 9] 9 2 
C:maj [0, 4, 7] 0 1 
D:maj [2, 6, 9] 2 1 
C:maj/5 [0, 4, 7] 7 1 
B:maj [3, 6, 11] 11 1 
E:min [4, 7, 11] 4 2 
A:maj [1, 4, 9] 9 2 
C:maj [0, 4, 7] 0 1 
D:maj [2, 6, 9] 2 1 
E:min [4, 7, 11] 4 4 
A:maj [1, 4, 9] 9 2 
C:maj [0, 4, 7] 0 1 
D:maj [2, 6, 9] 2 1 
G:maj [2, 7, 11] 7 1 
B:maj [3, 6, 11] 11 1 
E:sus4 [4, 9, 11] 4 4 
A:min [0, 4, 9] 9 4 
D:maj [2, 6, 9] 2 4 
G:maj [2, 7, 11] 7 2 
B:maj [3, 6, 11] 11 2 
E:sus4 [4, 9, 11] 4 4 
A:min [0, 4, 9] 9 4 
C:maj [0, 4, 7] 0 2 
B:min [2, 6, 11] 11 2 
E:min [4, 7, 11] 4 4 
A:sus2 [4, 9, 11] 9 4 
E:maj [4, 8, 11] 4 4 
A:min [0, 4, 9] 9 4 
F#:dim [0, 6, 9] 6 2 
B:maj [3, 6, 11] 11 2 
B:sus4(b7) [4, 6, 11] 11 4 
E:maj [4, 8, 11] 4 4 
A:min [0, 4, 9] 9 4 
B:maj [3, 6, 11] 11 4 
E:sus4 [4, 9, 11] 4 4 
A:min [0, 4, 9] 9 4 
D:maj [2, 6, 9] 2 4 
G:maj [2, 7, 11] 7 2 
B:maj [3, 6, 11] 11 2 
E:sus4 [4, 9, 11] 4 4 
A:min [0, 4, 9] 9 4 
C:maj [0, 4, 7] 0 2 
B:min [2, 6, 11] 11 2 
E:sus4 [4, 9, 11] 4 8 
B:sus4(b7) [4, 6, 11] 11 2 
E:maj/5 [4, 8, 11] 11 2 
A:min [0, 4, 9] 9 4 
C:maj [0, 4, 7] 0 2 
B:min [2, 6, 11] 11 3 
