F:min [0, 5, 8] 5 2
F:min/b3 [0, 5, 8] 8 2
F#:maj [1, 6, 10] 6 2
C#:maj7/3 [1, 5, 8, 11] 5 2
Bb:min [1, 5, 10] 10 2
F:min [0, 5, 8] 5 2
F#:maj [1, 6, 10] 6 4
C#:maj [1, 5, 8] 1 2
Ab:maj [0, 3, 8] 8 2
Bb:sus2 [0, 5, 10] 10 2
Ab:maj [0, 3, 8] 8 2
F#:maj [1, 6, 10] 6 2
F:min [0, 5, 8] 5 2
Eb:min [3, 6, 10] 3 2
Eb:min7 [1, 3, 6, 10] 3 1
Ab:maj [0, 3, 8] 8 1
C#:maj [1, 5, 8] 1 2
Ab:maj [0, 3, 8] 8 2
Bb:min [1, 5, 10] 10 2
C#:7 [1, 5, 8, 11] 1 2
F#:maj [1, 6, 10] 6 2
Bb:min [1, 5, 10] 10 2
B:maj [3, 6, 11] 11 2
Ab:maj [0, 3, 8] 8 2
C#:maj [1, 5, 8] 1 2
Ab:maj [0, 3, 8] 8 2
Bb:min [1, 5, 10] 10 2
Ab:maj [0, 3, 8] 8 2
F#:maj [1, 6, 10] 6 2
C#:maj/3 [1, 5, 8] 5 2
B:maj [3, 6, 11] 11 2
A:maj [1, 4, 9] 9 1
Ab:maj [0, 3, 8] 8 1
C#:maj [1, 5, 8] 1 2
Ab:maj [0, 3, 8] 8 2
Bb:min [1, 5, 10] 10 2
Ab:min [3, 8, 11] 8 1
C#:maj [1, 5, 8] 1 1
F#:maj [1, 6, 10] 6 2
F:min [0, 5, 8] 5 2
Eb:min [3, 6, 10] 3 2
Ab:maj [0, 3, 8] 8 2
C#:maj [1, 5, 8] 1 2
A:maj [1, 4, 9] 9 1
Ab:maj [0, 3, 8] 8 1
C#:maj [1, 5, 8] 1 2
Ab:maj [0, 3, 8] 8 2
Bb:sus2 [0, 5, 10] 10 2
Ab:maj [0, 3, 8] 8 2
F#:maj [1, 6, 10] 6 2
F:min [0, 5, 8] 5 2
Eb:min [3, 6, 10] 3 2
Bb:min [1, 5, 10] 10 1
Ab:maj [0, 3, 8] 8 1
C#:maj [1, 5, 8] 1 2
Ab:maj [0, 3, 8] 8 2
Bb:min [1, 5, 10] 10 2
C#:7 [1, 5, 8, 11] 1 2
F#:maj [1, 6, 10] 6 2
Bb:min [1, 5, 10] 10 2
B:maj [3, 6, 11] 11 2
Ab:maj [0, 3, 8] 8 2
C#:maj [1, 5, 8] 1 2
Ab:maj [0, 3, 8] 8 2
Bb:min [1, 5, 10] 10 2
Ab:maj [0, 3, 8] 8 2
F#:maj [1, 6, 10] 6 2
C#:maj/3 [1, 5, 8] 5 2
B:maj [3, 6, 11] 11 2
A:maj [1, 4, 9] 9 1
Ab:maj [0, 3, 8] 8 1
C#:maj [1, 5, 8] 1 2
Ab:maj [0, 3, 8] 8 2
Bb:min [1, 5, 10] 10 2
Ab:min [3, 8, 11] 8 1
C#:maj [1, 5, 8] 1 1
F#:maj [1, 6, 10] 6 2
F:min [0, 5, 8] 5 2
Eb:maj [3, 7, 10] 3 1
F:maj [0, 5, 9] 5 1
F#:maj [1, 6, 10] 6 1
Ab:maj [0, 3, 8] 8 1
C#:maj [1, 5, 8] 1 2
F#:maj [1, 6, 10] 6 2
Bb:min [1, 5, 10] 10 4
Eb:maj [3, 7, 10] 3 1
F:min/b3 [0, 5, 8] 8 1
C#:maj [1, 5, 8] 1 1
Bb:min7/b7 [1, 5, 8, 10] 8 1
F#:maj7/7 [1, 4, 6, 10] 5 2
Eb:min [3, 6, 10] 3 1
C#:maj [1, 5, 8] 1 1
B:maj [3, 6, 11] 11 2
F#:min [1, 6, 9] 6 2
Ab:maj [0, 3, 8] 8 1
Bb:maj [2, 5, 10] 10 3
Eb:maj [3, 7, 10] 3 2
Bb:maj [2, 5, 10] 10 2
C:min [0, 3, 7] 0 2
Bb:maj [2, 5, 10] 10 2
Ab:maj [0, 3, 8] 8 2
Eb:maj/3 [3, 7, 10] 7 2
C#:maj [1, 5, 8] 1 2
B:maj [3, 6, 11] 11 1
Bb:maj [2, 5, 10] 10 1
Eb:maj [3, 7, 10] 3 2
Bb:maj [2, 5, 10] 10 2
C:min [0, 3, 7] 0 2
Eb:7 [1, 3, 7, 10] 3 1
Eb:maj [3, 7, 10] 3 1
Ab:maj [0, 3, 8] 8 2
C:min [0, 3, 7] 0 2
C#:maj [1, 5, 8] 1 2
Bb:maj [2, 5, 10] 10 2
Eb:maj [3, 7, 10] 3 4
F:min [0, 5, 8] 5 2
Bb:maj [2, 5, 10] 10 2
F:min [0, 5, 8] 5 2
Bb:maj [2, 5, 10] 10 5
C:min [0, 3, 7] 0 1
Bb:maj [2, 5, 10] 10 2
Ab:maj [0, 3, 8] 8 2
C:min [0, 3, 7] 0 1
F:min [0, 5, 8] 5 2
C:min [0, 3, 7] 0 2
Ab:maj [0, 3, 8] 8 3
Eb:sus4 [3, 8, 10] 3 2
