0 62
68 2
77 6
68 2
75 5
0 2
77 1
75 1
73 1
73 1
72 1
73 2
80 1
0 1
80 4
0 2
73 2
82 5
0 1
85 2
80 5
0 2
85 1
85 1
84 1
84 1
82 1
82 1
80 1
80 1
77 2
75 1
73 1
75 3
68 2
77 5
0 1
80 1
82 2
80 4
0 2
84 1
84 1
82 1
82 1
80 1
82 1
0 1
80 1
77 2
80 2
73 3
73 2
82 4
0 2
89 1
0 1
87 1
85 4
0 2
85 2
87 1
87 1
85 1
87 2
0 1
85 2
87 1
87 1
85 1
87 2
85 2
89 2
87 1
85 3
89 1
87 3
85 1
84 3
0 1
80 1
85 1
84 1
85 1
87 1
89 2
85 1
84 2
85 1
84 1
85 1
84 2
80 1
78 2
85 3
0 2
78 1
77 2
89 1
87 1
85 3
0 1
85 1
87 1
89 1
87 1
89 1
87 1
0 1
82 1
87 2
89 1
87 1
89 1
87 2
89 1
89 3
87 1
85 3
89 1
87 3
85 1
84 3
0 1
80 1
82 1
84 1
85 1
87 1
89 2
94 1
92 2
0 5
80 1
82 2
0 1
89 1
90 2
0 1
89 1
87 2
85 4
0 2
77 1
78 2
85 4
0 2
78 2
87 1
85 4
84 1
85 9
0 5
68 2
77 6
68 2
75 5
0 1
77 1
75 2
73 1
73 1
72 1
73 2
80 1
0 1
80 4
0 2
73 2
82 5
0 1
85 2
80 5
0 2
85 1
85 1
84 1
84 1
82 1
82 1
80 1
80 1
77 2
75 1
73 1
75 3
68 2
77 5
0 1
80 1
82 2
80 4
0 2
84 1
84 1
82 1
82 1
80 1
82 1
0 1
80 1
89 2
90 1
0 1
89 2
87 1
85 1
87 1
85 1
82 1
85 1
0 1
89 1
87 1
85 1
87 2
82 1
85 2
89 1
87 1
85 1
89 3
90 1
92 3
89 1
92 9
89 2
87 1
85 3
89 1
87 3
85 1
84 3
0 1
80 1
85 1
84 1
85 1
87 1
89 2
85 1
84 2
85 1
84 1
85 1
84 2
80 1
78 2
85 3
0 2
78 1
77 2
89 1
87 1
85 3
0 1
85 1
87 1
89 1
87 1
89 1
87 1
0 1
82 1
87 2
89 1
87 1
89 1
87 2
89 1
89 3
87 1
85 3
89 1
87 3
85 1
84 3
0 1
80 1
82 1
84 1
85 1
87 1
89 2
94 1
92 2
0 5
80 1
82 2
0 1
89 1
90 2
0 1
89 1
87 2
85 4
0 2
77 1
78 2
85 2
85 2
0 1
77 1
78 2
87 1
85 4
84 1
85 9
0 9
85 1
84 1
85 1
0 1
85 1
84 1
85 1
0 1
92 1
89 1
87 1
85 1
82 1
85 1
0 1
82 1
85 1
90 1
89 1
87 1
85 1
87 1
85 3
82 2
80 3
0 2
85 1
84 1
85 1
0 1
85 1
84 1
85 2
92 1
89 2
85 1
82 1
85 1
90 5
0 1
87 1
89 1
90 2
90 1
89 3
85 2
92 3
0 1
94 5
0 7
91 2
91 1
89 2
87 1
0 1
89 3
87 1
86 3
0 1
82 1
87 1
86 1
87 1
89 1
91 2
87 1
86 2
87 1
86 1
87 1
86 2
82 1
80 2
87 3
0 2
80 1
79 2
91 1
89 1
87 3
0 1
87 1
89 1
91 1
89 1
91 1
89 1
0 1
84 1
89 2
91 1
89 1
91 1
89 2
0 1
87 1
94 2
91 2
0 2
91 1
89 3
91 1
89 3
0 1
82 1
84 1
86 1
87 1
89 1
91 2
96 1
94 5
0 2
82 1
84 2
0 1
91 1
92 2
0 1
91 1
89 2
87 4
0 2
79 1
80 2
87 4
0 1
79 1
80 2
89 1
87 4
86 1
87 9
0 6
82 1
84 1
0 1
91 1
92 3
91 2
89 1
87 5
0 1
79 1
80 2
87 1
0 1
87 5
0 1
80 2
89 2
0 1
87 5
0 2
86 2
91 1
89 1
0 1
87 12
