B:min7/b7 [2, 6, 9, 11] 9 4
D:maj [2, 6, 9] 2 4
E:min [4, 7, 11] 4 4
D:maj [2, 6, 9] 2 2
E:min [4, 7, 11] 4 2
B:min7/b7 [2, 6, 9, 11] 9 4
D:maj [2, 6, 9] 2 4
F#:min [1, 6, 9] 6 4
A:maj [1, 4, 9] 9 2
D:maj [2, 6, 9] 2 6
E:min [4, 7, 11] 4 2
B:min [2, 6, 11] 11 2
D:sus2 [2, 4, 9] 2 2
D:maj/5 [2, 6, 9] 9 2
E:min [4, 7, 11] 4 2
A:maj [1, 4, 9] 9 2
D:sus2 [2, 4, 9] 2 4
E:min [4, 7, 11] 4 2
B:min [2, 6, 11] 11 2
D:sus2 [2, 4, 9] 2 4
A:maj/5 [1, 4, 9] 4 2
D:maj [2, 6, 9] 2 2
B:min [2, 6, 11] 11 4
D:maj [2, 6, 9] 2 2
B:min [2, 6, 11] 11 2
E:min [4, 7, 11] 4 4
F#:min [1, 6, 9] 6 2
A:maj [1, 4, 9] 9 2
D:maj [2, 6, 9] 2 2
B:min [2, 6, 11] 11 2
E:min [4, 7, 11] 4 2
B:min [2, 6, 11] 11 2
D:maj [2, 6, 9] 2 2
B:min [2, 6, 11] 11 2
F#:min [1, 6, 9] 6 2
E:maj [4, 8, 11] 4 1
A:maj [1, 4, 9] 9 1
D:sus2 [2, 4, 9] 2 8
E:min [4, 7, 11] 4 4
D:maj [2, 6, 9] 2 2
E:min [4, 7, 11] 4 2
B:min7/b7 [2, 6, 9, 11] 9 4
D:maj [2, 6, 9] 2 4
F#:min [1, 6, 9] 6 4
A:maj [1, 4, 9] 9 2
D:maj [2, 6, 9] 2 6
E:min [4, 7, 11] 4 2
B:min [2, 6, 11] 11 2
D:sus2 [2, 4, 9] 2 2
D:maj/5 [2, 6, 9] 9 2
E:min [4, 7, 11] 4 2
A:maj [1, 4, 9] 9 2
D:sus2 [2, 4, 9] 2 4
E:min [4, 7, 11] 4 2
B:min [2, 6, 11] 11 2
D:sus2 [2, 4, 9] 2 4
A:maj/5 [1, 4, 9] 4 2
D:maj [2, 6, 9] 2 2
B:min [2, 6, 11] 11 4
D:maj [2, 6, 9] 2 2
B:min [2, 6, 11] 11 2
E:min [4, 7, 11] 4 4
F#:min [1, 6, 9] 6 2
A:maj [1, 4, 9] 9 2
D:maj [2, 6, 9] 2 2
B:min [2, 6, 11] 11 2
E:min [4, 7, 11] 4 2
B:min [2, 6, 11] 11 2
D:maj [2, 6, 9] 2 2
B:min [2, 6, 11] 11 2
F#:min [1, 6, 9] 6 2
E:maj [4, 8, 11] 4 1
A:maj [1, 4, 9] 9 1
D:sus2 [2, 4, 9] 2 8
E:min [4, 7, 11] 4 2
B:min [2, 6, 11] 11 2
D:sus2 [2, 4, 9] 2 2
D:maj/5 [2, 6, 9] 9 2
E:min [4, 7, 11] 4 2
A:maj [1, 4, 9] 9 2
F#:min [1, 6, 9] 6 4
B:min [2, 6, 11] 11 4
E:min [4, 7, 11] 4 4
A:maj [1, 4, 9] 9 4
B:min [2, 6, 11] 11 4
D:maj [2, 6, 9] 2 2
B:min [2, 6, 11] 11 2
E:min [4, 7, 11] 4 4
F#:min [1, 6, 9] 6 2
A:maj [1, 4, 9] 9 2
D:maj [2, 6, 9] 2 2
B:min [2, 6, 11] 11 2
E:min [4, 7, 11] 4 2
B:min [2, 6, 11] 11 2
D:maj [2, 6, 9] 2 2
B:min [2, 6, 11] 11 2
F#:min [1, 6, 9] 6 2
E:maj [4, 8, 11] 4 1
A:maj [1, 4, 9] 9 1
D:sus2 [2, 4, 9] 2 4
B:min [2, 6, 11] 11 4
D:maj [2, 6, 9] 2 2
B:min [2, 6, 11] 11 2
E:min [4, 7, 11] 4 4
F#:min [1, 6, 9] 6 2
A:maj [1, 4, 9] 9 2
D:maj [2, 6, 9] 2 2
B:min [2, 6, 11] 11 2
E:min [4, 7, 11] 4 2
B:min [2, 6, 11] 11 2
D:maj [2, 6, 9] 2 2
B:min [2, 6, 11] 11 2
F#:min [1, 6, 9] 6 2
E:maj [4, 8, 11] 4 1
A:maj [1, 4, 9] 9 1
D:sus2 [2, 4, 9] 2 4
B:min7/b7 [2, 6, 9, 11] 9 4
D:maj [2, 6, 9] 2 4
E:min [4, 7, 11] 4 4
D:maj [2, 6, 9] 2 2
E:min [4, 7, 11] 4 2
B:min7/b7 [2, 6, 9, 11] 9 4
