0 128
69 2
71 2
74 1
0 1
76 1
0 1
78 3
0 1
76 1
0 1
74 1
0 1
76 1
0 1
76 1
0 1
76 1
0 1
74 2
71 7
0 1
69 2
71 2
74 2
76 2
78 2
81 1
0 1
78 2
78 2
76 3
0 1
71 2
74 2
76 6
0 2
69 2
71 2
74 1
0 1
76 1
0 1
78 3
0 1
76 1
0 1
74 1
0 1
76 1
0 1
76 1
0 1
76 1
0 1
74 2
71 7
0 1
69 2
71 2
74 2
76 2
78 2
81 1
0 1
78 2
78 2
76 2
76 2
74 2
71 2
74 8
83 2
0 1
81 1
83 5
0 1
81 1
83 1
81 1
0 1
78 1
0 1
81 1
0 1
81 1
0 1
81 2
83 2
78 4
0 4
76 2
0 1
74 1
76 5
0 1
71 1
74 1
74 2
71 2
81 1
0 1
81 1
0 1
81 1
0 1
78 1
0 1
76 6
0 2
78 2
81 3
0 1
81 1
0 1
83 1
0 1
81 1
0 1
78 1
76 1
74 2
76 1
0 1
76 1
0 1
76 2
74 2
71 4
0 2
74 1
76 1
78 5
0 1
81 1
0 1
83 3
0 1
81 2
83 1
0 1
81 4
0 2
78 2
76 2
74 1
0 1
76 1
74 1
71 2
74 14
0 114
69 2
71 2
74 1
0 1
76 1
0 1
78 3
0 1
76 1
0 1
74 1
0 1
76 1
0 1
76 1
0 1
76 1
0 1
74 2
71 7
0 1
69 2
71 2
74 2
76 2
78 2
81 1
0 1
78 2
78 2
76 3
0 1
71 2
74 2
76 6
0 2
69 2
71 2
74 1
0 1
76 1
0 1
78 3
0 1
76 1
0 1
74 1
0 1
76 1
0 1
76 1
0 1
76 1
0 1
74 2
71 7
0 1
69 2
71 2
74 2
76 2
78 2
81 1
0 1
78 2
78 2
76 2
76 2
74 2
71 2
74 8
83 2
0 1
81 1
83 5
0 1
81 1
83 1
81 1
0 1
78 1
0 1
81 1
0 1
81 1
0 1
81 2
83 2
78 4
0 4
76 2
0 1
74 1
76 5
0 1
71 1
74 1
74 2
71 2
81 1
0 1
81 1
0 1
81 1
0 1
78 1
0 1
76 6
0 2
78 2
81 3
0 1
81 1
0 1
83 1
0 1
81 1
0 1
78 1
76 1
74 2
76 1
0 1
76 1
0 1
76 2
74 2
71 4
0 2
74 1
76 1
78 5
0 1
81 1
0 1
83 3
0 1
81 2
83 1
0 1
81 4
0 2
78 2
76 2
74 1
0 1
76 1
74 1
71 2
74 14
0 130
83 2
0 1
81 1
83 5
0 1
81 1
83 1
81 1
0 1
78 1
0 1
81 1
0 1
81 1
0 1
81 2
83 2
78 4
0 4
76 2
0 1
74 1
76 5
0 1
71 1
74 1
74 2
71 2
81 1
0 1
81 1
0 1
81 1
0 1
78 1
0 1
76 6
0 2
78 2
81 3
0 1
81 1
0 1
83 1
0 1
81 1
0 1
78 1
76 1
74 2
76 1
0 1
76 1
0 1
76 2
74 2
71 4
0 2
74 1
76 1
78 5
0 1
81 1
0 1
83 3
0 1
81 2
83 1
0 1
81 4
0 2
78 2
76 2
74 1
0 1
76 1
74 1
71 2
74 14
0 2
83 2
0 1
81 1
83 5
0 1
81 1
83 1
81 1
0 1
78 1
0 1
81 1
0 1
81 1
0 1
81 2
83 2
78 4
0 4
76 2
0 1
74 1
76 5
0 1
71 1
74 1
74 2
71 2
81 1
0 1
81 1
0 1
81 1
0 1
78 1
0 1
76 6
0 2
78 2
81 3
0 1
81 1
0 1
83 1
0 1
81 1
0 1
78 1
76 1
74 2
76 1
0 1
76 1
0 1
76 2
74 2
71 4
0 2
74 1
76 1
78 5
0 1
81 1
0 1
83 3
0 1
81 2
83 1
0 1
81 4
0 2
78 2
76 2
74 1
0 1
76 1
74 1
71 2
74 14
