C:sus2 [0, 2, 7] 0 4 
F:maj [0, 5, 9] 5 4 
C:maj [0, 4, 7] 0 4 
F:maj [0, 5, 9] 5 4 
C:maj [0, 4, 7] 0 4 
A:min [0, 4, 9] 9 4 
F:maj [0, 5, 9] 5 6 
F:min [0, 5, 8] 5 1 
G:maj [2, 7, 11] 7 1 
C:maj [0, 4, 7] 0 4 
Bb:maj [2, 5, 10] 10 2 
A:maj [1, 4, 9] 9 2 
D:min7 [0, 2, 5, 9] 2 4 
F:min6 [0, 2, 5, 8] 5 2 
E:maj [4, 8, 11] 4 2 
A:min [0, 4, 9] 9 2 
E:min/b3 [4, 7, 11] 7 2 
A:min [0, 4, 9] 9 2 
C:maj/3 [0, 4, 7] 4 2 
D:min7 [0, 2, 5, 9] 2 4 
F:maj [0, 5, 9] 5 2 
G:maj [2, 7, 11] 7 2 
C:sus2 [0, 2, 7] 0 4 
G:maj/3 [2, 7, 11] 11 4 
A:min7 [0, 4, 7, 9] 9 4 
E:min [4, 7, 11] 4 4 
F:maj7 [0, 3, 5, 9] 5 2 
G:maj [2, 7, 11] 7 2 
E:min [4, 7, 11] 4 2 
A:min7 [0, 4, 7, 9] 9 2 
D:min7 [0, 2, 5, 9] 2 4 
F:maj [0, 5, 9] 5 2 
G:maj [2, 7, 11] 7 2 
C:maj [0, 4, 7] 0 4 
G:maj/3 [2, 7, 11] 11 4 
A:min [0, 4, 9] 9 4 
E:min [4, 7, 11] 4 4 
F:sus2 [0, 5, 7] 5 4 
E:min [4, 7, 11] 4 2 
A:min7 [0, 4, 7, 9] 9 2 
D:min7 [0, 2, 5, 9] 2 4 
G:maj [2, 7, 11] 7 4 
C:maj [0, 4, 7] 0 4 
F:maj [0, 5, 9] 5 4 
C:maj [0, 4, 7] 0 4 
F:sus2 [0, 5, 7] 5 2 
G:maj [2, 7, 11] 7 2 
C:maj [0, 4, 7] 0 4 
F:sus2 [0, 5, 7] 5 4 
C:maj [0, 4, 7] 0 4 
F:maj7 [0, 3, 5, 9] 5 4 
C:maj [0, 4, 7] 0 4 
A:min [0, 4, 9] 9 4 
F:maj [0, 5, 9] 5 6 
F:min [0, 5, 8] 5 2 
C:maj [0, 4, 7] 0 4 
Bb:maj [2, 5, 10] 10 2 
A:maj [1, 4, 9] 9 2 
D:min7 [0, 2, 5, 9] 2 4 
F:min6 [0, 2, 5, 8] 5 2 
E:maj [4, 8, 11] 4 2 
A:min [0, 4, 9] 9 2 
E:min/b3 [4, 7, 11] 7 2 
A:min [0, 4, 9] 9 2 
C:maj/3 [0, 4, 7] 4 2 
D:min7 [0, 2, 5, 9] 2 4 
F:maj [0, 5, 9] 5 2 
G:maj [2, 7, 11] 7 2 
C:sus2 [0, 2, 7] 0 4 
G:maj/3 [2, 7, 11] 11 4 
A:min7 [0, 4, 7, 9] 9 4 
E:min [4, 7, 11] 4 4 
F:maj7 [0, 3, 5, 9] 5 2 
G:maj [2, 7, 11] 7 2 
E:min [4, 7, 11] 4 2 
A:min7 [0, 4, 7, 9] 9 2 
D:min7 [0, 2, 5, 9] 2 4 
G:7 [2, 5, 7, 11] 7 2 
G:maj [2, 7, 11] 7 2 
C:maj [0, 4, 7] 0 4 
G:maj/3 [2, 7, 11] 11 4 
A:min [0, 4, 9] 9 2 
A:min7 [0, 4, 7, 9] 9 2 
E:min [4, 7, 11] 4 4 
F:sus2 [0, 5, 7] 5 4 
E:min [4, 7, 11] 4 2 
A:min7 [0, 4, 7, 9] 9 2 
D:min7 [0, 2, 5, 9] 2 4 
G:maj [2, 7, 11] 7 4 
C:sus2 [0, 2, 7] 0 4 
F:sus2 [0, 5, 7] 5 4 
E:min [4, 7, 11] 4 2 
A:sus4(b7) [2, 4, 9] 9 2 
D:sus4(b7) [2, 7, 9] 2 2 
G:sus4 [0, 2, 7] 7 2 
G:maj [2, 7, 11] 7 4 
C:sus2 [0, 2, 7] 0 3 
