A:maj7 [1, 4, 7, 9] 9 1 
A:maj [1, 4, 9] 9 4 
Ab:min7 [3, 6, 8, 11] 8 3 
A:maj(9) [1, 4, 7, 9, 11] 9 1 
A:maj [1, 4, 9] 9 3 
Ab:min [3, 8, 11] 8 5 
D:maj [2, 6, 9] 2 3 
C#:min [1, 4, 8] 1 4 
C#:sus4 [1, 6, 8] 1 1 
F#:min [1, 6, 9] 6 3 
B:maj [3, 6, 11] 11 9 
E:sus2 [4, 6, 11] 4 4 
B:maj [3, 6, 11] 11 4 
C#:min [1, 4, 8] 1 4 
Ab:min7 [3, 6, 8, 11] 8 4 
A:maj [1, 4, 9] 9 4 
Ab:min [3, 8, 11] 8 2 
C#:min [1, 4, 8] 1 2 
D:maj [2, 6, 9] 2 2 
C#:maj [1, 5, 8] 1 2 
B:sus2 [1, 6, 11] 11 4 
E:sus2 [4, 6, 11] 4 8 
C#:min [1, 4, 8] 1 4 
Ab:min7 [3, 6, 8, 11] 8 4 
A:maj [1, 4, 9] 9 4 
Ab:min [3, 8, 11] 8 2 
C#:min [1, 4, 8] 1 2 
A:maj [1, 4, 9] 9 2 
F#:min7 [1, 4, 6, 9] 6 2 
B:sus2 [1, 6, 11] 11 8 
E:maj [4, 8, 11] 4 2 
Ab:min/5 [3, 8, 11] 3 2 
C#:min [1, 4, 8] 1 3 
B:maj [3, 6, 11] 11 1 
A:maj [1, 4, 9] 9 2 
F#:min [1, 6, 9] 6 2 
B:maj [3, 6, 11] 11 4 
Ab:min [3, 8, 11] 8 2 
C#:min [1, 4, 8] 1 2 
Ab:min [3, 8, 11] 8 2 
C#:min [1, 4, 8] 1 2 
F#:min [1, 6, 9] 6 4 
E:maj/5 [4, 8, 11] 11 4 
E:maj [4, 8, 11] 4 2 
Ab:min/5 [3, 8, 11] 3 2 
C#:min [1, 4, 8] 1 2 
B:maj [3, 6, 11] 11 2 
A:maj [1, 4, 9] 9 2 
F#:min [1, 6, 9] 6 2 
B:maj/3 [3, 6, 11] 3 4 
Ab:min [3, 8, 11] 8 2 
C#:min [1, 4, 8] 1 2 
Ab:min [3, 8, 11] 8 2 
C#:min/5 [1, 4, 8] 8 2 
A:maj [1, 4, 9] 9 1 
F#:min [1, 6, 9] 6 3 
E:maj [4, 8, 11] 4 4 
A:maj [1, 4, 9] 9 1 
B:sus2 [1, 6, 11] 11 3 
A:maj [1, 4, 9] 9 4 
Ab:min [3, 8, 11] 8 4 
F#:sus2 [1, 6, 8] 6 2 
F#:min/b3 [1, 6, 9] 9 2 
B:maj [3, 6, 11] 11 8 
E:sus2 [4, 6, 11] 4 8 
C#:min [1, 4, 8] 1 4 
Ab:min7 [3, 6, 8, 11] 8 4 
A:maj [1, 4, 9] 9 4 
Ab:min [3, 8, 11] 8 2 
C#:min [1, 4, 8] 1 2 
A:maj [1, 4, 9] 9 2 
F#:min7 [1, 4, 6, 9] 6 2 
B:sus2 [1, 6, 11] 11 8 
E:maj [4, 8, 11] 4 2 
Ab:min/5 [3, 8, 11] 3 2 
C#:min [1, 4, 8] 1 3 
B:maj [3, 6, 11] 11 1 
A:maj [1, 4, 9] 9 2 
F#:min [1, 6, 9] 6 2 
B:maj [3, 6, 11] 11 4 
Ab:min [3, 8, 11] 8 2 
C#:min [1, 4, 8] 1 2 
Ab:min [3, 8, 11] 8 2 
C#:min [1, 4, 8] 1 2 
F#:min [1, 6, 9] 6 4 
E:maj/5 [4, 8, 11] 11 4 
E:maj [4, 8, 11] 4 2 
Ab:min/5 [3, 8, 11] 3 2 
C#:min [1, 4, 8] 1 2 
B:maj [3, 6, 11] 11 2 
A:maj [1, 4, 9] 9 2 
F#:min [1, 6, 9] 6 2 
B:maj/3 [3, 6, 11] 3 4 
Ab:min [3, 8, 11] 8 2 
C#:min [1, 4, 8] 1 2 
Ab:min [3, 8, 11] 8 2 
C#:min7 [1, 4, 8, 11] 1 2 
A:maj [1, 4, 9] 9 1 
B:7 [3, 6, 9, 11] 11 3 
E:maj [4, 8, 11] 4 4 
Ab:min [3, 8, 11] 8 2 
C#:min9 [1, 3, 4, 8, 11] 1 2 
Ab:min [3, 8, 11] 8 2 
C#:min [1, 4, 8] 1 1 
C#:min7 [1, 4, 8, 11] 1 1 
F#:min [1, 6, 9] 6 2 
B:maj [3, 6, 11] 11 2 
A:maj [1, 4, 9] 9 8 
Ab:min7 [3, 6, 8, 11] 8 7 
F#:sus2 [1, 6, 8] 6 5 
B:maj [3, 6, 11] 11 3 
E:maj [4, 8, 11] 4 8 
