0 142
71 2
76 2
78 1
0 1
80 2
78 1
0 1
76 3
0 1
80 3
0 1
78 6
71 2
71 5
0 1
68 2
73 1
0 1
75 1
0 1
76 2
75 2
73 3
0 1
76 3
0 1
75 5
0 1
68 2
71 5
0 3
73 1
0 1
71 2
71 2
69 1
0 1
71 1
0 1
76 3
0 1
69 1
0 1
68 4
78 2
76 6
0 2
78 1
80 1
81 2
80 2
78 1
0 1
76 1
0 1
76 3
0 1
73 3
0 1
78 13
0 1
71 2
76 2
78 1
0 1
80 2
78 1
0 1
76 3
0 1
80 3
0 1
78 6
75 2
71 5
0 1
68 2
73 1
0 1
75 1
0 1
76 2
75 2
73 3
0 1
76 3
0 1
75 5
0 1
68 2
71 5
0 3
73 1
0 1
71 2
71 2
69 1
0 1
71 1
0 1
76 4
0 2
78 4
0 2
80 2
76 4
73 1
0 1
75 1
0 1
76 2
73 1
0 1
73 3
0 1
76 3
85 2
0 1
83 3
0 1
83 13
0 13
78 2
76 2
83 2
0 1
80 2
0 1
80 1
0 1
78 2
76 2
75 2
76 1
75 1
73 3
0 1
68 2
73 5
0 1
76 2
78 1
76 1
85 3
81 1
81 2
80 1
0 1
81 2
73 2
75 2
76 2
78 10
0 4
80 1
81 1
83 2
83 1
0 1
83 1
0 1
85 2
76 5
0 5
83 2
75 2
78 2
76 4
0 2
78 1
80 1
73 3
0 1
76 3
0 1
81 2
80 1
81 2
0 1
83 2
80 2
78 6
0 4
78 2
76 2
83 2
0 1
80 2
0 1
80 1
0 1
78 2
76 2
75 2
76 1
75 1
73 3
0 1
68 2
73 5
0 1
76 2
78 1
76 1
85 3
81 1
81 2
80 1
0 1
81 2
73 2
75 2
76 2
78 10
0 4
80 1
81 1
83 2
83 1
0 1
83 1
0 1
85 2
76 5
0 7
83 2
75 1
78 1
76 4
0 2
78 1
80 1
81 3
0 1
73 3
0 1
81 2
80 2
76 2
78 2
76 12
0 98
71 2
76 2
78 1
0 1
80 2
78 1
0 1
76 3
0 1
80 3
0 1
78 6
75 2
71 5
0 1
68 2
73 1
0 1
75 1
0 1
76 2
75 2
73 3
0 1
76 3
0 1
75 5
0 1
68 2
71 5
0 3
73 1
0 1
71 2
71 2
69 1
0 1
71 1
0 1
76 4
0 2
78 4
0 2
83 2
80 1
78 1
76 2
73 1
0 1
75 1
0 1
76 2
73 1
0 1
73 3
0 1
76 3
85 2
0 1
83 3
0 1
83 13
0 13
78 2
76 2
83 2
0 1
80 2
0 1
80 1
0 1
78 2
76 2
75 2
76 1
75 1
73 3
0 1
68 2
73 5
0 1
76 2
78 1
76 1
85 3
81 1
81 2
80 1
0 1
81 2
73 2
75 2
76 2
78 10
0 4
80 1
81 1
83 2
83 1
0 1
83 1
0 1
85 2
76 5
0 5
83 2
75 2
78 2
76 4
0 2
78 1
80 1
73 3
0 1
76 3
0 1
81 2
80 1
81 2
0 1
83 2
80 2
78 9
0 1
78 2
76 2
83 2
0 1
80 2
0 1
80 1
0 1
78 2
76 2
75 2
76 1
75 1
73 3
0 1
68 2
73 5
0 1
76 2
78 1
76 1
85 3
81 1
81 2
80 1
0 1
81 2
73 2
75 2
76 2
78 10
0 4
80 1
81 1
83 2
83 1
0 1
83 1
0 1
85 2
78 2
76 3
0 7
83 2
75 1
78 1
76 4
0 2
78 1
80 1
81 3
0 1
73 3
0 1
81 2
80 2
76 2
78 2
76 12
0 2
80 1
81 1
83 2
83 1
0 1
83 1
0 1
85 2
76 5
0 5
83 2
75 2
78 2
76 4
0 2
78 1
80 1
80 3
0 1
73 3
0 1
81 2
80 2
76 2
78 2
76 12
