F:maj [0, 5, 9] 5 4 
A:maj [1, 4, 9] 9 4 
D:min [2, 5, 9] 2 4 
C:min [0, 3, 7] 0 4 
Bb:maj [2, 5, 10] 10 4 
A:min7 [0, 4, 7, 9] 9 2 
D:min [2, 5, 9] 2 2 
G:min [2, 7, 10] 7 4 
C:maj/5 [0, 4, 7] 7 1 
C:sus2 [0, 2, 7] 0 3 
F:maj [0, 5, 9] 5 4 
A:maj [1, 4, 9] 9 4 
D:min [2, 5, 9] 2 4 
C:min [0, 3, 7] 0 2 
F:maj/5 [0, 5, 9] 0 2 
Bb:maj [2, 5, 10] 10 4 
A:min [0, 4, 9] 9 1 
D:min/5 [2, 5, 9] 9 3 
G:maj [2, 7, 11] 7 4 
C:sus2 [0, 2, 7] 0 4 
F:maj [0, 5, 9] 5 4 
A:maj [1, 4, 9] 9 4 
Bb:maj [2, 5, 10] 10 4 
G:maj [2, 7, 11] 7 4 
F:maj [0, 5, 9] 5 4 
A:maj [1, 4, 9] 9 4 
Bb:maj [2, 5, 10] 10 4 
G:maj [2, 7, 11] 7 4 
Bb:min [1, 5, 10] 10 4 
F:maj [0, 5, 9] 5 4 
A:maj [1, 4, 9] 9 4 
Bb:maj [2, 5, 10] 10 4 
G:maj [2, 7, 11] 7 2 
C:maj [0, 4, 7] 0 2 
F:maj [0, 5, 9] 5 4 
A:maj [1, 4, 9] 9 4 
D:min [2, 5, 9] 2 4 
C:min [0, 3, 7] 0 2 
F:maj [0, 5, 9] 5 1 
D:min/b3 [2, 5, 9] 5 1 
Bb:maj [2, 5, 10] 10 4 
A:min [0, 4, 9] 9 3 
D:min/5 [2, 5, 9] 9 1 
G:maj [2, 7, 11] 7 4 
C:sus2 [0, 2, 7] 0 4 
F:maj [0, 5, 9] 5 4 
A:maj [1, 4, 9] 9 4 
Bb:maj [2, 5, 10] 10 4 
G:maj [2, 7, 11] 7 4 
F:maj [0, 5, 9] 5 4 
A:maj [1, 4, 9] 9 4 
Bb:maj [2, 5, 10] 10 4 
G:maj [2, 7, 11] 7 8 
F:maj [0, 5, 9] 5 4 
A:maj [1, 4, 9] 9 4 
D:min [2, 5, 9] 2 4 
C:min [0, 3, 7] 0 2 
F:maj [0, 5, 9] 5 2 
Bb:maj [2, 5, 10] 10 4 
A:min [0, 4, 9] 9 1 
D:min [2, 5, 9] 2 3 
G:maj [2, 7, 11] 7 4 
Bb:min [1, 5, 10] 10 4 
F:maj [0, 5, 9] 5 4 
A:maj [1, 4, 9] 9 4 
Bb:maj [2, 5, 10] 10 4 
G:maj [2, 7, 11] 7 4 
F:maj [0, 5, 9] 5 4 
A:maj [1, 4, 9] 9 4 
Bb:maj [2, 5, 10] 10 4 
G:maj [2, 7, 11] 7 4 
Bb:min [1, 5, 10] 10 4 
F:maj [0, 5, 9] 5 4 
A:maj [1, 4, 9] 9 4 
Bb:maj [2, 5, 10] 10 4 
G:maj [2, 7, 11] 7 4 
F:maj [0, 5, 9] 5 4 
A:maj [1, 4, 9] 9 4 
Bb:maj [2, 5, 10] 10 4 
G:maj [2, 7, 11] 7 7 
