0 8
69 2
72 2
72 2
69 2
76 3
79 3
76 10
0 6
74 1
72 1
74 2
72 2
69 2
65 4
69 6
65 4
67 4
69 1
0 1
69 1
0 1
69 2
74 1
74 4
0 1
76 1
77 3
76 2
72 2
67 2
69 4
0 1
60 1
72 1
69 2
65 7
0 2
69 2
72 2
74 2
69 1
67 9
0 16
69 2
72 2
72 2
69 2
76 3
79 3
76 10
0 6
74 1
72 1
74 2
77 2
79 2
77 4
81 6
0 4
79 2
77 4
79 3
0 3
74 2
76 1
77 3
79 2
76 2
72 2
69 2
77 4
69 2
72 2
74 3
72 1
71 5
0 1
74 2
77 2
81 6
72 5
0 1
72 1
0 1
72 4
81 3
79 1
77 5
0 1
81 2
79 2
77 2
81 4
76 4
0 2
81 2
79 2
77 2
79 4
77 4
79 5
0 3
74 1
77 1
81 2
79 1
79 3
74 1
77 1
81 2
79 2
79 2
77 2
81 2
84 1
81 4
0 1
81 2
79 2
77 2
81 2
76 4
0 4
81 2
79 2
77 2
79 4
77 4
79 4
0 3
74 1
74 1
77 1
81 2
79 1
79 3
74 1
77 1
81 2
79 1
79 3
74 1
77 1
80 2
79 2
79 2
77 4
73 4
72 8
0 66
69 2
72 2
72 2
69 2
76 3
79 3
76 10
0 6
74 1
72 1
74 2
77 2
79 2
77 4
81 6
0 4
79 2
77 4
79 3
0 3
74 2
76 1
77 3
79 2
76 2
72 2
69 2
77 4
69 2
72 2
74 3
72 1
71 5
0 1
74 2
77 2
81 6
72 5
0 1
72 1
0 1
72 4
81 3
79 1
77 5
0 1
81 2
79 2
77 2
81 4
76 4
0 2
81 2
79 2
77 2
79 4
77 4
79 5
0 3
74 1
77 1
81 2
79 1
79 3
74 1
77 1
81 2
79 2
79 2
77 2
81 2
84 1
81 4
0 1
81 2
79 2
77 2
81 2
76 4
0 4
81 2
79 2
77 2
79 4
77 4
79 4
0 3
74 1
74 1
77 1
81 2
79 1
79 3
74 1
77 1
81 2
79 1
79 3
74 1
77 1
80 2
79 2
79 2
77 4
84 2
82 2
81 8
0 114
72 1
0 1
72 4
81 3
79 1
77 5
0 1
81 2
79 2
77 2
81 4
76 4
0 2
81 2
79 2
77 2
79 4
77 4
79 5
0 3
74 1
77 1
81 2
79 1
79 3
74 1
77 1
81 2
79 2
79 2
77 2
81 2
84 1
81 4
0 1
81 2
79 2
77 2
81 2
76 4
0 4
81 2
79 2
77 2
79 4
77 4
79 4
0 3
74 1
74 1
77 1
81 2
79 1
79 3
74 1
77 1
81 2
79 1
79 3
74 1
77 1
80 2
79 2
79 2
77 4
73 4
72 8
