0 96
62 2
60 2
62 2
67 1
62 4
0 3
58 1
60 1
62 2
60 1
0 1
60 1
0 1
58 1
60 5
0 4
62 1
0 1
60 1
0 1
62 2
67 1
67 4
0 2
70 1
69 1
70 1
65 1
0 1
65 1
65 1
0 1
62 1
67 1
65 4
0 9
67 1
67 1
69 1
70 1
69 2
65 1
65 2
0 5
65 1
65 1
65 1
65 1
65 1
67 1
60 1
62 5
58 1
60 1
62 2
55 1
0 1
55 2
62 1
0 1
62 1
0 1
58 1
60 4
0 1
63 1
63 1
63 1
63 2
0 1
63 1
0 1
62 7
0 1
62 2
60 2
62 2
67 1
62 4
0 3
58 1
60 1
62 2
60 1
0 1
60 1
0 1
58 1
60 5
0 4
62 1
0 1
60 1
0 1
62 2
67 1
67 4
0 2
70 1
69 1
70 1
65 1
0 1
65 1
65 1
0 1
62 1
67 1
65 4
0 9
67 1
67 1
69 1
70 1
69 2
65 1
65 2
0 5
65 1
65 1
65 1
65 1
65 1
67 1
60 1
62 5
58 1
60 1
62 2
55 1
0 1
55 2
62 1
0 1
62 1
0 1
58 1
60 4
0 1
67 1
67 1
67 1
67 1
67 1
0 1
67 1
69 4
0 1
67 1
0 1
69 1
0 1
70 1
69 1
70 1
69 1
70 1
0 1
69 2
67 1
0 1
67 1
65 2
0 3
67 1
65 1
67 1
65 1
67 1
0 1
65 1
0 1
65 1
0 1
67 1
62 2
0 3
62 1
0 1
60 1
0 1
60 1
0 1
58 1
0 1
62 1
0 1
67 1
67 2
0 3
70 1
69 1
70 1
69 1
0 1
69 1
67 1
69 4
0 1
67 1
0 1
69 1
0 1
70 1
69 1
70 1
69 1
70 1
0 1
69 2
67 1
0 1
67 1
65 2
0 3
67 1
65 1
67 1
65 1
67 1
0 1
65 1
0 1
65 1
0 1
67 1
62 2
0 3
62 1
0 1
60 1
0 1
60 1
0 1
58 1
0 1
62 1
0 1
67 1
67 2
0 3
70 1
69 1
70 1
69 1
0 1
67 1
65 1
67 6
0 115
62 2
60 2
62 2
67 1
62 4
0 3
58 1
60 1
62 2
60 1
0 1
60 1
0 1
58 1
60 5
0 4
62 1
0 1
60 1
0 1
62 2
67 1
67 4
0 2
70 1
69 1
70 1
65 1
0 1
65 1
65 1
0 1
62 1
67 1
65 4
0 9
67 1
67 1
69 1
70 1
69 2
65 1
65 2
0 5
65 1
65 1
65 1
65 1
65 1
67 1
60 1
62 5
58 1
60 1
62 2
55 1
0 1
55 2
62 1
0 1
62 1
0 1
58 1
60 4
0 1
67 1
67 1
67 1
67 1
67 1
0 1
67 1
69 4
0 1
67 1
0 1
69 1
0 1
70 1
69 1
70 1
69 1
70 1
0 1
69 2
67 1
0 1
67 1
65 2
0 3
67 1
65 1
67 1
65 1
67 1
0 1
65 1
0 1
65 1
0 1
67 1
62 2
0 3
62 1
0 1
60 1
0 1
60 1
0 1
58 1
0 1
62 1
0 1
67 1
67 2
0 3
70 1
69 1
70 1
69 1
0 1
69 1
67 1
69 4
0 1
67 1
0 1
69 1
0 1
70 1
69 1
70 1
69 1
70 1
0 1
69 2
67 1
0 1
67 1
65 2
0 3
67 1
65 1
67 1
65 1
67 1
0 1
65 1
0 1
65 1
0 1
67 1
62 2
0 3
62 1
0 1
60 1
0 1
60 1
0 1
58 1
0 1
62 1
0 1
67 1
67 2
0 3
70 1
69 1
70 1
69 1
0 1
67 1
65 1
67 6
0 3
70 1
69 1
70 1
69 1
70 1
0 1
69 2
67 1
0 1
67 1
65 2
0 3
67 1
65 1
67 1
65 1
67 1
0 1
65 1
0 1
65 1
0 1
67 1
62 2
0 3
62 1
0 1
60 1
0 1
60 1
0 1
58 1
0 1
62 1
0 1
67 1
67 2
0 3
70 1
69 1
70 1
69 1
0 1
69 1
67 1
69 4
0 1
67 1
0 1
69 1
0 1
70 1
69 1
70 1
69 1
70 1
0 1
69 2
67 1
0 1
67 1
65 2
0 3
67 1
65 1
67 1
65 1
67 1
0 1
65 1
0 1
65 1
0 1
67 1
62 2
0 3
62 1
0 1
60 1
0 1
60 1
0 1
58 1
0 1
62 1
0 1
67 1
67 2
0 3
70 1
69 1
70 1
69 1
0 1
67 1
65 1
67 6
