Ab:maj [0, 3, 8] 8 4 
Eb:maj/3 [3, 7, 10] 7 4 
C:min7/5 [0, 3, 7, 10] 7 3 
C:sus4(b7) [0, 5, 7] 0 1 
F:sus2 [0, 5, 7] 5 4 
C#:maj [1, 5, 8] 1 8 
Eb:maj [3, 7, 10] 3 8 
Ab:maj [0, 3, 8] 8 4 
F:min7 [0, 3, 5, 8] 5 4 
Ab:maj [0, 3, 8] 8 4 
C:min [0, 3, 7] 0 1 
C:min7 [0, 3, 7, 10] 0 3 
C#:sus2 [1, 3, 8] 1 4 
C:min [0, 3, 7] 0 2 
F:maj [0, 5, 9] 5 1 
Bb:min [1, 5, 10] 10 5 
Eb:maj [3, 7, 10] 3 4 
Ab:maj [0, 3, 8] 8 4 
F:min [0, 5, 8] 5 3 
Ab:maj [0, 3, 8] 8 5 
C:min [0, 3, 7] 0 4 
C#:maj [1, 5, 8] 1 4 
C:min [0, 3, 7] 0 2 
C:sus4 [0, 5, 7] 0 1 
F:min [0, 5, 8] 5 1 
Bb:min [1, 5, 10] 10 2 
Bb:sus4 [3, 5, 10] 10 1 
Eb:sus4(b7) [3, 8, 10] 3 1 
Ab:maj [0, 3, 8] 8 4 
F:min [0, 5, 8] 5 4 
C:sus4 [0, 5, 7] 0 4 
Bb:min [1, 5, 10] 10 2 
Eb:sus4(b7) [3, 8, 10] 3 1 
Ab:maj [0, 3, 8] 8 4 
F:min [0, 5, 8] 5 5 
C:min [0, 3, 7] 0 4 
C#:maj [1, 5, 8] 1 4 
Eb:maj [3, 7, 10] 3 8 
Ab:maj [0, 3, 8] 8 4 
Eb:maj/3 [3, 7, 10] 7 3 
C:min [0, 3, 7] 0 5 
F:min [0, 5, 8] 5 4 
C#:maj [1, 5, 8] 1 4 
C:min [0, 3, 7] 0 2 
F:min7 [0, 3, 5, 8] 5 1 
Bb:min [1, 5, 10] 10 3 
Bb:min7 [1, 5, 8, 10] 10 2 
Eb:sus4(b7) [3, 8, 10] 3 3 
Eb:7 [1, 3, 7, 10] 3 1 
Ab:maj [0, 3, 8] 8 4 
Eb:maj/3 [3, 7, 10] 7 4 
C:min7 [0, 3, 7, 10] 0 4 
F:min [0, 5, 8] 5 2 
F:min7 [0, 3, 5, 8] 5 2 
C#:maj [1, 5, 8] 1 4 
C:min [0, 3, 7] 0 2 
F:min/5 [0, 5, 8] 0 1 
Bb:min [1, 5, 10] 10 4 
Bb:min7 [1, 5, 8, 10] 10 1 
Eb:sus4(b7) [3, 8, 10] 3 4 
Ab:sus4 [1, 3, 8] 8 8 
F:maj [0, 5, 9] 5 3 
F:min7 [0, 3, 5, 8] 5 1 
Eb:sus4 [3, 8, 10] 3 3 
Eb:maj [3, 7, 10] 3 1 
C#:sus2 [1, 3, 8] 1 2 
C:min [0, 3, 7] 0 6 
F:min [0, 5, 8] 5 3 
F:min7 [0, 3, 5, 8] 5 1 
Eb:maj [3, 7, 10] 3 4 
D:dim [2, 5, 8] 2 2 
C#:maj [1, 5, 8] 1 6 
Ab:maj [0, 3, 8] 8 4 
F:min [0, 5, 8] 5 3 
Ab:maj [0, 3, 8] 8 5 
C:min [0, 3, 7] 0 4 
C#:maj [1, 5, 8] 1 3 
C#:maj7 [1, 5, 8, 11] 1 1 
C:min [0, 3, 7] 0 2 
C:sus4 [0, 5, 7] 0 1 
F:min [0, 5, 8] 5 1 
Bb:min [1, 5, 10] 10 2 
Eb:7 [1, 3, 7, 10] 3 1 
Eb:sus4(b7) [3, 8, 10] 3 1 
Ab:maj [0, 3, 8] 8 4 
F:min [0, 5, 8] 5 4 
C:sus4 [0, 5, 7] 0 4 
Bb:min [1, 5, 10] 10 2 
Eb:sus4(b7) [3, 8, 10] 3 1 
Ab:maj [0, 3, 8] 8 4 
F:min [0, 5, 8] 5 5 
C:min [0, 3, 7] 0 4 
C#:maj [1, 5, 8] 1 4 
Eb:maj [3, 7, 10] 3 8 
Ab:maj [0, 3, 8] 8 4 
Eb:maj/3 [3, 7, 10] 7 3 
C:min [0, 3, 7] 0 5 
F:min [0, 5, 8] 5 4 
C#:maj [1, 5, 8] 1 4 
C:min [0, 3, 7] 0 2 
F:min7 [0, 3, 5, 8] 5 1 
Bb:min [1, 5, 10] 10 3 
Bb:min7 [1, 5, 8, 10] 10 2 
Eb:sus4(b7) [3, 8, 10] 3 3 
Eb:7 [1, 3, 7, 10] 3 1 
Ab:maj [0, 3, 8] 8 4 
Eb:maj/3 [3, 7, 10] 7 4 
C:min7 [0, 3, 7, 10] 0 4 
F:min [0, 5, 8] 5 4 
C#:maj [1, 5, 8] 1 4 
C:min [0, 3, 7] 0 2 
F:min7 [0, 3, 5, 8] 5 1 
Bb:min [1, 5, 10] 10 4 
Bb:min7 [1, 5, 8, 10] 10 1 
Eb:sus4(b7) [3, 8, 10] 3 4 
Ab:sus4 [1, 3, 8] 8 11 
Ab:maj [0, 3, 8] 8 1 
C:min/5 [0, 3, 7] 7 3 
C:min [0, 3, 7] 0 5 
F:min/5 [0, 5, 8] 0 3 
F:sus4(b7) [0, 5, 10] 5 1 
C#:maj [1, 5, 8] 1 4 
C:min [0, 3, 7] 0 2 
F:min [0, 5, 8] 5 1 
Bb:min [1, 5, 10] 10 4 
Bb:min7 [1, 5, 8, 10] 10 2 
Eb:maj [3, 7, 10] 3 3 
Ab:maj [0, 3, 8] 8 4 
Eb:maj/3 [3, 7, 10] 7 4 
C:min7 [0, 3, 7, 10] 0 4 
F:min [0, 5, 8] 5 4 
C#:maj [1, 5, 8] 1 4 
C:min [0, 3, 7] 0 2 
F:min/5 [0, 5, 8] 0 1 
Bb:min [1, 5, 10] 10 4 
Bb:min7 [1, 5, 8, 10] 10 1 
Eb:sus4(b7) [3, 8, 10] 3 4 
Ab:sus4 [1, 3, 8] 8 8 
Bb:maj [2, 5, 10] 10 4 
Eb:maj [3, 7, 10] 3 8 
Bb:min7 [1, 5, 8, 10] 10 1 
Ab:maj7/5 [0, 3, 6, 8] 3 1 
Eb:maj [3, 7, 10] 3 1 
Ab:maj/2 [0, 3, 8] 10 1 
Bb:min [1, 5, 10] 10 1 
Ab:maj [0, 3, 8] 8 1 
Ab:maj/2 [0, 3, 8] 10 1 
F:min7 [0, 3, 5, 8] 5 1 
F#:maj [1, 6, 10] 6 3 
F#:maj(9) [1, 4, 6, 8, 10] 6 1 
F#:sus2 [1, 6, 8] 6 6 
Ab:sus4(b7) [1, 3, 8] 8 2 
