Bb:maj [2, 5, 10] 10 7 
G:min [2, 7, 10] 7 9 
Eb:maj [3, 7, 10] 3 8 
F:maj [0, 5, 9] 5 8 
Bb:maj [2, 5, 10] 10 4 
G:min [2, 7, 10] 7 4 
F:maj [0, 5, 9] 5 8 
Bb:maj [2, 5, 10] 10 4 
G:min7 [2, 5, 7, 10] 7 4 
Eb:maj [3, 7, 10] 3 3 
C:sus4(b7) [0, 5, 7] 0 5 
F:sus4(b7) [0, 5, 10] 5 7 
F:maj [0, 5, 9] 5 1 
Bb:maj/5 [2, 5, 10] 5 4 
G:min [2, 7, 10] 7 4 
F:maj [0, 5, 9] 5 4 
G:sus2 [2, 7, 9] 7 4 
Bb:maj [2, 5, 10] 10 7 
G:min [2, 7, 10] 7 1 
Eb:sus2 [3, 5, 10] 3 3 
Eb:maj [3, 7, 10] 3 3 
C:min [0, 3, 7] 0 1 
F:sus2 [0, 5, 7] 5 9 
Eb:maj [3, 7, 10] 3 4 
Eb:maj7/3 [1, 3, 7, 10] 7 4 
Eb:maj [3, 7, 10] 3 3 
D:min/b3 [2, 5, 9] 5 1 
G:min [2, 7, 10] 7 2 
C:maj [0, 4, 7] 0 1 
C:min [0, 3, 7] 0 1 
D:min [2, 5, 9] 2 6 
G:min [2, 7, 10] 7 2 
Bb:maj [2, 5, 10] 10 2 
Eb:maj [3, 7, 10] 3 1 
C:min7 [0, 3, 7, 10] 0 5 
F:maj [0, 5, 9] 5 9 
Bb:maj [2, 5, 10] 10 14 
G:min [2, 7, 10] 7 9 
Eb:maj [3, 7, 10] 3 7 
F:maj [0, 5, 9] 5 8 
G:min [2, 7, 10] 7 5 
F:maj [0, 5, 9] 5 4 
G:min [2, 7, 10] 7 4 
F:maj [0, 5, 9] 5 3 
F:sus4 [0, 5, 10] 5 1 
Eb:maj6 [0, 3, 7, 10] 3 1 
F:sus4(b7) [0, 5, 10] 5 3 
Eb:maj [3, 7, 10] 3 2 
F:maj [0, 5, 9] 5 2 
Eb:maj [3, 7, 10] 3 2 
F:maj [0, 5, 9] 5 14 
Bb:maj [2, 5, 10] 10 4 
G:min [2, 7, 10] 7 4 
F:maj [0, 5, 9] 5 8 
Bb:maj [2, 5, 10] 10 4 
G:min7 [2, 5, 7, 10] 7 4 
Eb:maj [3, 7, 10] 3 3 
C:sus4(b7) [0, 5, 7] 0 5 
F:sus4(b7) [0, 5, 10] 5 8 
Bb:maj/5 [2, 5, 10] 5 4 
G:min [2, 7, 10] 7 4 
F:maj [0, 5, 9] 5 4 
G:sus2 [2, 7, 9] 7 4 
Bb:maj [2, 5, 10] 10 6 
G:min [2, 7, 10] 7 2 
Eb:sus2 [3, 5, 10] 3 3 
Eb:maj [3, 7, 10] 3 1 
C:min [0, 3, 7] 0 3 
F:sus2 [0, 5, 7] 5 9 
Eb:maj [3, 7, 10] 3 4 
Eb:maj7/3 [1, 3, 7, 10] 7 4 
Eb:maj [3, 7, 10] 3 3 
D:min/b3 [2, 5, 9] 5 1 
G:min [2, 7, 10] 7 2 
C:maj [0, 4, 7] 0 1 
C:min [0, 3, 7] 0 1 
D:min [2, 5, 9] 2 6 
G:min [2, 7, 10] 7 2 
Bb:maj [2, 5, 10] 10 2 
Eb:maj [3, 7, 10] 3 1 
C:min7 [0, 3, 7, 10] 0 5 
F:maj [0, 5, 9] 5 8 
B:maj [3, 6, 11] 11 4 
C#:maj [1, 5, 8] 1 4 
Eb:maj [3, 7, 10] 3 4 
Eb:maj7/3 [1, 3, 7, 10] 7 4 
Eb:maj [3, 7, 10] 3 3 
D:min/b3 [2, 5, 9] 5 1 
G:min [2, 7, 10] 7 2 
C:maj [0, 4, 7] 0 1 
C:min [0, 3, 7] 0 1 
D:min [2, 5, 9] 2 6 
G:min [2, 7, 10] 7 2 
Bb:maj [2, 5, 10] 10 2 
Eb:maj [3, 7, 10] 3 1 
C:min7 [0, 3, 7, 10] 0 5 
F:maj [0, 5, 9] 5 8 
F#:maj [1, 6, 10] 6 4 
C#:maj [1, 5, 8] 1 4 
Bb:maj [2, 5, 10] 10 8 
