A:maj [1, 4, 9] 9 4 
E:maj/3 [4, 8, 11] 8 4 
F#:min7 [1, 4, 6, 9] 6 4 
E:sus4 [4, 9, 11] 4 3 
E:maj [4, 8, 11] 4 1 
D:sus2 [2, 4, 9] 2 3 
A:maj/3 [1, 4, 9] 1 4 
C#:min7 [1, 4, 8, 11] 1 1 
E:7/5 [2, 4, 8, 11] 11 3 
E:sus4(b7) [4, 9, 11] 4 9 
A:sus2 [4, 9, 11] 9 3 
A:maj [1, 4, 9] 9 1 
E:maj/3 [4, 8, 11] 8 4 
F#:min7 [1, 4, 6, 9] 6 4 
C#:min/b3 [1, 4, 8] 4 2 
A:7 [1, 4, 7, 9] 9 2 
D:maj7 [0, 2, 6, 9] 2 4 
A:maj7/3 [1, 4, 7, 9] 1 1 
C#:min7 [1, 4, 8, 11] 1 1 
F#:sus4(b7) [1, 6, 11] 6 1 
F#:min7 [1, 4, 6, 9] 6 1 
B:min [2, 6, 11] 11 3 
B:min7 [2, 6, 9, 11] 11 1 
E:sus2 [4, 6, 11] 4 3 
E:7 [2, 4, 8, 11] 4 1 
A:maj7 [1, 4, 7, 9] 9 3 
A:maj [1, 4, 9] 9 1 
E:maj/3 [4, 8, 11] 8 4 
F#:min7 [1, 4, 6, 9] 6 4 
C#:min/b3 [1, 4, 8] 4 2 
A:7 [1, 4, 7, 9] 9 2 
D:maj7 [0, 2, 6, 9] 2 4 
A:maj7/3 [1, 4, 7, 9] 1 1 
C#:min7 [1, 4, 8, 11] 1 1 
F#:sus4(b7) [1, 6, 11] 6 1 
F#:min7 [1, 4, 6, 9] 6 1 
B:min [2, 6, 11] 11 3 
B:min7 [2, 6, 9, 11] 11 1 
E:sus2 [4, 6, 11] 4 7 
E:7 [2, 4, 8, 11] 4 1 
A:sus2 [4, 9, 11] 9 3 
E:maj [4, 8, 11] 4 4 
F#:min [1, 6, 9] 6 4 
F#:min7 [1, 4, 6, 9] 6 1 
E:maj [4, 8, 11] 4 3 
E:7 [2, 4, 8, 11] 4 1 
D:sus2 [2, 4, 9] 2 3 
C#:min [1, 4, 8] 1 4 
C#:min7 [1, 4, 8, 11] 1 1 
B:min7 [2, 6, 9, 11] 11 3 
E:maj [4, 8, 11] 4 4 
E:7 [2, 4, 8, 11] 4 1 
A:sus2 [4, 9, 11] 9 3 
E:maj [4, 8, 11] 4 4 
F#:min [1, 6, 9] 6 4 
F#:min7 [1, 4, 6, 9] 6 1 
E:maj [4, 8, 11] 4 4 
D:sus2 [2, 4, 9] 2 3 
C#:min [1, 4, 8] 1 4 
C#:min7 [1, 4, 8, 11] 1 1 
B:min7 [2, 6, 9, 11] 11 3 
E:maj [4, 8, 11] 4 4 
D:maj [2, 6, 9] 2 8 
A:maj [1, 4, 9] 9 9 
D:min [2, 5, 9] 2 7 
E:sus4 [4, 9, 11] 4 9 
A:maj [1, 4, 9] 9 4 
E:maj/3 [4, 8, 11] 8 4 
F#:min7 [1, 4, 6, 9] 6 4 
C#:min/b3 [1, 4, 8] 4 2 
A:7 [1, 4, 7, 9] 9 2 
D:maj7 [0, 2, 6, 9] 2 4 
A:maj7/3 [1, 4, 7, 9] 1 1 
C#:min7 [1, 4, 8, 11] 1 1 
F#:sus4(b7) [1, 6, 11] 6 1 
F#:min7 [1, 4, 6, 9] 6 1 
B:min [2, 6, 11] 11 3 
B:min7 [2, 6, 9, 11] 11 1 
E:sus2 [4, 6, 11] 4 3 
E:7 [2, 4, 8, 11] 4 1 
A:maj7 [1, 4, 7, 9] 9 3 
A:maj [1, 4, 9] 9 1 
E:maj/3 [4, 8, 11] 8 4 
F#:min7 [1, 4, 6, 9] 6 4 
C#:min/b3 [1, 4, 8] 4 2 
A:7 [1, 4, 7, 9] 9 2 
D:maj7 [0, 2, 6, 9] 2 4 
A:maj7/3 [1, 4, 7, 9] 1 1 
C#:min7 [1, 4, 8, 11] 1 1 
F#:sus4(b7) [1, 6, 11] 6 1 
F#:min7 [1, 4, 6, 9] 6 1 
B:min [2, 6, 11] 11 3 
B:min7 [2, 6, 9, 11] 11 1 
E:sus2 [4, 6, 11] 4 7 
E:7 [2, 4, 8, 11] 4 1 
A:sus2 [4, 9, 11] 9 3 
E:maj [4, 8, 11] 4 4 
F#:min [1, 6, 9] 6 4 
F#:min7 [1, 4, 6, 9] 6 1 
E:maj [4, 8, 11] 4 3 
E:7 [2, 4, 8, 11] 4 1 
D:sus2 [2, 4, 9] 2 3 
C#:min [1, 4, 8] 1 4 
C#:min7 [1, 4, 8, 11] 1 1 
B:min7 [2, 6, 9, 11] 11 3 
E:maj [4, 8, 11] 4 4 
E:7 [2, 4, 8, 11] 4 1 
A:sus2 [4, 9, 11] 9 3 
E:maj [4, 8, 11] 4 4 
F#:min [1, 6, 9] 6 4 
F#:min7 [1, 4, 6, 9] 6 1 
E:maj [4, 8, 11] 4 4 
D:sus2 [2, 4, 9] 2 3 
C#:min [1, 4, 8] 1 4 
C#:min7 [1, 4, 8, 11] 1 1 
B:min7 [2, 6, 9, 11] 11 3 
E:maj [4, 8, 11] 4 4 
E:7 [2, 4, 8, 11] 4 1 
A:sus2 [4, 9, 11] 9 3 
E:maj [4, 8, 11] 4 4 
F#:min [1, 6, 9] 6 4 
F#:min7 [1, 4, 6, 9] 6 1 
E:maj [4, 8, 11] 4 3 
E:7 [2, 4, 8, 11] 4 1 
D:sus2 [2, 4, 9] 2 3 
C#:min [1, 4, 8] 1 4 
C#:min7 [1, 4, 8, 11] 1 1 
B:min7 [2, 6, 9, 11] 11 3 
E:maj [4, 8, 11] 4 4 
E:7 [2, 4, 8, 11] 4 1 
A:sus2 [4, 9, 11] 9 3 
E:maj [4, 8, 11] 4 4 
F#:min [1, 6, 9] 6 4 
F#:min7 [1, 4, 6, 9] 6 1 
E:maj [4, 8, 11] 4 4 
D:sus2 [2, 4, 9] 2 3 
C#:min [1, 4, 8] 1 4 
C#:min7 [1, 4, 8, 11] 1 1 
B:min7 [2, 6, 9, 11] 11 3 
E:maj [4, 8, 11] 4 4 
A:maj [1, 4, 9] 9 5 
E:maj/3 [4, 8, 11] 8 4 
F#:min7 [1, 4, 6, 9] 6 3 
E:sus4 [4, 9, 11] 4 4 
E:maj [4, 8, 11] 4 1 
D:sus2 [2, 4, 9] 2 3 
A:maj/3 [1, 4, 9] 1 4 
E:9 [2, 4, 6, 8, 11] 4 4 
D:maj/5 [2, 6, 9] 9 1 
A:maj [1, 4, 9] 9 3 
A:sus2 [4, 9, 11] 9 3 
