0 64
70 1
70 1
70 1
72 1
72 1
75 2
72 1
70 1
70 2
72 1
67 2
72 1
0 1
70 1
70 2
67 1
65 1
0 1
67 1
60 6
0 3
70 1
70 1
70 1
72 1
67 2
65 1
0 1
70 1
70 2
72 1
67 1
65 1
0 1
60 2
67 8
0 7
70 1
70 1
70 1
72 1
75 1
0 1
75 1
72 1
70 1
70 1
0 1
72 1
67 2
72 1
0 1
70 1
70 1
70 1
67 1
65 1
0 1
67 1
0 1
60 7
0 1
70 1
70 1
70 1
72 1
67 2
65 1
0 1
70 1
70 1
0 1
72 1
67 1
65 1
0 1
60 2
63 6
0 5
75 1
0 1
72 2
75 1
75 1
0 1
77 1
75 1
0 1
72 2
75 1
75 1
0 1
72 1
70 1
0 3
72 1
72 1
72 1
75 1
63 2
65 1
67 7
0 2
65 1
65 1
65 1
67 1
63 2
60 1
0 1
65 2
0 1
63 1
65 2
0 1
63 1
65 1
65 1
65 1
63 1
65 1
0 2
67 1
70 3
0 1
75 2
72 1
0 1
75 1
75 1
75 1
77 1
75 1
0 1
72 2
72 1
75 1
0 1
72 1
70 2
0 2
72 1
72 1
72 1
75 1
63 2
65 1
67 7
0 2
65 1
65 1
65 1
67 1
63 2
60 1
0 1
65 2
0 1
63 1
65 1
0 2
63 1
65 1
65 1
65 1
63 1
65 1
72 1
0 1
67 1
70 5
0 3
70 1
70 1
70 1
72 1
72 1
75 1
0 1
72 1
70 1
70 1
0 1
72 1
67 1
0 1
72 1
0 1
70 1
70 1
70 1
67 1
65 1
0 1
67 1
60 6
0 3
70 1
70 1
70 1
72 1
67 2
65 1
0 1
70 1
70 1
0 1
72 1
67 1
65 1
0 1
60 2
67 7
0 8
70 1
70 1
70 1
72 1
72 2
75 1
72 1
70 1
70 1
0 1
72 1
67 2
72 1
0 1
70 1
70 1
70 1
67 1
65 1
0 1
67 1
60 7
0 2
70 1
70 1
70 1
72 1
67 2
65 1
0 1
70 1
70 1
0 1
72 1
67 1
65 1
0 1
60 1
0 1
63 7
0 72
70 1
70 1
70 1
72 1
72 1
75 2
72 1
70 1
70 2
72 1
67 2
72 1
0 1
70 1
70 2
67 1
65 1
0 1
67 1
60 6
0 3
70 1
70 1
70 1
72 1
67 2
65 1
0 1
70 1
70 2
72 1
67 1
65 1
0 1
60 2
67 8
0 7
70 1
70 1
70 1
72 1
75 1
0 1
75 1
72 1
70 1
70 1
0 1
72 1
67 2
72 1
0 1
70 1
70 1
70 1
67 1
65 1
0 1
67 1
0 1
60 7
0 1
70 1
70 1
70 1
72 1
67 2
65 1
0 1
70 1
70 1
0 1
72 1
67 1
65 1
0 1
60 2
63 6
0 5
75 1
0 1
72 2
75 1
75 1
0 1
77 1
75 1
0 1
72 2
75 1
75 1
0 1
72 1
70 1
0 3
72 1
72 1
72 1
75 1
63 2
65 1
67 7
0 2
65 1
65 1
65 1
67 1
63 2
60 1
0 1
65 2
0 1
63 1
65 2
0 1
63 1
65 1
65 1
65 1
63 1
65 1
0 2
67 1
70 3
0 1
75 2
72 1
0 1
75 1
75 1
75 1
77 1
75 1
0 1
72 2
72 1
75 1
0 1
72 1
70 2
0 2
72 1
72 1
72 1
75 1
63 2
65 1
67 7
0 2
65 1
65 1
65 1
67 1
63 2
60 1
0 1
65 2
0 1
63 1
65 1
0 2
63 1
65 1
65 1
65 1
63 1
65 1
72 1
0 1
67 1
70 5
0 3
70 1
70 1
70 1
72 1
72 1
75 1
0 1
72 1
70 1
70 1
0 1
72 1
67 1
0 1
72 1
0 1
70 1
70 1
70 1
67 1
65 1
0 1
67 1
60 6
0 3
70 1
70 1
70 1
72 1
67 2
65 1
0 1
70 1
70 1
0 1
72 1
67 1
65 1
0 1
60 2
67 7
0 8
70 1
70 1
70 1
72 1
72 2
75 1
72 1
70 1
70 1
0 1
72 1
67 2
72 1
0 1
70 1
70 1
70 1
67 1
65 1
0 1
67 1
60 7
0 2
70 1
70 1
70 1
72 1
67 2
65 1
0 1
70 1
70 1
0 1
72 1
67 1
65 1
0 1
60 1
0 1
63 7
