C:sus2 [0, 2, 7] 0 4 
D:min7 [0, 2, 5, 9] 2 3 
A:min [0, 4, 9] 9 4 
A:min9 [0, 4, 7, 9, 11] 9 1 
A:min [0, 4, 9] 9 3 
C:maj [0, 4, 7] 0 4 
C:maj(9) [0, 2, 4, 7, 10] 0 1 
D:min7 [0, 2, 5, 9] 2 4 
A:sus2 [4, 9, 11] 9 8 
C:maj [0, 4, 7] 0 8 
E:min7 [2, 4, 7, 11] 4 8 
A:min [0, 4, 9] 9 4 
C:maj [0, 4, 7] 0 4 
D:7 [0, 2, 6, 9] 2 4 
C:maj7/5 [0, 4, 7, 10] 7 4 
E:sus4 [4, 9, 11] 4 3 
E:sus4(b7) [4, 9, 11] 4 5 
A:min [0, 4, 9] 9 2 
A:min7 [0, 4, 7, 9] 9 2 
A:min [0, 4, 9] 9 4 
F:maj [0, 5, 9] 5 4 
D:7 [0, 2, 6, 9] 2 4 
G:sus4(b7) [0, 2, 7] 7 8 
C:maj [0, 4, 7] 0 8 
E:min7 [2, 4, 7, 11] 4 8 
A:min7 [0, 4, 7, 9] 9 8 
F#:hdim7 [0, 3, 6, 9] 6 4 
G:sus4(b7) [0, 2, 7] 7 4 
E:7 [2, 4, 8, 11] 4 8 
A:min7 [0, 4, 7, 9] 9 8 
F:maj [0, 5, 9] 5 4 
D:maj [2, 6, 9] 2 4 
G:sus4(b7) [0, 2, 7] 7 5 
G:maj [2, 7, 11] 7 3 
C:maj [0, 4, 7] 0 4 
C:maj7 [0, 4, 7, 10] 0 4 
E:min [4, 7, 11] 4 8 
A:min [0, 4, 9] 9 3 
A:maj [1, 4, 9] 9 1 
D:maj [2, 6, 9] 2 3 
A:sus4(b7) [2, 4, 9] 9 1 
G:sus4(b7) [0, 2, 7] 7 6 
G:sus4(b7,9) [2, 5, 7, 9, 11] 7 2 
C:maj [0, 4, 7] 0 4 
C:maj7 [0, 4, 7, 10] 0 4 
E:min7 [2, 4, 7, 11] 4 2 
G:maj [2, 7, 11] 7 1 
E:min7 [2, 4, 7, 11] 4 5 
A:min [0, 4, 9] 9 4 
A:min7/b7 [0, 4, 7, 9] 7 4 
C:sus2 [0, 2, 7] 0 8 
G:sus4(b7,9) [2, 5, 7, 9, 11] 7 8 
F:maj [0, 5, 9] 5 4 
C:maj [0, 4, 7] 0 4 
A:sus2 [4, 9, 11] 9 2 
A:min7 [0, 4, 7, 9] 9 2 
E:min7 [2, 4, 7, 11] 4 4 
D:min7 [0, 2, 5, 9] 2 4 
F:maj [0, 5, 9] 5 4 
G:sus4(b7) [0, 2, 7] 7 4 
G:maj [2, 7, 11] 7 4 
C:maj [0, 4, 7] 0 8 
E:min7 [2, 4, 7, 11] 4 8 
A:min [0, 4, 9] 9 4 
D:7 [0, 2, 6, 9] 2 4 
G:sus4(b7) [0, 2, 7] 7 6 
G:7/3 [2, 5, 7, 11] 11 2 
C:maj [0, 4, 7] 0 6 
C:maj7 [0, 4, 7, 10] 0 1 
C:sus2 [0, 2, 7] 0 1 
E:min7 [2, 4, 7, 11] 4 8 
A:min [0, 4, 9] 9 2 
A:min7 [0, 4, 7, 9] 9 2 
G:sus4(b7) [0, 2, 7] 7 1 
G:sus4(b7,9) [2, 5, 7, 9, 11] 7 3 
G:maj [2, 7, 11] 7 4 
C:maj [0, 4, 7] 0 8 
