0 128
67 2
72 2
72 2
72 4
71 2
72 12
74 2
72 2
71 2
69 2
67 4
67 2
69 2
71 26
60 2
69 2
69 2
69 2
71 6
72 2
71 3
67 4
64 5
64 2
62 2
60 2
62 2
60 2
62 2
60 2
62 2
64 4
67 18
64 2
64 2
64 4
66 2
68 6
68 4
69 2
71 4
71 2
71 12
69 2
72 12
69 2
69 2
71 2
72 2
71 2
69 2
72 8
72 2
72 4
71 6
69 4
64 2
62 34
67 2
72 2
72 2
72 4
71 2
72 10
74 2
72 2
71 2
69 4
71 2
71 4
76 2
71 24
64 2
69 2
69 2
69 4
71 2
72 4
71 4
69 4
64 4
64 2
62 2
60 2
62 2
60 2
62 2
60 2
62 2
64 4
67 18
64 2
64 2
64 4
66 2
68 6
68 4
69 2
71 4
71 2
71 12
69 2
72 12
69 2
69 2
71 2
72 3
71 3
69 1
72 1
72 6
72 2
72 4
69 4
76 3
76 3
72 4
74 24
67 2
69 2
72 2
74 2
76 2
76 2
76 2
76 2
72 2
74 2
76 12
67 2
69 2
72 2
74 2
74 2
74 2
74 2
74 3
71 3
72 4
74 8
69 2
69 2
71 2
72 2
72 6
72 4
64 4
62 6
69 8
67 2
67 26
76 2
74 2
72 2
74 2
76 2
76 2
76 2
76 3
72 3
79 2
76 10
67 2
69 2
72 2
74 2
74 2
74 2
74 2
79 3
79 3
81 2
76 2
74 8
69 2
69 2
71 2
72 3
72 9
69 2
72 2
76 4
77 4
76 4
72 2
74 4
72 24
71 2
71 2
72 2
74 2
74 2
72 2
74 2
67 4
71 2
72 2
74 10
67 2
76 2
77 2
74 2
72 2
72 2
69 2
72 3
69 3
67 12
69 2
69 2
71 2
72 2
71 2
69 2
71 2
72 3
72 3
64 2
67 10
67 2
65 2
64 2
65 2
64 2
65 2
64 2
65 2
72 4
64 2
65 2
64 2
65 2
64 2
65 3
72 3
74 28
67 2
69 3
72 3
74 2
76 2
76 2
76 2
76 2
72 3
74 3
76 8
67 2
69 2
72 2
72 2
74 2
74 2
74 2
74 3
71 3
72 2
74 10
69 2
69 2
71 2
72 3
72 5
72 4
64 4
62 6
69 10
67 3
67 23
76 2
74 2
72 2
74 2
76 4
76 1
76 1
76 3
72 3
79 3
76 9
67 2
69 2
72 2
74 2
74 2
74 2
74 4
79 3
79 2
79 2
76 2
74 7
69 1
69 1
69 2
71 2
72 2
72 10
69 2
72 2
76 3
77 5
77 3
72 12
74 7
72 34
