0 128
71 1
0 1
71 1
0 1
71 2
69 2
71 2
69 1
0 1
62 2
64 2
67 4
0 12
67 1
0 1
67 1
0 1
67 1
0 1
64 1
76 3
74 1
0 1
74 1
0 1
69 2
71 9
0 7
71 1
0 1
71 2
69 2
71 2
74 6
0 2
71 1
0 1
69 1
0 1
69 1
0 1
67 1
0 1
64 4
0 4
69 1
0 1
69 1
69 1
69 1
0 1
67 2
69 1
0 1
71 3
0 1
64 2
62 9
0 7
71 1
0 1
71 1
0 1
71 1
0 1
69 1
0 1
71 1
0 1
69 1
71 1
62 2
64 2
67 6
0 10
67 2
0 1
67 1
67 1
0 1
64 2
76 2
74 1
0 1
74 1
0 3
69 2
0 1
71 10
0 3
71 1
0 1
71 2
69 2
71 2
74 5
0 3
71 1
0 1
69 1
0 1
69 1
0 1
67 1
0 1
64 6
0 2
69 2
0 1
69 1
69 1
0 1
67 1
0 1
69 1
0 1
69 1
67 1
62 2
64 2
67 10
0 6
74 2
0 1
74 1
74 1
0 1
76 1
0 1
79 2
0 1
79 2
0 2
71 2
0 1
74 10
0 4
76 2
79 1
0 1
76 1
0 1
74 1
0 1
76 2
74 1
0 1
71 2
0 2
67 2
64 2
71 2
67 1
0 1
69 6
0 2
71 1
0 1
71 2
69 2
71 2
74 5
0 3
69 2
71 1
0 1
69 1
0 1
67 2
64 6
0 2
69 2
0 1
69 1
69 1
0 1
71 1
0 1
69 2
67 1
0 1
64 3
0 1
76 2
79 1
0 1
79 1
0 1
71 2
74 7
0 1
74 2
0 1
74 1
74 1
0 1
76 1
0 1
79 2
0 1
79 2
0 2
71 2
0 1
74 10
0 4
76 2
79 1
0 1
76 1
0 1
74 1
0 1
76 2
74 1
0 1
71 3
0 1
67 2
64 2
71 2
67 1
0 1
69 6
0 2
71 1
0 1
71 2
69 2
71 2
74 5
0 3
69 2
71 1
0 1
69 1
0 1
67 2
64 6
0 2
62 1
0 1
64 1
0 1
64 1
0 1
62 1
0 1
76 2
74 1
0 1
71 2
0 2
69 2
71 1
0 1
62 2
64 1
0 1
67 8
0 128
71 1
0 1
71 1
0 1
71 1
0 1
69 1
0 1
71 1
0 1
69 1
71 1
62 2
64 2
67 6
0 10
67 2
0 1
67 1
67 1
0 1
64 2
76 2
74 1
0 1
74 1
0 3
69 2
0 1
71 10
0 3
71 1
0 1
71 2
69 2
71 2
74 5
0 3
71 1
0 1
69 1
0 1
69 1
0 1
67 1
0 1
64 6
0 2
69 2
0 1
69 1
69 1
0 1
67 1
0 1
69 1
0 1
69 1
67 1
62 2
64 2
67 10
0 6
74 2
0 1
74 1
74 1
0 1
76 1
0 1
79 2
0 1
79 2
0 2
71 2
0 1
74 10
0 4
76 2
79 1
0 1
76 1
0 1
74 1
0 1
76 2
74 1
0 1
71 2
0 2
67 2
64 2
71 2
67 1
0 1
69 6
0 2
71 1
0 1
71 2
69 2
71 2
74 5
0 3
69 2
71 1
0 1
69 1
0 1
67 2
64 6
0 2
69 2
0 1
69 1
69 1
0 1
71 1
0 1
69 2
67 1
0 1
64 3
0 1
76 2
79 1
0 1
79 1
0 1
71 2
74 7
0 1
74 2
0 1
74 1
74 1
0 1
76 1
0 1
79 2
0 1
79 2
0 2
71 2
0 1
74 10
0 4
76 2
79 1
0 1
76 1
0 1
74 1
0 1
76 2
74 1
0 1
71 3
0 1
67 2
64 2
71 2
67 1
0 1
69 6
0 2
71 1
0 1
71 2
69 2
71 2
74 5
0 3
69 2
71 1
0 1
69 1
0 1
67 2
64 6
0 2
62 1
0 1
64 1
0 1
64 1
0 1
62 1
0 1
76 2
74 1
0 1
71 2
0 2
69 2
71 1
0 1
62 2
64 1
0 1
67 8
74 2
0 1
74 1
74 1
0 1
76 1
0 1
79 2
0 1
79 2
0 2
71 2
0 1
74 10
0 4
76 2
79 1
0 1
76 1
0 1
74 1
0 1
76 2
74 1
0 1
71 2
0 2
67 2
64 2
71 2
67 1
0 1
69 6
0 2
71 1
0 1
71 2
69 2
71 2
74 5
0 3
69 2
71 1
0 1
69 1
0 1
67 2
64 6
0 2
69 2
0 1
69 1
69 1
0 1
71 1
0 1
69 2
67 1
0 1
64 3
0 1
76 2
79 1
0 1
79 1
0 1
71 2
74 7
0 1
74 2
0 1
74 1
74 1
0 1
76 1
0 1
79 2
0 1
79 2
0 2
71 2
0 1
74 10
0 4
76 2
79 1
0 1
76 1
0 1
74 1
0 1
76 2
74 1
0 1
71 3
0 1
74 2
76 2
76 2
67 1
0 1
69 6
0 2
71 1
0 1
71 2
69 2
71 2
74 5
0 3
69 2
71 1
0 1
69 1
0 1
67 2
64 6
0 2
62 1
0 1
64 1
0 1
64 1
0 1
62 1
0 1
76 2
74 1
0 1
71 2
0 2
69 2
71 1
0 1
62 2
64 1
0 1
67 8
0 8
64 1
0 1
67 1
0 1
67 1
0 1
64 1
0 1
76 2
74 2
71 2
0 2
69 3
0 1
71 2
0 10
62 4
64 4
67 12
