0 64
74 1
0 1
62 1
64 1
66 1
0 1
71 1
0 1
69 4
0 4
67 1
0 1
66 1
62 2
0 1
66 2
64 6
0 2
74 1
0 1
62 1
64 1
66 1
0 1
71 1
0 1
73 2
0 1
69 3
66 1
71 5
0 4
73 1
73 1
73 1
74 1
76 1
74 1
73 1
0 1
74 2
73 1
74 1
0 1
78 2
0 1
73 1
0 1
71 1
73 2
69 2
0 1
71 1
71 1
73 1
74 1
76 1
74 1
76 1
79 1
78 1
0 1
76 1
76 2
74 3
74 2
73 1
74 1
0 1
78 2
0 1
73 1
0 1
71 1
73 2
69 2
0 1
71 6
0 2
74 1
74 1
74 1
76 1
78 2
76 1
74 2
76 6
0 3
73 1
74 1
0 1
76 2
0 1
78 1
0 1
76 1
74 2
69 1
0 1
76 5
0 2
78 1
76 1
74 1
0 1
73 1
71 1
0 1
66 1
0 1
73 4
0 3
74 1
73 1
71 1
0 1
73 1
74 1
0 1
76 1
0 1
69 2
78 2
78 3
0 1
78 1
79 1
0 1
78 1
74 1
0 1
76 1
0 1
76 3
0 1
73 1
74 1
76 2
0 1
78 1
0 1
76 1
74 1
0 1
69 1
0 1
76 4
0 2
76 1
78 1
76 1
74 1
0 1
73 1
71 1
0 1
76 1
0 1
73 4
0 3
74 1
73 1
71 1
0 1
69 1
71 1
0 1
74 1
0 1
69 1
0 1
76 1
0 1
74 2
0 1
78 1
78 1
79 1
0 1
78 1
76 2
0 1
74 1
76 1
77 1
0 1
76 1
74 1
77 2
74 1
69 2
0 1
74 11
0 67
74 2
73 1
74 1
0 1
78 2
0 1
73 1
0 1
71 1
73 2
69 2
0 1
71 1
71 1
73 1
74 1
76 1
74 1
76 1
79 1
78 1
0 1
76 1
76 2
74 3
74 2
73 1
74 1
0 1
78 2
0 1
73 1
0 1
71 1
73 2
69 2
0 1
71 6
74 1
74 1
74 1
0 1
76 1
78 1
79 2
78 1
74 2
0 1
76 6
0 2
73 1
74 1
0 1
76 2
0 1
78 1
0 1
76 1
74 2
69 1
0 1
76 5
0 2
78 1
76 1
74 1
0 1
73 1
71 1
0 1
66 1
0 1
73 4
0 3
74 1
73 1
71 1
0 1
73 1
74 1
0 1
76 1
0 1
69 2
78 2
78 3
0 1
78 1
79 1
0 1
78 1
74 1
0 1
76 1
0 1
76 3
0 1
73 1
74 1
76 2
0 1
78 1
0 1
76 1
74 1
0 1
69 1
0 1
76 4
0 2
76 1
78 1
76 1
74 1
0 1
73 1
71 1
0 1
76 1
0 1
73 4
0 3
74 1
73 1
71 1
0 1
69 1
71 1
0 1
74 1
0 1
69 1
0 1
76 1
0 1
74 2
0 1
78 1
78 1
79 1
0 1
78 1
76 2
0 1
74 1
76 1
77 1
0 1
76 1
74 1
77 2
74 1
69 2
0 1
74 11
0 22
71 1
83 2
0 1
80 1
78 4
0 3
80 1
78 1
0 1
76 5
0 1
75 1
73 1
71 4
76 1
75 1
73 1
0 1
75 1
76 1
0 1
78 1
0 1
71 1
0 1
80 1
0 1
80 2
0 2
80 1
81 1
0 1
80 1
76 1
0 1
80 1
0 1
78 3
0 1
75 1
76 1
78 2
0 1
80 1
0 1
78 1
76 1
0 1
83 2
0 1
78 4
0 1
78 1
80 1
78 1
76 1
0 1
75 1
73 1
0 1
78 1
0 1
75 5
0 2
76 1
75 1
73 1
0 1
71 1
73 1
0 1
76 1
0 1
71 1
0 1
78 2
76 2
0 1
80 1
80 1
81 1
0 1
80 1
78 3
76 1
78 1
79 1
0 1
78 1
76 1
79 2
76 1
71 3
78 2
76 9
0 11
79 1
0 1
78 1
76 1
79 2
76 7
0 2
71 5
78 4
76 15
