G:maj [2, 7, 11] 7 2
E:min [4, 7, 11] 4 2
B:maj [3, 6, 11] 11 2
C:maj [0, 4, 7] 0 2
G:maj [2, 7, 11] 7 2
A:min [0, 4, 9] 9 4
G:maj [2, 7, 11] 7 2
D:maj [2, 6, 9] 2 2
E:min [4, 7, 11] 4 2
B:min [2, 6, 11] 11 2
C:maj [0, 4, 7] 0 2
G:maj [2, 7, 11] 7 2
A:maj [1, 4, 9] 9 1
D:maj [2, 6, 9] 2 1
G:maj [2, 7, 11] 7 8
E:min [4, 7, 11] 4 2
A:min [0, 4, 9] 9 2
C:maj [0, 4, 7] 0 2
G:maj [2, 7, 11] 7 2
C:maj [0, 4, 7] 0 2
D:maj [2, 6, 9] 2 2
G:maj [2, 7, 11] 7 2
E:maj [4, 8, 11] 4 2
G:maj [2, 7, 11] 7 2
D:maj [2, 6, 9] 2 2
A:min [0, 4, 9] 9 2
E:min [4, 7, 11] 4 2
C:maj [0, 4, 7] 0 1
D:maj [2, 6, 9] 2 1
G:maj [2, 7, 11] 7 2
G:maj [2, 7, 11] 7 2
D:maj [2, 6, 9] 2 2
E:min [4, 7, 11] 4 2
B:min [2, 6, 11] 11 2
C:maj [0, 4, 7] 0 2
G:maj [2, 7, 11] 7 2
A:min [0, 4, 9] 9 2
D:maj [2, 6, 9] 2 2
G:maj [2, 7, 11] 7 2
D:maj [2, 6, 9] 2 2
E:min [4, 7, 11] 4 2
B:min [2, 6, 11] 11 2
C:maj [0, 4, 7] 0 2
G:maj [2, 7, 11] 7 2
A:min [0, 4, 9] 9 1
D:maj [2, 6, 9] 2 1
G:maj [2, 7, 11] 7 4
F:maj [0, 5, 9] 5 4
G:maj [2, 7, 11] 7 4
F:maj [0, 5, 9] 5 4
C:maj7 [0, 4, 7, 10] 0 1
E:min [4, 7, 11] 4 1
G:maj7/5 [2, 5, 7, 11] 2 2
G:maj [2, 7, 11] 7 2
D:maj [2, 6, 9] 2 2
E:min [4, 7, 11] 4 2
B:min [2, 6, 11] 11 2
C:maj [0, 4, 7] 0 2
G:maj [2, 7, 11] 7 2
A:min [0, 4, 9] 9 2
D:maj [2, 6, 9] 2 2
G:maj [2, 7, 11] 7 2
D:maj [2, 6, 9] 2 2
E:min [4, 7, 11] 4 2
B:min [2, 6, 11] 11 2
C:maj [0, 4, 7] 0 2
G:maj [2, 7, 11] 7 2
A:min [0, 4, 9] 9 1
D:maj [2, 6, 9] 2 1
G:maj [2, 7, 11] 7 8
E:min [4, 7, 11] 4 2
A:min [0, 4, 9] 9 2
C:maj [0, 4, 7] 0 2
G:maj [2, 7, 11] 7 2
C:maj [0, 4, 7] 0 2
D:maj [2, 6, 9] 2 2
G:maj [2, 7, 11] 7 2
E:maj [4, 8, 11] 4 2
G:maj [2, 7, 11] 7 2
D:maj [2, 6, 9] 2 2
A:min [0, 4, 9] 9 2
E:min [4, 7, 11] 4 2
C:maj [0, 4, 7] 0 1
D:maj [2, 6, 9] 2 1
G:maj [2, 7, 11] 7 2
G:maj [2, 7, 11] 7 2
D:maj [2, 6, 9] 2 2
E:min [4, 7, 11] 4 2
B:min [2, 6, 11] 11 2
C:maj [0, 4, 7] 0 2
G:maj [2, 7, 11] 7 2
A:min [0, 4, 9] 9 2
D:maj [2, 6, 9] 2 2
G:maj [2, 7, 11] 7 2
D:maj [2, 6, 9] 2 2
E:min [4, 7, 11] 4 2
B:min [2, 6, 11] 11 2
C:maj [0, 4, 7] 0 2
G:maj [2, 7, 11] 7 2
A:min [0, 4, 9] 9 1
D:maj [2, 6, 9] 2 1
G:maj [2, 7, 11] 7 2
B:maj [3, 6, 11] 11 4
E:min [4, 7, 11] 4 3
D:maj [2, 6, 9] 2 1
C:maj [0, 4, 7] 0 4
D:maj [2, 6, 9] 2 4
G:maj [2, 7, 11] 7 2
D:maj [2, 6, 9] 2 2
E:min7 [2, 4, 7, 11] 4 2
B:min [2, 6, 11] 11 2
C:maj [0, 4, 7] 0 2
G:maj [2, 7, 11] 7 2
A:min [0, 4, 9] 9 2
D:maj [2, 6, 9] 2 2
G:maj [2, 7, 11] 7 2
D:maj [2, 6, 9] 2 2
E:min [4, 7, 11] 4 2
B:min [2, 6, 11] 11 2
C:maj [0, 4, 7] 0 2
G:maj [2, 7, 11] 7 2
A:min [0, 4, 9] 9 1
D:maj [2, 6, 9] 2 1
G:maj [2, 7, 11] 7 2
C:maj [0, 4, 7] 0 2
G:maj [2, 7, 11] 7 2
A:min [0, 4, 9] 9 6
G:maj [2, 7, 11] 7 2
D:maj [2, 6, 9] 2 2
E:min [4, 7, 11] 4 2
B:min [2, 6, 11] 11 2
C:maj [0, 4, 7] 0 2
G:maj [2, 7, 11] 7 2
A:min [0, 4, 9] 9 2
D:maj [2, 6, 9] 2 2
