0 128
59 3
62 1
62 1
0 1
64 2
62 2
0 4
55 1
57 1
59 2
0 1
64 1
62 2
59 2
57 5
0 3
55 3
55 1
55 1
0 1
67 2
66 2
64 2
62 3
0 1
64 2
52 2
55 1
0 1
59 2
57 6
0 2
59 1
0 1
62 2
0 2
55 1
57 1
55 2
52 3
0 3
52 1
0 1
64 1
62 1
59 1
62 2
55 1
59 1
57 5
0 2
57 2
0 1
59 1
62 2
64 1
0 1
59 1
62 1
0 1
59 1
55 3
0 1
52 2
62 1
59 1
57 1
59 1
0 1
52 1
55 6
0 2
71 2
71 1
71 1
69 1
0 2
71 1
59 2
62 2
0 2
62 1
64 1
67 1
0 1
67 1
69 1
67 1
0 2
64 1
62 2
59 2
0 2
62 1
62 1
64 2
67 1
0 1
67 1
67 1
67 1
64 1
62 2
71 3
0 3
69 1
69 1
69 1
71 1
69 1
67 1
0 1
71 1
71 2
69 3
0 1
62 1
64 1
71 1
0 1
71 1
71 1
69 2
0 1
71 1
59 2
62 3
0 1
62 1
64 1
67 1
0 1
67 1
69 1
67 1
0 2
64 1
62 2
59 2
0 2
62 1
62 1
64 1
0 1
67 1
67 1
67 1
0 2
64 1
62 2
71 3
0 3
69 1
69 1
69 1
71 1
69 1
0 1
67 1
64 1
69 3
67 2
0 211
59 3
62 1
62 1
0 1
64 2
62 2
0 4
55 1
57 1
59 2
0 1
64 1
62 2
59 2
57 5
0 3
55 3
55 1
55 1
0 1
67 2
66 2
64 2
62 3
0 1
64 2
52 2
55 1
0 1
59 2
57 6
0 2
59 1
0 1
62 2
0 2
55 1
57 1
55 2
52 3
0 3
52 1
0 1
64 1
62 1
59 1
62 2
55 1
59 1
57 5
0 2
57 2
0 1
59 1
62 2
64 1
0 1
59 1
62 1
0 1
59 1
55 3
0 1
52 2
62 1
59 1
57 1
59 1
0 1
52 1
55 6
0 2
71 2
71 1
71 1
69 1
0 2
71 1
59 2
62 2
0 2
62 1
64 1
67 1
0 1
67 1
69 1
67 1
0 2
64 1
62 2
59 2
0 2
62 1
62 1
64 2
67 1
0 1
67 1
67 1
67 1
64 1
62 2
71 3
0 3
69 1
69 1
69 1
71 1
69 1
67 1
0 1
71 1
71 2
69 3
0 1
62 1
64 1
71 1
0 1
71 1
71 1
69 2
0 1
71 1
59 2
62 3
0 1
62 1
64 1
67 1
0 1
67 1
69 1
67 1
0 2
64 1
62 2
59 2
0 2
62 1
62 1
64 1
0 1
67 1
67 1
67 1
0 2
64 1
62 2
71 3
0 3
69 1
69 1
69 1
71 1
69 1
0 1
67 1
64 1
69 3
67 2
0 3
0 2
66 1
66 1
66 1
0 1
59 2
69 2
67 3
0 1
66 1
67 1
64 6
0 7
62 1
0 1
62 1
64 1
0 1
67 1
67 1
0 2
64 1
67 1
67 1
0 1
64 1
0 1
64 1
67 2
0 1
69 4
74 5
0 5
62 1
64 1
71 2
71 1
71 1
69 1
0 2
71 1
59 2
62 2
0 2
62 1
64 1
67 1
0 1
67 1
69 1
67 1
0 2
64 1
62 2
59 2
0 2
62 1
62 1
64 2
67 1
0 1
67 1
67 1
67 1
64 1
62 2
71 3
0 3
69 1
69 1
69 1
71 1
69 1
67 1
0 1
71 1
71 2
69 3
0 1
62 1
64 1
71 1
0 1
71 1
71 1
69 2
0 1
71 1
59 2
62 3
0 1
62 1
64 1
67 1
0 1
67 1
69 1
67 1
0 2
64 1
62 2
59 2
0 2
62 1
62 1
64 1
0 1
67 1
67 1
67 1
0 2
64 1
62 2
71 3
0 3
69 1
69 1
69 1
71 1
69 1
0 1
67 1
64 1
69 3
67 2
0 3
64 2
67 1
67 1
67 2
0 1
64 1
62 2
71 3
0 3
69 1
69 1
0 1
69 1
71 3
0 2
69 2
67 2
64 5
0 1
69 4
0 1
67 26
