E:min [4, 7, 11] 4 4 
B:min7 [2, 6, 9, 11] 11 2 
E:min [4, 7, 11] 4 2 
C:maj [0, 4, 7] 0 2 
D:maj [2, 6, 9] 2 2 
G:sus4 [0, 2, 7] 7 2 
G:maj [2, 7, 11] 7 2 
E:min [4, 7, 11] 4 2 
D:sus4 [2, 7, 9] 2 2 
B:min [2, 6, 11] 11 2 
E:min [4, 7, 11] 4 2 
C:maj [0, 4, 7] 0 2 
D:sus4 [2, 7, 9] 2 2 
E:min [4, 7, 11] 4 12 
D:maj [2, 6, 9] 2 4 
E:min7 [2, 4, 7, 11] 4 6 
D:maj6 [2, 6, 9, 11] 2 2 
B:min7 [2, 6, 9, 11] 11 2 
E:min [4, 7, 11] 4 6 
A:min [0, 4, 9] 9 2 
E:min [4, 7, 11] 4 4 
D:maj [2, 6, 9] 2 2 
E:min [4, 7, 11] 4 4 
D:maj [2, 6, 9] 2 4 
E:min [4, 7, 11] 4 6 
D:maj [2, 6, 9] 2 2 
B:min7 [2, 6, 9, 11] 11 2 
E:maj [4, 8, 11] 4 2 
C:maj [0, 4, 7] 0 2 
D:maj [2, 6, 9] 2 2 
B:min7 [2, 6, 9, 11] 11 2 
E:maj [4, 8, 11] 4 8 
D:maj6 [2, 6, 9, 11] 2 2 
B:min7 [2, 6, 9, 11] 11 2 
E:min [4, 7, 11] 4 2 
C:maj7 [0, 4, 7, 10] 0 2 
D:maj [2, 6, 9] 2 2 
G:maj [2, 7, 11] 7 4 
E:maj [4, 8, 11] 4 2 
D:maj [2, 6, 9] 2 2 
B:min7 [2, 6, 9, 11] 11 2 
E:min [4, 7, 11] 4 2 
C:maj [0, 4, 7] 0 2 
D:maj [2, 6, 9] 2 2 
E:min [4, 7, 11] 4 6 
D:maj [2, 6, 9] 2 2 
G:maj7/3 [2, 5, 7, 11] 11 2 
E:sus4 [4, 9, 11] 4 2 
C:maj7 [0, 4, 7, 10] 0 2 
D:maj [2, 6, 9] 2 2 
G:maj [2, 7, 11] 7 4 
E:min7 [2, 4, 7, 11] 4 2 
D:maj [2, 6, 9] 2 2 
B:min7 [2, 6, 9, 11] 11 2 
E:min [4, 7, 11] 4 2 
C:maj [0, 4, 7] 0 2 
D:maj [2, 6, 9] 2 2 
E:sus4 [4, 9, 11] 4 6 
D:maj [2, 6, 9] 2 2 
B:min [2, 6, 11] 11 2 
E:min [4, 7, 11] 4 2 
C:maj [0, 4, 7] 0 2 
D:maj [2, 6, 9] 2 2 
G:maj [2, 7, 11] 7 4 
E:min [4, 7, 11] 4 2 
D:maj [2, 6, 9] 2 2 
B:min [2, 6, 11] 11 2 
E:min7/b7 [2, 4, 7, 11] 2 2 
C:maj [0, 4, 7] 0 2 
D:maj [2, 6, 9] 2 2 
E:min [4, 7, 11] 4 6 
D:maj [2, 6, 9] 2 2 
E:min [4, 7, 11] 4 4 
D:maj [2, 6, 9] 2 4 
E:min [4, 7, 11] 4 6 
D:maj [2, 6, 9] 2 2 
B:min7 [2, 6, 9, 11] 11 2 
E:min [4, 7, 11] 4 2 
C:maj [0, 4, 7] 0 2 
D:maj [2, 6, 9] 2 2 
B:min7 [2, 6, 9, 11] 11 2 
E:maj [4, 8, 11] 4 8 
D:maj6 [2, 6, 9, 11] 2 2 
B:min7 [2, 6, 9, 11] 11 2 
E:min [4, 7, 11] 4 2 
C:maj7 [0, 4, 7, 10] 0 2 
D:maj [2, 6, 9] 2 2 
G:maj [2, 7, 11] 7 4 
E:maj [4, 8, 11] 4 2 
D:maj [2, 6, 9] 2 2 
B:min7 [2, 6, 9, 11] 11 2 
E:min [4, 7, 11] 4 2 
C:maj [0, 4, 7] 0 2 
D:maj [2, 6, 9] 2 2 
E:min [4, 7, 11] 4 6 
D:maj [2, 6, 9] 2 2 
G:maj7/3 [2, 5, 7, 11] 11 2 
E:sus4 [4, 9, 11] 4 2 
C:maj7 [0, 4, 7, 10] 0 2 
D:maj [2, 6, 9] 2 2 
G:maj [2, 7, 11] 7 4 
E:min7 [2, 4, 7, 11] 4 2 
D:maj [2, 6, 9] 2 2 
B:min7 [2, 6, 9, 11] 11 2 
E:min [4, 7, 11] 4 2 
C:maj [0, 4, 7] 0 2 
D:maj [2, 6, 9] 2 2 
E:min [4, 7, 11] 4 6 
D:maj6 [2, 6, 9, 11] 2 2 
B:sus4(b7) [4, 6, 11] 11 2 
E:min [4, 7, 11] 4 2 
C:maj [0, 4, 7] 0 2 
D:maj [2, 6, 9] 2 2 
C:maj/5 [0, 4, 7] 7 2 
G:maj [2, 7, 11] 7 2 
E:maj [4, 8, 11] 4 2 
D:maj [2, 6, 9] 2 2 
B:min7 [2, 6, 9, 11] 11 2 
E:min [4, 7, 11] 4 2 
C:maj [0, 4, 7] 0 2 
D:maj [2, 6, 9] 2 2 
E:min [4, 7, 11] 4 6 
D:maj [2, 6, 9] 2 2 
G:maj7/3 [2, 5, 7, 11] 11 2 
E:sus4 [4, 9, 11] 4 2 
C:maj7 [0, 4, 7, 10] 0 2 
D:maj [2, 6, 9] 2 2 
G:maj [2, 7, 11] 7 4 
E:min7 [2, 4, 7, 11] 4 2 
D:maj [2, 6, 9] 2 2 
B:min7 [2, 6, 9, 11] 11 2 
E:min [4, 7, 11] 4 2 
C:maj [0, 4, 7] 0 2 
D:maj [2, 6, 9] 2 2 
E:min [4, 7, 11] 4 4 
C:maj [0, 4, 7] 0 2 
D:maj [2, 6, 9] 2 4 
E:min [4, 7, 11] 4 4 
B:min7 [2, 6, 9, 11] 11 2 
E:min [4, 7, 11] 4 2 
C:maj [0, 4, 7] 0 2 
D:maj [2, 6, 9] 2 4 
