0 128
71 2
71 1
71 1
71 1
0 1
76 1
0 1
74 2
74 2
71 2
69 2
71 2
0 14
74 2
69 2
69 2
76 2
74 2
74 1
0 1
76 4
74 2
71 6
0 8
76 1
0 1
76 2
76 2
79 2
78 4
76 2
74 1
0 1
71 2
71 1
0 1
71 1
0 1
78 1
0 1
76 2
0 6
74 2
69 1
0 1
76 2
74 2
71 5
0 3
69 2
69 1
67 3
66 2
64 4
0 4
71 2
71 1
71 1
71 2
76 2
74 2
74 2
71 2
69 2
71 6
0 10
74 2
69 1
69 1
69 1
0 1
76 2
74 2
74 2
76 4
74 2
71 8
0 6
76 2
76 2
76 2
79 2
78 3
76 3
74 2
71 2
71 1
0 1
71 2
78 2
76 3
0 4
76 3
79 2
81 4
79 2
78 2
0 4
78 1
0 1
78 2
76 2
74 2
76 3
0 21
76 2
76 2
76 2
83 2
81 3
0 1
78 2
76 2
74 2
71 2
71 2
78 2
76 2
0 3
71 2
74 1
76 2
76 2
78 2
79 2
78 2
74 2
79 2
81 2
83 12
0 1
79 2
81 1
83 2
81 2
79 2
83 2
81 4
0 1
78 2
79 1
81 2
81 1
0 1
83 4
81 2
79 3
76 2
78 1
79 2
79 1
81 3
83 2
78 4
74 2
78 4
76 10
0 2
74 1
0 1
76 2
76 1
0 1
76 1
83 3
81 4
78 2
76 2
74 2
71 2
71 1
0 1
78 2
76 3
0 2
71 2
74 1
76 2
76 2
78 2
79 2
78 2
74 2
79 2
81 2
83 11
0 3
79 1
81 1
83 2
81 2
79 2
83 2
81 3
0 3
78 1
79 1
81 2
81 1
83 5
81 2
79 2
0 1
76 2
78 1
79 2
79 2
81 2
79 2
78 2
76 1
74 3
78 4
76 2
0 140
71 2
71 1
71 1
71 1
0 1
76 2
74 2
74 1
0 1
71 2
69 2
71 2
0 14
74 2
69 2
69 2
76 2
74 2
74 1
0 1
76 3
0 1
74 2
71 3
0 11
76 1
0 1
76 2
76 2
79 2
78 2
0 2
76 2
74 2
71 2
71 1
0 1
71 2
78 2
76 4
0 4
76 2
79 2
81 4
79 2
78 2
0 4
78 1
0 1
78 2
76 2
74 2
76 10
0 14
76 2
76 1
0 1
76 1
0 1
83 2
81 4
78 2
76 2
74 2
71 2
71 1
0 1
78 2
76 3
0 2
71 2
74 1
76 2
76 2
78 2
79 2
78 2
74 2
79 2
81 2
83 3
0 11
79 1
81 1
83 2
81 2
79 2
83 2
81 3
0 3
78 1
79 1
81 2
81 1
0 1
83 3
0 1
81 2
79 2
0 1
76 2
78 1
79 2
79 2
81 2
83 2
78 4
74 2
78 4
76 9
0 3
74 2
76 2
76 2
76 1
0 1
83 2
81 3
0 1
78 2
76 2
74 2
71 2
71 2
78 2
76 2
0 3
71 2
74 1
76 2
76 2
78 2
79 2
78 2
74 2
79 2
81 2
83 10
0 4
79 1
81 1
83 2
81 2
79 2
83 2
81 5
0 1
78 1
79 1
81 2
81 2
83 4
81 2
79 4
76 1
78 1
79 1
0 1
79 2
81 2
83 2
78 4
74 2
78 4
76 4
0 10
76 2
76 1
0 1
76 1
0 1
83 2
81 4
78 2
76 2
74 2
71 2
71 1
0 1
78 2
76 3
0 2
71 2
74 1
76 2
76 2
78 2
79 2
78 2
74 2
79 2
81 2
83 12
0 1
79 2
81 1
83 2
81 2
79 2
83 2
81 3
0 2
78 2
79 1
81 2
81 1
0 1
83 3
0 1
81 2
79 3
76 2
78 1
79 2
79 2
81 2
83 2
78 4
74 2
78 4
76 9
0 3
74 2
76 2
76 1
0 1
76 1
0 1
83 2
81 4
78 2
76 2
74 2
71 2
71 1
0 1
78 2
76 3
0 2
71 2
74 1
76 2
76 2
78 2
79 2
78 2
74 2
79 2
81 2
83 9
0 4
79 2
81 1
83 2
81 2
79 2
83 2
81 6
78 1
79 1
81 2
81 1
0 1
83 3
0 1
81 2
79 3
76 2
78 1
79 2
79 2
81 2
83 2
78 4
74 2
78 4
76 8
0 3
76 2
78 1
79 2
79 2
81 2
79 2
78 2
76 2
74 9
0 3
78 4
76 13
