0 256
70 3
0 1
70 2
77 2
77 3
0 1
75 2
73 2
75 1
0 1
77 4
75 8
0 2
72 3
0 1
72 2
75 2
77 3
0 1
75 2
68 2
70 11
0 5
70 3
0 1
70 2
77 2
77 3
0 1
75 2
73 2
75 4
77 2
75 8
68 2
75 2
0 2
75 4
77 2
78 2
77 2
75 2
77 13
0 3
77 4
82 3
0 1
82 4
75 4
77 2
75 2
73 8
73 2
75 1
0 1
77 4
82 1
0 1
82 1
0 1
75 3
0 1
77 2
75 2
73 10
0 2
68 1
0 1
70 1
0 1
72 5
0 1
72 2
75 3
0 1
77 4
75 8
0 8
72 3
0 1
72 3
0 1
73 2
0 1
73 2
0 1
72 3
0 1
70 12
0 2
70 3
0 1
70 2
77 2
77 3
0 1
75 2
73 2
75 1
0 1
77 4
75 8
0 2
72 6
0 2
72 4
68 4
70 11
0 5
70 3
0 1
70 2
77 2
77 3
0 1
75 2
73 2
75 4
77 2
75 8
0 2
75 2
0 2
75 4
77 2
78 2
77 2
75 2
77 13
0 3
77 4
82 3
0 1
82 4
75 4
77 2
75 2
73 8
73 2
75 1
0 1
77 4
82 4
75 3
0 1
77 2
75 2
73 10
0 2
68 1
0 1
70 1
0 1
72 5
0 1
72 2
75 3
0 1
77 4
75 8
0 8
72 3
0 1
72 3
0 1
73 2
72 4
0 2
70 12
0 20
77 7
0 1
82 4
84 4
82 13
0 3
80 3
0 1
80 1
0 1
82 2
84 4
80 4
82 14
0 2
82 5
0 1
82 1
0 1
82 4
84 4
82 3
0 1
84 2
82 1
0 1
80 4
77 3
0 1
75 4
70 3
0 1
80 1
0 1
82 5
0 1
77 13
0 3
75 3
0 1
75 3
0 1
75 3
0 1
77 3
0 1
82 3
0 1
82 3
0 1
82 6
0 2
77 4
80 4
77 3
0 1
70 3
0 1
77 6
75 2
73 6
0 2
72 4
72 1
0 1
72 2
75 3
0 1
77 3
0 1
75 3
0 1
77 3
0 1
73 6
0 2
72 3
0 1
72 2
75 1
0 1
75 2
0 1
75 2
0 1
77 2
70 16
77 7
0 1
82 4
84 4
82 13
0 3
80 3
0 1
80 1
0 1
82 2
84 4
80 4
82 14
0 2
82 5
0 1
82 1
0 1
82 4
84 4
82 3
0 1
84 2
82 1
0 1
80 4
77 2
77 2
75 4
70 3
0 5
80 1
0 1
79 2
77 13
0 3
75 3
0 1
75 3
0 1
75 3
0 1
77 3
0 1
82 3
0 1
82 3
0 1
82 6
0 2
77 4
80 4
77 3
0 1
70 3
0 1
77 6
75 2
73 6
0 2
72 4
72 1
0 1
72 2
75 3
0 1
77 3
0 1
75 3
0 1
77 3
0 1
73 6
0 2
72 3
0 1
72 2
75 2
75 4
68 4
70 16
0 256
70 3
0 1
70 2
77 2
77 3
0 1
75 2
73 2
75 1
0 1
77 4
75 8
0 2
72 4
75 2
0 2
75 4
68 4
70 11
0 5
70 3
0 1
70 2
77 2
77 3
0 1
75 2
73 2
75 4
77 2
75 8
0 2
75 2
0 2
75 4
77 2
78 2
77 2
75 2
77 13
0 3
77 4
82 3
0 1
82 4
75 4
77 2
75 2
73 8
0 2
75 1
0 1
77 4
82 4
82 3
0 1
75 2
0 2
77 2
75 2
73 8
68 1
0 1
70 1
0 1
72 5
0 1
72 2
75 3
0 1
77 4
75 8
0 8
72 3
0 1
72 3
0 1
73 2
0 2
73 2
72 2
70 12
0 20
77 7
0 1
82 4
84 4
82 13
0 3
80 3
0 1
80 1
0 1
82 2
84 4
80 4
82 14
0 2
82 5
0 1
82 1
0 1
82 4
84 4
82 3
0 1
84 2
82 1
0 1
80 4
77 3
0 1
75 4
70 3
0 1
80 1
0 1
82 5
0 1
77 13
0 3
75 3
0 1
75 3
0 1
75 3
0 1
77 3
0 1
82 3
0 1
82 3
0 1
82 6
0 2
77 4
80 4
77 3
0 1
70 3
0 1
77 6
75 2
73 6
0 2
72 4
72 1
0 1
72 2
75 3
0 1
77 3
0 1
75 3
0 1
77 3
0 1
73 6
0 2
72 3
0 1
72 2
75 1
0 1
75 2
0 1
75 2
0 1
77 2
70 16
77 7
0 1
82 4
84 4
82 13
0 3
80 3
0 1
80 1
0 1
82 2
84 4
80 4
82 14
0 2
82 5
0 1
82 1
0 1
82 4
84 4
82 3
0 1
84 2
82 1
0 1
80 4
77 2
77 2
75 4
70 3
0 5
80 1
0 1
79 2
77 13
0 3
75 3
0 1
75 3
0 1
75 3
0 1
77 3
0 1
82 3
0 1
82 3
0 1
82 6
0 2
77 4
80 4
77 3
0 1
70 3
0 1
77 6
75 2
73 6
0 2
72 4
72 1
0 1
72 2
75 3
0 1
77 3
0 1
75 3
0 1
77 3
0 1
73 6
0 2
72 3
0 1
72 2
75 2
75 4
68 4
70 16
72 4
72 1
0 1
72 2
75 3
0 1
77 3
0 1
75 3
0 1
77 3
0 1
73 6
0 2
72 3
0 1
72 2
75 2
75 8
68 12
0 4
70 16
