F#:maj [1, 6, 10] 6 4 
C#:maj [1, 5, 8] 1 4 
Eb:min [3, 6, 10] 3 4 
C#:maj [1, 5, 8] 1 3 
B:maj [3, 6, 11] 11 5 
F#:maj [1, 6, 10] 6 4 
Ab:min [3, 8, 11] 8 4 
C#:maj [1, 5, 8] 1 4 
F#:maj [1, 6, 10] 6 4 
C#:maj [1, 5, 8] 1 4 
Eb:min [3, 6, 10] 3 4 
C#:maj [1, 5, 8] 1 3 
B:maj [3, 6, 11] 11 5 
F#:maj [1, 6, 10] 6 4 
Ab:min [3, 8, 11] 8 4 
C#:maj [1, 5, 8] 1 4 
F#:maj [1, 6, 10] 6 4 
C#:maj [1, 5, 8] 1 4 
Eb:min [3, 6, 10] 3 4 
C#:maj [1, 5, 8] 1 3 
B:maj [3, 6, 11] 11 5 
F#:maj [1, 6, 10] 6 4 
Ab:min [3, 8, 11] 8 4 
C#:maj [1, 5, 8] 1 4 
F#:maj [1, 6, 10] 6 4 
C#:maj [1, 5, 8] 1 4 
Eb:min [3, 6, 10] 3 4 
Bb:min [1, 5, 10] 10 4 
B:maj [3, 6, 11] 11 4 
F#:maj [1, 6, 10] 6 4 
Ab:min [3, 8, 11] 8 4 
C#:maj [1, 5, 8] 1 4 
F#:maj [1, 6, 10] 6 4 
C#:maj [1, 5, 8] 1 4 
Eb:min [3, 6, 10] 3 4 
C#:maj [1, 5, 8] 1 4 
B:maj [3, 6, 11] 11 4 
F#:maj [1, 6, 10] 6 4 
Ab:min [3, 8, 11] 8 4 
C#:maj [1, 5, 8] 1 4 
F#:sus2 [1, 6, 8] 6 2 
C#:maj [1, 5, 8] 1 6 
Eb:min7/b7 [1, 3, 6, 10] 1 4 
C#:sus2 [1, 3, 8] 1 4 
B:maj [3, 6, 11] 11 3 
Bb:min [1, 5, 10] 10 4 
Ab:sus2 [3, 8, 10] 8 5 
C#:maj [1, 5, 8] 1 4 
F#:maj [1, 6, 10] 6 4 
C#:maj [1, 5, 8] 1 4 
Eb:min [3, 6, 10] 3 4 
C#:maj [1, 5, 8] 1 3 
B:maj [3, 6, 11] 11 5 
F#:maj [1, 6, 10] 6 4 
Ab:min [3, 8, 11] 8 4 
C#:maj [1, 5, 8] 1 4 
F#:maj [1, 6, 10] 6 4 
C#:maj [1, 5, 8] 1 4 
Eb:min [3, 6, 10] 3 4 
C#:maj [1, 5, 8] 1 3 
B:maj [3, 6, 11] 11 5 
F#:maj [1, 6, 10] 6 4 
Ab:min [3, 8, 11] 8 4 
C#:maj [1, 5, 8] 1 4 
F#:maj [1, 6, 10] 6 4 
C#:maj [1, 5, 8] 1 4 
Eb:min [3, 6, 10] 3 4 
Bb:min [1, 5, 10] 10 4 
B:maj [3, 6, 11] 11 4 
F#:maj [1, 6, 10] 6 4 
Ab:min [3, 8, 11] 8 4 
C#:maj [1, 5, 8] 1 4 
F#:maj [1, 6, 10] 6 4 
C#:maj [1, 5, 8] 1 4 
Eb:min [3, 6, 10] 3 4 
C#:maj [1, 5, 8] 1 4 
B:maj [3, 6, 11] 11 4 
F#:maj [1, 6, 10] 6 4 
Ab:min [3, 8, 11] 8 4 
C#:maj [1, 5, 8] 1 4 
F#:sus2 [1, 6, 8] 6 2 
C#:maj [1, 5, 8] 1 6 
Eb:min7/b7 [1, 3, 6, 10] 1 4 
C#:sus2 [1, 3, 8] 1 4 
B:maj [3, 6, 11] 11 3 
Bb:min [1, 5, 10] 10 4 
Ab:sus2 [3, 8, 10] 8 5 
C#:maj [1, 5, 8] 1 4 
F#:maj [1, 6, 10] 6 4 
C#:maj [1, 5, 8] 1 4 
Eb:min [3, 6, 10] 3 4 
C#:maj [1, 5, 8] 1 4 
B:maj [3, 6, 11] 11 4 
Bb:min [1, 5, 10] 10 4 
Ab:min [3, 8, 11] 8 4 
C#:7 [1, 5, 8, 11] 1 1 
C#:maj [1, 5, 8] 1 7 
F#:maj [1, 6, 10] 6 4 
