0 132
66 1
0 1
66 1
0 1
66 2
73 1
0 1
73 1
0 1
68 4
68 1
0 1
68 1
0 1
68 1
0 1
68 1
0 1
66 1
0 1
65 2
66 3
0 1
66 1
0 1
66 1
0 1
66 1
0 1
66 1
0 1
66 1
0 1
66 1
0 1
66 1
0 1
66 1
0 1
66 1
0 1
73 3
0 1
66 2
66 1
0 1
73 4
73 1
73 1
73 1
73 1
73 1
73 1
73 1
73 1
73 1
0 1
66 1
0 1
68 1
0 1
66 1
0 1
66 1
0 1
66 1
0 1
66 2
61 1
0 1
61 1
0 1
70 1
0 1
70 3
0 1
71 1
0 1
71 1
71 1
71 1
0 1
71 1
0 1
71 1
0 1
71 1
0 1
73 1
0 1
68 7
0 15
66 1
0 1
66 1
0 1
66 2
73 1
0 1
73 1
0 1
68 4
68 1
0 1
68 1
0 1
68 1
0 1
68 1
0 1
70 1
0 1
71 2
70 3
0 1
70 1
0 1
70 1
0 1
70 1
0 1
70 1
0 1
68 1
0 1
66 1
0 1
66 1
0 1
65 2
77 1
0 1
77 2
75 1
0 1
75 2
73 2
70 1
68 1
66 1
0 1
66 1
66 1
66 1
0 1
66 1
0 1
66 1
66 2
0 1
68 1
0 1
70 1
0 1
66 1
0 1
66 1
66 1
66 1
0 1
66 1
0 1
66 1
66 1
66 1
0 1
68 1
0 1
70 1
0 1
66 1
0 1
71 1
0 1
71 1
0 1
71 1
0 1
70 1
0 1
71 1
0 1
73 1
0 1
70 1
0 1
68 7
0 1
66 1
0 1
66 2
68 1
0 1
68 1
0 1
66 1
0 1
70 5
0 1
66 1
0 1
66 1
0 1
68 1
0 1
68 1
0 1
66 2
73 4
0 2
73 1
0 1
73 2
75 1
0 1
75 1
0 1
73 2
78 5
0 1
78 1
0 1
78 2
77 1
0 1
75 1
0 1
77 1
0 1
73 4
0 2
73 1
0 1
73 1
0 1
70 1
0 1
70 1
0 1
68 1
0 1
66 5
0 1
66 1
0 1
66 2
68 1
0 1
68 1
0 1
66 1
0 1
70 2
73 1
0 1
73 2
70 1
0 1
66 3
0 1
66 1
0 1
66 1
0 1
68 1
0 1
68 1
68 2
0 1
66 1
0 1
66 2
63 1
70 2
0 1
70 2
68 4
0 2
66 1
0 1
66 2
68 1
0 1
68 1
0 1
66 1
0 1
70 5
0 1
66 1
0 1
66 1
0 1
68 1
0 1
68 1
0 1
66 2
73 4
0 2
73 1
0 1
73 2
75 1
0 1
75 1
0 1
73 2
78 5
0 1
78 1
0 1
78 2
77 1
0 1
75 1
0 1
77 1
0 1
73 4
0 2
73 1
0 1
73 1
0 1
70 1
0 1
70 1
0 1
68 1
0 1
66 5
0 1
66 1
0 1
66 2
68 1
0 1
68 1
0 1
66 1
0 1
70 2
73 1
0 1
73 2
70 1
0 1
66 3
0 1
66 1
0 1
66 1
0 1
68 1
0 1
68 1
68 2
0 1
66 1
0 1
66 2
63 1
70 2
0 1
70 2
68 4
0 2
61 1
0 1
71 1
0 1
71 1
71 2
0 1
70 1
0 1
66 17
0 115
66 1
0 1
66 1
0 1
66 2
73 1
0 1
73 1
0 1
68 4
68 1
0 1
68 1
0 1
68 1
0 1
68 1
0 1
66 1
0 1
65 2
66 3
0 1
66 1
0 1
66 1
0 1
66 1
0 1
66 1
0 1
66 1
0 1
66 1
0 1
66 1
0 1
66 1
0 1
66 1
0 1
73 3
0 1
66 2
66 1
0 1
73 4
73 1
73 1
73 1
73 1
73 1
73 1
73 1
73 1
73 1
0 1
66 1
0 1
68 1
0 1
66 1
0 1
66 1
0 1
66 1
0 1
66 2
61 1
0 1
61 1
0 1
70 1
0 1
70 3
0 1
71 1
0 1
71 1
71 1
71 1
0 1
71 1
0 1
71 1
0 1
71 1
0 1
73 1
0 1
68 7
0 15
66 1
0 1
66 1
0 1
66 2
73 1
0 1
73 1
0 1
68 4
68 1
0 1
68 1
0 1
68 1
0 1
68 1
0 1
70 1
0 1
71 2
70 3
0 1
70 1
0 1
70 1
0 1
70 1
0 1
70 1
0 1
68 1
0 1
66 1
0 1
66 1
0 1
65 2
77 1
0 1
77 2
75 1
0 1
75 2
73 2
70 1
68 1
66 1
0 1
66 1
66 1
66 1
0 1
66 1
0 1
66 1
66 2
0 1
68 1
0 1
70 1
0 1
66 1
0 1
66 1
66 1
66 1
0 1
66 1
0 1
66 1
66 1
66 1
0 1
68 1
0 1
70 1
0 1
66 1
0 1
71 1
0 1
71 1
0 1
71 1
0 1
70 1
0 1
71 1
0 1
73 1
0 1
70 1
0 1
68 7
0 1
66 1
0 1
66 2
68 1
0 1
68 1
0 1
66 1
0 1
70 5
0 1
66 1
0 1
66 1
0 1
68 1
0 1
68 1
0 1
66 2
73 4
0 2
73 1
0 1
73 2
75 1
0 1
75 1
0 1
73 2
78 5
0 1
78 1
0 1
78 2
77 1
0 1
75 1
0 1
77 1
0 1
73 4
0 2
73 1
0 1
73 1
0 1
70 1
0 1
70 1
0 1
68 1
0 1
66 5
0 1
66 1
0 1
66 2
68 1
0 1
68 1
0 1
66 1
0 1
70 2
73 1
0 1
73 2
70 1
0 1
66 3
0 1
66 1
0 1
66 1
0 1
68 1
0 1
68 1
68 2
0 1
66 1
0 1
66 2
63 1
70 2
0 1
70 2
68 4
0 2
66 1
0 1
66 2
68 1
0 1
68 1
0 1
66 1
0 1
70 5
0 1
66 1
0 1
66 1
0 1
68 1
0 1
68 1
0 1
66 2
73 4
0 2
73 1
0 1
73 2
75 1
0 1
75 1
0 1
73 2
78 5
0 1
78 1
0 1
78 2
77 1
0 1
75 1
0 1
77 1
0 1
73 4
0 2
73 1
0 1
73 1
0 1
70 1
0 1
70 1
0 1
68 1
0 1
66 5
0 1
66 1
0 1
66 2
68 1
0 1
68 1
0 1
66 1
0 1
70 2
73 1
0 1
73 2
70 1
0 1
66 3
0 1
66 1
0 1
66 1
0 1
68 1
0 1
68 1
68 2
0 1
66 1
0 1
66 2
63 1
70 2
0 1
70 2
68 4
0 2
66 1
0 1
66 2
68 1
0 1
68 1
0 1
66 1
0 1
70 5
0 1
66 1
0 1
66 1
0 1
68 1
0 1
68 1
0 1
66 2
73 4
0 2
73 1
0 1
73 2
75 1
0 1
75 1
0 1
73 2
78 5
0 1
78 1
0 1
78 2
77 1
0 1
75 1
0 1
77 1
0 1
73 4
0 2
73 1
0 1
73 1
0 1
70 1
0 1
70 1
0 1
68 1
0 1
66 5
0 1
66 1
0 1
66 2
68 1
0 1
68 1
0 1
66 1
0 1
70 2
73 1
0 1
73 2
70 1
0 1
66 3
0 1
66 1
0 1
66 1
0 1
68 1
0 1
68 1
68 2
0 1
66 1
0 1
66 2
63 1
70 2
0 1
70 2
68 4
0 2
66 1
0 1
66 2
68 1
0 1
68 1
0 1
66 1
0 1
70 5
0 1
66 1
0 1
66 1
0 1
68 1
0 1
68 1
0 1
66 2
73 4
0 2
73 1
0 1
73 2
75 1
0 1
75 1
0 1
73 2
78 5
0 1
78 1
0 1
78 2
77 1
0 1
75 1
0 1
77 1
0 1
73 4
0 2
73 1
0 1
73 1
0 1
70 1
0 1
70 1
0 1
68 1
0 1
66 5
0 1
66 1
0 1
66 2
68 1
0 1
68 1
0 1
66 1
0 1
70 2
73 1
0 1
73 2
70 1
0 1
66 3
0 1
66 1
0 1
66 1
0 1
68 1
0 1
68 1
68 2
0 1
66 1
0 1
66 2
63 1
70 2
0 1
70 2
68 4
0 2
61 1
0 1
71 1
0 1
71 1
71 8
0 11
70 2
68 2
66 20
