C#:min [1, 4, 8] 1 4 
A:maj [1, 4, 9] 9 4 
B:maj [3, 6, 11] 11 4 
E:maj [4, 8, 11] 4 4 
C#:min [1, 4, 8] 1 4 
A:maj [1, 4, 9] 9 4 
B:maj [3, 6, 11] 11 4 
C#:min [1, 4, 8] 1 8 
A:maj [1, 4, 9] 9 4 
B:maj [3, 6, 11] 11 4 
E:maj [4, 8, 11] 4 4 
C#:min [1, 4, 8] 1 4 
A:maj [1, 4, 9] 9 4 
B:maj [3, 6, 11] 11 4 
C#:min [1, 4, 8] 1 12 
A:maj [1, 4, 9] 9 4 
B:maj [3, 6, 11] 11 4 
E:maj [4, 8, 11] 4 4 
C#:min [1, 4, 8] 1 4 
A:maj [1, 4, 9] 9 4 
B:maj [3, 6, 11] 11 4 
C#:min [1, 4, 8] 1 4 
A:maj [1, 4, 9] 9 4 
B:maj [3, 6, 11] 11 4 
A:maj [1, 4, 9] 9 4 
E:maj [4, 8, 11] 4 4 
A:maj [1, 4, 9] 9 4 
B:maj [3, 6, 11] 11 4 
A:maj [1, 4, 9] 9 4 
Ab:maj [0, 3, 8] 8 8 
C#:min [1, 4, 8] 1 4 
A:maj [1, 4, 9] 9 4 
B:maj [3, 6, 11] 11 4 
E:maj [4, 8, 11] 4 4 
C#:min [1, 4, 8] 1 4 
A:maj [1, 4, 9] 9 4 
B:maj [3, 6, 11] 11 4 
C#:min [1, 4, 8] 1 8 
A:maj [1, 4, 9] 9 4 
B:maj [3, 6, 11] 11 4 
E:maj [4, 8, 11] 4 4 
C#:min [1, 4, 8] 1 4 
A:maj [1, 4, 9] 9 4 
B:maj [3, 6, 11] 11 4 
C#:min [1, 4, 8] 1 12 
A:maj [1, 4, 9] 9 4 
B:maj [3, 6, 11] 11 4 
E:maj [4, 8, 11] 4 4 
C#:min [1, 4, 8] 1 4 
A:maj [1, 4, 9] 9 4 
B:maj [3, 6, 11] 11 4 
C#:min [1, 4, 8] 1 4 
A:maj [1, 4, 9] 9 4 
B:maj [3, 6, 11] 11 4 
A:maj [1, 4, 9] 9 4 
E:maj [4, 8, 11] 4 4 
A:maj [1, 4, 9] 9 4 
B:maj [3, 6, 11] 11 4 
A:maj [1, 4, 9] 9 4 
Ab:maj [0, 3, 8] 8 8 
A:maj [1, 4, 9] 9 4 
B:maj [3, 6, 11] 11 4 
A:maj [1, 4, 9] 9 4 
E:maj [4, 8, 11] 4 4 
A:maj [1, 4, 9] 9 4 
B:maj [3, 6, 11] 11 4 
A:maj [1, 4, 9] 9 4 
Ab:maj [0, 3, 8] 8 8 
C#:min [1, 4, 8] 1 4 
A:maj [1, 4, 9] 9 4 
B:maj [3, 6, 11] 11 4 
E:maj [4, 8, 11] 4 4 
C#:min [1, 4, 8] 1 4 
A:maj [1, 4, 9] 9 4 
B:maj [3, 6, 11] 11 4 
C#:min [1, 4, 8] 1 8 
A:maj [1, 4, 9] 9 4 
B:maj [3, 6, 11] 11 4 
E:maj [4, 8, 11] 4 4 
C#:min [1, 4, 8] 1 4 
A:maj [1, 4, 9] 9 4 
B:maj [3, 6, 11] 11 4 
C#:min7/b7 [1, 4, 8, 11] 11 2 
