Bb:maj/5 [2, 5, 10] 5 4 
D:maj/5 [2, 6, 9] 9 2 
G:min [2, 7, 10] 7 2 
Bb:maj/5 [2, 5, 10] 5 4 
F:maj [0, 5, 9] 5 2 
Bb:maj [2, 5, 10] 10 12 
F:maj [0, 5, 9] 5 6 
Bb:maj/5 [2, 5, 10] 5 8 
C:min/5 [0, 3, 7] 7 2 
F:maj [0, 5, 9] 5 2 
Bb:maj/5 [2, 5, 10] 5 6 
G:min [2, 7, 10] 7 2 
F:maj [0, 5, 9] 5 4 
G:min [2, 7, 10] 7 4 
Eb:maj [3, 7, 10] 3 2 
F:maj [0, 5, 9] 5 2 
Bb:maj/5 [2, 5, 10] 5 4 
D:maj [2, 6, 9] 2 2 
G:min [2, 7, 10] 7 2 
Bb:maj/5 [2, 5, 10] 5 2 
G:min [2, 7, 10] 7 1 
F:maj [0, 5, 9] 5 3 
Bb:maj/5 [2, 5, 10] 5 4 
G:min [2, 7, 10] 7 1 
F:maj [0, 5, 9] 5 3 
Bb:maj/5 [2, 5, 10] 5 6 
D:maj/5 [2, 6, 9] 9 2 
G:min [2, 7, 10] 7 2 
Bb:maj/5 [2, 5, 10] 5 4 
F:maj [0, 5, 9] 5 2 
Bb:maj [2, 5, 10] 10 12 
F:maj [0, 5, 9] 5 6 
Bb:maj/5 [2, 5, 10] 5 8 
C:min/5 [0, 3, 7] 7 2 
F:maj [0, 5, 9] 5 2 
Bb:maj/5 [2, 5, 10] 5 6 
G:min [2, 7, 10] 7 2 
F:maj [0, 5, 9] 5 4 
G:min [2, 7, 10] 7 4 
Eb:maj [3, 7, 10] 3 2 
F:maj [0, 5, 9] 5 2 
Bb:maj/5 [2, 5, 10] 5 4 
D:maj [2, 6, 9] 2 2 
G:min [2, 7, 10] 7 2 
Bb:maj/5 [2, 5, 10] 5 2 
G:min [2, 7, 10] 7 1 
F:maj [0, 5, 9] 5 3 
Bb:maj/5 [2, 5, 10] 5 4 
G:min [2, 7, 10] 7 1 
F:maj [0, 5, 9] 5 3 
Bb:maj/5 [2, 5, 10] 5 2 
F:maj [0, 5, 9] 5 2 
Bb:maj [2, 5, 10] 10 2 
