0 124
70 1
0 1
70 2
79 10
0 2
79 2
77 2
75 8
0 4
77 2
79 2
77 3
0 1
77 2
72 19
0 3
70 1
0 1
70 2
77 9
0 3
77 2
75 1
0 1
74 7
0 5
75 1
0 1
77 2
75 4
72 4
70 16
0 4
70 1
0 1
70 2
79 5
0 1
79 2
79 4
77 4
75 6
0 2
79 3
0 1
80 2
82 2
83 4
82 2
80 18
0 4
70 1
0 1
70 2
79 11
0 1
79 1
0 1
79 2
77 5
0 3
74 4
75 2
77 1
0 1
77 3
0 1
75 18
0 2
79 4
80 1
0 1
82 1
0 1
84 3
0 1
84 4
84 2
80 4
0 2
77 6
0 2
80 4
84 4
82 7
0 1
82 4
79 4
75 9
0 3
77 2
79 1
0 1
80 5
0 1
80 5
0 1
79 4
77 4
77 1
0 1
77 1
0 1
77 3
0 1
84 1
0 1
84 5
0 1
82 18
0 2
79 3
0 1
80 1
0 1
82 2
84 4
84 1
0 1
84 6
0 2
80 2
77 9
0 3
79 4
84 4
82 6
82 4
79 4
75 9
0 1
77 2
79 2
80 5
0 1
80 6
79 4
77 6
74 2
74 1
0 1
77 6
75 29
0 131
84 12
87 4
77 16
82 12
82 2
86 2
84 16
80 10
0 2
79 4
77 12
75 2
77 2
75 24
0 4
70 1
0 1
70 2
79 10
0 2
79 2
77 2
75 8
0 4
77 2
79 2
77 3
0 1
77 2
72 19
0 3
70 1
0 1
70 2
77 9
0 3
77 2
75 1
0 1
74 7
0 5
75 1
0 1
77 2
75 4
72 4
70 16
0 4
70 1
0 1
70 2
79 5
0 1
79 2
79 4
77 4
75 6
0 2
79 3
0 1
80 2
82 2
83 4
82 2
80 18
0 4
70 1
0 1
70 2
79 11
0 1
79 1
0 1
79 2
77 5
0 3
74 4
75 2
77 1
0 1
77 3
0 1
75 18
0 2
79 4
80 1
0 1
82 1
0 1
84 3
0 1
84 4
84 2
80 4
0 2
77 6
0 2
80 4
84 4
82 7
0 1
82 4
79 4
75 9
0 3
77 2
79 1
0 1
80 5
0 1
80 5
0 1
79 4
77 4
77 1
0 1
77 1
0 1
77 3
0 1
84 1
0 1
84 5
0 1
82 18
0 2
79 3
0 1
80 1
0 1
82 2
84 4
84 1
0 1
84 6
0 2
80 2
77 9
0 3
79 4
84 4
82 6
82 4
79 4
75 9
0 1
77 2
79 2
80 5
0 1
80 6
79 4
77 6
74 2
74 1
0 1
77 6
75 29
0 3
77 3
79 3
80 7
0 1
80 16
0 5
79 7
77 25
0 5
74 4
0 1
74 4
77 22
0 10
80 5
82 35
