Eb:maj [3, 7, 10] 3 4 
C:min [0, 3, 7] 0 3 
Bb:maj [2, 5, 10] 10 5 
C:min [0, 3, 7] 0 8 
Bb:maj [2, 5, 10] 10 4 
Eb:maj [3, 7, 10] 3 4 
C:min7 [0, 3, 7, 10] 0 1 
C:min [0, 3, 7] 0 7 
Bb:maj [2, 5, 10] 10 4 
Eb:sus2 [3, 5, 10] 3 3 
Eb:maj [3, 7, 10] 3 1 
C:min7 [0, 3, 7, 10] 0 8 
Bb:maj [2, 5, 10] 10 4 
Eb:maj [3, 7, 10] 3 4 
C:min7 [0, 3, 7, 10] 0 1 
C:min [0, 3, 7] 0 7 
Bb:maj [2, 5, 10] 10 4 
Eb:sus2 [3, 5, 10] 3 3 
Eb:maj [3, 7, 10] 3 1 
C:min7 [0, 3, 7, 10] 0 4 
Ab:maj [0, 3, 8] 8 4 
G:min [2, 7, 10] 7 2 
C:min [0, 3, 7] 0 2 
Ab:maj [0, 3, 8] 8 2 
F:min [0, 5, 8] 5 2 
Bb:maj [2, 5, 10] 10 4 
Ab:maj [0, 3, 8] 8 4 
G:maj [2, 7, 11] 7 2 
C:min [0, 3, 7] 0 2 
Ab:maj [0, 3, 8] 8 2 
F:min [0, 5, 8] 5 2 
Bb:maj [2, 5, 10] 10 4 
Eb:maj [3, 7, 10] 3 4 
C:min [0, 3, 7] 0 4 
F:min [0, 5, 8] 5 2 
Ab:maj [0, 3, 8] 8 2 
F:min [0, 5, 8] 5 2 
Bb:maj [2, 5, 10] 10 2 
Eb:maj [3, 7, 10] 3 4 
C:min [0, 3, 7] 0 4 
F:min [0, 5, 8] 5 2 
Ab:maj [0, 3, 8] 8 2 
Bb:maj [2, 5, 10] 10 4 
Eb:maj [3, 7, 10] 3 4 
G:maj [2, 7, 11] 7 4 
Ab:maj [0, 3, 8] 8 4 
F:min [0, 5, 8] 5 2 
Bb:maj [2, 5, 10] 10 2 
G:min [2, 7, 10] 7 4 
Ab:maj [0, 3, 8] 8 4 
Eb:maj7/5 [1, 3, 7, 10] 10 4 
C:min [0, 3, 7] 0 8 
Bb:maj [2, 5, 10] 10 4 
Eb:maj [3, 7, 10] 3 4 
C:min [0, 3, 7] 0 8 
Bb:maj [2, 5, 10] 10 4 
Eb:maj [3, 7, 10] 3 4 
C:min [0, 3, 7] 0 4 
Ab:maj [0, 3, 8] 8 4 
G:min [2, 7, 10] 7 2 
C:min [0, 3, 7] 0 2 
Ab:maj [0, 3, 8] 8 2 
F:min [0, 5, 8] 5 2 
Bb:maj [2, 5, 10] 10 4 
Ab:maj [0, 3, 8] 8 4 
G:maj [2, 7, 11] 7 2 
C:min [0, 3, 7] 0 2 
Ab:maj [0, 3, 8] 8 2 
F:min [0, 5, 8] 5 2 
Bb:maj [2, 5, 10] 10 4 
Eb:maj [3, 7, 10] 3 4 
C:min [0, 3, 7] 0 4 
F:min [0, 5, 8] 5 2 
Ab:maj [0, 3, 8] 8 2 
F:min [0, 5, 8] 5 2 
Bb:maj [2, 5, 10] 10 2 
Eb:maj [3, 7, 10] 3 4 
C:min [0, 3, 7] 0 4 
F:min [0, 5, 8] 5 2 
Ab:maj [0, 3, 8] 8 2 
Bb:maj [2, 5, 10] 10 5 
Ab:maj [0, 3, 8] 8 1 
Eb:maj [3, 7, 10] 3 2 
C:min [0, 3, 7] 0 4 
F:min [0, 5, 8] 5 2 
Ab:maj [0, 3, 8] 8 2 
F:min [0, 5, 8] 5 2 
Bb:maj [2, 5, 10] 10 2 
Eb:maj [3, 7, 10] 3 4 
C:min [0, 3, 7] 0 4 
F:min [0, 5, 8] 5 2 
Ab:maj [0, 3, 8] 8 2 
Bb:maj [2, 5, 10] 10 4 
C:min [0, 3, 7] 0 4 
Bb:maj [2, 5, 10] 10 4 
Eb:maj [3, 7, 10] 3 10 
C:min [0, 3, 7] 0 3 
