E:min7 [2, 4, 7, 11] 4 4
G:maj/3 [2, 7, 11] 11 4
A:min [0, 4, 9] 9 1
A:min9 [0, 4, 7, 9, 11] 9 1
G:maj [2, 7, 11] 7 6
E:min7 [2, 4, 7, 11] 4 4
B:min7 [2, 6, 9, 11] 11 4
A:min [0, 4, 9] 9 1
Ab:maj [0, 3, 8] 8 1
Eb:maj9 [1, 3, 5, 7, 10] 3 2
D:sus4(b7, [0, 2, 4, 6, 9] 2 4
G:maj [2, 7, 11] 7 2
E:min [4, 7, 11] 4 2
C:maj(9) [0, 2, 4, 7, 10] 0 2
G:maj [2, 7, 11] 7 2
E:min [4, 7, 11] 4 2
B:min7 [2, 6, 9, 11] 11 2
A:min7 [0, 4, 7, 9] 9 2
G:maj/5 [2, 7, 11] 2 2
G:maj [2, 7, 11] 7 2
E:min [4, 7, 11] 4 2
G:maj7 [2, 5, 7, 11] 7 2
G:maj [2, 7, 11] 7 2
A:min [0, 4, 9] 9 2
A:min9 [0, 4, 7, 9, 11] 9 2
G:maj/5 [2, 7, 11] 2 4
C:maj [0, 4, 7] 0 4
G:maj [2, 7, 11] 7 4
A:min [0, 4, 9] 9 2
D:maj [2, 6, 9] 2 2
G:sus2 [2, 7, 9] 7 4
C:maj [0, 4, 7] 0 4
B:maj [3, 6, 11] 11 2
E:min [4, 7, 11] 4 2
A:min [0, 4, 9] 9 4
D:maj [2, 6, 9] 2 4
G:maj [2, 7, 11] 7 2
D:maj [2, 6, 9] 2 2
E:min [4, 7, 11] 4 2
D:maj [2, 6, 9] 2 2
C:maj [0, 4, 7] 0 2
B:min [2, 6, 11] 11 2
A:min [0, 4, 9] 9 2
D:maj [2, 6, 9] 2 2
G:maj [2, 7, 11] 7 2
D:maj [2, 6, 9] 2 2
E:min [4, 7, 11] 4 2
D:maj [2, 6, 9] 2 2
C:maj [0, 4, 7] 0 2
B:min [2, 6, 11] 11 2
A:min [0, 4, 9] 9 2
D:maj [2, 6, 9] 2 4
C:maj [0, 4, 7] 0 4
G:maj [2, 7, 11] 7 4
A:min [0, 4, 9] 9 4
G:maj [2, 7, 11] 7 4
C:sus2 [0, 2, 7] 0 4
B:min [2, 6, 11] 11 2
E:min [4, 7, 11] 4 2
A:min [0, 4, 9] 9 4
D:maj [2, 6, 9] 2 2
C:maj [0, 4, 7] 0 4
G:maj [2, 7, 11] 7 4
A:min [0, 4, 9] 9 2
D:maj [2, 6, 9] 2 2
G:sus2 [2, 7, 9] 7 4
C:maj [0, 4, 7] 0 4
B:maj [3, 6, 11] 11 2
E:min [4, 7, 11] 4 2
A:min [0, 4, 9] 9 4
D:maj [2, 6, 9] 2 4
G:maj [2, 7, 11] 7 2
D:maj [2, 6, 9] 2 2
E:min [4, 7, 11] 4 2
D:maj [2, 6, 9] 2 2
C:maj [0, 4, 7] 0 2
B:min [2, 6, 11] 11 2
A:min [0, 4, 9] 9 2
D:maj [2, 6, 9] 2 2
G:maj [2, 7, 11] 7 2
D:maj [2, 6, 9] 2 2
E:min [4, 7, 11] 4 2
D:maj [2, 6, 9] 2 2
C:maj [0, 4, 7] 0 2
B:min [2, 6, 11] 11 2
A:min [0, 4, 9] 9 2
D:maj [2, 6, 9] 2 2
Eb:maj [3, 7, 10] 3 2
F:maj [0, 5, 9] 5 2
G:maj [2, 7, 11] 7 4
Eb:maj [3, 7, 10] 3 2
F:maj [0, 5, 9] 5 2
D:maj [2, 6, 9] 2 4
G:maj [2, 7, 11] 7 2
D:maj [2, 6, 9] 2 2
E:min [4, 7, 11] 4 2
E:min9 [2, 4, 6, 7, 11] 4 2
C:maj [0, 4, 7] 0 2
B:min [2, 6, 11] 11 2
A:min [0, 4, 9] 9 2
D:maj [2, 6, 9] 2 2
G:maj [2, 7, 11] 7 2
D:maj [2, 6, 9] 2 2
G:maj [2, 7, 11] 7 2
D:maj [2, 6, 9] 2 2
C:maj [0, 4, 7] 0 2
B:min [2, 6, 11] 11 2
A:min [0, 4, 9] 9 2
D:maj [2, 6, 9] 2 2
D:9 [0, 2, 4, 6, 9] 2 6
G:maj [2, 7, 11] 7 7
A:min7 [0, 4, 7, 9] 9 4
A:min7(11) [0, 2, 4, 7, 9, 11] 9 2
D:sus4 [2, 7, 9] 2 1
G:maj [2, 7, 11] 7 2
