0 126
62 1
60 1
59 2
62 1
62 2
66 2
67 3
66 1
64 2
62 2
60 3
0 4
62 1
60 3
59 4
59 1
57 1
55 2
59 1
64 2
59 2
62 4
0 4
59 1
64 1
0 1
62 1
64 1
0 1
55 1
0 1
57 6
0 1
62 1
60 1
59 2
62 1
62 1
0 1
66 1
0 1
67 2
0 1
66 1
64 2
62 2
60 6
0 1
62 1
60 1
0 1
59 4
0 1
59 1
62 1
64 2
67 1
67 1
0 1
64 1
0 1
67 3
0 1
67 1
71 1
69 1
67 1
67 13
0 6
64 1
67 1
67 2
0 1
64 1
64 1
0 1
67 1
67 3
55 1
57 1
59 1
59 8
0 9
64 1
64 1
0 1
64 1
67 2
67 1
64 1
0 1
64 1
69 1
72 1
0 1
69 1
71 1
0 1
71 10
0 6
64 1
67 1
67 1
0 1
67 1
64 1
64 1
67 4
0 1
64 1
67 1
71 3
72 1
69 2
71 2
67 4
0 2
62 1
62 1
64 1
67 2
64 1
67 6
0 1
64 1
71 2
64 2
0 1
69 10
0 9
62 1
74 1
0 1
71 1
0 1
69 2
0 2
74 1
0 1
66 1
67 4
0 3
67 1
62 1
0 1
64 1
67 2
64 1
0 1
67 5
0 3
64 1
62 2
67 1
69 2
71 1
0 1
72 2
71 2
69 2
67 3
64 2
67 1
0 1
70 1
69 1
67 2
67 3
62 1
74 2
71 2
69 3
0 1
74 2
66 2
67 4
0 3
64 1
62 1
0 1
64 1
67 2
64 2
67 5
0 3
64 1
62 2
67 1
69 1
0 1
71 1
0 1
72 2
71 1
0 1
69 2
67 2
0 1
64 1
0 1
67 1
64 2
69 5
67 7
0 119
0 2
64 1
67 1
67 2
0 1
64 1
64 1
0 1
67 1
67 3
55 1
57 1
59 1
59 8
0 9
64 1
64 1
0 1
64 1
67 2
67 1
64 1
0 1
64 1
69 1
72 1
0 1
69 1
71 1
0 1
71 10
0 6
64 1
67 1
67 1
0 1
67 1
64 1
64 1
67 4
0 1
64 1
67 1
71 3
72 1
69 2
71 2
67 4
0 2
62 1
62 1
64 1
67 2
64 1
67 6
0 1
64 1
71 2
64 2
0 1
69 10
0 9
62 1
74 1
0 1
71 1
0 1
69 2
0 2
74 1
0 1
66 1
67 4
0 3
67 1
62 1
0 1
64 1
67 2
64 1
0 1
67 5
0 3
64 1
62 2
67 1
69 2
71 1
0 1
72 2
71 2
69 2
67 3
64 2
67 1
0 1
70 1
69 1
67 2
67 3
62 1
74 2
71 2
69 3
0 1
74 2
66 2
67 4
0 3
64 1
62 1
0 1
64 1
67 2
64 2
67 5
0 3
64 1
62 2
67 1
69 1
0 1
71 1
0 1
72 2
71 1
0 1
69 2
67 2
0 1
64 1
0 1
67 1
64 2
69 5
67 7
0 59
62 1
74 1
0 1
71 1
0 1
69 2
0 2
74 1
0 1
66 1
67 4
0 3
67 1
62 1
0 1
64 1
67 2
64 1
0 1
67 5
0 3
64 1
62 2
67 1
69 2
71 1
0 1
72 2
71 2
69 2
67 3
64 2
67 1
0 1
70 1
69 1
67 2
67 3
62 1
74 2
71 2
69 3
0 1
74 2
66 2
67 4
0 3
64 1
62 1
0 1
64 1
67 2
64 2
67 5
0 3
64 1
62 2
67 1
69 1
0 1
71 1
0 1
72 2
71 1
0 1
69 2
67 2
0 1
72 1
71 6
67 6
0 4
69 5
67 10
