C:maj [0, 4, 7] 0 6
E:min/5 [4, 7, 11] 11 2
A:min [0, 4, 9] 9 2
G:maj [2, 7, 11] 7 2
F:maj [0, 5, 9] 5 2
E:maj [4, 8, 11] 4 2
D:min [2, 5, 9] 2 2
G:maj [2, 7, 11] 7 2
C:maj [0, 4, 7] 0 4
G:maj [2, 7, 11] 7 4
C:maj [0, 4, 7] 0 2
E:min/5 [4, 7, 11] 11 2
A:min [0, 4, 9] 9 2
G:maj [2, 7, 11] 7 2
F:maj [0, 5, 9] 5 2
E:min [4, 7, 11] 4 2
D:min [2, 5, 9] 2 2
G:maj [2, 7, 11] 7 2
C:maj [0, 4, 7] 0 2
E:min/5 [4, 7, 11] 11 2
A:min [0, 4, 9] 9 4
F:maj [0, 5, 9] 5 2
E:min [4, 7, 11] 4 2
D:min [2, 5, 9] 2 1
G:maj [2, 7, 11] 7 1
C:maj [0, 4, 7] 0 2
A:min [0, 4, 9] 9 2
G:maj [2, 7, 11] 7 2
F:maj [0, 5, 9] 5 2
C:maj [0, 4, 7] 0 2
A:min [0, 4, 9] 9 2
G:maj [2, 7, 11] 7 2
F:maj [0, 5, 9] 5 2
G:maj [2, 7, 11] 7 4
C:maj [0, 4, 7] 0 2
E:min [4, 7, 11] 4 2
A:min [0, 4, 9] 9 2
G:maj [2, 7, 11] 7 2
F:maj [0, 5, 9] 5 3
E:min [4, 7, 11] 4 1
D:min [2, 5, 9] 2 2
G:maj [2, 7, 11] 7 2
C:maj [0, 4, 7] 0 2
G:maj [2, 7, 11] 7 2
A:min [0, 4, 9] 9 3
E:min [4, 7, 11] 4 1
F:maj [0, 5, 9] 5 3
E:min [4, 7, 11] 4 1
D:min [2, 5, 9] 2 2
G:maj [2, 7, 11] 7 2
C:7 [0, 4, 7, 10] 0 2
F:maj [0, 5, 9] 5 4
E:min [4, 7, 11] 4 4
D:min [2, 5, 9] 2 4
G:maj [2, 7, 11] 7 4
C:maj [0, 4, 7] 0 2
E:min/5 [4, 7, 11] 11 2
A:min [0, 4, 9] 9 4
F:maj [0, 5, 9] 5 2
E:min [4, 7, 11] 4 2
D:min [2, 5, 9] 2 1
G:maj [2, 7, 11] 7 1
C:maj [0, 4, 7] 0 2
A:min [0, 4, 9] 9 2
G:maj [2, 7, 11] 7 2
F:maj [0, 5, 9] 5 2
C:maj [0, 4, 7] 0 2
A:min [0, 4, 9] 9 2
G:maj [2, 7, 11] 7 2
F:maj [0, 5, 9] 5 2
G:maj [2, 7, 11] 7 4
C:maj [0, 4, 7] 0 2
E:min [4, 7, 11] 4 2
A:min [0, 4, 9] 9 3
G:maj [2, 7, 11] 7 1
F:maj [0, 5, 9] 5 2
F:maj7 [0, 3, 5, 9] 5 1
E:min [4, 7, 11] 4 1
D:min [2, 5, 9] 2 2
G:maj [2, 7, 11] 7 2
C:maj [0, 4, 7] 0 2
G:maj [2, 7, 11] 7 2
A:min [0, 4, 9] 9 3
E:min [4, 7, 11] 4 1
F:maj [0, 5, 9] 5 3
E:min [4, 7, 11] 4 1
D:min [2, 5, 9] 2 2
G:maj [2, 7, 11] 7 2
C:maj [0, 4, 7] 0 6
E:min [4, 7, 11] 4 2
A:min [0, 4, 9] 9 2
G:maj [2, 7, 11] 7 2
F:maj [0, 5, 9] 5 2
E:min [4, 7, 11] 4 2
D:min [2, 5, 9] 2 2
G:maj [2, 7, 11] 7 2
C:maj [0, 4, 7] 0 2
G:maj [2, 7, 11] 7 2
A:sus2 [4, 9, 11] 9 2
A:min [0, 4, 9] 9 1
E:min [4, 7, 11] 4 1
F:maj [0, 5, 9] 5 3
E:min [4, 7, 11] 4 1
D:min [2, 5, 9] 2 2
G:maj [2, 7, 11] 7 7
G:7/b7 [2, 5, 7, 11] 5 2
C:maj/3 [0, 4, 7] 4 2
D:min [2, 5, 9] 2 3
G:maj [2, 7, 11] 7 3
C:maj7 [0, 4, 7, 10] 0 1
