0 110
72 1
74 1
76 1
79 1
79 1
79 1
79 1
79 1
79 1
76 1
81 2
79 4
84 1
83 1
84 2
83 1
84 3
76 1
79 7
76 1
79 1
81 1
81 1
81 1
81 1
81 2
81 1
84 1
81 2
79 1
76 5
74 1
74 1
74 1
74 1
74 1
72 2
69 1
79 2
76 1
74 3
74 1
76 1
79 1
79 1
79 1
79 1
79 1
79 1
79 1
76 1
81 2
79 4
81 1
83 1
84 1
84 1
84 1
84 1
84 2
76 1
74 2
76 5
76 1
79 1
81 1
81 1
81 1
81 1
81 2
81 1
84 1
81 2
79 2
76 4
74 1
74 1
74 1
72 1
69 3
72 1
72 6
84 1
83 1
81 2
83 1
84 3
86 2
83 2
81 1
79 3
76 1
79 1
81 1
81 1
81 1
81 1
81 2
74 1
76 7
84 1
83 1
81 2
83 1
84 3
88 2
76 1
79 2
83 2
79 1
81 1
83 1
84 1
84 1
84 1
84 1
84 2
84 1
81 1
88 2
86 1
86 10
79 1
84 1
86 1
88 1
88 1
88 1
88 1
88 2
86 1
84 1
86 2
88 1
86 3
88 1
86 1
84 2
83 1
84 3
76 1
79 8
79 1
81 1
84 1
84 1
81 1
86 1
84 2
88 2
88 1
86 1
88 1
86 1
84 3
86 1
86 1
86 1
84 1
81 1
88 3
86 5
79 1
84 1
86 1
88 1
88 1
88 1
88 1
88 1
86 2
84 1
86 2
88 1
86 3
88 1
86 1
84 2
83 1
84 3
88 1
91 8
84 1
93 1
93 1
93 1
93 1
93 2
93 1
91 1
91 2
91 1
88 4
84 1
86 1
86 1
86 1
86 1
86 2
84 1
86 5
81 2
83 1
84 9
0 62
72 1
74 1
76 1
79 1
79 1
79 1
79 1
79 1
79 1
76 1
81 2
79 4
81 1
83 1
84 1
84 1
84 1
84 1
84 2
76 1
74 2
76 5
76 1
79 1
81 1
81 1
81 1
81 1
81 2
81 1
84 1
81 2
79 2
76 4
74 1
74 1
74 1
72 1
69 3
72 1
72 6
84 1
83 1
81 2
83 1
84 3
86 2
83 2
81 1
79 3
76 1
79 1
81 1
81 1
81 1
81 1
81 2
74 1
76 7
84 1
83 1
81 2
83 1
84 3
88 2
76 1
79 2
83 2
79 1
81 1
83 1
84 1
84 1
84 1
84 1
84 2
84 1
81 1
88 2
86 1
86 10
79 1
84 1
86 1
88 1
88 1
88 1
88 1
88 2
86 1
84 1
86 2
88 1
86 3
88 1
86 1
84 2
83 1
84 3
76 1
79 8
79 1
81 1
84 1
84 1
81 1
86 1
84 2
88 2
88 1
86 1
88 1
86 1
84 3
86 1
86 1
86 1
84 1
81 1
88 3
86 5
79 1
84 1
86 1
88 1
88 1
88 1
88 1
88 1
86 2
84 1
86 2
88 1
86 3
88 1
86 1
84 2
83 1
84 3
88 1
91 8
84 1
93 1
93 1
93 1
93 1
93 2
93 1
91 1
91 2
91 1
88 4
84 1
86 1
86 1
86 1
86 1
86 2
84 1
86 5
81 2
83 1
86 3
84 11
79 1
84 1
86 1
88 1
88 1
88 1
88 1
88 2
86 1
84 1
86 2
88 1
86 3
88 1
86 1
84 2
83 1
84 3
76 1
79 8
79 1
81 1
84 1
84 1
81 1
86 1
84 2
88 2
88 1
86 1
88 1
86 1
84 3
86 1
86 1
86 1
84 1
81 1
88 3
86 5
79 1
84 1
86 1
88 1
88 1
88 1
88 1
88 1
86 2
84 1
86 2
88 1
86 3
88 1
86 1
84 2
83 1
84 3
88 1
91 8
84 1
93 1
93 1
93 1
93 1
93 2
93 1
91 1
91 2
91 1
88 4
84 1
86 1
86 1
86 1
86 1
86 2
84 1
86 14
81 4
83 4
86 2
84 12
