Eb:maj [3, 7, 10] 3 4 
C:min7/b7 [0, 3, 7, 10] 10 2 
C:min [0, 3, 7] 0 2 
F:min/b3 [0, 5, 8] 8 2 
Bb:maj [2, 5, 10] 10 2 
Eb:maj [3, 7, 10] 3 12 
G:min/b3 [2, 7, 10] 10 8 
Eb:maj [3, 7, 10] 3 4 
C:min [0, 3, 7] 0 4 
F:min [0, 5, 8] 5 3 
Bb:maj [2, 5, 10] 10 5 
Eb:maj [3, 7, 10] 3 8 
Bb:maj [2, 5, 10] 10 8 
Bb:sus4 [3, 5, 10] 10 1 
Eb:maj [3, 7, 10] 3 3 
C:min [0, 3, 7] 0 4 
F:min [0, 5, 8] 5 2 
Bb:maj [2, 5, 10] 10 1 
Eb:sus2 [3, 5, 10] 3 12 
Eb:maj [3, 7, 10] 3 1 
C:min [0, 3, 7] 0 4 
G:min [2, 7, 10] 7 3 
Eb:maj [3, 7, 10] 3 9 
C:min [0, 3, 7] 0 4 
G:min [2, 7, 10] 7 3 
Ab:maj [0, 3, 8] 8 5 
Ab:maj/3 [0, 3, 8] 0 2 
F:min [0, 5, 8] 5 2 
Eb:maj [3, 7, 10] 3 4 
C:min [0, 3, 7] 0 2 
Ab:maj [0, 3, 8] 8 4 
Bb:maj [2, 5, 10] 10 2 
Eb:maj [3, 7, 10] 3 16 
Bb:maj [2, 5, 10] 10 8 
Eb:maj [3, 7, 10] 3 4 
C:min [0, 3, 7] 0 4 
F:min [0, 5, 8] 5 3 
Bb:maj [2, 5, 10] 10 5 
Eb:maj [3, 7, 10] 3 8 
Bb:maj [2, 5, 10] 10 8 
Bb:sus4 [3, 5, 10] 10 1 
Eb:maj [3, 7, 10] 3 3 
C:min [0, 3, 7] 0 4 
F:min [0, 5, 8] 5 2 
Bb:maj [2, 5, 10] 10 2 
Eb:maj [3, 7, 10] 3 12 
C:min [0, 3, 7] 0 4 
G:min [2, 7, 10] 7 3 
Eb:maj [3, 7, 10] 3 9 
C:min [0, 3, 7] 0 4 
G:min [2, 7, 10] 7 3 
Ab:maj [0, 3, 8] 8 5 
Ab:maj/3 [0, 3, 8] 0 2 
F:min [0, 5, 8] 5 2 
Eb:maj [3, 7, 10] 3 4 
C:min [0, 3, 7] 0 4 
Ab:maj [0, 3, 8] 8 2 
Bb:maj [2, 5, 10] 10 2 
Eb:maj [3, 7, 10] 3 3 
