0 62
70 1
0 1
70 2
0 2
70 3
0 1
70 3
0 1
79 1
0 1
75 12
0 4
70 1
0 1
70 3
0 1
70 3
0 1
70 3
0 1
72 1
0 1
70 7
0 11
70 3
0 1
70 3
0 1
70 3
0 1
82 1
0 1
79 9
0 5
77 2
75 2
77 3
0 1
77 3
0 1
77 3
0 1
72 2
75 1
0 1
77 13
0 1
70 1
0 1
70 3
0 1
70 3
0 1
70 3
0 1
79 2
75 8
0 8
70 1
0 1
70 3
0 1
70 3
0 1
70 3
0 1
72 1
0 1
70 13
0 5
70 3
0 1
70 3
0 1
70 3
0 1
82 1
0 1
79 8
0 6
77 2
75 1
0 1
77 3
0 1
77 3
0 1
77 3
0 1
72 2
74 1
0 1
75 14
0 2
79 2
0 1
80 1
82 1
0 1
82 1
0 1
82 1
0 1
84 1
0 1
82 6
0 14
75 2
0 1
77 1
79 1
0 1
79 1
0 1
79 1
0 1
82 1
0 1
79 6
0 14
79 2
0 1
80 1
82 1
0 1
82 1
0 1
82 1
0 1
84 1
0 1
82 6
0 14
75 2
0 1
77 1
79 1
0 1
79 1
0 1
79 1
0 1
82 1
0 1
79 6
0 14
72 1
0 1
72 3
0 1
74 2
75 3
0 1
84 1
0 1
84 1
0 1
82 3
0 1
80 2
79 2
77 6
0 2
79 2
0 1
80 1
82 1
0 1
84 1
0 1
82 5
0 3
75 2
0 1
77 1
79 1
0 1
82 1
0 1
79 3
0 5
72 1
0 1
72 4
75 2
74 4
72 2
70 2
75 16
0 14
70 1
0 1
70 2
0 2
70 3
0 1
70 3
0 1
79 1
0 1
75 12
0 4
70 1
0 1
70 3
0 1
70 3
0 1
70 3
0 1
72 1
0 1
70 7
0 11
70 3
0 1
70 3
0 1
70 3
0 1
82 1
0 1
79 9
0 5
77 2
75 2
77 3
0 1
77 3
0 1
77 3
0 1
72 2
75 1
0 1
77 13
0 1
70 1
0 1
70 3
0 1
70 3
0 1
70 3
0 1
79 2
75 8
0 8
70 1
0 1
70 3
0 1
70 3
0 1
70 3
0 1
72 1
0 1
70 13
0 5
70 3
0 1
70 3
0 1
70 3
0 1
82 1
0 1
79 8
0 6
77 2
75 1
0 1
77 3
0 1
77 3
0 1
77 3
0 1
72 2
74 1
0 1
75 14
0 2
79 2
0 1
80 1
82 1
0 1
82 1
0 1
82 1
0 1
84 1
0 1
82 6
0 14
75 2
0 1
77 1
79 1
0 1
79 1
0 1
79 1
0 1
82 1
0 1
79 6
0 14
79 2
0 1
80 1
82 1
0 1
82 1
0 1
82 1
0 1
84 1
0 1
82 6
0 14
75 2
0 1
77 1
79 1
0 1
79 1
0 1
79 1
0 1
82 1
0 1
79 6
0 14
72 1
0 1
72 3
0 1
74 2
75 3
0 1
84 1
0 1
84 1
0 1
82 3
0 1
80 2
79 2
77 6
0 2
79 2
0 1
80 1
82 1
0 1
84 1
0 1
82 5
0 3
75 2
0 1
77 1
79 1
0 1
82 1
0 1
79 3
0 5
72 1
0 1
72 4
75 2
74 4
72 2
70 2
75 16
