0 127
81 4
0 2
72 2
74 2
77 2
79 2
77 1
0 1
77 3
0 9
74 2
77 1
0 1
79 2
0 2
77 2
79 2
81 2
84 1
0 3
74 2
72 3
0 13
74 4
0 2
79 2
74 3
0 1
72 3
0 1
77 3
0 1
77 2
79 2
81 2
0 6
84 3
0 1
89 3
0 1
86 4
84 1
0 1
81 2
79 3
0 13
81 2
0 1
81 1
81 2
72 2
74 1
0 1
77 1
0 1
79 2
77 1
0 1
77 3
0 9
74 2
77 1
0 1
79 2
0 1
79 1
81 1
0 1
84 1
0 1
81 2
79 1
0 1
79 2
76 2
74 3
0 13
77 3
0 3
74 2
72 2
0 2
84 3
0 1
86 3
0 1
86 2
89 2
86 2
0 2
81 1
0 1
81 2
79 2
0 4
81 2
79 2
81 2
72 2
74 2
77 4
0 12
89 4
0 2
89 2
88 3
0 1
86 2
84 2
86 3
0 3
84 2
81 3
0 5
84 2
86 2
0 2
84 1
0 1
84 2
0 2
81 2
79 1
0 1
79 3
0 13
81 2
84 2
0 4
81 2
79 2
77 2
0 2
77 2
79 3
0 1
77 2
74 2
0 6
76 3
0 3
79 1
0 1
74 2
76 2
74 2
72 1
0 1
84 3
0 13
86 2
89 2
0 2
89 2
88 3
0 1
86 2
84 2
86 2
86 2
0 2
84 2
81 3
0 5
84 2
84 2
0 2
81 2
84 1
0 1
86 1
0 1
88 2
89 1
88 1
86 2
0 14
81 2
84 2
0 2
81 2
79 2
81 2
84 2
0 2
81 2
0 1
79 1
77 2
79 1
0 1
79 2
76 2
0 4
74 2
0 1
74 2
0 1
77 1
0 1
72 2
0 2
72 2
74 2
77 4
0 140
81 4
0 2
72 2
74 2
77 2
79 2
77 1
0 1
77 3
0 9
74 2
77 1
0 1
79 2
0 2
77 2
79 2
81 2
84 1
0 3
74 2
72 3
0 13
74 4
0 2
79 2
74 3
0 1
72 3
0 1
77 3
0 1
77 2
79 2
81 2
0 6
84 3
0 1
89 3
0 1
86 4
84 1
0 1
81 2
79 3
0 13
81 2
0 1
81 1
81 2
72 2
74 1
0 1
77 1
0 1
79 2
77 1
0 1
77 3
0 9
74 2
77 1
0 1
79 2
0 1
79 1
81 1
0 1
84 1
0 1
81 2
79 1
0 1
79 2
76 2
74 3
0 13
77 3
0 3
74 2
72 2
0 2
84 3
0 1
86 3
0 1
86 2
89 2
86 2
0 2
81 1
0 1
81 2
79 2
0 4
81 2
79 2
81 2
72 2
74 2
77 4
0 12
89 4
0 2
89 2
88 3
0 1
86 2
84 2
86 3
0 3
84 2
81 3
0 5
84 2
86 3
0 1
84 1
0 1
84 2
0 2
81 2
79 1
0 1
79 3
0 13
81 2
84 2
0 4
81 2
79 2
77 2
0 2
77 2
79 3
0 1
77 2
74 2
0 6
76 3
0 3
79 1
0 1
74 2
76 2
74 2
72 1
0 1
84 3
0 13
86 2
89 2
0 2
89 2
88 3
0 1
86 2
84 2
86 2
86 2
0 2
84 2
81 3
0 5
84 2
84 2
0 2
81 2
84 1
0 1
86 1
0 1
88 2
89 1
88 1
86 2
0 14
81 2
84 2
0 2
81 2
79 2
81 2
84 2
0 2
81 2
0 1
79 1
77 2
79 1
0 1
79 2
76 2
0 4
74 2
0 1
74 2
0 1
77 1
0 1
72 2
0 2
72 2
74 2
77 4
0 12
74 1
0 1
74 2
0 2
77 2
72 2
0 2
72 2
74 2
77 4
