Eb:maj [3, 7, 10] 3 2 
F:maj [0, 5, 9] 5 2 
D:min [2, 5, 9] 2 2 
G:min [2, 7, 10] 7 2 
Eb:maj [3, 7, 10] 3 2 
D:min/b3 [2, 5, 9] 5 2 
Bb:maj [2, 5, 10] 10 2 
D:7 [0, 2, 6, 9] 2 2 
Eb:maj [3, 7, 10] 3 2 
F:maj [0, 5, 9] 5 2 
D:min [2, 5, 9] 2 2 
G:min [2, 7, 10] 7 2 
Eb:maj [3, 7, 10] 3 2 
F:maj [0, 5, 9] 5 2 
G:min [2, 7, 10] 7 6 
F:maj [0, 5, 9] 5 2 
Eb:maj [3, 7, 10] 3 2 
Bb:maj [2, 5, 10] 10 2 
G:min [2, 7, 10] 7 2 
F:maj [0, 5, 9] 5 2 
G:min [2, 7, 10] 7 6 
F:maj [0, 5, 9] 5 2 
Eb:maj [3, 7, 10] 3 2 
Bb:maj [2, 5, 10] 10 2 
G:min [2, 7, 10] 7 2 
F:maj [0, 5, 9] 5 2 
G:min [2, 7, 10] 7 4 
Eb:maj [3, 7, 10] 3 2 
F:maj [0, 5, 9] 5 2 
D:min [2, 5, 9] 2 2 
G:min [2, 7, 10] 7 2 
Eb:maj [3, 7, 10] 3 2 
F:maj [0, 5, 9] 5 2 
Bb:maj [2, 5, 10] 10 4 
Eb:maj [3, 7, 10] 3 2 
F:maj [0, 5, 9] 5 2 
D:min [2, 5, 9] 2 2 
G:min [2, 7, 10] 7 2 
Eb:maj [3, 7, 10] 3 2 
F:maj [0, 5, 9] 5 2 
G:min [2, 7, 10] 7 4 
Eb:maj [3, 7, 10] 3 2 
F:maj [0, 5, 9] 5 2 
D:min [2, 5, 9] 2 2 
G:min [2, 7, 10] 7 2 
Eb:maj [3, 7, 10] 3 2 
F:maj [0, 5, 9] 5 2 
Bb:maj [2, 5, 10] 10 4 
Eb:maj [3, 7, 10] 3 2 
F:maj [0, 5, 9] 5 2 
D:min [2, 5, 9] 2 2 
G:min [2, 7, 10] 7 2 
Eb:maj [3, 7, 10] 3 2 
F:maj [0, 5, 9] 5 2 
G:min [2, 7, 10] 7 6 
F:maj [0, 5, 9] 5 2 
Eb:maj [3, 7, 10] 3 2 
Bb:maj [2, 5, 10] 10 2 
G:min [2, 7, 10] 7 2 
F:maj [0, 5, 9] 5 2 
G:min [2, 7, 10] 7 6 
F:maj [0, 5, 9] 5 2 
Eb:maj [3, 7, 10] 3 2 
Bb:maj [2, 5, 10] 10 2 
G:min [2, 7, 10] 7 2 
F:maj [0, 5, 9] 5 2 
G:min [2, 7, 10] 7 4 
Eb:maj [3, 7, 10] 3 2 
F:maj [0, 5, 9] 5 2 
D:min [2, 5, 9] 2 2 
G:min [2, 7, 10] 7 2 
Eb:maj [3, 7, 10] 3 2 
F:maj [0, 5, 9] 5 2 
Bb:maj [2, 5, 10] 10 4 
Eb:maj [3, 7, 10] 3 2 
F:maj [0, 5, 9] 5 2 
D:min [2, 5, 9] 2 2 
G:min [2, 7, 10] 7 2 
Eb:maj [3, 7, 10] 3 2 
F:maj [0, 5, 9] 5 2 
G:min [2, 7, 10] 7 4 
Eb:maj [3, 7, 10] 3 2 
F:maj [0, 5, 9] 5 2 
D:min [2, 5, 9] 2 2 
G:min [2, 7, 10] 7 2 
Eb:maj [3, 7, 10] 3 2 
F:maj [0, 5, 9] 5 2 
Bb:maj [2, 5, 10] 10 4 
Eb:maj [3, 7, 10] 3 2 
F:maj [0, 5, 9] 5 2 
D:min [2, 5, 9] 2 2 
G:min [2, 7, 10] 7 2 
Eb:maj [3, 7, 10] 3 2 
F:maj [0, 5, 9] 5 2 
G:min [2, 7, 10] 7 4 
Eb:maj [3, 7, 10] 3 2 
F:maj [0, 5, 9] 5 2 
D:min [2, 5, 9] 2 2 
G:min [2, 7, 10] 7 2 
Eb:maj [3, 7, 10] 3 2 
F:maj [0, 5, 9] 5 2 
Bb:maj [2, 5, 10] 10 4 
Eb:maj [3, 7, 10] 3 2 
F:maj [0, 5, 9] 5 2 
D:min [2, 5, 9] 2 2 
G:min [2, 7, 10] 7 2 
Eb:maj [3, 7, 10] 3 2 
F:maj [0, 5, 9] 5 2 
G:min [2, 7, 10] 7 4 
Eb:maj [3, 7, 10] 3 2 
F:maj [0, 5, 9] 5 2 
D:min [2, 5, 9] 2 2 
G:min [2, 7, 10] 7 2 
Eb:maj [3, 7, 10] 3 2 
F:maj [0, 5, 9] 5 2 
Bb:maj [2, 5, 10] 10 4 
Eb:maj [3, 7, 10] 3 2 
F:maj [0, 5, 9] 5 2 
D:min [2, 5, 9] 2 2 
G:min [2, 7, 10] 7 2 
Eb:maj [3, 7, 10] 3 2 
F:maj [0, 5, 9] 5 2 
G:min [2, 7, 10] 7 4 
Eb:maj [3, 7, 10] 3 2 
F:maj [0, 5, 9] 5 5 
G:sus2 [2, 7, 9] 7 3 
