F#:maj [1, 6, 10] 6 3 
B:maj [3, 6, 11] 11 2 
Ab:min7 [3, 6, 8, 11] 8 1 
Ab:sus4 [1, 3, 8] 8 1 
F#:maj [1, 6, 10] 6 2 
Ab:min/b3 [3, 8, 11] 11 2 
F#:maj/3 [1, 6, 10] 10 2 
F:min/b3 [0, 5, 8] 8 1 
Ab:maj [0, 3, 8] 8 22 
Ab:sus4 [1, 3, 8] 8 4 
Ab:maj [0, 3, 8] 8 5 
C#:maj [1, 5, 8] 1 3 
Ab:maj [0, 3, 8] 8 4 
C#:maj [1, 5, 8] 1 4 
Ab:maj [0, 3, 8] 8 4 
Ab:sus4 [1, 3, 8] 8 1 
C#:maj [1, 5, 8] 1 3 
Bb:min [1, 5, 10] 10 4 
F:min [0, 5, 8] 5 3 
F:min7 [0, 3, 5, 8] 5 1 
Bb:min [1, 5, 10] 10 3 
Bb:min7 [1, 5, 8, 10] 10 1 
Eb:sus4(b7) [3, 8, 10] 3 4 
Ab:maj [0, 3, 8] 8 4 
C#:maj [1, 5, 8] 1 4 
Ab:maj [0, 3, 8] 8 4 
Ab:sus4 [1, 3, 8] 8 1 
C#:maj [1, 5, 8] 1 3 
Bb:min [1, 5, 10] 10 4 
F:min [0, 5, 8] 5 3 
F:min7 [0, 3, 5, 8] 5 1 
Bb:min [1, 5, 10] 10 3 
Eb:sus4(b7) [3, 8, 10] 3 9 
Ab:maj [0, 3, 8] 8 4 
C:min [0, 3, 7] 0 3 
C:min7 [0, 3, 7, 10] 0 1 
F:sus4(b7) [0, 5, 10] 5 4 
C:min [0, 3, 7] 0 4 
C#:maj [1, 5, 8] 1 2 
Eb:maj [3, 7, 10] 3 2 
Ab:maj [0, 3, 8] 8 1 
Eb:maj/3 [3, 7, 10] 7 1 
F:min [0, 5, 8] 5 2 
Bb:min [1, 5, 10] 10 4 
Eb:maj [3, 7, 10] 3 4 
Ab:maj [0, 3, 8] 8 4 
C:min [0, 3, 7] 0 3 
C:min7 [0, 3, 7, 10] 0 1 
F:sus4(b7) [0, 5, 10] 5 4 
C:min [0, 3, 7] 0 4 
C#:maj [1, 5, 8] 1 2 
Eb:maj [3, 7, 10] 3 2 
Ab:maj [0, 3, 8] 8 1 
Eb:maj/3 [3, 7, 10] 7 1 
F:min [0, 5, 8] 5 2 
Bb:min [1, 5, 10] 10 4 
Eb:maj [3, 7, 10] 3 3 
Eb:sus4(b7) [3, 8, 10] 3 1 
Ab:sus2 [3, 8, 10] 8 4 
Ab:sus4 [1, 3, 8] 8 1 
C#:maj [1, 5, 8] 1 3 
Ab:maj [0, 3, 8] 8 4 
Ab:sus2 [3, 8, 10] 8 1 
Eb:maj [3, 7, 10] 3 3 
Ab:maj [0, 3, 8] 8 4 
C#:maj [1, 5, 8] 1 4 
Ab:maj [0, 3, 8] 8 4 
Ab:sus4 [1, 3, 8] 8 1 
C#:maj [1, 5, 8] 1 3 
Bb:min [1, 5, 10] 10 4 
F:min [0, 5, 8] 5 3 
F:min7 [0, 3, 5, 8] 5 1 
Bb:min [1, 5, 10] 10 3 
Eb:sus4(b7) [3, 8, 10] 3 9 
Ab:maj [0, 3, 8] 8 4 
C:min [0, 3, 7] 0 3 
C:min7 [0, 3, 7, 10] 0 1 
F:sus4(b7) [0, 5, 10] 5 4 
C:min [0, 3, 7] 0 4 
C#:maj [1, 5, 8] 1 2 
Eb:maj [3, 7, 10] 3 2 
Ab:maj [0, 3, 8] 8 2 
F:min [0, 5, 8] 5 2 
Bb:min [1, 5, 10] 10 4 
Eb:maj [3, 7, 10] 3 4 
Ab:maj [0, 3, 8] 8 4 
C:min [0, 3, 7] 0 3 
C:min7 [0, 3, 7, 10] 0 1 
F:sus4(b7) [0, 5, 10] 5 4 
C:min [0, 3, 7] 0 4 
C#:maj [1, 5, 8] 1 2 
Eb:maj [3, 7, 10] 3 2 
Ab:maj [0, 3, 8] 8 1 
Eb:maj/3 [3, 7, 10] 7 1 
F:min [0, 5, 8] 5 2 
Bb:min [1, 5, 10] 10 4 
Eb:maj [3, 7, 10] 3 3 
Ab:sus2 [3, 8, 10] 8 4 
Ab:maj [0, 3, 8] 8 1 
F:min [0, 5, 8] 5 4 
C#:maj(9) [1, 3, 5, 8, 11] 1 4 
C#:maj7/7 [1, 5, 8, 11] 0 2 
Eb:maj [3, 7, 10] 3 6 
Ab:maj [0, 3, 8] 8 4 
C:min [0, 3, 7] 0 3 
C:min7 [0, 3, 7, 10] 0 1 
F:sus4(b7) [0, 5, 10] 5 4 
C:min [0, 3, 7] 0 4 
C#:maj [1, 5, 8] 1 2 
Eb:maj [3, 7, 10] 3 2 
Ab:maj [0, 3, 8] 8 2 
F:min [0, 5, 8] 5 2 
Bb:min [1, 5, 10] 10 4 
Eb:maj [3, 7, 10] 3 3 
Ab:sus2 [3, 8, 10] 8 5 
Ab:sus4 [1, 3, 8] 8 1 
C#:maj [1, 5, 8] 1 3 
Ab:maj [0, 3, 8] 8 4 
Ab:sus2 [3, 8, 10] 8 1 
Eb:maj [3, 7, 10] 3 2 
Ab:sus2 [3, 8, 10] 8 5 
Ab:sus4 [1, 3, 8] 8 1 
C#:maj [1, 5, 8] 1 3 
Ab:maj [0, 3, 8] 8 4 
Ab:sus2 [3, 8, 10] 8 1 
Eb:maj [3, 7, 10] 3 2 
C#:maj(9) [1, 3, 5, 8, 11] 1 1 
