E:maj [4, 8, 11] 4 4 
C#:min [1, 4, 8] 1 4 
A:maj [1, 4, 9] 9 2 
Ab:min [3, 8, 11] 8 2 
A:maj [1, 4, 9] 9 2 
Ab:min [3, 8, 11] 8 2 
C#:min [1, 4, 8] 1 12 
Ab:min [3, 8, 11] 8 4 
C#:min [1, 4, 8] 1 4 
Ab:min [3, 8, 11] 8 4 
A:maj [1, 4, 9] 9 4 
Ab:min [3, 8, 11] 8 4 
F#:min [1, 6, 9] 6 4 
B:maj [3, 6, 11] 11 1 
B:7 [3, 6, 9, 11] 11 1 
E:maj/5 [4, 8, 11] 11 2 
C#:min [1, 4, 8] 1 4 
Ab:min [3, 8, 11] 8 4 
C#:min [1, 4, 8] 1 4 
Ab:min [3, 8, 11] 8 4 
A:maj [1, 4, 9] 9 4 
Ab:min [3, 8, 11] 8 2 
C#:min [1, 4, 8] 1 2 
F#:min [1, 6, 9] 6 4 
B:maj/3 [3, 6, 11] 3 2 
F#:sus4 [1, 6, 11] 6 2 
B:maj/5 [3, 6, 11] 6 4 
E:maj [4, 8, 11] 4 4 
Ab:sus4 [1, 3, 8] 8 4 
C#:min [1, 4, 8] 1 4 
B:maj [3, 6, 11] 11 4 
A:maj [1, 4, 9] 9 4 
Ab:min [3, 8, 11] 8 4 
F#:min [1, 6, 9] 6 4 
B:sus2 [1, 6, 11] 11 4 
E:maj [4, 8, 11] 4 4 
Ab:sus4 [1, 3, 8] 8 4 
C#:min [1, 4, 8] 1 4 
B:maj [3, 6, 11] 11 4 
A:maj [1, 4, 9] 9 4 
Ab:min [3, 8, 11] 8 4 
F#:min [1, 6, 9] 6 2 
B:maj [3, 6, 11] 11 2 
E:maj [4, 8, 11] 4 8 
Ab:min [3, 8, 11] 8 4 
A:maj [1, 4, 9] 9 2 
Ab:min [3, 8, 11] 8 2 
E:maj [4, 8, 11] 4 4 
C#:min [1, 4, 8] 1 4 
F#:min [1, 6, 9] 6 2 
B:sus2 [1, 6, 11] 11 2 
C#:min [1, 4, 8] 1 12 
Ab:min [3, 8, 11] 8 4 
C#:min [1, 4, 8] 1 4 
Ab:min [3, 8, 11] 8 4 
A:maj [1, 4, 9] 9 4 
Ab:min [3, 8, 11] 8 2 
C#:min [1, 4, 8] 1 2 
F#:min [1, 6, 9] 6 4 
B:maj/3 [3, 6, 11] 3 2 
F#:sus4 [1, 6, 11] 6 2 
B:maj/5 [3, 6, 11] 6 4 
E:maj [4, 8, 11] 4 4 
Ab:sus4 [1, 3, 8] 8 4 
C#:min [1, 4, 8] 1 4 
B:maj [3, 6, 11] 11 4 
A:maj [1, 4, 9] 9 4 
Ab:min [3, 8, 11] 8 4 
F#:min [1, 6, 9] 6 4 
B:sus2 [1, 6, 11] 11 4 
E:maj [4, 8, 11] 4 4 
Ab:sus4 [1, 3, 8] 8 4 
C#:min [1, 4, 8] 1 4 
B:maj [3, 6, 11] 11 4 
A:maj [1, 4, 9] 9 4 
Ab:min [3, 8, 11] 8 4 
F#:min [1, 6, 9] 6 2 
B:maj [3, 6, 11] 11 2 
E:maj [4, 8, 11] 4 4 
C#:min [1, 4, 8] 1 4 
E:maj [4, 8, 11] 4 4 
C#:min [1, 4, 8] 1 4 
E:maj [4, 8, 11] 4 1 
