0 94
68 1
71 1
73 1
76 1
76 1
76 1
76 1
0 1
76 1
76 1
76 3
76 1
78 1
76 1
75 1
73 1
71 1
73 1
71 4
0 1
68 1
68 5
0 1
68 1
71 1
73 1
76 1
76 1
76 1
76 1
0 1
78 1
76 1
80 3
80 1
80 1
78 1
76 1
75 1
75 1
76 1
75 5
73 1
71 4
0 2
71 1
71 1
73 2
76 1
76 1
76 2
78 1
0 1
76 3
76 1
76 1
75 1
73 1
71 1
71 1
73 1
71 3
0 1
66 1
0 1
68 3
0 3
78 1
80 1
78 1
76 1
78 1
76 1
78 1
0 1
78 1
76 1
78 2
0 1
73 1
73 1
73 1
73 1
73 1
80 3
78 9
0 2
68 1
71 1
73 1
76 1
76 1
76 1
76 1
0 1
76 1
76 1
76 3
76 1
78 1
76 1
75 1
73 1
71 1
73 1
71 4
0 1
68 1
68 5
0 1
68 1
71 1
73 1
76 1
76 1
76 1
76 1
0 1
78 1
76 1
80 3
80 1
80 1
78 1
76 1
75 1
75 1
76 1
75 5
73 1
71 4
0 2
71 1
71 1
73 2
76 1
76 1
76 2
78 1
0 1
76 3
76 1
76 1
75 1
73 1
71 1
71 1
73 1
71 3
0 2
80 1
80 3
0 3
78 1
80 1
78 1
76 1
78 1
76 1
78 1
0 1
78 1
76 1
78 2
0 1
73 1
73 1
80 2
0 1
78 12
0 18
71 1
73 1
85 1
83 1
83 1
83 1
83 1
80 1
80 1
80 1
80 1
78 1
78 1
78 1
78 1
76 1
76 1
76 1
73 3
71 6
0 5
71 1
73 1
85 1
83 1
83 1
83 1
83 1
80 1
80 1
80 1
80 1
78 1
78 1
78 1
78 1
76 1
76 1
80 4
78 6
0 4
78 1
80 1
78 1
78 1
76 1
76 1
76 1
76 2
73 1
76 4
0 1
73 2
85 1
0 1
85 1
83 1
0 1
83 1
80 1
80 1
80 1
80 5
0 2
80 1
80 1
80 1
78 1
78 1
78 1
78 1
76 1
76 1
76 1
76 2
0 1
76 1
76 2
73 1
76 1
80 3
78 6
0 5
71 1
73 1
85 1
83 1
83 1
83 1
83 1
80 1
80 1
80 1
80 1
78 1
78 1
78 1
78 1
76 1
76 1
76 1
73 3
71 6
0 5
71 1
73 1
85 1
83 1
83 1
83 1
83 1
80 1
80 1
80 1
80 1
78 1
78 1
78 1
78 1
76 1
76 1
80 4
78 6
0 4
78 1
80 1
78 1
78 1
76 1
76 1
76 1
76 2
73 1
76 4
0 1
73 2
85 1
0 1
85 1
83 1
0 1
83 1
80 1
80 1
80 1
80 5
0 1
71 2
80 2
0 1
78 2
0 2
76 1
73 1
80 2
78 3
76 1
76 1
73 1
78 3
76 13
0 126
68 1
71 1
73 1
76 1
76 1
76 1
76 1
0 1
76 1
76 1
76 3
76 1
78 1
76 1
75 1
73 1
71 1
73 1
71 4
0 1
68 1
68 5
0 1
68 1
71 1
73 1
76 1
76 1
76 1
76 1
0 1
78 1
76 1
80 3
80 1
80 1
78 1
76 1
75 1
75 1
76 1
75 5
73 1
71 4
0 2
71 1
71 1
73 2
76 1
76 1
76 2
78 1
0 1
76 3
76 1
76 1
75 1
73 1
71 1
71 1
73 1
71 3
0 2
80 1
80 3
0 3
78 1
80 1
78 1
76 1
78 1
76 1
78 1
0 1
78 1
76 1
78 2
0 1
73 1
73 1
80 2
0 1
78 12
0 18
71 1
73 1
85 1
83 1
83 1
83 1
83 1
80 1
80 1
80 1
80 1
78 1
78 1
78 1
78 1
76 1
76 1
76 1
73 3
71 6
0 5
71 1
73 1
85 1
83 1
83 1
83 1
83 1
80 1
80 1
80 1
80 1
78 1
78 1
78 1
78 1
76 1
76 1
80 4
78 6
0 4
78 1
80 1
78 1
78 1
76 1
76 1
76 1
76 2
73 1
76 4
0 1
73 2
85 1
0 1
85 1
83 1
0 1
83 1
80 1
80 1
80 1
80 5
0 2
80 1
80 1
80 1
78 1
78 1
78 1
78 1
76 1
76 1
76 1
76 2
0 1
76 1
76 2
73 1
76 1
80 3
78 6
0 5
71 1
73 1
85 1
83 1
83 1
83 1
83 1
80 1
80 1
80 1
80 1
78 1
78 1
78 1
78 1
76 1
76 1
76 1
73 3
71 6
0 5
71 1
73 1
85 1
83 1
83 1
83 1
83 1
80 1
80 1
80 1
80 1
78 1
78 1
78 1
78 1
76 1
76 1
80 4
78 6
0 4
78 1
80 1
78 1
78 1
76 1
76 1
76 1
76 2
73 1
76 4
0 1
73 2
85 1
0 1
85 1
83 1
0 1
83 1
80 1
80 1
80 1
80 5
0 1
71 2
80 2
0 1
78 2
0 2
76 1
73 1
80 2
78 3
76 1
76 1
73 1
78 3
76 13
