0 128
65 1
0 1
63 1
0 1
61 1
0 1
60 1
61 2
0 1
58 3
0 3
60 1
0 1
61 1
0 1
61 1
0 1
63 1
61 2
58 5
0 2
58 2
63 1
0 1
63 2
58 1
0 1
63 2
58 1
0 1
63 2
66 1
0 1
65 13
0 3
63 1
0 1
70 1
0 1
70 1
0 1
63 1
63 2
0 1
61 5
0 1
60 2
65 1
0 1
65 1
0 1
60 1
0 1
60 2
58 3
0 1
58 1
60 1
61 5
0 1
60 1
61 1
63 1
0 1
63 3
0 1
60 1
0 1
58 15
0 1
65 1
0 1
63 1
0 1
61 1
0 1
60 1
61 2
0 1
58 3
0 3
60 1
0 1
61 1
0 1
61 1
0 1
63 1
61 2
58 5
0 2
58 2
63 1
0 1
63 2
58 1
0 1
63 2
58 1
0 1
63 2
66 1
0 1
65 13
0 3
63 1
0 1
70 1
0 1
70 1
0 1
63 1
63 2
0 1
61 5
0 1
60 2
65 1
0 1
65 1
0 1
60 1
0 1
60 2
58 3
0 1
58 1
60 1
61 5
0 1
60 1
61 1
63 1
0 1
63 3
0 1
60 1
58 14
65 1
70 1
72 1
73 1
0 1
73 1
0 1
70 1
75 2
0 1
73 4
0 2
70 1
73 1
72 1
0 1
72 1
72 1
72 2
68 1
63 1
65 4
0 3
65 1
63 1
0 1
63 1
63 3
70 1
0 1
68 1
0 1
70 1
72 2
0 1
68 2
65 13
0 3
70 1
0 1
68 1
70 2
0 1
73 1
0 1
75 2
77 1
75 3
73 1
0 1
68 1
0 1
70 1
72 3
75 1
0 1
73 4
0 2
65 1
68 1
70 2
68 1
70 2
0 1
77 1
0 1
75 3
77 2
0 1
68 1
0 1
70 16
0 128
65 1
0 1
63 1
0 1
61 1
0 1
60 1
61 2
0 1
58 3
0 3
60 1
0 1
61 1
0 1
61 1
0 1
63 1
61 2
58 5
0 2
58 2
63 1
0 1
63 2
58 1
0 1
63 2
58 1
0 1
63 2
66 1
0 1
65 13
0 3
63 1
0 1
70 1
0 1
70 1
0 1
63 1
63 2
0 1
61 5
0 1
60 2
65 1
0 1
65 1
0 1
60 1
0 1
60 2
58 3
0 1
58 1
60 1
61 5
0 1
60 1
61 1
63 1
0 1
63 3
0 1
60 1
58 14
65 1
70 1
72 1
73 1
0 1
73 1
0 1
70 1
75 2
0 1
73 4
0 2
70 1
73 1
72 1
0 1
72 1
72 1
72 2
68 1
63 1
65 4
0 3
65 1
63 1
0 1
63 1
63 3
70 1
0 1
68 1
0 1
70 1
72 2
0 1
68 2
65 13
0 3
70 1
0 1
68 1
70 2
0 1
73 1
0 1
75 2
77 1
75 3
73 1
0 1
68 1
0 1
70 1
72 3
75 1
0 1
73 4
0 2
65 1
68 1
70 2
68 1
70 2
0 1
77 1
0 1
75 3
77 2
0 1
68 1
0 1
70 12
0 1
65 1
70 1
72 1
73 1
0 1
73 1
0 1
70 1
75 2
0 1
73 4
0 2
70 1
73 1
72 1
0 1
72 1
72 1
72 2
68 1
63 1
65 4
0 3
65 1
63 1
0 1
63 1
63 3
70 1
0 1
68 1
0 1
70 1
72 2
0 1
68 2
65 13
0 3
70 1
0 1
68 1
70 2
0 1
73 1
0 1
75 1
0 1
77 1
75 3
73 1
0 1
68 1
0 1
70 1
72 3
75 1
0 1
73 4
0 2
65 1
68 1
70 2
68 1
70 2
0 1
77 1
0 1
75 3
77 2
0 1
68 1
0 1
70 13
0 1
65 1
68 1
70 2
68 1
70 2
77 2
0 1
75 4
72 11
0 3
68 3
0 3
70 14
