B:maj [3, 6, 11] 11 8 
E:maj [4, 8, 11] 4 4 
F#:min [1, 6, 9] 6 4 
B:maj [3, 6, 11] 11 4 
E:maj [4, 8, 11] 4 8 
F#:min [1, 6, 9] 6 4 
A:maj [1, 4, 9] 9 2 
D:maj [2, 6, 9] 2 2 
E:maj [4, 8, 11] 4 4 
C#:min [1, 4, 8] 1 4 
E:maj [4, 8, 11] 4 4 
C#:min [1, 4, 8] 1 3 
E:maj [4, 8, 11] 4 5 
F#:min [1, 6, 9] 6 4 
B:sus4 [4, 6, 11] 11 8 
E:maj [4, 8, 11] 4 4 
C#:min [1, 4, 8] 1 3 
E:maj [4, 8, 11] 4 5 
C#:min [1, 4, 8] 1 4 
E:maj [4, 8, 11] 4 4 
F#:min [1, 6, 9] 6 3 
B:maj [3, 6, 11] 11 9 
E:maj [4, 8, 11] 4 8 
F#:min [1, 6, 9] 6 4 
B:maj [3, 6, 11] 11 4 
E:maj [4, 8, 11] 4 8 
F#:min [1, 6, 9] 6 4 
A:min [0, 4, 9] 9 2 
D:maj [2, 6, 9] 2 2 
E:maj [4, 8, 11] 4 4 
C#:maj [1, 5, 8] 1 4 
E:maj [4, 8, 11] 4 4 
C#:min [1, 4, 8] 1 3 
E:maj [4, 8, 11] 4 5 
F#:min [1, 6, 9] 6 4 
B:sus4 [4, 6, 11] 11 8 
E:maj [4, 8, 11] 4 8 
F#:min [1, 6, 9] 6 4 
B:maj [3, 6, 11] 11 4 
E:maj [4, 8, 11] 4 8 
F#:min [1, 6, 9] 6 4 
A:min [0, 4, 9] 9 2 
D:maj [2, 6, 9] 2 2 
E:maj [4, 8, 11] 4 8 
F#:min [1, 6, 9] 6 8 
A:maj [1, 4, 9] 9 8 
E:maj [4, 8, 11] 4 8 
F#:min [1, 6, 9] 6 4 
B:maj [3, 6, 11] 11 4 
E:maj7 [2, 4, 8, 11] 4 8 
F#:min [1, 6, 9] 6 4 
A:min [0, 4, 9] 9 2 
D:maj(9) [0, 2, 4, 6, 9] 2 2 
E:maj [4, 8, 11] 4 8 
F#:min [1, 6, 9] 6 4 
B:maj [3, 6, 11] 11 4 
E:maj [4, 8, 11] 4 8 
F#:min [1, 6, 9] 6 4 
A:min [0, 4, 9] 9 2 
D:maj [2, 6, 9] 2 2 
E:maj [4, 8, 11] 4 4 
F#:min [1, 6, 9] 6 4 
B:maj [3, 6, 11] 11 4 
E:maj [4, 8, 11] 4 8 
F#:min [1, 6, 9] 6 4 
A:min [0, 4, 9] 9 2 
D:maj [2, 6, 9] 2 2 
E:maj [4, 8, 11] 4 4 
