0 162
76 1
0 1
76 1
0 1
76 1
76 2
0 1
75 1
0 1
73 1
0 1
71 2
68 10
0 8
73 1
0 1
73 1
0 1
73 1
73 2
0 1
71 1
0 1
64 1
0 1
71 1
68 14
0 5
66 1
66 1
66 1
0 1
68 1
66 1
0 2
64 1
0 1
68 1
0 1
66 15
0 5
71 1
0 1
71 1
0 1
73 1
71 1
0 2
59 1
0 1
61 1
0 1
64 12
0 8
76 1
0 1
76 1
0 1
76 1
76 2
0 1
75 1
0 1
73 1
0 1
71 2
68 10
0 8
73 1
0 1
73 1
0 1
73 1
73 2
0 1
71 1
0 1
64 1
0 1
71 1
68 14
0 5
66 1
66 1
66 1
0 1
68 1
66 1
0 2
64 1
0 1
68 1
0 1
66 15
0 5
71 1
0 1
71 1
0 1
73 1
71 1
0 2
59 1
0 1
61 1
0 1
64 12
0 8
80 1
0 1
80 1
0 1
80 1
0 1
80 2
78 1
0 1
78 1
0 1
76 1
78 14
0 5
78 1
0 1
78 1
0 1
78 1
78 2
0 1
76 1
0 1
73 1
0 1
71 13
0 7
80 1
80 1
80 1
0 1
80 1
80 1
0 2
78 1
0 1
78 1
0 1
76 1
78 15
0 4
71 1
0 1
76 2
71 1
79 3
78 1
0 1
78 2
76 17
0 3
76 1
0 1
76 1
0 1
76 1
76 2
0 1
75 1
0 1
73 1
0 1
71 2
68 16
0 2
73 1
0 1
73 1
0 1
73 1
73 2
0 1
71 1
0 1
64 1
0 1
71 1
68 14
0 5
66 1
66 1
66 1
0 1
68 1
66 1
0 2
64 1
0 1
68 1
0 1
66 18
0 2
71 1
0 1
71 1
0 1
73 1
71 1
0 2
59 1
0 1
61 1
0 1
64 18
0 2
80 1
0 1
80 1
0 1
80 1
0 1
80 2
78 1
0 1
78 1
0 1
76 1
78 17
0 2
78 1
0 1
78 1
0 1
78 1
78 2
0 1
76 1
0 1
73 1
0 1
71 18
0 2
80 1
80 1
80 1
0 1
80 1
80 1
0 2
78 1
0 1
78 1
0 1
76 1
78 17
0 2
71 1
0 1
76 2
71 1
79 3
78 1
0 1
78 2
76 17
0 99
80 1
0 1
80 1
0 1
80 1
0 1
80 2
78 1
0 1
78 1
0 1
76 1
78 17
0 2
78 1
0 1
78 1
0 1
78 1
78 2
0 1
76 1
0 1
73 1
0 1
71 18
0 2
80 1
80 1
80 1
0 1
80 1
80 1
0 2
78 1
0 1
78 1
0 1
76 1
78 17
0 2
71 1
0 1
76 2
71 1
79 3
78 1
0 1
78 2
76 17
0 3
80 1
0 1
80 1
0 1
80 1
0 1
80 2
78 1
0 1
78 1
0 1
76 1
78 17
0 2
78 1
0 1
78 1
0 1
78 1
78 2
0 1
76 1
0 1
73 1
0 1
71 18
0 2
80 1
80 1
80 1
0 1
80 1
80 1
0 2
78 1
0 1
78 1
0 1
76 1
78 17
0 2
71 1
0 1
76 2
71 1
79 3
78 1
0 1
78 2
76 17
