0 60
60 2
63 2
65 6
63 2
65 2
72 2
70 2
68 2
65 2
63 10
60 2
63 2
65 6
63 2
65 2
72 2
70 2
68 2
70 12
68 2
70 2
72 6
70 2
70 2
68 4
65 2
68 6
70 2
68 1
70 1
68 2
65 2
63 2
60 2
58 2
60 2
68 2
65 2
63 2
63 4
65 2
63 2
65 2
63 2
65 6
60 2
63 12
60 2
63 2
65 6
63 2
65 2
72 2
70 2
68 2
65 2
63 10
60 2
63 2
65 6
63 2
65 2
72 2
70 2
68 2
70 12
68 2
70 2
72 6
70 2
70 2
68 4
65 2
68 6
70 2
68 1
70 1
68 2
65 2
63 2
60 2
58 2
60 2
68 2
65 2
63 2
63 4
65 2
63 2
65 2
63 2
65 6
65 1
68 1
70 12
68 2
70 2
72 4
72 2
70 2
70 4
68 2
70 2
72 2
77 2
72 2
70 2
70 4
65 2
67 2
68 4
68 2
72 2
70 4
65 2
67 2
68 1
68 1
68 1
65 1
68 2
72 2
70 4
68 2
70 2
72 4
72 2
70 2
70 4
68 2
70 2
72 2
77 2
72 2
70 2
70 4
65 2
67 2
68 3
65 1
68 2
72 2
70 6
65 1
67 1
68 2
68 2
67 2
65 6
63 2
65 1
67 3
65 16
0 122
60 2
63 2
65 6
63 2
65 2
72 2
70 2
68 2
65 2
63 10
60 2
63 2
65 6
63 2
65 2
72 2
70 2
68 2
70 12
68 2
70 2
72 6
70 2
70 2
68 4
65 2
68 6
70 2
68 1
70 1
68 2
65 2
63 2
60 2
58 2
60 2
68 2
65 2
63 2
63 4
65 2
63 2
65 2
63 2
65 6
60 2
63 12
60 2
63 2
65 6
63 2
65 2
72 2
70 2
68 2
65 2
63 10
60 2
63 2
65 6
63 2
65 2
72 2
70 2
68 2
70 12
68 2
70 2
72 6
70 2
70 2
68 4
65 2
68 6
70 2
68 1
70 1
68 2
65 2
63 2
60 2
58 2
60 2
68 2
65 2
63 2
63 4
65 2
63 2
65 2
63 2
65 6
65 1
68 1
70 12
68 2
70 2
72 4
72 2
70 2
70 4
68 2
70 2
72 2
77 2
72 2
70 2
70 4
65 2
67 2
68 4
68 2
72 2
70 4
65 2
67 2
68 1
68 1
68 1
65 1
68 2
72 2
70 4
68 2
70 2
72 4
72 2
70 2
70 4
68 2
70 2
72 2
77 2
72 2
70 2
70 4
65 2
67 2
68 3
65 1
68 2
72 2
70 6
65 1
67 1
68 2
68 2
67 2
65 6
63 2
65 1
67 3
65 16
