F:maj [0, 5, 9] 5 4 
G:maj [2, 7, 11] 7 4 
E:min [4, 7, 11] 4 4 
A:min [0, 4, 9] 9 4 
D:min [2, 5, 9] 2 4 
E:min [4, 7, 11] 4 4 
A:maj [1, 4, 9] 9 10 
A:min9 [0, 4, 7, 9, 11] 9 2 
E:min [4, 7, 11] 4 3 
E:min7 [2, 4, 7, 11] 4 1 
F:maj [0, 5, 9] 5 4 
C:maj [0, 4, 7] 0 2 
E:min [4, 7, 11] 4 2
A:min [0, 4, 9] 9 4
E:min [4, 7, 11] 4 3 
E:min7 [2, 4, 7, 11] 4 1 
D:min [2, 5, 9] 2 4 
E:sus4 [4, 9, 11] 4 4
A:min [0, 4, 9] 9 4 
E:min [4, 7, 11] 4 3 
E:min7 [2, 4, 7, 11] 4 1 
F:maj [0, 5, 9] 5 4 
C:maj [0, 4, 7] 0 2 
E:min/5 [4, 7, 11] 11 2 
A:min [0, 4, 9] 9 4 
E:min [4, 7, 11] 4 4 
D:min [2, 5, 9] 2 4 
G:7 [2, 5, 7, 11] 7 4 
F:maj [0, 5, 9] 5 3 
F:maj9 [0, 3, 5, 7, 9] 5 1 
G:maj [2, 7, 11] 7 4 
E:min [4, 7, 11] 4 4 
A:min7 [0, 4, 7, 9] 9 4 
D:min [2, 5, 9] 2 4 
E:min [4, 7, 11] 4 4 
F:maj [0, 5, 9] 5 3 
F:maj(9) [0, 3, 5, 7, 9] 5 1 
G:maj [2, 7, 11] 7 6 
F:maj [0, 5, 9] 5 10 
E:min [4, 7, 11] 4 4 
A:min [0, 4, 9] 9 4 
D:min [2, 5, 9] 2 4  
G:maj [2, 7, 11] 7 4 
C:maj7 [0, 4, 7, 10] 0 1 
C:sus2 [0, 2, 7] 0 4 
C:sus4 [0, 5, 7] 0 2 
C:sus2 [0, 2, 7] 0 1 
F:maj [0, 5, 9] 5 4 
G:maj [2, 7, 11] 7 4 
E:min [4, 7, 11] 4 4 
A:min [0, 4, 9] 9 4 
D:min [2, 5, 9] 2 4 
G:sus2 [2, 7, 9] 7 4 
C:maj [0, 4, 7] 0 8 
A:min [0, 4, 9] 9 4 
E:min [4, 7, 11] 4 4 
D:min [2, 5, 9] 2 2 
E:maj [4, 8, 11] 4 2 
A:sus4 [2, 4, 9] 9 10 
A:min7 [0, 4, 7, 9] 9 2 
E:min [4, 7, 11] 4 3 
E:min7 [2, 4, 7, 11] 4 1 
F:maj [0, 5, 9] 5 2 
C:maj [0, 4, 7] 0 4 
E:min/5 [4, 7, 11] 11 2 
A:min [0, 4, 9] 9 3 
A:min7 [0, 4, 7, 9] 9 1 
E:min [4, 7, 11] 4 3 
E:min7 [2, 4, 7, 11] 4 1 
D:min [2, 5, 9] 2 2 
E:sus4 [4, 9, 11] 4 6 
A:min [0, 4, 9] 9 4 
E:min [4, 7, 11] 4 3 
F:maj [0, 5, 9] 5 5 
C:maj [0, 4, 7] 0 2 
E:min/5 [4, 7, 11] 11 1 
A:min [0, 4, 9] 9 5 
E:min [4, 7, 11] 4 4 
D:min [2, 5, 9] 2 4 
G:9 [2, 5, 7, 9, 11] 7 4 
F:maj [0, 5, 9] 5 3 
F:maj9 [0, 3, 5, 7, 9] 5 1 
G:maj [2, 7, 11] 7 3 
E:min [4, 7, 11] 4 4 
A:min7 [0, 4, 7, 9] 9 5 
D:min [2, 5, 9] 2 4 
E:min [4, 7, 11] 4 4 
F:maj [0, 5, 9] 5 3 
F:maj(9) [0, 3, 5, 7, 9] 5 1 
G:maj [2, 7, 11] 7 4 
Ab:maj [0, 3, 8] 8 4 
F#:maj [1, 6, 10] 6 7 
F:min [0, 5, 8] 5 4 
Bb:min [1, 5, 10] 10 4 
Eb:min [3, 6, 10] 3 4 
Eb:min7 [1, 3, 6, 10] 3 1 
Ab:maj [0, 3, 8] 8 4 
C#:maj9 [1, 3, 5, 8, 11] 1 1 
C#:sus2 [1, 3, 8] 1 3 
C#:sus4 [1, 6, 8] 1 2 
C#:sus2 [1, 3, 8] 1 1 
F#:maj [1, 6, 10] 6 5 
Ab:maj [0, 3, 8] 8 3 
F:min [0, 5, 8] 5 4 
Bb:min [1, 5, 10] 10 4 
Eb:min [3, 6, 10] 3 4 
Ab:sus2 [3, 8, 10] 8 5 
C#:maj [1, 5, 8] 1 8 
F#:maj [1, 6, 10] 6 4 
Ab:maj [0, 3, 8] 8 4 
F:min [0, 5, 8] 5 4 
Bb:min [1, 5, 10] 10 4 
Eb:min [3, 6, 10] 3 4 
Ab:maj [0, 3, 8] 8 4 
C#:maj [1, 5, 8] 1 8 
F#:maj [1, 6, 10] 6 4 
Ab:maj [0, 3, 8] 8 4 
F:min [0, 5, 8] 5 4 
Bb:min [1, 5, 10] 10 4 
Eb:min [3, 6, 10] 3 4 
Ab:maj [0, 3, 8] 8 4 
C#:maj [1, 5, 8] 1 8 
F#:min [1, 6, 9] 6 8 
C#:maj [1, 5, 8] 1 8 
F#:min [1, 6, 9] 6 5 
