0 122
67 1
67 1
75 2
74 1
0 1
75 6
67 1
0 1
67 3
0 1
67 2
70 1
0 1
70 6
72 1
0 1
68 2
65 1
65 1
74 2
72 2
74 6
65 1
0 1
65 3
65 1
70 2
68 2
68 5
0 1
68 1
70 1
67 1
0 1
67 1
67 1
75 2
74 1
0 1
75 5
0 2
75 1
67 2
0 1
67 1
72 2
75 2
79 5
0 1
77 2
77 4
0 2
75 2
75 4
0 2
75 2
74 3
0 1
77 2
75 1
75 2
0 1
74 7
0 1
67 1
67 1
75 2
74 1
0 1
75 5
0 1
67 1
0 1
67 3
0 1
67 1
0 1
70 1
0 1
70 5
0 1
72 1
0 1
68 2
65 1
65 1
74 1
0 1
72 1
0 1
74 5
0 1
65 1
0 1
65 2
65 2
70 2
68 1
0 1
68 4
68 2
70 2
67 1
0 1
67 1
67 1
75 2
74 1
0 1
75 5
0 1
67 3
0 1
67 1
0 1
72 1
0 1
75 2
79 6
77 1
0 1
77 4
0 2
75 1
0 1
75 7
0 1
74 4
74 2
75 2
74 3
72 6
0 1
72 2
74 2
75 2
75 7
0 1
77 3
0 1
74 1
0 1
72 2
70 4
67 2
70 1
0 1
72 3
0 1
72 1
0 1
74 2
75 8
74 4
75 3
0 1
80 15
0 1
79 9
0 1
74 1
0 1
75 1
0 1
77 1
0 1
79 1
0 1
75 1
0 1
79 2
75 1
79 2
0 1
75 2
77 1
0 1
79 1
0 1
82 6
80 1
0 1
80 6
0 2
77 1
0 1
75 2
74 2
72 1
70 2
0 1
70 2
72 2
74 1
0 1
80 5
0 1
79 1
77 1
79 2
67 1
0 1
72 1
0 1
74 1
0 1
75 2
74 1
0 1
75 2
74 1
75 3
72 2
74 2
75 2
79 6
77 1
75 1
77 5
77 1
79 1
77 1
75 4
0 1
75 1
77 1
75 1
74 4
74 2
75 2
74 2
72 6
0 146
74 1
0 1
75 1
0 1
77 1
0 1
79 1
0 1
75 1
0 1
79 2
75 1
79 2
0 1
75 2
77 1
0 1
79 1
0 1
82 6
80 1
0 1
80 6
0 2
77 1
0 1
75 2
74 2
72 1
70 2
0 1
70 2
72 2
74 1
0 1
80 5
0 1
79 1
77 1
79 2
67 1
0 1
72 1
0 1
74 1
0 1
75 2
74 1
0 1
75 2
74 1
75 3
72 2
74 2
75 2
79 6
77 1
75 1
77 5
77 1
79 1
77 1
75 4
0 1
75 1
77 1
75 1
74 4
74 2
75 2
74 2
72 6
0 2
72 2
74 2
75 2
75 7
0 1
77 3
0 1
74 1
0 1
72 2
70 4
67 2
70 1
0 1
72 3
0 1
72 1
0 1
74 2
75 8
74 4
75 3
0 1
80 15
0 1
79 9
0 1
74 1
0 1
75 1
0 1
77 1
0 1
79 1
0 1
75 1
0 1
79 2
75 1
79 2
0 1
75 2
77 1
0 1
79 1
0 1
82 6
80 1
0 1
80 6
0 2
77 1
0 1
75 2
74 2
72 1
70 2
0 1
70 2
72 2
74 1
0 1
80 5
0 1
79 1
77 1
79 2
67 1
0 1
72 1
0 1
74 1
0 1
75 2
74 1
0 1
75 2
74 1
75 3
72 2
74 2
75 2
79 6
77 1
75 1
77 5
77 1
79 1
77 1
75 4
0 1
75 1
77 1
75 1
74 4
74 2
75 2
74 2
72 6
