F#:maj [1, 6, 10] 6 2 
Ab:maj [0, 3, 8] 8 2 
Bb:min [1, 5, 10] 10 2 
Bb:min9 [0, 1, 5, 8, 10] 10 2 
F#:maj [1, 6, 10] 6 2 
F:min7 [0, 3, 5, 8] 5 2 
Bb:min9 [0, 1, 5, 8, 10] 10 4 
Eb:min7 [1, 3, 6, 10] 3 2 
Ab:maj [0, 3, 8] 8 2 
Bb:min [1, 5, 10] 10 2 
Bb:min7 [1, 5, 8, 10] 10 2 
Eb:min7 [1, 3, 6, 10] 3 2 
Ab:maj [0, 3, 8] 8 2 
Bb:min7 [1, 5, 8, 10] 10 4 
Bb:min [1, 5, 10] 10 4 
F:min7 [0, 3, 5, 8] 5 4 
F#:maj [1, 6, 10] 6 4 
F:min7 [0, 3, 5, 8] 5 4 
Bb:min [1, 5, 10] 10 4 
C#:maj/3 [1, 5, 8] 5 4 
F#:maj [1, 6, 10] 6 2 
F:min7 [0, 3, 5, 8] 5 2 
Bb:min [1, 5, 10] 10 4 
F#:maj [1, 6, 10] 6 2 
Ab:maj [0, 3, 8] 8 2 
Bb:sus2 [0, 5, 10] 10 4 
F#:maj7 [1, 4, 6, 10] 6 2 
Ab:maj [0, 3, 8] 8 2 
C#:sus4 [1, 6, 8] 1 4 
C:hdim7 [0, 3, 6, 9] 0 2 
F:sus4(b7) [0, 5, 10] 5 2 
Bb:min7 [1, 5, 8, 10] 10 2 
G:hdim7 [1, 4, 7, 10] 7 2 
Eb:maj [3, 7, 10] 3 2 
F:maj [0, 5, 9] 5 2 
Bb:sus2 [0, 5, 10] 10 4 
F#:maj [1, 6, 10] 6 2 
Ab:maj [0, 3, 8] 8 2 
Bb:min [1, 5, 10] 10 4 
F#:maj [1, 6, 10] 6 2 
Ab:maj [0, 3, 8] 8 2 
Bb:sus2 [0, 5, 10] 10 3 
Bb:min [1, 5, 10] 10 1 
F#:maj [1, 6, 10] 6 2 
Ab:maj [0, 3, 8] 8 2 
Bb:min [1, 5, 10] 10 4 
Eb:min7 [1, 3, 6, 10] 3 2 
Ab:maj [0, 3, 8] 8 2 
Bb:sus2 [0, 5, 10] 10 3 
Bb:min [1, 5, 10] 10 1 
F#:maj [1, 6, 10] 6 2 
Ab:maj [0, 3, 8] 8 2 
Bb:min [1, 5, 10] 10 2 
Bb:min9 [0, 1, 5, 8, 10] 10 2 
F#:maj [1, 6, 10] 6 2 
Ab:maj [0, 3, 8] 8 2 
Bb:min7 [1, 5, 8, 10] 10 4 
Bb:min [1, 5, 10] 10 4 
F:min7 [0, 3, 5, 8] 5 4 
F#:maj [1, 6, 10] 6 4 
F:min7 [0, 3, 5, 8] 5 4 
Bb:min [1, 5, 10] 10 4 
C#:maj/3 [1, 5, 8] 5 4 
F#:maj [1, 6, 10] 6 2 
Ab:maj [0, 3, 8] 8 2 
Bb:sus4 [3, 5, 10] 10 4 
F#:maj [1, 6, 10] 6 2 
Ab:maj [0, 3, 8] 8 2 
Bb:sus2 [0, 5, 10] 10 4 
F#:maj7 [1, 4, 6, 10] 6 2 
Ab:maj [0, 3, 8] 8 2 
C#:sus4 [1, 6, 8] 1 4 
C:hdim7 [0, 3, 6, 9] 0 2 
Bb:maj [2, 5, 10] 10 2 
Bb:min7 [1, 5, 8, 10] 10 2 
G:hdim7 [1, 4, 7, 10] 7 2 
Eb:maj [3, 7, 10] 3 2 
F:maj [0, 5, 9] 5 2 
Bb:sus2 [0, 5, 10] 10 4 
F#:maj [1, 6, 10] 6 2 
Ab:maj [0, 3, 8] 8 2 
Bb:min [1, 5, 10] 10 4 
F#:maj [1, 6, 10] 6 2 
Ab:maj [0, 3, 8] 8 2 
Bb:sus2 [0, 5, 10] 10 4 
F#:maj [1, 6, 10] 6 2 
Ab:maj [0, 3, 8] 8 2 
Bb:min [1, 5, 10] 10 4 
Eb:min7 [1, 3, 6, 10] 3 2 
F:min7 [0, 3, 5, 8] 5 2 
Bb:min [1, 5, 10] 10 8 
F:min [0, 5, 8] 5 8 
F#:maj7 [1, 4, 6, 10] 6 4 
Ab:maj6 [0, 3, 5, 8] 8 4 
Bb:min [1, 5, 10] 10 10 
F#:maj [1, 6, 10] 6 2 
Ab:maj [0, 3, 8] 8 2 
Bb:min [1, 5, 10] 10 4 
F#:maj [1, 6, 10] 6 2 
Ab:maj [0, 3, 8] 8 2 
Bb:sus2 [0, 5, 10] 10 4 
F#:maj [1, 6, 10] 6 2 
Ab:maj [0, 3, 8] 8 2 
Bb:min [1, 5, 10] 10 4 
Eb:min [3, 6, 10] 3 2 
Ab:maj [0, 3, 8] 8 2 
Bb:min [1, 5, 10] 10 4 
F#:maj7 [1, 4, 6, 10] 6 2 
Ab:sus2 [3, 8, 10] 8 2 
Bb:sus4 [3, 5, 10] 10 4 
F#:maj7 [1, 4, 6, 10] 6 2 
Ab:sus2 [3, 8, 10] 8 2 
Bb:sus4 [3, 5, 10] 10 4 
F#:maj [1, 6, 10] 6 2 
Ab:sus2 [3, 8, 10] 8 2 
Bb:sus4 [3, 5, 10] 10 4 
Eb:min9 [1, 3, 5, 6, 10] 3 2 
Ab:sus2 [3, 8, 10] 8 4 
Bb:min [1, 5, 10] 10 6 
