0 128
70 2
73 2
73 2
75 2
75 2
77 2
77 2
82 2
80 6
77 2
75 8
70 2
73 2
73 2
75 2
75 2
77 2
77 4
70 4
68 12
70 2
73 2
73 2
75 2
75 2
77 2
77 2
82 2
80 6
77 2
75 8
75 2
77 2
70 4
75 2
77 2
70 2
68 2
70 12
70 2
73 2
75 6
73 2
70 4
70 2
73 2
75 6
73 2
77 4
77 2
80 2
82 4
82 2
80 2
77 2
75 2
73 4
75 4
77 8
70 2
73 2
75 6
73 2
70 4
70 2
73 2
75 4
73 4
77 8
75 2
77 2
70 4
75 2
77 2
70 2
68 2
70 12
77 2
80 2
85 6
84 2
77 4
77 2
75 2
73 4
73 2
75 2
77 4
77 2
75 2
73 4
82 2
85 2
84 2
82 2
80 2
75 2
77 12
77 2
80 2
85 6
84 2
77 4
77 2
75 2
73 4
73 2
75 2
77 8
75 2
77 2
70 4
75 2
77 2
70 2
68 2
70 16
0 64
70 2
73 1
0 1
73 2
75 1
0 1
75 2
77 1
0 1
77 2
82 1
0 1
80 5
0 1
77 2
75 3
0 5
70 2
73 1
0 1
73 2
75 1
0 1
75 1
0 1
77 1
0 1
77 2
0 2
70 2
0 2
68 1
0 11
70 2
73 1
0 1
73 2
75 1
0 1
75 2
77 1
0 1
77 1
0 1
82 1
0 1
80 2
0 4
77 2
75 2
0 6
75 2
77 2
70 2
0 2
75 2
77 2
70 1
0 1
68 1
0 1
70 2
0 10
70 2
73 2
75 5
0 1
73 2
70 2
0 2
70 2
73 2
75 4
0 2
73 2
77 2
0 2
77 2
80 1
0 1
82 3
0 1
82 2
80 2
77 2
75 2
73 3
0 1
75 4
77 2
0 6
70 2
73 2
75 5
0 1
73 2
70 2
0 2
70 2
73 2
75 4
73 3
0 1
77 2
0 6
75 2
77 2
70 2
0 2
75 2
77 2
70 2
68 2
70 3
0 9
77 2
80 2
85 4
0 2
84 2
77 2
0 2
77 2
75 2
73 3
0 1
73 2
75 2
77 2
0 2
77 2
75 2
73 2
0 2
82 2
85 2
84 2
82 2
80 2
75 2
77 2
0 10
77 1
0 1
80 2
85 5
0 1
84 2
77 1
0 3
77 2
75 2
73 3
0 1
73 2
75 2
77 2
0 6
75 2
77 2
70 3
0 1
75 2
77 2
70 2
68 2
70 2
0 130
77 2
80 2
82 4
84 2
80 2
82 6
80 2
82 4
80 4
77 4
77 2
80 2
82 4
84 2
80 2
82 4
84 4
85 12
82 2
89 2
87 4
82 2
89 2
87 8
84 4
80 4
77 8
87 2
89 2
82 4
87 2
89 2
82 4
80 4
82 8
