C#:maj [1, 5, 8] 1 4 
Ab:maj/3 [0, 3, 8] 0 4 
Bb:min7 [1, 5, 8, 10] 10 5 
F:min [0, 5, 8] 5 3 
F#:maj [1, 6, 10] 6 4 
C#:maj/3 [1, 5, 8] 5 4 
Eb:min [3, 6, 10] 3 2 
Ab:sus4(b7) [1, 3, 8] 8 10 
C#:maj [1, 5, 8] 1 4 
C#:maj7/7 [1, 5, 8, 11] 0 4 
Bb:min [1, 5, 10] 10 4 
F:min [0, 5, 8] 5 4 
F#:maj6 [1, 3, 6, 10] 6 4 
F:min [0, 5, 8] 5 2 
Bb:min [1, 5, 10] 10 2 
Eb:min [3, 6, 10] 3 4 
Ab:maj [0, 3, 8] 8 8 
C#:maj [1, 5, 8] 1 2 
Ab:maj/3 [0, 3, 8] 0 6 
Bb:min [1, 5, 10] 10 2 
Ab:maj [0, 3, 8] 8 5 
F#:maj [1, 6, 10] 6 3 
F:maj [0, 5, 9] 5 4 
Bb:min [1, 5, 10] 10 2 
Eb:min [3, 6, 10] 3 3 
Ab:sus2 [3, 8, 10] 8 9 
C#:maj [1, 5, 8] 1 2 
Ab:maj [0, 3, 8] 8 6 
Bb:min [1, 5, 10] 10 4 
Bb:min/5 [1, 5, 10] 5 3 
F#:maj [1, 6, 10] 6 3 
C#:maj [1, 5, 8] 1 6 
Eb:sus4 [3, 8, 10] 3 2 
Ab:sus2 [3, 8, 10] 8 6 
C#:maj/5 [1, 5, 8] 8 4 
Ab:maj [0, 3, 8] 8 4 
Bb:min [1, 5, 10] 10 4 
F:min [0, 5, 8] 5 3 
F#:maj [1, 6, 10] 6 5 
C#:maj [1, 5, 8] 1 3 
Eb:min [3, 6, 10] 3 5 
Ab:maj [0, 3, 8] 8 8 
C#:sus2 [1, 3, 8] 1 4 
Ab:maj/3 [0, 3, 8] 0 4 
Bb:min7 [1, 5, 8, 10] 10 4 
Bb:min [1, 5, 10] 10 1 
F:min [0, 5, 8] 5 3 
F#:maj [1, 6, 10] 6 2 
C#:maj [1, 5, 8] 1 6 
Eb:min [3, 6, 10] 3 4 
Ab:maj [0, 3, 8] 8 4 
C#:maj/5 [1, 5, 8] 8 2 
Ab:maj/3 [0, 3, 8] 0 6 
Bb:min [1, 5, 10] 10 2 
Ab:maj [0, 3, 8] 8 5 
F#:maj [1, 6, 10] 6 3 
F:maj [0, 5, 9] 5 4 
Bb:min [1, 5, 10] 10 2 
Eb:min [3, 6, 10] 3 4 
Ab:sus2 [3, 8, 10] 8 8 
C#:maj [1, 5, 8] 1 2 
Ab:maj [0, 3, 8] 8 6 
Bb:min [1, 5, 10] 10 4 
Bb:min/5 [1, 5, 10] 5 3 
F#:maj [1, 6, 10] 6 3 
C#:maj [1, 5, 8] 1 6 
Eb:sus4 [3, 8, 10] 3 2 
Ab:sus2 [3, 8, 10] 8 6 
C#:maj/5 [1, 5, 8] 8 4 
Ab:maj [0, 3, 8] 8 4 
Bb:min [1, 5, 10] 10 5 
F:min [0, 5, 8] 5 2 
F#:maj [1, 6, 10] 6 5 
C#:maj [1, 5, 8] 1 3 
Eb:min [3, 6, 10] 3 5 
Ab:maj [0, 3, 8] 8 4 
C#:maj/5 [1, 5, 8] 8 4 
Ab:maj [0, 3, 8] 8 4 
Bb:min [1, 5, 10] 10 5 
F:min [0, 5, 8] 5 3 
F#:maj [1, 6, 10] 6 2 
C#:maj [1, 5, 8] 1 6 
Eb:sus4 [3, 8, 10] 3 2 
Ab:sus2 [3, 8, 10] 8 6 
C#:maj/5 [1, 5, 8] 8 4 
Ab:maj [0, 3, 8] 8 4 
Bb:min [1, 5, 10] 10 4 
F:min [0, 5, 8] 5 8 
C#:maj [1, 5, 8] 1 3 
Eb:min [3, 6, 10] 3 5 
Ab:maj [0, 3, 8] 8 12 
C#:maj [1, 5, 8] 1 4 
C#:maj7/7 [1, 5, 8, 11] 0 4 
Bb:min [1, 5, 10] 10 4 
Bb:min7 [1, 5, 8, 10] 10 1 
Ab:maj [0, 3, 8] 8 3 
F#:maj6 [1, 3, 6, 10] 6 4 
F:min [0, 5, 8] 5 2 
Bb:min [1, 5, 10] 10 2 
Eb:min [3, 6, 10] 3 4 
Ab:maj [0, 3, 8] 8 12 
C#:sus2 [1, 3, 8] 1 6 
