0 140
68 2
66 2
65 3
0 1
63 2
61 5
0 1
70 1
0 1
68 8
61 2
63 2
61 2
60 2
61 1
0 1
63 3
0 1
63 1
0 1
63 1
0 1
63 1
0 1
66 3
0 1
65 7
0 1
65 1
0 1
65 2
70 3
0 1
70 3
0 1
68 1
0 1
70 2
66 1
0 1
66 4
68 2
65 4
68 2
63 2
61 4
0 2
56 1
0 1
56 2
65 3
0 1
61 1
0 1
61 1
0 1
61 2
58 2
0 4
70 3
0 1
68 2
65 2
63 8
0 12
68 2
66 2
65 3
0 1
65 2
65 3
0 1
63 2
61 2
63 4
68 5
0 5
65 2
68 1
0 1
70 4
65 1
0 1
65 1
0 1
65 2
63 3
0 1
65 8
0 6
65 1
0 1
68 2
70 4
68 1
0 1
70 5
0 1
70 1
0 1
73 1
0 1
68 3
0 1
68 2
70 4
65 5
0 1
66 2
65 2
63 1
0 1
63 5
0 1
70 1
0 1
70 3
0 1
68 15
0 5
68 1
0 1
68 1
0 1
70 3
0 1
68 2
77 1
0 1
77 1
0 1
77 1
0 1
77 2
77 3
0 1
75 2
73 1
0 1
75 5
0 1
68 1
0 1
75 3
0 1
75 1
0 1
77 2
75 1
0 1
73 1
0 1
73 1
0 1
73 1
0 1
72 3
0 1
73 1
0 1
65 1
0 1
68 4
0 2
68 1
0 1
70 2
68 1
0 1
70 1
0 1
73 6
0 2
73 1
0 1
73 3
0 1
70 2
65 5
0 2
68 1
0 2
68 3
0 1
70 1
0 1
68 1
0 1
77 3
0 1
73 1
0 1
73 2
73 3
0 1
77 1
0 1
75 6
0 2
68 1
0 1
73 1
0 1
75 1
0 1
75 1
0 1
73 1
0 1
77 1
0 1
77 1
0 1
77 1
0 1
77 1
0 1
77 2
0 1
75 1
0 2
73 2
75 5
0 1
68 2
75 3
0 1
75 1
0 1
77 1
0 1
75 1
0 1
73 1
0 1
73 1
0 1
70 2
73 3
0 1
65 2
68 7
0 1
68 1
0 1
70 2
68 1
0 1
70 1
0 1
73 7
0 1
73 1
0 1
73 3
0 1
70 1
0 1
68 6
0 2
68 1
0 1
70 1
0 1
68 2
70 1
0 1
77 3
0 1
73 1
0 1
73 1
0 1
70 2
73 2
77 3
0 1
75 16
0 8
68 2
75 2
73 2
72 2
75 6
73 15
0 105
68 2
66 2
65 3
0 1
65 2
65 3
0 1
63 2
61 2
63 4
68 5
0 5
65 2
68 1
0 1
70 4
65 1
0 1
65 1
0 1
65 2
63 3
0 1
65 8
0 6
65 1
0 1
68 2
70 4
68 1
0 1
70 5
0 1
70 1
0 1
73 1
0 1
68 3
0 1
68 2
70 4
65 5
0 1
66 2
65 2
63 1
0 1
63 5
0 1
70 1
0 1
70 3
0 1
68 15
0 5
68 1
0 1
68 1
0 1
70 3
0 1
68 2
77 1
0 1
77 1
0 1
77 1
0 1
77 2
77 3
0 1
75 2
73 1
0 1
75 5
0 1
68 1
0 1
75 3
0 1
75 1
0 1
77 2
75 1
0 1
73 1
0 1
73 1
0 1
73 1
0 1
72 3
0 1
73 1
0 1
65 1
0 1
68 4
0 2
68 1
0 1
70 2
68 1
0 1
70 1
0 1
73 6
0 2
73 1
0 1
73 3
0 1
70 2
65 5
0 2
68 1
0 2
68 3
0 1
70 1
0 1
68 1
0 1
77 3
0 1
73 1
0 1
73 2
73 3
0 1
77 1
0 1
75 6
0 2
68 1
0 1
73 1
0 1
75 1
0 1
75 1
0 1
73 1
0 1
77 1
0 1
77 1
0 1
77 1
0 1
77 1
0 1
77 2
0 1
75 1
0 2
73 2
75 5
0 1
68 2
75 3
0 1
75 1
0 1
77 1
0 1
75 1
0 1
73 1
0 1
73 1
0 1
70 2
73 3
0 1
65 2
68 7
0 1
68 1
0 1
70 2
68 1
0 1
70 1
0 1
73 7
0 1
73 1
0 1
73 3
0 1
70 1
0 1
68 6
0 2
68 1
0 1
70 1
0 1
68 2
70 1
0 1
77 3
0 1
73 1
0 1
73 1
0 1
70 2
73 2
77 3
0 1
75 6
0 2
68 1
0 1
68 1
0 1
70 3
0 1
68 2
77 1
0 1
77 1
0 1
77 1
0 1
77 2
77 3
0 1
75 2
73 1
0 1
75 5
0 5
68 1
0 1
77 1
0 1
75 2
75 1
0 1
73 1
0 1
73 1
0 1
73 1
0 1
75 3
0 1
73 1
0 1
65 1
0 1
68 4
0 6
68 1
0 1
70 1
0 1
73 6
0 2
73 1
0 1
73 3
0 1
70 2
65 5
0 3
68 1
0 1
68 3
0 1
70 1
0 1
68 1
0 1
77 3
0 1
73 1
0 1
73 2
73 3
0 1
77 1
0 1
75 6
0 2
68 1
0 1
73 1
0 1
75 1
0 1
75 1
0 1
73 1
0 1
77 1
0 1
77 1
0 1
77 1
0 1
77 1
0 1
77 2
0 1
75 1
0 2
73 2
75 5
0 1
68 2
0 2
77 2
77 1
0 1
75 1
0 1
75 1
0 1
73 2
0 2
73 2
73 3
0 1
65 2
68 7
0 1
68 1
0 1
70 2
68 1
0 1
70 1
0 1
73 7
0 1
73 1
0 1
73 3
0 1
70 1
0 1
68 6
0 2
68 1
0 1
70 1
0 1
68 2
70 1
0 1
77 3
0 1
73 1
0 1
73 1
0 1
70 2
73 2
77 3
0 1
75 16
0 10
73 8
0 2
72 6
0 1
73 15
