A:maj [1, 4, 9] 9 4 
F#:min [1, 6, 9] 6 4 
D:maj [2, 6, 9] 2 4 
E:maj [4, 8, 11] 4 4 
A:maj [1, 4, 9] 9 4 
F#:min [1, 6, 9] 6 4 
D:maj [2, 6, 9] 2 4 
E:maj [4, 8, 11] 4 4 
A:maj [1, 4, 9] 9 4 
F#:min [1, 6, 9] 6 4 
D:maj [2, 6, 9] 2 4 
D:min [2, 5, 9] 2 3 
E:maj [4, 8, 11] 4 1 
A:maj [1, 4, 9] 9 4 
F#:min [1, 6, 9] 6 4 
D:maj [2, 6, 9] 2 6 
D:min [2, 5, 9] 2 1 
E:maj [4, 8, 11] 4 1 
D:maj [2, 6, 9] 2 4 
C#:min [1, 4, 8] 1 4 
B:min [2, 6, 11] 11 4 
E:maj [4, 8, 11] 4 4 
A:maj [1, 4, 9] 9 4 
F#:min [1, 6, 9] 6 4 
D:maj [2, 6, 9] 2 4 
E:maj [4, 8, 11] 4 4 
A:maj [1, 4, 9] 9 4 
F#:min [1, 6, 9] 6 4 
D:maj [2, 6, 9] 2 4 
E:maj [4, 8, 11] 4 4 
A:maj [1, 4, 9] 9 4 
F#:min [1, 6, 9] 6 4 
D:maj [2, 6, 9] 2 4 
E:maj [4, 8, 11] 4 4 
D:maj [2, 6, 9] 2 4 
C#:min [1, 4, 8] 1 4 
B:min [2, 6, 11] 11 4 
E:maj [4, 8, 11] 4 4 
A:maj [1, 4, 9] 9 4 
F#:min [1, 6, 9] 6 4 
D:maj [2, 6, 9] 2 4 
E:maj [4, 8, 11] 4 4 
A:maj [1, 4, 9] 9 4 
F#:min [1, 6, 9] 6 4 
D:maj [2, 6, 9] 2 4 
E:maj [4, 8, 11] 4 4 
A:maj [1, 4, 9] 9 4 
Bb:maj [2, 5, 10] 10 4 
A:maj [1, 4, 9] 9 4 
Bb:maj [2, 5, 10] 10 4 
A:maj [1, 4, 9] 9 4 
Bb:maj [2, 5, 10] 10 4 
A:maj [1, 4, 9] 9 12 
F#:min [1, 6, 9] 6 4 
D:maj [2, 6, 9] 2 4 
E:maj [4, 8, 11] 4 4 
A:maj [1, 4, 9] 9 4 
F#:min [1, 6, 9] 6 4 
D:maj [2, 6, 9] 2 4 
E:maj [4, 8, 11] 4 4 
A:maj [1, 4, 9] 9 4 
F#:min [1, 6, 9] 6 4 
D:maj [2, 6, 9] 2 4 
E:maj [4, 8, 11] 4 4 
A:maj [1, 4, 9] 9 4 
F#:min [1, 6, 9] 6 4 
D:maj [2, 6, 9] 2 4 
E:maj [4, 8, 11] 4 4 
A:maj [1, 4, 9] 9 4 
F#:maj [1, 6, 10] 6 4 
D:maj7 [0, 2, 6, 9] 2 2 
D:maj [2, 6, 9] 2 3 
