0 128
64 4
71 3
0 1
71 2
69 2
73 3
0 1
64 4
71 3
0 1
71 2
69 2
73 3
0 1
66 4
73 3
0 1
73 2
71 2
74 3
0 1
65 4
73 3
0 1
73 2
71 2
69 2
65 2
64 4
71 3
0 1
71 2
69 2
73 3
0 1
64 4
71 3
0 1
71 2
69 2
73 3
0 1
66 4
73 3
0 1
73 2
71 2
74 3
0 1
65 4
73 3
74 1
73 2
71 2
69 2
78 2
78 2
73 2
73 2
69 1
0 1
69 2
66 1
0 1
69 2
76 1
0 1
76 2
71 1
0 1
71 2
68 2
68 2
64 2
68 1
0 1
69 2
0 2
66 2
69 2
66 2
69 2
66 1
69 2
71 1
73 2
74 1
71 9
0 2
73 2
74 2
76 1
74 1
0 1
73 1
73 1
74 1
0 1
76 1
76 1
74 1
0 1
73 1
73 2
81 2
76 1
74 1
0 1
73 1
73 1
74 1
0 1
76 1
76 1
74 1
0 1
73 1
73 1
0 1
69 1
71 1
73 2
76 1
0 1
76 1
0 1
69 1
71 1
73 2
76 1
0 1
76 2
69 1
71 2
0 1
69 1
71 2
0 1
69 1
71 1
73 2
71 1
73 1
74 2
73 1
74 1
76 1
74 1
0 1
73 1
73 1
74 1
0 1
76 1
76 1
74 1
0 1
73 1
73 2
81 2
76 1
74 1
0 1
73 1
73 1
74 1
0 1
76 1
76 1
74 1
0 1
73 1
73 1
0 1
69 1
71 1
73 2
76 1
0 1
76 1
0 1
69 1
71 1
73 2
76 1
0 1
76 2
69 1
71 2
0 1
69 1
71 2
0 1
69 1
71 1
73 2
74 2
76 2
81 2
69 2
64 2
73 2
69 2
74 2
73 1
69 1
71 1
73 1
71 1
0 1
69 2
64 2
73 2
69 2
74 2
73 1
69 1
71 1
73 1
71 2
69 2
64 2
73 2
69 2
74 2
73 1
69 1
71 1
73 1
71 1
0 1
69 2
64 2
73 2
69 2
74 2
73 1
69 1
71 1
73 1
78 2
78 1
0 1
73 2
73 2
69 1
0 1
69 2
66 2
69 2
76 2
76 1
0 1
71 1
0 1
71 2
68 2
68 2
64 2
68 2
69 2
0 2
66 2
69 2
66 2
69 2
66 1
69 2
71 1
73 1
74 1
71 8
0 4
73 2
74 2
76 1
74 1
0 1
73 1
73 1
74 1
0 1
76 1
76 1
74 1
0 1
73 1
73 2
81 2
76 1
74 1
0 1
73 1
73 1
74 1
0 1
76 1
76 1
74 1
0 1
73 1
73 1
0 1
69 1
71 1
73 2
76 1
0 1
76 1
0 1
69 1
71 1
73 2
76 1
0 1
76 2
69 1
71 2
0 1
69 1
71 2
0 1
69 1
71 1
73 2
71 1
73 1
74 2
73 1
74 1
76 1
74 1
0 1
73 1
73 1
74 1
0 1
76 1
76 1
74 1
0 1
73 1
73 2
81 2
76 1
74 1
0 1
73 1
73 1
74 1
0 1
76 1
76 1
74 1
0 1
73 1
73 1
0 1
69 1
71 1
73 2
76 1
0 1
76 1
0 1
69 1
71 1
73 2
76 1
0 1
76 2
69 1
71 2
0 1
69 1
71 2
0 1
69 1
71 1
73 2
74 2
76 2
81 10
0 116
73 2
74 2
76 1
74 1
0 1
73 1
73 1
74 1
0 1
76 1
76 1
74 1
0 1
73 1
73 2
81 2
76 1
74 1
0 1
73 1
73 1
74 1
0 1
76 1
76 1
74 1
0 1
73 1
73 1
0 1
69 1
71 1
73 2
76 1
0 1
76 1
0 1
69 1
71 1
73 2
76 1
0 1
76 2
69 1
71 2
0 1
69 1
71 2
0 1
69 1
71 1
73 2
71 1
73 1
74 2
73 1
74 1
76 1
74 1
0 1
73 1
73 1
74 1
0 1
76 1
76 1
74 1
0 1
73 1
73 2
81 2
76 1
74 1
0 1
73 1
73 1
74 1
0 1
76 1
76 1
74 1
0 1
73 1
73 1
0 1
69 1
71 1
73 2
76 1
0 1
76 1
0 1
69 1
71 1
73 2
76 1
0 1
76 2
69 1
71 2
0 1
69 1
71 2
0 1
69 1
71 1
73 2
74 2
76 2
81 2
69 2
64 2
73 2
69 2
74 2
73 1
69 1
71 1
73 1
71 1
0 1
69 2
64 2
73 2
69 2
74 2
73 1
69 1
71 1
73 1
71 2
69 2
64 2
73 2
69 2
74 2
73 1
69 1
71 1
73 1
71 1
0 1
68 2
64 2
69 2
64 2
71 2
69 1
68 1
69 2
71 2
69 2
64 2
73 2
69 2
74 2
73 1
69 1
71 1
73 1
71 1
0 1
69 2
64 2
73 2
69 2
74 2
73 1
69 1
71 1
73 1
71 2
69 2
64 2
73 2
69 2
74 2
73 1
69 1
71 1
73 1
71 1
0 1
68 2
64 2
69 2
64 2
74 2
73 1
69 1
71 1
73 1
71 2
69 2
64 2
73 2
69 2
74 2
73 1
69 1
71 1
73 1
71 1
0 1
69 2
64 2
73 2
69 2
74 2
73 1
69 1
0 1
71 1
73 1
71 2
69 2
64 2
0 1
73 2
69 1
69 3
64 2
73 3
69 14
