G:maj/5 [2, 7, 11] 2 4 
C#:sus4(b7) [1, 6, 8] 1 4 
C#:min7 [1, 4, 8, 11] 1 4 
F#:sus2 [1, 6, 8] 6 4 
B:min [2, 6, 11] 11 1 
A:maj/3 [1, 4, 9] 1 1 
D:maj [2, 6, 9] 2 10 
B:min7 [2, 6, 9, 11] 11 2 
E:maj [4, 8, 11] 4 2 
A:maj [1, 4, 9] 9 4 
B:min7 [2, 6, 9, 11] 11 2 
E:maj [4, 8, 11] 4 2 
A:maj [1, 4, 9] 9 4 
Ab:dim [2, 8, 11] 8 2 
C#:maj [1, 5, 8] 1 2 
F#:min [1, 6, 9] 6 2 
B:maj6 [3, 6, 8, 11] 11 2 
B:min7 [2, 6, 9, 11] 11 4 
E:sus4 [4, 9, 11] 4 4 
D:maj [2, 6, 9] 2 2 
E:maj [4, 8, 11] 4 2 
A:sus2 [4, 9, 11] 9 4 
B:min [2, 6, 11] 11 2 
E:maj [4, 8, 11] 4 2 
A:sus2 [4, 9, 11] 9 4 
Ab:dim [2, 8, 11] 8 2 
C#:maj [1, 5, 8] 1 2 
F#:min [1, 6, 9] 6 2 
Eb:dim [3, 6, 9] 3 2 
B:min [2, 6, 11] 11 4 
E:maj [4, 8, 11] 4 4 
D:maj [2, 6, 9] 2 2 
E:maj [4, 8, 11] 4 2 
C#:min [1, 4, 8] 1 2 
F#:min [1, 6, 9] 6 2 
B:min [2, 6, 11] 11 2 
E:maj [4, 8, 11] 4 2 
A:sus2 [4, 9, 11] 9 4 
D:maj [2, 6, 9] 2 2 
E:maj [4, 8, 11] 4 2 
C#:min [1, 4, 8] 1 2 
F#:min [1, 6, 9] 6 2 
B:min [2, 6, 11] 11 2 
E:maj [4, 8, 11] 4 2 
F#:min [1, 6, 9] 6 2 
D:maj [2, 6, 9] 2 2 
F#:min [1, 6, 9] 6 2 
D:maj [2, 6, 9] 2 2 
F#:min [1, 6, 9] 6 2 
D:maj [2, 6, 9] 2 2 
E:maj [4, 8, 11] 4 4 
B:min [2, 6, 11] 11 2 
E:maj [4, 8, 11] 4 2 
A:maj [1, 4, 9] 9 4 
B:min7 [2, 6, 9, 11] 11 2 
E:maj [4, 8, 11] 4 2 
A:sus2 [4, 9, 11] 9 4 
Ab:dim [2, 8, 11] 8 2 
C#:sus4 [1, 6, 8] 1 2 
F#:min [1, 6, 9] 6 2 
B:7 [3, 6, 9, 11] 11 6 
E:maj [4, 8, 11] 4 4 
D:maj [2, 6, 9] 2 2 
E:maj [4, 8, 11] 4 2 
A:maj [1, 4, 9] 9 4 
B:min7 [2, 6, 9, 11] 11 2 
E:maj [4, 8, 11] 4 2 
A:maj [1, 4, 9] 9 4 
Ab:dim [2, 8, 11] 8 2 
C#:sus4 [1, 6, 8] 1 2 
F#:min [1, 6, 9] 6 2 
B:7/3 [3, 6, 9, 11] 3 2 
B:min [2, 6, 11] 11 4 
E:maj [4, 8, 11] 4 4 
D:maj [2, 6, 9] 2 2 
E:maj [4, 8, 11] 4 2 
C#:min [1, 4, 8] 1 2 
F#:min [1, 6, 9] 6 2 
B:min [2, 6, 11] 11 2 
E:maj [4, 8, 11] 4 2 
A:maj [1, 4, 9] 9 4 
D:maj [2, 6, 9] 2 2 
E:maj [4, 8, 11] 4 2 
C#:min [1, 4, 8] 1 2 
F#:min [1, 6, 9] 6 2 
B:min7 [2, 6, 9, 11] 11 2 
E:maj [4, 8, 11] 4 2 
A:maj [1, 4, 9] 9 2 
E:maj [4, 8, 11] 4 2 
D:maj [2, 6, 9] 2 2 
E:maj [4, 8, 11] 4 2 
C#:min [1, 4, 8] 1 2 
F#:min [1, 6, 9] 6 2 
B:min7 [2, 6, 9, 11] 11 2 
E:maj [4, 8, 11] 4 2 
A:maj [1, 4, 9] 9 4 
D:maj [2, 6, 9] 2 2 
E:maj [4, 8, 11] 4 2 
C#:min [1, 4, 8] 1 2 
F#:min [1, 6, 9] 6 2 
B:min [2, 6, 11] 11 2 
E:maj [4, 8, 11] 4 2 
A:sus2 [4, 9, 11] 9 4 
B:min [2, 6, 11] 11 2 
E:maj [4, 8, 11] 4 2 
D:maj [2, 6, 9] 2 2 
D:maj7 [0, 2, 6, 9] 2 4 
D:maj [2, 6, 9] 2 1 
E:sus4 [4, 9, 11] 4 2 
D:maj [2, 6, 9] 2 2 
E:maj/b7 [4, 8, 11] 2 1 
E:maj [4, 8, 11] 4 2 
D:maj [2, 6, 9] 2 6 
A:sus2 [4, 9, 11] 9 6 
