C:maj [0, 4, 7] 0 2
E:maj [4, 8, 11] 4 2
A:sus2 [4, 9, 11] 9 2
A:min [0, 4, 9] 9 1
G:maj [2, 7, 11] 7 1
F:maj [0, 5, 9] 5 2
E:sus4 [4, 9, 11] 4 2
D:min [2, 5, 9] 2 2
G:maj [2, 7, 11] 7 2
C:maj7 [0, 4, 7, 10] 0 4
F:maj [0, 5, 9] 5 4
D:min [2, 5, 9] 2 2
G:maj [2, 7, 11] 7 2
E:maj [4, 8, 11] 4 2
A:min [0, 4, 9] 9 1
A:7 [1, 4, 7, 9] 9 1
D:min [2, 5, 9] 2 4
E:maj [4, 8, 11] 4 2
A:min [0, 4, 9] 9 1
G:maj [2, 7, 11] 7 1
D:min [2, 5, 9] 2 2
D:min7 [0, 2, 5, 9] 2 2
G:sus4 [0, 2, 7] 7 4
C:maj [0, 4, 7] 0 4
F:maj [0, 5, 9] 5 2
D:min7 [0, 2, 5, 9] 2 2
F:maj [0, 5, 9] 5 2
G:maj [2, 7, 11] 7 2
E:min [4, 7, 11] 4 2
A:min [0, 4, 9] 9 2
D:min7 [0, 2, 5, 9] 2 4
E:maj [4, 8, 11] 4 2
E:min7 [2, 4, 7, 11] 4 1
G:maj [2, 7, 11] 7 1
F:maj [0, 5, 9] 5 2
C:maj [0, 4, 7] 0 2
F:maj [0, 5, 9] 5 2
G:maj [2, 7, 11] 7 2
C:maj [0, 4, 7] 0 4
A:min [0, 4, 9] 9 4
F:maj [0, 5, 9] 5 2
E:min [4, 7, 11] 4 2
D:min [2, 5, 9] 2 2
G:maj [2, 7, 11] 7 2
C:maj [0, 4, 7] 0 3
G:maj/3 [2, 7, 11] 11 1
A:min7/b7 [0, 4, 7, 9] 7 4
F:sus2 [0, 5, 7] 5 2
E:min [4, 7, 11] 4 1
A:min [0, 4, 9] 9 1
D:min [2, 5, 9] 2 2
G:maj [2, 7, 11] 7 2
C:sus2 [0, 2, 7] 0 2
E:maj [4, 8, 11] 4 2
A:min [0, 4, 9] 9 2
C:maj7/5 [0, 4, 7, 10] 7 2
F:maj [0, 5, 9] 5 2
E:min [4, 7, 11] 4 2
D:min [2, 5, 9] 2 2
G:sus4(b7) [0, 2, 7] 7 2
C:maj [0, 4, 7] 0 4
F:maj [0, 5, 9] 5 3
D:min7 [0, 2, 5, 9] 2 1
D:min [2, 5, 9] 2 4
E:min [4, 7, 11] 4 2
A:min [0, 4, 9] 9 2
D:min7 [0, 2, 5, 9] 2 4
E:maj [4, 8, 11] 4 2
A:min [0, 4, 9] 9 1
A:min7 [0, 4, 7, 9] 9 1
F:maj [0, 5, 9] 5 2
C:maj [0, 4, 7] 0 2
F:maj [0, 5, 9] 5 2
G:maj [2, 7, 11] 7 2
C:maj [0, 4, 7] 0 4
A:min [0, 4, 9] 9 4
F:maj [0, 5, 9] 5 2
E:min [4, 7, 11] 4 2
D:min [2, 5, 9] 2 2
G:maj [2, 7, 11] 7 2
C:maj [0, 4, 7] 0 3
G:maj/3 [2, 7, 11] 11 1
A:min7/b7 [0, 4, 7, 9] 7 2
C:7 [0, 4, 7, 10] 0 2
F:sus2 [0, 5, 7] 5 2
E:min [4, 7, 11] 4 1
A:min [0, 4, 9] 9 1
D:min [2, 5, 9] 2 2
G:maj [2, 7, 11] 7 2
A:min7 [0, 4, 7, 9] 9 2
G:maj/3 [2, 7, 11] 11 2
C:maj [0, 4, 7] 0 3
C:maj7/7 [0, 4, 7, 10] 11 1
A:min [0, 4, 9] 9 2
G:maj/3 [2, 7, 11] 11 2
C:maj [0, 4, 7] 0 4
C:min [0, 3, 7] 0 2
G:min/b3 [2, 7, 10] 10 2
Eb:maj [3, 7, 10] 3 2
C:min [0, 3, 7] 0 4
Ab:maj7 [0, 3, 6, 8] 8 1
G:maj [2, 7, 11] 7 5
C:maj [0, 4, 7] 0 4
A:sus4(b7) [2, 4, 9] 9 4
F:maj [0, 5, 9] 5 2
E:min [4, 7, 11] 4 2
D:sus2 [2, 4, 9] 2 2
G:7 [2, 5, 7, 11] 7 2
A:min [0, 4, 9] 9 2
E:min [4, 7, 11] 4 2
C:maj [0, 4, 7] 0 4
F:maj [0, 5, 9] 5 2
E:min [4, 7, 11] 4 1
A:min [0, 4, 9] 9 1
D:min [2, 5, 9] 2 2
G:maj [2, 7, 11] 7 2
A:min [0, 4, 9] 9 4
F:sus2 [0, 5, 7] 5 1
C:maj/3 [0, 4, 7] 4 1
E:min7 [2, 4, 7, 11] 4 2
D:min [2, 5, 9] 2 3
G:maj [2, 7, 11] 7 6
C:maj [0, 4, 7] 0 2
E:aug(b7) [0, 2, 4, 8] 4 2
A:sus2 [4, 9, 11] 9 2
A:min [0, 4, 9] 9 2
F:maj7/7 [0, 3, 5, 9] 4 2
C:maj/3 [0, 4, 7] 4 1
E:min7/b7 [2, 4, 7, 11] 2 1
G:7 [2, 5, 7, 11] 7 2
G:maj [2, 7, 11] 7 1
C:sus2 [0, 2, 7] 0 2
