0 63
55 1
55 1
0 1
60 1
60 2
64 1
0 1
64 1
0 1
67 1
0 1
67 2
55 1
0 2
62 1
0 1
60 1
0 1
59 1
60 1
0 2
57 1
0 14
62 1
62 1
0 1
64 1
64 1
0 1
65 1
57 1
0 1
74 1
0 1
72 1
0 1
62 1
0 1
64 1
65 1
0 11
69 1
69 1
0 1
67 1
69 1
0 1
71 1
0 1
72 1
0 1
69 1
0 5
68 1
68 1
0 1
64 1
0 1
71 1
0 1
72 1
0 1
69 2
0 1
76 1
77 1
0 1
76 1
77 1
0 1
76 1
0 1
72 1
0 3
72 1
0 1
72 1
69 1
0 1
74 2
0 13
55 1
55 1
0 1
60 1
60 2
64 1
0 1
64 1
0 1
67 1
0 1
67 2
55 1
0 2
62 1
0 1
60 1
0 1
59 1
60 1
0 2
57 1
0 14
62 1
62 1
0 1
64 1
64 1
0 1
65 1
57 1
0 1
74 1
0 1
72 1
0 1
62 1
0 1
64 1
65 1
0 11
69 1
69 1
0 1
67 1
69 1
0 1
71 1
0 1
72 1
0 1
69 1
0 5
68 1
68 1
0 1
64 1
0 1
71 1
0 1
72 1
0 1
76 2
0 1
76 1
77 1
0 1
76 1
77 1
0 1
76 1
0 1
72 1
0 4
69 1
72 1
0 1
69 1
79 1
0 1
76 1
79 1
0 1
76 1
0 1
74 1
0 5
67 1
67 1
79 1
76 1
0 1
74 1
0 1
76 1
79 1
0 1
79 1
0 1
84 1
0 1
83 1
0 1
79 1
0 1
74 1
76 1
0 1
74 1
0 1
76 1
0 1
74 1
76 1
72 1
0 4
72 1
81 1
79 1
81 1
0 4
72 1
79 1
77 1
79 1
0 5
77 1
76 1
77 1
0 1
77 1
76 1
77 1
0 1
77 1
76 1
77 1
76 1
0 1
74 1
0 1
67 1
67 1
79 1
76 1
0 1
74 1
0 1
76 1
79 1
0 1
79 1
0 1
84 1
0 1
83 1
0 1
79 1
0 1
74 1
76 1
0 1
74 1
0 1
76 1
0 1
74 1
76 1
72 1
0 4
72 1
81 1
79 1
81 1
0 4
72 1
79 1
77 1
79 1
0 4
69 1
77 1
76 1
77 1
0 1
77 1
76 1
77 1
0 1
77 1
76 1
77 1
0 1
77 1
76 1
0 1
74 1
0 1
71 1
72 1
0 62
55 1
55 1
0 1
60 1
60 2
64 1
0 1
64 1
0 1
67 1
0 1
67 2
55 1
0 2
62 1
0 1
60 1
0 1
59 1
60 1
0 2
57 1
0 14
62 1
62 1
0 1
64 1
64 1
0 1
65 1
57 1
0 1
74 1
0 1
72 1
0 1
62 1
0 1
64 1
65 1
0 11
69 1
69 1
0 1
67 1
69 1
0 1
71 1
0 1
72 1
0 1
69 1
0 5
68 1
68 1
0 1
64 1
0 1
71 1
0 1
72 1
0 1
76 2
0 1
76 1
77 1
0 1
76 1
77 1
0 1
76 1
0 1
72 1
0 4
69 1
72 1
0 1
69 1
79 1
0 1
76 1
79 1
0 1
76 1
0 1
74 1
0 5
67 1
67 1
79 1
76 1
0 1
74 1
0 1
76 1
79 1
0 1
79 1
0 1
84 1
0 1
83 1
0 1
79 1
0 1
74 1
76 1
0 1
74 1
0 1
76 1
0 1
74 1
76 1
72 1
0 4
72 1
81 1
79 1
81 1
0 4
72 1
79 1
77 1
79 1
0 5
77 1
76 1
77 1
0 1
77 1
76 1
77 1
0 1
77 1
76 1
77 1
76 1
0 1
74 1
0 1
67 1
67 1
79 1
76 1
0 1
74 1
0 1
76 1
79 1
0 1
79 1
0 1
84 1
0 1
83 1
0 1
79 1
0 1
74 1
76 1
0 1
74 1
0 1
76 1
0 1
74 1
76 1
72 1
0 4
72 1
81 1
79 1
81 1
0 4
72 1
79 1
77 1
79 1
0 4
69 1
77 1
76 1
77 1
0 1
77 1
76 1
77 1
0 1
77 1
76 1
77 1
0 1
77 1
76 1
0 1
74 1
0 1
71 1
72 1
0 125
67 1
67 1
79 1
0 1
76 1
0 1
74 1
0 1
76 1
79 1
0 1
79 1
0 1
84 1
0 1
83 1
0 1
79 1
0 1
74 1
76 1
0 1
74 1
0 1
76 1
0 1
74 1
76 1
72 1
0 4
72 1
81 1
79 1
81 1
0 4
72 1
79 1
77 1
79 1
0 5
77 1
76 1
77 1
0 1
77 1
76 1
77 1
0 1
77 1
76 1
77 1
76 1
0 1
74 1
0 1
67 1
67 1
79 1
76 1
0 1
74 1
0 1
76 1
79 1
0 1
79 1
0 1
84 1
0 1
83 1
0 1
79 1
0 1
74 1
76 1
0 1
74 1
0 1
76 1
0 1
74 1
76 1
72 1
0 4
72 1
81 1
79 1
81 1
0 4
72 1
79 1
77 1
79 1
0 4
69 1
77 1
76 1
77 1
0 1
77 1
76 1
77 1
0 1
77 1
76 1
77 1
0 1
77 1
76 1
74 1
0 1
71 1
72 1
0 12
60 1
69 1
67 1
0 1
69 5
60 1
67 1
65 1
67 5
60 1
65 1
64 1
0 1
65 2
65 1
64 1
65 1
0 1
65 1
64 1
0 1
65 2
65 1
64 1
0 1
62 5
0 3
59 5
60 6
