0 112
64 1
0 1
64 1
64 1
71 2
71 5
0 3
69 1
71 1
69 2
67 2
67 2
64 8
0 2
64 1
0 1
64 1
64 1
69 2
71 7
0 1
69 1
67 1
69 1
0 1
69 2
74 2
71 7
0 1
71 3
0 1
71 2
76 2
76 4
78 3
0 1
78 1
0 1
76 2
69 2
76 1
74 1
71 3
0 1
69 1
0 1
69 2
74 1
0 1
74 1
71 1
69 3
0 1
69 1
71 1
69 1
0 1
69 3
0 1
71 1
0 1
67 4
64 7
0 5
64 1
0 1
64 1
64 1
71 2
71 5
0 3
69 1
71 1
69 2
67 2
67 2
64 8
0 2
64 1
0 1
64 1
64 1
69 2
69 7
0 1
69 1
67 1
69 2
69 2
74 2
71 7
0 1
71 3
0 1
71 1
71 1
76 2
76 4
78 3
0 1
78 1
0 1
76 2
69 2
76 1
74 1
71 3
0 1
69 1
0 1
69 2
74 1
0 1
74 1
71 1
69 3
0 1
69 1
71 1
69 1
0 1
69 3
0 1
69 1
71 1
67 3
64 8
0 5
64 4
78 2
74 2
76 7
0 1
78 2
76 1
78 1
74 1
71 1
69 1
74 1
71 7
0 1
71 2
76 1
76 2
0 1
76 1
78 1
76 2
74 1
71 1
69 3
0 1
69 1
69 1
69 1
67 1
69 2
74 2
71 7
0 1
64 4
78 2
74 2
76 7
0 1
78 2
76 1
78 1
74 1
71 1
69 1
74 1
71 7
0 1
64 2
69 1
69 2
0 1
69 1
71 1
69 2
67 1
71 1
69 2
69 1
67 1
69 2
69 1
71 1
69 2
67 2
64 7
0 129
64 1
0 1
64 1
64 1
71 2
71 5
0 3
69 1
71 1
69 2
67 2
67 2
64 8
0 2
64 1
0 1
64 1
64 1
69 2
69 7
0 1
69 1
67 1
69 2
69 2
74 2
71 7
0 1
71 3
0 1
71 1
71 1
76 2
76 4
78 3
0 1
78 1
0 1
76 2
69 2
76 1
74 1
71 3
0 1
69 1
0 1
69 2
74 1
0 1
74 1
71 1
69 3
0 1
69 1
71 1
69 1
0 1
69 3
0 1
69 1
71 1
67 3
64 8
0 5
64 4
78 2
74 2
76 7
0 1
78 2
76 1
78 1
74 1
71 1
69 1
74 1
71 7
0 1
71 2
76 1
76 2
0 1
76 1
78 1
76 2
74 1
71 1
69 3
0 1
69 1
69 1
69 1
67 1
69 2
74 2
71 7
0 1
64 4
78 2
74 2
76 7
0 1
78 2
76 1
78 1
74 1
71 1
69 1
74 1
71 7
0 1
64 2
69 1
69 2
0 1
69 1
71 1
69 2
67 1
71 1
69 2
69 1
67 1
69 2
69 1
71 1
69 2
67 2
64 7
0 1
64 4
78 2
74 2
76 7
0 1
78 2
76 1
78 1
74 1
71 1
69 1
74 1
71 7
0 1
71 2
76 1
76 2
0 1
76 1
78 1
76 2
74 1
71 1
69 3
0 1
69 1
69 1
69 1
67 1
69 2
74 2
71 7
0 1
64 4
78 2
74 2
76 7
0 1
78 2
76 1
78 1
74 1
71 1
69 1
74 1
71 7
0 1
64 2
69 1
69 2
0 1
69 1
71 1
69 2
67 1
71 1
69 2
69 1
67 1
69 2
69 1
71 1
69 2
67 2
64 7
0 1
64 2
69 1
69 3
69 1
71 1
71 2
67 2
69 9
0 3
69 1
67 1
0 1
69 3
71 16
0 1
69 2
67 2
67 11
64 10
