B:maj [3, 6, 11] 11 8 
E:maj [4, 8, 11] 4 2 
F:dim [5, 8, 11] 5 2 
F#:maj [1, 6, 10] 6 4 
B:maj [3, 6, 11] 11 2 
Eb:min/5 [3, 6, 10] 10 2 
Ab:min [3, 8, 11] 8 2 
F#:maj [1, 6, 10] 6 2 
C#:min [1, 4, 8] 1 2 
Eb:min [3, 6, 10] 3 2 
C#:maj [1, 5, 8] 1 2 
F#:maj [1, 6, 10] 6 2 
B:maj [3, 6, 11] 11 2 
A:maj [1, 4, 9] 9 2 
Ab:min [3, 8, 11] 8 2 
F#:maj [1, 6, 10] 6 2 
C#:min [1, 4, 8] 1 2 
Eb:min [3, 6, 10] 3 2 
F#:7/b7 [1, 4, 6, 10] 4 1 
F#:maj [1, 6, 10] 6 1 
B:maj [3, 6, 11] 11 4 
E:maj [4, 8, 11] 4 2 
Eb:min/b3 [3, 6, 10] 6 1 
Eb:maj/3 [3, 7, 10] 7 1 
Ab:min [3, 8, 11] 8 2 
F#:maj/3 [1, 6, 10] 10 2 
E:maj [4, 8, 11] 4 2 
Eb:maj/3 [3, 7, 10] 7 2 
Ab:min [3, 8, 11] 8 3 
Eb:maj/5 [3, 7, 10] 10 1 
C#:min [1, 4, 8] 1 2 
Eb:min [3, 6, 10] 3 2 
E:maj [4, 8, 11] 4 2 
Eb:min [3, 6, 10] 3 2 
F:dim [5, 8, 11] 5 4 
F#:maj [1, 6, 10] 6 4 
E:maj [4, 8, 11] 4 2 
F#:maj [1, 6, 10] 6 2 
B:maj7/7 [3, 6, 9, 11] 10 2 
Ab:min [3, 8, 11] 8 2 
E:maj [4, 8, 11] 4 2 
F#:maj [1, 6, 10] 6 2 
B:maj [3, 6, 11] 11 1 
C#:maj [1, 5, 8] 1 1 
Eb:min [3, 6, 10] 3 2 
E:maj [4, 8, 11] 4 2 
F#:maj [1, 6, 10] 6 2 
B:maj7/7 [3, 6, 9, 11] 10 2 
Ab:min [3, 8, 11] 8 2 
A:maj [1, 4, 9] 9 2 
F#:sus2 [1, 6, 8] 6 2 
E:maj [4, 8, 11] 4 6 
Eb:min [3, 6, 10] 3 4 
A:maj [1, 4, 9] 9 2 
Ab:min [3, 8, 11] 8 2 
F#:maj [1, 6, 10] 6 4 
B:maj [3, 6, 11] 11 2 
A:maj [1, 4, 9] 9 2 
Ab:min [3, 8, 11] 8 2 
F#:maj [1, 6, 10] 6 2 
C#:min [1, 4, 8] 1 2 
Eb:min [3, 6, 10] 3 2 
F#:7/b7 [1, 4, 6, 10] 4 1 
F#:maj [1, 6, 10] 6 1 
B:maj [3, 6, 11] 11 4 
E:maj [4, 8, 11] 4 2 
Eb:min/b3 [3, 6, 10] 6 1 
Eb:maj/3 [3, 7, 10] 7 1 
Ab:min [3, 8, 11] 8 2 
F#:maj/3 [1, 6, 10] 10 2 
E:maj [4, 8, 11] 4 2 
Eb:maj/3 [3, 7, 10] 7 2 
Ab:min [3, 8, 11] 8 3 
Eb:maj/5 [3, 7, 10] 10 1 
C#:min [1, 4, 8] 1 2 
Eb:min [3, 6, 10] 3 2 
E:maj [4, 8, 11] 4 2 
Eb:min [3, 6, 10] 3 2 
F:dim [5, 8, 11] 5 4 
F#:maj [1, 6, 10] 6 4 
E:maj [4, 8, 11] 4 2 
F#:maj [1, 6, 10] 6 2 
B:maj7/7 [3, 6, 9, 11] 10 2 
Ab:min [3, 8, 11] 8 2 
E:maj [4, 8, 11] 4 2 
F#:maj [1, 6, 10] 6 2 
B:maj [3, 6, 11] 11 1 
C#:maj [1, 5, 8] 1 1 
Eb:min [3, 6, 10] 3 2 
E:maj [4, 8, 11] 4 2 
F#:maj [1, 6, 10] 6 2 
B:maj7/7 [3, 6, 9, 11] 10 2 
Ab:min [3, 8, 11] 8 2 
A:maj [1, 4, 9] 9 2 
F#:sus2 [1, 6, 8] 6 2 
Ab:min [3, 8, 11] 8 2 
F#:maj/3 [1, 6, 10] 10 2 
B:maj [3, 6, 11] 11 4 
A:maj [1, 4, 9] 9 4 
Ab:min [3, 8, 11] 8 4 
G:maj [2, 7, 11] 7 4 
F#:maj [1, 6, 10] 6 4 
E:maj [4, 8, 11] 4 2 
F#:maj [1, 6, 10] 6 2 
B:maj7/7 [3, 6, 9, 11] 10 2 
Ab:min [3, 8, 11] 8 2 
E:maj [4, 8, 11] 4 2 
F#:maj [1, 6, 10] 6 2 
B:maj [3, 6, 11] 11 1 
C#:maj [1, 5, 8] 1 1 
Eb:min [3, 6, 10] 3 2 
E:maj [4, 8, 11] 4 2 
F#:maj [1, 6, 10] 6 2 
B:maj7/7 [3, 6, 9, 11] 10 2 
Ab:min [3, 8, 11] 8 2 
A:maj [1, 4, 9] 9 2 
F#:maj [1, 6, 10] 6 4 
B:maj [3, 6, 11] 11 4 
A:maj [1, 4, 9] 9 4 
E:maj/3 [4, 8, 11] 8 2 
F:dim [5, 8, 11] 5 2 
F#:maj [1, 6, 10] 6 6 
