0 63
54 1
63 1
0 1
61 1
63 1
0 1
66 2
61 5
0 2
56 1
58 1
59 1
0 1
58 1
59 2
0 1
54 1
63 6
0 2
59 1
68 1
0 1
64 1
64 1
0 1
66 1
0 2
66 1
0 1
58 1
59 3
0 1
54 1
59 1
0 1
61 1
63 2
0 1
61 1
61 5
0 3
54 1
63 1
0 1
61 1
63 2
0 1
66 1
68 2
66 4
0 1
59 1
59 1
59 1
0 1
58 1
59 3
64 2
63 5
0 2
59 1
68 2
64 1
64 2
66 2
0 1
66 1
70 1
0 1
71 3
0 1
54 1
59 1
0 1
61 1
63 2
0 1
61 1
61 2
59 10
0 2
59 1
63 1
66 1
68 5
0 1
68 1
66 2
0 1
64 1
63 2
0 1
61 1
64 2
63 11
0 4
64 1
0 1
64 1
0 1
64 1
0 1
64 1
0 1
63 1
0 1
61 1
63 2
0 1
61 1
58 1
61 1
59 4
0 11
59 1
0 1
61 1
0 1
63 1
0 1
64 1
0 1
66 2
59 1
59 3
0 1
59 1
68 1
0 1
70 1
71 2
70 1
68 1
66 1
66 4
0 4
65 1
0 1
66 1
0 1
68 1
0 1
61 1
61 3
61 1
0 1
65 1
0 1
68 1
0 1
68 4
0 1
66 1
66 1
66 1
0 2
66 1
0 1
68 1
0 1
70 1
0 1
71 2
64 1
0 1
64 1
63 1
0 1
61 3
0 2
66 1
68 1
0 1
70 1
71 2
66 1
0 1
66 1
0 1
64 1
63 3
0 2
66 1
68 1
0 1
70 1
71 2
64 1
0 1
64 1
0 1
63 1
61 2
0 1
61 1
0 1
70 1
0 1
68 1
63 1
63 1
63 1
0 1
64 2
68 2
70 1
66 3
0 1
66 1
68 1
0 1
70 1
71 2
64 2
64 1
0 1
63 1
61 2
0 3
66 1
68 1
0 1
70 1
71 1
0 1
66 1
0 1
66 1
64 1
0 1
63 3
0 4
66 1
64 1
63 1
0 1
59 1
59 2
0 1
56 1
59 1
66 1
0 1
64 1
59 3
0 1
61 1
0 1
59 8
0 62
54 1
63 1
0 1
61 1
63 2
66 2
61 4
0 3
59 1
59 1
59 1
0 1
58 1
59 3
64 2
63 5
0 2
59 1
68 2
64 1
64 2
66 2
0 1
66 1
70 1
0 1
71 3
0 1
54 1
59 1
0 1
61 1
63 2
0 1
61 1
61 2
59 10
0 2
59 1
63 1
66 1
68 5
0 1
68 1
66 2
0 1
64 1
63 2
0 1
61 1
64 2
63 11
0 4
64 1
0 1
64 1
0 1
64 1
0 1
64 1
0 1
63 1
0 1
61 1
63 2
0 1
61 1
58 1
61 1
59 4
0 11
59 1
0 1
61 1
0 1
63 1
0 1
64 1
0 1
66 2
59 1
59 3
0 1
59 1
68 1
0 1
70 1
71 2
70 1
68 1
66 1
66 4
0 4
65 1
0 1
66 1
0 1
68 1
0 1
61 1
61 3
61 1
0 1
65 1
0 1
68 1
0 1
68 4
0 1
66 1
66 1
66 1
0 2
66 1
0 1
68 1
0 1
70 1
0 1
71 2
64 1
0 1
64 1
63 1
0 1
61 3
0 2
66 1
68 1
0 1
70 1
71 2
66 1
0 1
66 1
0 1
64 1
63 3
0 2
66 1
68 1
0 1
70 1
71 2
64 1
0 1
64 1
0 1
63 1
61 2
0 1
61 1
0 1
70 1
0 1
68 1
63 1
63 1
63 1
0 1
64 2
68 2
70 1
66 3
0 1
66 1
68 1
0 1
70 1
71 2
64 2
64 1
0 1
63 1
61 2
0 3
66 1
68 1
0 1
70 1
71 1
0 1
71 1
0 1
73 1
0 1
70 1
73 1
0 1
71 4
0 1
66 1
64 1
63 1
0 1
59 1
59 2
0 1
56 1
59 1
66 1
0 1
64 1
59 3
0 1
61 1
0 1
59 8
0 8
59 1
0 1
61 1
63 1
66 2
68 1
66 5
0 33
59 1
71 12
0 1
71 1
73 1
0 1
74 1
73 8
0 2
73 1
75 1
73 2
71 1
0 1
71 2
64 1
0 1
64 1
63 1
0 1
61 4
0 1
66 1
68 1
0 1
70 1
71 2
66 1
0 1
66 1
0 1
64 1
63 3
0 2
66 1
68 1
0 1
70 1
71 2
64 1
0 1
64 1
0 1
63 1
61 2
0 1
61 1
0 1
70 1
0 1
68 1
63 1
63 1
63 1
0 1
64 2
68 2
70 1
66 3
0 1
66 1
68 1
0 1
70 1
71 2
64 2
64 1
0 1
63 1
61 2
0 1
75 1
0 1
73 1
0 1
71 1
0 1
71 1
0 1
66 1
66 1
0 1
73 1
0 1
73 2
71 3
0 2
66 1
64 1
63 1
0 1
59 1
59 2
0 1
56 1
59 1
66 1
0 1
68 1
59 3
0 4
61 1
59 11
