C:min [0, 3, 7] 0 10 
F:min [0, 5, 8] 5 2 
Bb:maj [2, 5, 10] 10 2 
C:min [0, 3, 7] 0 2 
Eb:maj [3, 7, 10] 3 2 
C:min [0, 3, 7] 0 2 
Ab:maj [0, 3, 8] 8 2 
Bb:maj [2, 5, 10] 10 2 
C:min [0, 3, 7] 0 2 
F:min [0, 5, 8] 5 2 
Bb:maj [2, 5, 10] 10 2 
C:min [0, 3, 7] 0 2 
Eb:maj [3, 7, 10] 3 2 
C:min [0, 3, 7] 0 2 
Ab:sus2 [3, 8, 10] 8 2 
C:min [0, 3, 7] 0 6 
G:min [2, 7, 10] 7 4 
C:min [0, 3, 7] 0 4 
F:min [0, 5, 8] 5 4 
Bb:maj [2, 5, 10] 10 4 
G:min [2, 7, 10] 7 4 
F:min [0, 5, 8] 5 2 
G:min [2, 7, 10] 7 2 
C:min [0, 3, 7] 0 8 
G:min [2, 7, 10] 7 4 
C:min [0, 3, 7] 0 4 
F:min [0, 5, 8] 5 4 
Bb:maj [2, 5, 10] 10 4 
G:min [2, 7, 10] 7 4 
F:min [0, 5, 8] 5 2 
G:min [2, 7, 10] 7 2 
C:min [0, 3, 7] 0 6 
F:min [0, 5, 8] 5 2 
Bb:maj [2, 5, 10] 10 2 
C:min [0, 3, 7] 0 2 
Eb:maj [3, 7, 10] 3 2 
C:min [0, 3, 7] 0 2 
Ab:maj [0, 3, 8] 8 2 
Bb:maj [2, 5, 10] 10 2 
C:min [0, 3, 7] 0 2 
F:min [0, 5, 8] 5 2 
Bb:maj [2, 5, 10] 10 2 
C:min [0, 3, 7] 0 2 
Eb:maj [3, 7, 10] 3 2 
C:min [0, 3, 7] 0 2 
F:min/b3 [0, 5, 8] 8 1 
Bb:maj [2, 5, 10] 10 1 
C:min [0, 3, 7] 0 4 
F:min [0, 5, 8] 5 2 
Bb:maj [2, 5, 10] 10 2 
C:min [0, 3, 7] 0 4 
F:min [0, 5, 8] 5 2 
Bb:maj [2, 5, 10] 10 2 
G:maj [2, 7, 11] 7 2 
C:min [0, 3, 7] 0 2 
F:min [0, 5, 8] 5 2 
Bb:maj [2, 5, 10] 10 2 
C:min [0, 3, 7] 0 2 
Eb:maj [3, 7, 10] 3 2 
C:min [0, 3, 7] 0 2 
Ab:maj [0, 3, 8] 8 1 
Bb:maj6 [2, 5, 7, 10] 10 1 
C:min [0, 3, 7] 0 6 
G:min [2, 7, 10] 7 4 
C:min [0, 3, 7] 0 4 
F:min [0, 5, 8] 5 4 
Bb:maj [2, 5, 10] 10 4 
G:min [2, 7, 10] 7 4 
F:min [0, 5, 8] 5 2 
G:min [2, 7, 10] 7 2 
C:min [0, 3, 7] 0 6 
F:min [0, 5, 8] 5 2 
Bb:maj [2, 5, 10] 10 2 
C:min [0, 3, 7] 0 2 
Eb:maj [3, 7, 10] 3 2 
C:min [0, 3, 7] 0 2 
Ab:maj [0, 3, 8] 8 2 
Bb:maj [2, 5, 10] 10 2 
C:min [0, 3, 7] 0 2 
F:min [0, 5, 8] 5 2 
Bb:maj [2, 5, 10] 10 2 
C:min [0, 3, 7] 0 2 
Eb:maj [3, 7, 10] 3 2 
C:min [0, 3, 7] 0 2 
F:min/b3 [0, 5, 8] 8 1 
Bb:maj [2, 5, 10] 10 1 
C:min [0, 3, 7] 0 4 
F:min [0, 5, 8] 5 2 
Bb:maj [2, 5, 10] 10 2 
C:min [0, 3, 7] 0 2 
Eb:maj [3, 7, 10] 3 2 
C:min [0, 3, 7] 0 2 
Ab:maj [0, 3, 8] 8 2 
Bb:maj [2, 5, 10] 10 2 
C:min [0, 3, 7] 0 2 
F:min [0, 5, 8] 5 2 
Bb:maj [2, 5, 10] 10 2 
C:min [0, 3, 7] 0 2 
Eb:maj [3, 7, 10] 3 2 
C:min [0, 3, 7] 0 2 
F:min/b3 [0, 5, 8] 8 1 
Bb:maj [2, 5, 10] 10 1 
C:min [0, 3, 7] 0 4 
F:min [0, 5, 8] 5 2 
Bb:maj [2, 5, 10] 10 4 
C:min [0, 3, 7] 0 2 
F:min [0, 5, 8] 5 2 
G:min [2, 7, 10] 7 5 
C:min [0, 3, 7] 0 4 
