0 162
72 1
72 1
72 1
0 1
70 1
72 1
0 1
67 1
0 1
67 1
65 2
63 1
0 1
67 6
0 12
72 1
72 1
72 1
0 1
72 1
70 1
72 1
0 1
60 1
0 1
60 1
0 1
63 1
67 1
0 2
65 2
0 14
65 1
65 1
65 1
0 1
65 1
0 1
65 1
0 1
63 1
0 1
63 1
0 1
70 1
65 1
67 5
0 9
60 1
63 1
65 5
0 1
65 1
67 1
70 1
0 1
67 1
0 1
67 1
65 1
0 1
63 1
0 2
60 6
0 10
72 1
70 1
72 1
0 1
72 1
70 1
72 1
0 1
67 1
67 1
67 1
0 1
65 1
63 1
0 1
67 5
0 12
72 1
70 1
72 1
0 1
72 1
70 1
72 1
0 1
60 1
60 1
60 1
70 1
0 1
67 1
65 7
0 11
65 1
65 1
65 1
0 1
65 1
0 1
65 1
0 1
63 1
0 1
63 2
60 1
0 1
70 1
0 2
67 6
0 5
60 1
63 1
65 1
0 1
65 3
0 2
67 1
70 1
0 1
67 1
0 1
67 1
0 1
65 1
0 1
67 1
0 1
60 6
0 8
72 1
0 1
79 1
79 1
79 1
0 1
72 1
0 1
77 5
0 3
72 1
0 1
77 1
77 1
77 1
0 1
72 1
0 1
75 1
72 3
0 4
70 1
0 1
70 1
0 1
70 1
0 1
70 1
72 1
75 2
0 1
77 1
75 2
0 2
77 1
77 1
0 1
77 1
77 1
75 1
79 1
0 1
77 3
0 5
72 1
0 1
79 1
79 1
79 1
0 1
72 1
0 1
77 5
0 3
72 1
0 1
77 1
77 1
77 1
0 1
72 1
0 1
75 1
72 3
0 4
70 1
70 1
0 1
70 1
70 1
0 1
72 2
75 1
75 1
0 1
77 1
75 2
0 2
77 1
77 1
77 1
79 1
77 1
0 1
75 1
70 1
0 1
75 1
72 8
0 128
72 1
70 1
72 1
0 1
72 1
70 1
72 1
0 1
67 1
67 1
67 1
0 1
65 1
63 1
0 1
67 5
0 12
72 1
70 1
72 1
0 1
72 1
70 1
72 1
0 1
60 1
60 1
60 1
70 1
0 1
67 1
65 7
0 11
65 1
65 1
65 1
0 1
65 1
0 1
65 1
0 1
63 1
0 1
63 2
60 1
0 1
70 1
0 2
67 6
0 5
60 1
63 1
65 1
0 1
65 3
0 2
67 1
70 1
0 1
67 1
0 1
67 1
0 1
65 1
0 1
67 1
0 1
60 6
0 8
72 1
0 1
79 1
79 1
79 1
0 1
72 1
0 1
77 5
0 3
72 1
0 1
77 1
77 1
77 1
0 1
72 1
0 1
75 1
72 3
0 4
70 1
0 1
70 1
0 1
70 1
0 1
70 1
72 1
75 2
0 1
77 1
75 2
0 2
77 1
77 1
0 1
77 1
77 1
75 1
79 1
0 1
77 3
0 5
72 1
0 1
79 1
79 1
79 1
0 1
72 1
0 1
77 5
0 3
72 1
0 1
77 1
77 1
77 1
0 1
72 1
0 1
75 1
72 3
0 4
70 1
70 1
0 1
70 1
70 1
0 1
72 2
75 1
75 1
0 1
77 1
75 2
0 2
77 1
77 1
77 1
79 1
77 1
0 1
75 1
70 1
75 1
72 5
0 2
72 1
0 1
79 1
79 1
79 1
0 1
72 1
0 1
77 5
0 3
72 1
0 1
77 1
77 1
77 1
0 1
72 1
0 1
75 1
72 3
0 4
70 1
0 1
70 1
0 1
70 1
0 1
70 1
72 1
75 2
0 1
77 1
75 2
0 2
77 1
77 1
0 1
77 1
77 1
75 1
79 1
0 1
77 4
0 4
72 1
0 1
79 1
79 1
79 1
0 1
72 1
0 1
77 5
0 3
72 1
0 1
77 1
77 1
77 1
0 1
72 1
0 1
75 1
72 3
0 4
70 1
70 1
0 1
70 1
70 1
0 1
72 2
75 1
75 1
0 1
77 1
75 2
0 2
77 1
77 1
77 1
79 1
77 1
0 1
75 1
70 1
75 1
72 8
0 7
77 1
0 1
77 1
0 1
77 1
0 1
79 2
0 1
77 3
75 2
0 1
70 7
0 2
72 14
