A:maj [1, 4, 9] 9 2
B:maj [3, 6, 11] 11 2
Ab:min7 [3, 6, 8, 11] 8 2
C#:min/5 [1, 4, 8] 8 2
F#:min7 [1, 4, 6, 9] 6 1
B:7 [3, 6, 9, 11] 11 3
E:maj [4, 8, 11] 4 10
B:maj [3, 6, 11] 11 2
C#:min [1, 4, 8] 1 2
B:maj [3, 6, 11] 11 2
A:maj [1, 4, 9] 9 2
B:maj [3, 6, 11] 11 2
E:maj [4, 8, 11] 4 2
A:maj/3 [1, 4, 9] 1 1
B:maj [3, 6, 11] 11 1
E:maj [4, 8, 11] 4 2
B:maj [3, 6, 11] 11 2
C#:min [1, 4, 8] 1 2
Ab:min [3, 8, 11] 8 2
A:maj [1, 4, 9] 9 2
B:maj [3, 6, 11] 11 2
E:maj [4, 8, 11] 4 4
A:maj [1, 4, 9] 9 4
Ab:min [3, 8, 11] 8 2
C#:maj [1, 5, 8] 1 2
F#:min [1, 6, 9] 6 2
B:maj [3, 6, 11] 11 2
E:maj [4, 8, 11] 4 4
A:maj [1, 4, 9] 9 4
Ab:min [3, 8, 11] 8 1
Ab:maj [0, 3, 8] 8 1
C#:min [1, 4, 8] 1 2
F#:min [1, 6, 9] 6 2
F#:dim [0, 6, 9] 6 2
E:maj [4, 8, 11] 4 6
B:maj [3, 6, 11] 11 2
C#:min [1, 4, 8] 1 2
B:maj [3, 6, 11] 11 2
A:maj [1, 4, 9] 9 2
B:sus4 [4, 6, 11] 11 2
E:maj [4, 8, 11] 4 6
B:maj [3, 6, 11] 11 2
C#:min [1, 4, 8] 1 2
B:maj [3, 6, 11] 11 2
A:maj [1, 4, 9] 9 2
B:sus4(b7) [4, 6, 11] 11 2
E:maj [4, 8, 11] 4 4
A:maj [1, 4, 9] 9 2
B:maj [3, 6, 11] 11 2
C#:min [1, 4, 8] 1 4
D:maj [2, 6, 9] 2 4
Bb:maj [2, 5, 10] 10 4
C:maj [0, 4, 7] 0 8
Bb:maj [2, 5, 10] 10 4
A:min [0, 4, 9] 9 2
D:maj [2, 6, 9] 2 2
G:min [2, 7, 10] 7 2
C:maj [0, 4, 7] 0 2
F:maj [0, 5, 9] 5 4
Bb:maj [2, 5, 10] 10 4
A:min [0, 4, 9] 9 1
A:maj [1, 4, 9] 9 1
D:min [2, 5, 9] 2 5
G:min [2, 7, 10] 7 2
G:dim [1, 7, 10] 7 2
F:maj [0, 5, 9] 5 4
G:min [2, 7, 10] 7 2
G:dim [1, 7, 10] 7 2
F:maj [0, 5, 9] 5 4
Bb:maj [2, 5, 10] 10 2
C:sus2 [0, 2, 7] 0 1
C:maj [0, 4, 7] 0 1
A:min [0, 4, 9] 9 1
F:maj7/3 [0, 3, 5, 9] 9 1
D:min [2, 5, 9] 2 1
G:sus2 [2, 7, 9] 7 5
Bb:min [1, 5, 10] 10 2
F:sus4 [0, 5, 10] 5 6
