0 144
70 2
0 4
70 1
0 1
70 2
0 2
68 1
0 3
70 1
0 3
70 1
0 3
70 1
0 7
70 1
0 3
66 1
0 1
63 1
0 1
66 1
0 3
70 1
0 3
70 1
0 3
63 1
0 3
70 1
0 7
70 1
0 3
66 1
0 1
63 1
0 1
66 1
0 3
70 1
0 1
68 1
0 1
61 1
0 3
70 1
0 3
61 2
0 6
70 1
0 1
68 1
0 1
70 1
0 1
68 1
0 1
70 1
0 3
68 1
0 3
70 1
0 3
61 1
0 3
70 1
0 7
73 3
0 1
73 2
70 2
73 4
73 1
0 1
75 2
78 2
78 2
78 2
75 2
73 8
73 2
78 4
75 2
73 4
70 2
68 2
70 2
68 2
73 2
70 2
68 8
73 4
73 2
70 2
73 4
73 2
73 2
68 2
70 2
70 2
68 2
66 8
68 2
68 2
68 2
70 2
73 4
73 2
70 2
68 2
66 2
63 2
66 2
61 8
73 4
73 2
70 2
73 4
73 2
75 2
78 4
78 2
75 2
73 8
73 2
78 4
75 2
73 4
70 2
68 2
70 2
68 2
73 2
70 2
68 8
73 4
73 2
70 2
73 4
73 2
70 2
68 2
70 2
70 2
68 2
66 8
68 2
68 2
68 2
70 2
73 4
73 2
70 2
68 2
66 2
63 2
66 2
61 8
78 4
78 2
75 2
78 4
78 1
75 3
73 4
75 4
73 8
73 2
78 4
75 2
73 2
73 2
70 2
68 2
70 2
68 2
73 2
70 2
68 8
73 4
73 2
70 2
73 4
73 2
73 2
68 2
70 2
70 2
68 2
66 6
63 2
68 2
68 2
68 2
70 2
68 2
66 2
63 2
66 2
66 16
0 128
73 4
73 2
70 2
73 4
73 2
75 2
78 4
78 2
75 2
73 8
73 2
73 4
75 2
73 4
70 2
68 2
70 2
68 2
73 2
70 2
68 8
70 4
70 2
68 2
73 4
73 2
73 2
68 2
70 2
70 2
68 2
66 8
68 2
68 2
68 2
70 2
73 4
73 2
70 2
68 2
66 2
63 2
66 2
61 8
78 4
78 2
75 2
78 4
78 1
75 3
73 4
75 4
73 8
73 2
78 4
75 2
80 4
78 2
75 2
73 2
75 2
73 2
70 2
68 8
66 4
66 1
63 3
66 4
66 2
63 2
66 4
68 4
73 8
68 2
68 2
68 2
66 2
68 4
78 2
75 2
73 16
0 16
73 4
73 2
70 2
73 4
73 1
0 1
75 2
78 2
78 2
78 2
75 2
73 8
73 2
78 4
75 2
73 4
70 2
68 2
70 2
68 2
73 2
70 2
68 8
73 4
73 2
70 2
73 4
73 2
73 2
68 2
70 2
70 2
68 2
66 8
68 2
68 2
68 2
70 2
73 4
73 2
70 2
68 2
66 2
63 2
66 2
61 8
73 4
73 2
70 2
73 4
73 2
75 2
78 4
78 2
75 2
73 8
73 2
78 4
75 2
73 4
70 2
68 2
70 2
68 2
73 2
70 2
68 8
73 4
73 2
70 2
73 4
73 2
70 2
68 2
70 2
70 2
68 2
66 8
68 2
68 2
68 2
70 2
73 4
73 2
70 2
68 2
66 2
63 2
66 2
61 8
78 4
78 2
75 2
78 4
78 1
75 3
73 4
75 4
73 8
73 2
78 4
75 2
73 2
73 2
70 2
68 2
70 2
68 2
73 2
70 2
68 8
73 4
73 2
70 2
73 4
73 2
73 2
68 2
70 2
70 2
68 2
66 6
63 2
68 2
68 2
68 2
70 2
68 2
66 2
63 2
66 2
66 14
63 2
68 2
68 2
68 2
70 2
68 2
66 2
63 2
66 2
66 16
70 6
61 2
70 4
68 4
70 4
68 4
70 8
68 2
70 2
63 2
61 2
68 4
68 4
70 4
68 4
61 8
70 6
68 2
61 4
70 4
68 4
70 4
68 8
61 4
68 4
61 6
68 2
61 2
63 2
68 2
63 2
68 8
70 5
61 3
70 4
68 4
70 4
68 4
61 8
68 2
70 2
61 2
61 2
68 4
68 4
68 4
70 4
61 8
68 6
70 2
61 4
70 4
68 4
70 4
61 8
61 4
68 4
61 6
68 2
61 2
63 2
68 2
63 2
68 8
