D:maj [2, 6, 9] 2 4 
F#:min [1, 6, 9] 6 4 
G:maj [2, 7, 11] 7 4 
A:maj [1, 4, 9] 9 4 
D:maj [2, 6, 9] 2 4 
F#:min [1, 6, 9] 6 4 
G:maj [2, 7, 11] 7 2 
A:maj [1, 4, 9] 9 2 
D:maj [2, 6, 9] 2 8 
F#:maj [1, 6, 10] 6 4 
G:maj [2, 7, 11] 7 4 
A:maj [1, 4, 9] 9 4 
D:maj [2, 6, 9] 2 4 
F#:min [1, 6, 9] 6 4 
G:maj [2, 7, 11] 7 4 
A:maj [1, 4, 9] 9 4 
B:min [2, 6, 11] 11 2 
F#:maj [1, 6, 10] 6 2 
G:maj [2, 7, 11] 7 2 
D:maj [2, 6, 9] 2 2 
E:min [4, 7, 11] 4 2 
A:maj [1, 4, 9] 9 2 
D:maj [2, 6, 9] 2 4 
B:min [2, 6, 11] 11 2 
F#:maj [1, 6, 10] 6 2 
G:maj [2, 7, 11] 7 2 
D:maj [2, 6, 9] 2 2 
E:min [4, 7, 11] 4 2 
A:maj [1, 4, 9] 9 2 
D:maj [2, 6, 9] 2 8 
F#:min [1, 6, 9] 6 4 
G:maj [2, 7, 11] 7 2 
A:maj [1, 4, 9] 9 2 
D:maj [2, 6, 9] 2 4 
B:min [2, 6, 11] 11 4 
F#:min [1, 6, 9] 6 4 
G:maj [2, 7, 11] 7 2 
A:maj [1, 4, 9] 9 2 
D:maj [2, 6, 9] 2 8 
F#:min [1, 6, 9] 6 4 
G:maj [2, 7, 11] 7 4 
A:maj [1, 4, 9] 9 4 
D:maj [2, 6, 9] 2 4 
F#:min [1, 6, 9] 6 4 
G:maj [2, 7, 11] 7 2 
A:maj [1, 4, 9] 9 2 
D:maj [2, 6, 9] 2 8 
F#:maj [1, 6, 10] 6 4 
G:maj [2, 7, 11] 7 4 
A:maj [1, 4, 9] 9 4 
D:maj [2, 6, 9] 2 4 
F#:min [1, 6, 9] 6 4 
G:maj [2, 7, 11] 7 4 
A:maj [1, 4, 9] 9 4 
B:min [2, 6, 11] 11 2 
F#:maj [1, 6, 10] 6 2 
G:maj [2, 7, 11] 7 2 
D:maj [2, 6, 9] 2 2 
E:min [4, 7, 11] 4 2 
A:maj [1, 4, 9] 9 2 
D:maj [2, 6, 9] 2 4 
B:min [2, 6, 11] 11 2 
F#:maj [1, 6, 10] 6 2 
G:maj [2, 7, 11] 7 2 
D:maj [2, 6, 9] 2 2 
E:min [4, 7, 11] 4 2 
A:maj [1, 4, 9] 9 2 
D:maj [2, 6, 9] 2 8 
F#:min [1, 6, 9] 6 4 
G:maj [2, 7, 11] 7 2 
A:maj [1, 4, 9] 9 2 
D:maj [2, 6, 9] 2 4 
B:min [2, 6, 11] 11 4 
F#:min [1, 6, 9] 6 4 
G:maj [2, 7, 11] 7 2 
A:maj [1, 4, 9] 9 2 
D:maj [2, 6, 9] 2 4 
B:min [2, 6, 11] 11 4 
F#:min [1, 6, 9] 6 4 
G:maj [2, 7, 11] 7 2 
A:maj [1, 4, 9] 9 2 
D:maj [2, 6, 9] 2 8 
F#:min [1, 6, 9] 6 4 
G:maj [2, 7, 11] 7 4 
A:maj [1, 4, 9] 9 4 
D:maj [2, 6, 9] 2 4 
F#:min [1, 6, 9] 6 4 
G:maj [2, 7, 11] 7 2 
A:maj [1, 4, 9] 9 2 
D:maj [2, 6, 9] 2 4 
