0 124
69 2
66 1
0 1
64 2
66 10
62 2
64 1
0 1
69 2
66 12
62 1
0 1
59 12
69 2
64 13
69 3
66 1
64 2
66 11
62 2
64 1
0 1
69 2
66 10
62 1
62 1
62 1
0 1
62 1
59 11
57 1
59 1
69 3
0 1
64 14
71 2
71 1
71 3
74 1
73 3
74 1
73 3
69 1
67 3
67 1
67 3
71 1
69 7
57 1
67 3
67 1
67 3
66 1
0 1
64 4
64 1
62 1
64 1
0 1
66 1
69 15
71 2
71 1
71 3
74 1
73 3
74 1
73 3
69 1
67 3
67 1
67 3
71 1
69 7
59 1
67 3
67 1
67 3
66 1
64 3
64 1
64 3
64 1
0 1
62 12
69 2
66 1
0 1
64 2
66 10
62 2
64 1
0 1
69 2
66 12
62 1
0 1
59 6
71 2
69 6
64 1
0 1
69 12
69 2
66 1
64 2
66 11
62 2
64 1
0 1
69 2
66 12
62 1
59 7
71 1
0 1
69 4
64 1
62 1
59 2
62 8
0 131
69 3
66 1
0 1
64 2
66 10
62 2
64 1
0 1
69 2
66 12
62 1
0 1
59 12
69 2
64 13
69 3
66 1
64 2
66 11
62 2
64 1
0 1
69 2
66 10
62 1
62 1
62 1
0 1
62 1
59 11
57 1
59 1
69 3
0 1
64 14
71 2
71 1
71 3
74 1
73 3
74 1
73 3
69 1
67 3
67 1
67 3
71 1
69 7
57 1
67 3
67 1
67 3
66 1
0 1
64 4
64 1
62 1
64 1
0 1
66 1
69 15
71 2
71 1
71 3
74 1
73 3
74 1
73 3
69 1
67 3
67 1
67 3
71 1
69 7
59 1
67 3
67 1
67 3
66 1
64 3
64 1
64 3
64 1
0 1
62 12
69 2
66 1
0 1
64 2
66 10
62 2
64 1
0 1
69 2
66 12
62 1
0 1
59 6
71 2
69 6
64 1
0 1
69 12
69 2
66 1
64 2
66 11
62 2
64 1
0 1
69 2
66 12
62 1
59 7
71 1
0 1
69 4
64 1
62 1
59 2
62 12
69 2
66 1
64 2
66 11
62 2
64 1
0 1
69 2
66 12
62 1
59 7
71 1
0 1
69 4
64 1
62 1
59 2
62 8
