G:min7 [2, 5, 7, 10] 7 4 
Eb:sus2 [3, 5, 10] 3 4 
Bb:maj [2, 5, 10] 10 4 
F:maj [0, 5, 9] 5 4 
G:min7 [2, 5, 7, 10] 7 4 
Eb:sus2 [3, 5, 10] 3 4 
Bb:maj [2, 5, 10] 10 4 
F:maj [0, 5, 9] 5 4 
G:min [2, 7, 10] 7 4 
Eb:maj [3, 7, 10] 3 4 
Bb:maj [2, 5, 10] 10 4 
F:maj [0, 5, 9] 5 4 
G:min [2, 7, 10] 7 4 
Eb:maj [3, 7, 10] 3 4 
Bb:maj [2, 5, 10] 10 4 
F:maj [0, 5, 9] 5 4 
G:min [2, 7, 10] 7 4 
F:maj [0, 5, 9] 5 4 
Eb:maj [3, 7, 10] 3 4 
Bb:maj [2, 5, 10] 10 4 
G:min [2, 7, 10] 7 4 
F:maj [0, 5, 9] 5 4 
Eb:maj [3, 7, 10] 3 4 
Bb:maj [2, 5, 10] 10 4 
G:min [2, 7, 10] 7 4 
D:min7 [0, 2, 5, 9] 2 4 
Eb:maj [3, 7, 10] 3 4 
Bb:maj [2, 5, 10] 10 4 
G:min [2, 7, 10] 7 4 
D:min7 [0, 2, 5, 9] 2 4 
Eb:maj [3, 7, 10] 3 2 
F:maj [0, 5, 9] 5 2 
G:min [2, 7, 10] 7 8 
D:min [2, 5, 9] 2 4 
Eb:maj [3, 7, 10] 3 4 
Bb:maj [2, 5, 10] 10 4 
G:min [2, 7, 10] 7 4 
D:min [2, 5, 9] 2 4 
Eb:maj [3, 7, 10] 3 2 
F:maj [0, 5, 9] 5 2 
G:min [2, 7, 10] 7 8 
Eb:maj [3, 7, 10] 3 4 
Bb:maj [2, 5, 10] 10 4 
F:maj [0, 5, 9] 5 4 
G:min [2, 7, 10] 7 4 
Eb:maj [3, 7, 10] 3 4 
Bb:maj [2, 5, 10] 10 4 
F:maj [0, 5, 9] 5 4 
G:min [2, 7, 10] 7 4 
F:maj [0, 5, 9] 5 4 
Eb:maj [3, 7, 10] 3 4 
Bb:maj [2, 5, 10] 10 4 
G:min [2, 7, 10] 7 4 
F:maj [0, 5, 9] 5 4 
Eb:maj [3, 7, 10] 3 4 
Bb:maj [2, 5, 10] 10 4 
G:min [2, 7, 10] 7 4 
D:min7 [0, 2, 5, 9] 2 4 
Eb:maj [3, 7, 10] 3 4 
Bb:maj [2, 5, 10] 10 4 
G:min [2, 7, 10] 7 4 
D:min7 [0, 2, 5, 9] 2 4 
Eb:maj [3, 7, 10] 3 2 
F:maj [0, 5, 9] 5 2 
G:min [2, 7, 10] 7 8 
D:min7 [0, 2, 5, 9] 2 4 
Eb:maj [3, 7, 10] 3 4 
Bb:maj [2, 5, 10] 10 4 
G:min [2, 7, 10] 7 4 
D:min7 [0, 2, 5, 9] 2 4 
Eb:maj [3, 7, 10] 3 2 
F:maj [0, 5, 9] 5 2 
G:min [2, 7, 10] 7 8 
D:min [2, 5, 9] 2 4 
Eb:maj [3, 7, 10] 3 4 
Bb:maj [2, 5, 10] 10 7 
