0 130
74 1
74 1
74 1
0 1
74 1
74 1
74 1
74 1
74 1
74 1
74 1
74 1
0 1
75 2
0 1
75 1
75 1
75 1
75 1
0 1
75 1
75 1
75 1
75 1
75 1
75 1
0 1
77 1
74 2
0 1
74 1
74 1
74 1
74 2
0 1
75 1
0 1
74 1
0 1
72 1
70 2
0 1
72 8
0 10
74 1
74 1
74 1
0 1
74 1
74 1
74 1
74 1
74 1
74 1
74 1
74 1
0 1
75 2
0 1
75 1
75 1
75 1
75 1
0 1
75 1
75 1
75 1
75 1
75 1
75 1
0 1
77 1
74 2
0 1
74 1
74 1
74 1
74 2
0 1
75 1
0 1
74 1
0 1
74 1
77 2
0 1
77 8
0 4
82 1
81 1
82 1
81 1
82 2
79 2
0 2
82 1
82 1
82 1
0 2
82 1
84 1
0 1
82 1
0 1
81 1
0 1
77 1
0 3
81 1
81 1
81 1
0 1
81 1
81 1
82 1
0 1
81 1
0 1
79 1
0 1
75 2
0 2
79 1
79 1
81 1
0 1
79 1
0 1
77 1
0 1
75 1
0 1
74 2
0 2
74 1
0 1
75 3
0 1
77 1
0 1
81 2
0 1
81 1
82 2
79 2
0 2
82 1
82 1
82 1
0 1
82 1
84 2
0 1
82 1
0 1
81 1
0 1
77 2
0 2
81 1
81 1
81 2
81 1
81 1
82 1
0 1
81 1
0 1
79 1
0 1
75 2
0 2
79 1
79 1
81 1
0 1
79 1
0 1
77 1
0 1
75 1
0 1
74 2
0 2
74 1
0 1
75 3
0 1
77 2
82 1
0 1
81 1
0 1
82 1
0 2
81 1
82 2
0 1
81 1
82 2
0 1
82 1
82 1
0 1
84 1
0 1
81 2
0 1
79 1
81 2
0 1
79 1
81 2
0 1
81 1
81 1
0 1
82 1
0 1
79 2
0 1
77 1
79 2
0 1
77 1
79 2
0 1
79 1
79 1
0 1
81 1
0 1
77 3
75 1
77 2
0 1
75 1
77 2
0 1
82 1
82 1
0 1
81 1
0 1
82 2
0 1
81 1
82 2
0 1
81 1
82 2
0 1
82 1
82 1
0 1
84 1
0 1
81 2
0 1
79 1
81 2
0 1
79 1
81 1
0 2
79 1
79 1
0 1
77 2
79 4
0 4
77 4
82 3
0 1
79 11
0 135
74 1
74 1
74 1
0 1
74 1
74 1
74 1
74 1
74 1
74 1
74 1
74 1
0 1
75 2
0 1
75 1
75 1
75 1
75 1
0 1
75 1
75 1
75 1
75 1
75 1
75 1
0 1
77 1
74 2
0 1
74 1
74 1
74 1
74 2
0 1
75 1
0 1
74 1
0 1
72 1
70 2
0 1
72 8
0 10
74 1
74 1
74 1
0 1
74 1
74 1
74 1
74 1
74 1
74 1
74 1
74 1
0 1
75 2
0 1
75 1
75 1
75 1
75 1
0 1
75 1
75 1
75 1
75 1
75 1
75 1
0 1
77 1
74 2
0 1
74 1
74 1
74 1
74 2
0 1
75 1
0 1
74 1
0 1
74 1
77 2
0 1
77 8
0 4
82 1
81 1
82 1
81 1
82 2
79 2
0 2
82 1
82 1
82 1
0 2
82 1
84 1
0 1
82 1
0 1
81 1
0 1
77 1
0 3
81 1
81 1
81 1
0 1
81 1
81 1
82 1
0 1
81 1
0 1
79 1
0 1
75 2
0 2
79 1
79 1
81 1
0 1
79 1
0 1
77 1
0 1
75 1
0 1
74 2
0 2
74 1
0 1
75 3
0 1
77 1
0 1
81 2
0 1
81 1
82 2
79 2
0 2
82 1
82 1
82 1
0 1
82 1
84 2
0 1
82 1
0 1
81 1
0 1
77 2
0 2
81 1
81 1
81 2
81 1
81 1
82 1
0 1
81 1
0 1
79 1
0 1
75 2
0 2
79 1
79 1
81 1
0 1
79 1
0 1
77 1
0 1
75 1
0 1
74 2
0 2
74 1
0 1
75 3
0 1
77 2
82 1
0 1
81 1
0 1
82 1
0 2
81 1
82 2
0 1
81 1
82 2
0 1
82 1
82 1
0 1
84 1
0 1
81 2
0 1
79 1
81 2
0 1
79 1
81 2
0 1
81 1
81 1
0 1
82 1
0 1
79 2
0 1
77 1
79 2
0 1
77 1
79 2
0 1
79 1
79 1
0 1
81 1
0 1
77 2
0 1
75 1
77 2
0 1
75 1
77 2
0 1
82 1
82 1
0 1
81 1
0 1
82 2
0 1
81 1
82 2
0 1
81 1
82 2
0 1
82 1
82 1
0 1
84 1
0 1
81 2
0 1
79 1
81 2
0 1
79 1
81 1
0 2
79 1
79 1
0 1
77 2
79 4
0 4
77 4
82 3
0 1
79 11
0 1
82 1
0 1
81 1
0 1
82 1
0 2
81 1
82 2
0 1
81 1
82 2
0 1
82 1
82 1
0 1
84 1
0 1
81 2
0 1
79 1
81 2
0 1
79 1
81 2
0 1
81 1
81 1
0 1
82 1
0 1
79 2
0 1
77 1
79 2
0 1
77 1
79 2
0 1
79 1
79 1
0 1
81 1
0 1
77 3
75 1
77 2
0 1
75 1
77 2
0 1
82 1
82 1
0 1
81 1
0 1
82 2
0 1
81 1
82 2
0 1
81 1
82 2
0 1
82 1
82 1
0 1
84 1
0 1
81 2
0 1
79 1
81 2
0 1
79 1
81 1
0 2
79 1
79 1
0 1
77 2
79 4
0 4
77 4
82 3
0 1
79 11
