0 32
73 2
72 1
68 3
70 2
72 2
68 1
68 4
0 1
70 2
70 3
0 1
68 2
65 7
0 1
70 1
0 1
68 1
68 3
66 2
68 2
70 1
68 2
0 1
65 1
63 1
65 2
65 1
0 1
65 1
63 3
65 8
73 2
72 1
68 2
0 1
70 2
72 2
68 1
0 1
68 4
70 1
0 1
70 1
68 1
68 2
72 2
65 7
0 1
70 2
68 1
68 2
0 1
66 2
68 2
70 2
68 2
65 1
63 1
65 1
0 1
65 1
0 1
65 1
63 2
0 1
65 4
61 2
63 2
65 5
0 1
63 2
65 2
0 2
61 2
68 2
65 4
0 2
63 2
65 3
0 1
61 2
73 1
0 1
73 2
70 2
70 2
68 2
70 1
0 1
70 1
0 1
70 1
72 3
68 8
0 8
77 2
75 2
77 2
80 2
77 5
0 3
77 2
72 2
73 2
75 2
73 2
70 5
0 1
70 2
78 1
0 1
78 2
77 2
75 2
72 2
73 2
75 2
75 2
77 1
77 11
0 2
77 2
75 2
77 2
80 2
77 5
0 3
77 2
72 2
73 1
73 1
75 1
0 1
70 7
0 1
70 2
78 1
78 2
0 1
77 2
78 2
77 2
73 2
73 1
75 1
73 10
0 150
73 2
72 1
68 3
70 2
72 2
68 1
68 4
0 1
70 2
70 3
0 1
68 2
65 7
0 1
70 1
0 1
68 1
68 3
66 2
68 2
70 1
68 2
0 1
65 1
63 1
65 2
65 1
0 1
65 1
63 3
65 8
73 2
72 1
68 2
0 1
70 2
72 2
68 1
0 1
68 4
70 1
0 1
70 1
68 1
68 2
72 2
65 7
0 1
70 2
68 1
68 2
0 1
66 2
68 2
70 2
68 2
65 1
63 1
65 1
0 1
65 1
0 1
65 1
63 2
0 1
65 4
61 2
63 2
65 5
0 1
63 2
65 2
0 2
61 2
68 2
65 4
0 2
63 2
65 3
0 1
61 2
73 1
0 1
73 2
70 2
70 2
68 2
70 1
0 1
70 1
0 1
70 1
72 3
68 8
0 8
77 2
75 2
77 2
80 2
77 5
0 3
77 2
72 2
73 2
75 2
73 2
70 5
0 1
70 2
78 1
0 1
78 2
77 2
75 2
72 2
73 2
75 2
75 2
77 1
77 11
0 2
77 2
75 2
77 2
80 2
77 5
0 3
77 2
72 2
73 1
73 1
75 1
0 1
70 7
0 1
70 2
78 1
78 2
0 1
77 2
78 2
77 2
73 2
73 1
75 1
73 10
0 6
77 2
75 2
77 2
80 2
77 5
0 3
77 2
72 2
73 2
75 2
73 2
70 5
0 1
70 2
78 1
0 1
78 2
77 2
75 2
72 2
73 2
75 2
75 2
77 1
77 11
0 2
77 2
75 2
77 2
80 2
77 5
0 3
77 2
72 2
73 1
73 1
75 1
0 1
70 7
0 1
70 2
78 1
78 2
0 1
77 2
78 2
77 2
73 2
73 1
75 1
73 10
0 6
70 2
78 1
78 2
0 1
77 2
78 2
77 2
73 2
73 1
75 1
73 10
0 6
70 2
78 1
78 2
0 1
77 2
78 2
77 2
73 4
75 8
73 25
