D:sus2 [2, 4, 9] 2 10 
C:sus2 [0, 2, 7] 0 2 
Bb:maj [2, 5, 10] 10 5 
D:min [2, 5, 9] 2 1 
C:sus2 [0, 2, 7] 0 2 
Bb:maj [2, 5, 10] 10 6 
C:maj [0, 4, 7] 0 2 
A:min [0, 4, 9] 9 2 
D:min [2, 5, 9] 2 2 
G:min [2, 7, 10] 7 2 
A:min [0, 4, 9] 9 2 
D:sus2 [2, 4, 9] 2 6 
C:maj [0, 4, 7] 0 2 
G:min/b3 [2, 7, 10] 10 2 
F:maj [0, 5, 9] 5 2 
D:min [2, 5, 9] 2 2 
C:maj [0, 4, 7] 0 4 
D:min [2, 5, 9] 2 4 
C:maj [0, 4, 7] 0 2 
G:min/b3 [2, 7, 10] 10 2 
F:maj [0, 5, 9] 5 2 
D:min [2, 5, 9] 2 2 
C:maj [0, 4, 7] 0 4 
D:min [2, 5, 9] 2 2 
Bb:maj [2, 5, 10] 10 2 
C:maj [0, 4, 7] 0 2 
A:min [0, 4, 9] 9 2 
D:min [2, 5, 9] 2 2 
G:min [2, 7, 10] 7 2 
C:maj [0, 4, 7] 0 2 
F:maj [0, 5, 9] 5 2 
A:maj [1, 4, 9] 9 2 
Bb:maj [2, 5, 10] 10 2 
C:maj [0, 4, 7] 0 2 
A:min [0, 4, 9] 9 2 
D:min [2, 5, 9] 2 2 
G:min [2, 7, 10] 7 2 
C:maj [0, 4, 7] 0 2 
D:sus2 [2, 4, 9] 2 4 
Bb:maj [2, 5, 10] 10 2 
C:maj [0, 4, 7] 0 2 
A:min [0, 4, 9] 9 2 
D:min [2, 5, 9] 2 2 
G:min [2, 7, 10] 7 2 
C:maj [0, 4, 7] 0 2 
F:maj [0, 5, 9] 5 4 
Bb:maj [2, 5, 10] 10 2 
C:maj [0, 4, 7] 0 2 
A:min [0, 4, 9] 9 2 
D:min [2, 5, 9] 2 2 
G:min [2, 7, 10] 7 2 
A:min [0, 4, 9] 9 2 
D:min [2, 5, 9] 2 6 
C:maj [0, 4, 7] 0 2 
G:min/b3 [2, 7, 10] 10 2 
F:maj [0, 5, 9] 5 2 
D:min [2, 5, 9] 2 2 
C:maj [0, 4, 7] 0 4 
D:min [2, 5, 9] 2 4 
C:maj [0, 4, 7] 0 2 
A:min [0, 4, 9] 9 2 
D:min [2, 5, 9] 2 4 
C:maj [0, 4, 7] 0 4 
D:min [2, 5, 9] 2 2 
Bb:maj [2, 5, 10] 10 2 
C:maj [0, 4, 7] 0 2 
A:min [0, 4, 9] 9 2 
D:min [2, 5, 9] 2 2 
G:min [2, 7, 10] 7 2 
C:maj [0, 4, 7] 0 2 
D:sus2 [2, 4, 9] 2 2 
D:maj [2, 6, 9] 2 2 
Bb:maj [2, 5, 10] 10 2 
C:maj [0, 4, 7] 0 2 
A:min [0, 4, 9] 9 2 
D:min [2, 5, 9] 2 2 
G:min [2, 7, 10] 7 2 
C:maj [0, 4, 7] 0 2 
D:maj [2, 6, 9] 2 4 
Bb:maj [2, 5, 10] 10 2 
C:maj [0, 4, 7] 0 2 
A:min [0, 4, 9] 9 2 
D:min [2, 5, 9] 2 2 
G:min [2, 7, 10] 7 2 
C:maj [0, 4, 7] 0 2 
F:maj [0, 5, 9] 5 2 
A:maj [1, 4, 9] 9 2 
Bb:maj [2, 5, 10] 10 2 
C:maj [0, 4, 7] 0 2 
A:min [0, 4, 9] 9 2 
D:min [2, 5, 9] 2 2 
G:min [2, 7, 10] 7 2 
A:min [0, 4, 9] 9 2 
D:min [2, 5, 9] 2 4 
G:min [2, 7, 10] 7 2 
A:min [0, 4, 9] 9 2 
D:maj [2, 6, 9] 2 4 
G:maj [2, 7, 11] 7 1 
A:sus4 [2, 4, 9] 9 7 
D:maj [2, 6, 9] 2 2 
C:maj [0, 4, 7] 0 2 
Bb:maj [2, 5, 10] 10 4 
D:min [2, 5, 9] 2 2 
C:maj [0, 4, 7] 0 2 
Bb:maj [2, 5, 10] 10 5 
D:min [2, 5, 9] 2 5 
