C:maj [0, 4, 7] 0 8 
D:min/b3 [2, 5, 9] 5 2 
D:maj [2, 6, 9] 2 6 
E:min [4, 7, 11] 4 3 
A:min [0, 4, 9] 9 1 
F:maj7 [0, 3, 5, 9] 5 1 
F:maj [0, 5, 9] 5 3 
F#:dim [0, 6, 9] 6 2 
G:maj [2, 7, 11] 7 2 
C:maj [0, 4, 7] 0 8 
C:maj7/3 [0, 4, 7, 10] 4 4 
F:maj [0, 5, 9] 5 4 
G:sus4(b7) [0, 2, 7] 7 4 
C:maj [0, 4, 7] 0 4 
E:min [4, 7, 11] 4 4 
D:maj [2, 6, 9] 2 4 
G:maj [2, 7, 11] 7 4 
C:maj [0, 4, 7] 0 4 
E:min [4, 7, 11] 4 4 
A:min [0, 4, 9] 9 4 
D:maj [2, 6, 9] 2 2 
G:maj [2, 7, 11] 7 2 
C:maj [0, 4, 7] 0 4 
E:maj [4, 8, 11] 4 4 
A:maj [1, 4, 9] 9 2 
D:maj [2, 6, 9] 2 2 
G:sus2 [2, 7, 9] 7 4 
C:maj [0, 4, 7] 0 4 
E:min [4, 7, 11] 4 4 
F:maj [0, 5, 9] 5 4 
G:maj [2, 7, 11] 7 4 
C:maj [0, 4, 7] 0 4 
E:min [4, 7, 11] 4 4 
F:maj [0, 5, 9] 5 4 
D:min [2, 5, 9] 2 2 
G:maj [2, 7, 11] 7 2 
C:maj [0, 4, 7] 0 4 
A:min/b3 [0, 4, 9] 0 4 
D:min [2, 5, 9] 2 4 
G:maj [2, 7, 11] 7 8 
C:maj [0, 4, 7] 0 8 
C:maj7/3 [0, 4, 7, 10] 4 4 
F:maj [0, 5, 9] 5 4 
G:maj [2, 7, 11] 7 4 
C:maj [0, 4, 7] 0 4 
E:min [4, 7, 11] 4 4 
F:maj [0, 5, 9] 5 4 
D:min [2, 5, 9] 2 2 
G:maj [2, 7, 11] 7 2 
C:maj [0, 4, 7] 0 4 
A:min/b3 [0, 4, 9] 0 4 
D:min [2, 5, 9] 2 4 
G:maj [2, 7, 11] 7 8 
C:maj [0, 4, 7] 0 8 
E:min [4, 7, 11] 4 4 
F:maj [0, 5, 9] 5 4 
E:min [4, 7, 11] 4 3 
C:maj [0, 4, 7] 0 5 
E:min [4, 7, 11] 4 4 
A:min [0, 4, 9] 9 2 
D:maj [2, 6, 9] 2 2 
G:7 [2, 5, 7, 11] 7 4 
C:maj [0, 4, 7] 0 5 
