0 128
64 2
62 2
60 5
0 1
55 1
57 1
60 3
0 1
62 2
64 9
0 5
65 1
0 1
65 1
65 5
57 2
60 4
60 2
64 3
62 10
0 3
64 2
60 7
0 1
64 1
64 1
62 2
60 2
0 1
67 1
64 11
0 3
62 3
57 4
62 1
59 2
0 1
59 2
0 1
57 2
59 2
55 8
0 4
57 1
55 1
60 2
0 1
60 5
0 2
60 1
0 1
62 2
60 1
60 2
0 1
67 1
64 5
0 6
64 1
67 1
69 2
0 1
69 3
0 4
62 3
62 1
0 1
60 1
62 2
64 1
62 7
0 4
57 1
55 1
60 2
0 1
60 5
0 2
60 1
0 1
62 2
60 1
60 2
0 1
67 1
64 5
0 6
64 1
67 1
69 2
0 1
64 2
62 1
64 1
62 1
62 3
0 2
64 2
62 1
69 2
0 1
67 9
0 2
69 1
67 1
72 2
0 1
72 5
0 2
72 1
0 1
74 1
0 1
72 1
72 1
0 1
71 1
0 1
71 9
0 2
64 1
67 1
69 2
0 1
69 2
0 1
72 1
69 1
72 2
0 1
69 2
0 3
64 3
62 7
0 6
72 2
0 1
72 6
0 1
72 1
0 1
74 1
0 1
76 1
76 1
0 1
76 5
71 6
0 2
64 1
67 1
69 1
0 1
69 3
0 1
72 1
69 1
0 1
69 1
71 1
72 1
76 2
74 1
0 1
74 4
0 8
76 2
74 2
72 8
0 2
72 2
71 2
67 2
69 2
0 1
64 5
0 6
64 1
67 1
65 2
0 1
65 1
65 2
0 1
64 1
64 2
0 1
62 4
0 5
69 3
67 1
67 8
0 8
65 2
0 1
64 2
0 1
62 2
60 9
0 7
72 2
0 1
72 5
0 2
72 1
0 1
74 1
0 1
72 1
72 1
0 1
71 1
0 1
71 9
0 2
64 1
67 1
69 2
0 1
69 2
0 1
72 1
69 1
72 2
0 1
69 4
0 1
64 3
62 7
0 6
72 2
0 1
72 6
0 1
72 1
0 1
74 1
0 1
76 1
76 1
0 1
76 5
71 6
0 2
64 1
67 1
69 1
0 1
69 3
0 1
72 1
69 1
0 1
69 1
71 1
72 1
76 2
74 1
0 1
74 4
0 8
76 2
74 2
72 8
0 2
72 2
71 2
67 2
69 2
0 1
64 5
0 6
64 1
67 1
65 2
0 1
65 1
65 2
0 1
64 1
64 2
0 1
62 4
0 5
69 3
67 1
67 8
0 8
65 2
0 1
64 2
0 1
62 2
60 9
0 5
57 1
55 1
60 2
0 1
60 5
0 2
64 2
62 2
60 2
67 4
0 10
64 1
67 1
69 1
69 1
69 1
0 1
60 1
60 4
0 3
62 4
64 8
0 6
57 1
55 1
60 2
0 1
60 5
0 2
64 2
62 2
60 1
60 1
67 6
0 8
64 1
67 1
69 1
0 1
69 2
60 2
60 1
60 5
0 8
62 6
64 40
