Ab:maj [0, 3, 8] 8 4 
Eb:maj/3 [3, 7, 10] 7 4 
F:min [0, 5, 8] 5 4 
Eb:maj [3, 7, 10] 3 4 
C#:maj [1, 5, 8] 1 3 
C:min [0, 3, 7] 0 5 
F#:maj [1, 6, 10] 6 8 
Eb:maj [3, 7, 10] 3 8 
Ab:maj [0, 3, 8] 8 4 
Eb:maj/3 [3, 7, 10] 7 3 
F:min [0, 5, 8] 5 3 
Eb:maj [3, 7, 10] 3 5 
C#:maj [1, 5, 8] 1 4 
C#:maj7 [1, 5, 8, 11] 1 1 
C:min7 [0, 3, 7, 10] 0 2 
Bb:min7 [1, 5, 8, 10] 10 6 
Eb:sus4(b7) [3, 8, 10] 3 3 
Ab:sus2 [3, 8, 10] 8 1 
Ab:maj [0, 3, 8] 8 3 
C#:sus2 [1, 3, 8] 1 3 
Ab:maj [0, 3, 8] 8 5 
Ab:maj(9) [0, 3, 6, 8, 10] 8 1 
C:min/5 [0, 3, 7] 7 4 
F:min [0, 5, 8] 5 2 
F:min7 [0, 3, 5, 8] 5 2 
C:min/b3 [0, 3, 7] 3 4 
C#:maj [1, 5, 8] 1 3 
C:min [0, 3, 7] 0 4 
Bb:min [1, 5, 10] 10 5 
Eb:sus4(b7,9) [1, 3, 5, 7, 10] 3 3 
Ab:sus2 [3, 8, 10] 8 4 
Eb:sus4 [3, 8, 10] 3 5 
Ab:maj [0, 3, 8] 8 4 
Eb:maj/3 [3, 7, 10] 7 3 
F:min [0, 5, 8] 5 4 
F:min7 [0, 3, 5, 8] 5 1 
Eb:sus2 [3, 5, 10] 3 3 
C#:maj [1, 5, 8] 1 4 
C:min [0, 3, 7] 0 4 
Ab:maj/3 [0, 3, 8] 0 1 
Bb:min7 [1, 5, 8, 10] 10 4 
Eb:7 [1, 3, 7, 10] 3 4 
Ab:maj [0, 3, 8] 8 4 
Eb:maj/3 [3, 7, 10] 7 4 
F:min7 [0, 3, 5, 8] 5 3 
Eb:maj [3, 7, 10] 3 4 
C#:maj [1, 5, 8] 1 5 
C:min [0, 3, 7] 0 2 
C:sus4 [0, 5, 7] 0 2 
Bb:min [1, 5, 10] 10 3 
Bb:min7 [1, 5, 8, 10] 10 1 
Eb:sus4 [3, 8, 10] 3 3 
Ab:maj [0, 3, 8] 8 5 
Eb:maj/3 [3, 7, 10] 7 4 
F:min [0, 5, 8] 5 3 
F:min7 [0, 3, 5, 8] 5 1 
C#:maj7 [1, 5, 8, 11] 1 1 
C#:maj6(9) [1, 3, 5, 8, 10, 11] 1 1 
Eb:maj [3, 7, 10] 3 6 
Ab:maj [0, 3, 8] 8 3 
Ab:maj(9) [0, 3, 6, 8, 10] 8 1 
C:min/5 [0, 3, 7] 7 4 
F:min [0, 5, 8] 5 4 
C:min/b3 [0, 3, 7] 3 4 
C#:maj [1, 5, 8] 1 3 
C#:maj9 [1, 3, 5, 8, 11] 1 1 
C:min [0, 3, 7] 0 3 
Bb:min [1, 5, 10] 10 5 
Eb:sus4(b7,9) [1, 3, 5, 7, 10] 3 3 
Ab:sus2 [3, 8, 10] 8 4 
Ab:maj [0, 3, 8] 8 1 
Eb:sus4 [3, 8, 10] 3 4 
Ab:maj [0, 3, 8] 8 4 
Eb:maj/3 [3, 7, 10] 7 3 
F:min [0, 5, 8] 5 4 
F:min7 [0, 3, 5, 8] 5 1 
Eb:sus2 [3, 5, 10] 3 3 
C#:maj [1, 5, 8] 1 4 
C:min [0, 3, 7] 0 4 
Ab:maj/3 [0, 3, 8] 0 1 
Bb:min7 [1, 5, 8, 10] 10 4 
Eb:9 [1, 3, 5, 7, 10] 3 3 
Eb:maj [3, 7, 10] 3 1 
Ab:maj [0, 3, 8] 8 4 
Eb:maj/3 [3, 7, 10] 7 4 
F:min7 [0, 3, 5, 8] 5 3 
Eb:maj [3, 7, 10] 3 5 
C#:maj [1, 5, 8] 1 4 
C:min [0, 3, 7] 0 2 
C:sus4 [0, 5, 7] 0 2 
Bb:min [1, 5, 10] 10 3 
Bb:min7 [1, 5, 8, 10] 10 1 
Eb:sus4 [3, 8, 10] 3 3 
Ab:maj [0, 3, 8] 8 5 
Ab:maj(9) [0, 3, 6, 8, 10] 8 4 
C#:maj [1, 5, 8] 1 3 
C:min [0, 3, 7] 0 5 
Bb:min [1, 5, 10] 10 4 
Ab:maj [0, 3, 8] 8 4 
F:min [0, 5, 8] 5 3 
C:min [0, 3, 7] 0 4 
C:min7 [0, 3, 7, 10] 0 1 
Bb:min7 [1, 5, 8, 10] 10 3 
Eb:maj [3, 7, 10] 3 9 
Ab:maj [0, 3, 8] 8 4 
Eb:maj/3 [3, 7, 10] 7 3 
F:min [0, 5, 8] 5 4 
F:min7 [0, 3, 5, 8] 5 1 
Eb:sus2 [3, 5, 10] 3 3 
Eb:maj [3, 7, 10] 3 1 
C#:maj [1, 5, 8] 1 3 
C:min [0, 3, 7] 0 4 
Ab:maj/3 [0, 3, 8] 0 1 
Bb:min7 [1, 5, 8, 10] 10 4 
Eb:maj/5 [3, 7, 10] 10 3 
Eb:maj [3, 7, 10] 3 1 
Ab:maj [0, 3, 8] 8 4 
C:min7 [0, 3, 7, 10] 0 4 
F:min7 [0, 3, 5, 8] 5 3 
Eb:maj [3, 7, 10] 3 5 
C#:maj [1, 5, 8] 1 4 
C:min [0, 3, 7] 0 2 
C:sus4 [0, 5, 7] 0 2 
Bb:min [1, 5, 10] 10 3 
Bb:min7 [1, 5, 8, 10] 10 1 
Eb:sus4 [3, 8, 10] 3 3 
Ab:maj [0, 3, 8] 8 5 
F#:maj6 [1, 3, 6, 10] 6 4 
F:maj [0, 5, 9] 5 4 
Eb:maj [3, 7, 10] 3 9 
Ab:maj [0, 3, 8] 8 4 
Eb:maj/3 [3, 7, 10] 7 4 
F:min [0, 5, 8] 5 4 
Ab:maj [0, 3, 8] 8 4 
C#:maj [1, 5, 8] 1 3 
C#:maj9 [1, 3, 5, 8, 11] 1 1 
C:min [0, 3, 7] 0 4 
F#:maj [1, 6, 10] 6 8 
Eb:maj [3, 7, 10] 3 4 
Ab:sus2 [3, 8, 10] 8 6 
