F:maj [0, 5, 9] 5 4 
D:min [2, 5, 9] 2 4 
Bb:maj/3 [2, 5, 10] 2 2 
Bb:maj7/3 [2, 5, 8, 10] 2 2 
D:min7/b7 [0, 2, 5, 9] 0 2 
C:maj [0, 4, 7] 0 2 
F:sus2 [0, 5, 7] 5 3 
F:maj7/7 [0, 3, 5, 9] 4 1 
D:min7 [0, 2, 5, 9] 2 4 
G:min7 [2, 5, 7, 10] 7 2 
C:sus4(b7) [0, 5, 7] 0 2 
F:maj [0, 5, 9] 5 8 
A:min7 [0, 4, 7, 9] 9 2 
D:min7 [0, 2, 5, 9] 2 2 
Bb:maj [2, 5, 10] 10 2 
C:sus4 [0, 5, 7] 0 2 
C:sus2 [0, 2, 7] 0 2 
C:maj [0, 4, 7] 0 1 
F:maj [0, 5, 9] 5 1 
F:sus2 [0, 5, 7] 5 4 
D:min7 [0, 2, 5, 9] 2 4 
C:maj [0, 4, 7] 0 8 
F:maj [0, 5, 9] 5 4 
F:maj/3 [0, 5, 9] 9 2 
D:min7 [0, 2, 5, 9] 2 2 
Bb:maj [2, 5, 10] 10 2 
G:min [2, 7, 10] 7 2 
C:maj [0, 4, 7] 0 4 
F:maj [0, 5, 9] 5 4 
D:min7 [0, 2, 5, 9] 2 4 
G:min [2, 7, 10] 7 4 
C:sus4 [0, 5, 7] 0 4 
F:sus4 [0, 5, 10] 5 3 
F:maj [0, 5, 9] 5 1 
F:sus2 [0, 5, 7] 5 3 
F:maj [0, 5, 9] 5 1 
D:min7 [0, 2, 5, 9] 2 1 
D:min [2, 5, 9] 2 1 
D:min7 [0, 2, 5, 9] 2 1 
D:min [2, 5, 9] 2 1 
Bb:maj [2, 5, 10] 10 4 
C:sus4 [0, 5, 7] 0 4 
F:maj [0, 5, 9] 5 4 
D:min7 [0, 2, 5, 9] 2 4 
Bb:maj [2, 5, 10] 10 2 
C:sus4(b7) [0, 5, 7] 0 2 
F:maj [0, 5, 9] 5 4 
Bb:sus2 [0, 5, 10] 10 4 
C:sus4(b7) [0, 5, 7] 0 4 
Bb:sus2 [0, 5, 10] 10 4 
D:min7/b7 [0, 2, 5, 9] 0 4 
F:sus2 [0, 5, 7] 5 3 
F:maj7/7 [0, 3, 5, 9] 4 1 
D:min7 [0, 2, 5, 9] 2 4 
G:min7 [2, 5, 7, 10] 7 2 
C:maj [0, 4, 7] 0 2 
F:maj [0, 5, 9] 5 8 
A:min [0, 4, 9] 9 2 
D:min7 [0, 2, 5, 9] 2 2 
Bb:maj [2, 5, 10] 10 2 
G:min [2, 7, 10] 7 2 
C:maj [0, 4, 7] 0 4 
F:maj [0, 5, 9] 5 4 
D:min7 [0, 2, 5, 9] 2 4 
G:min [2, 7, 10] 7 4 
C:sus4 [0, 5, 7] 0 4 
F:sus4 [0, 5, 10] 5 3 
F:maj [0, 5, 9] 5 1 
F:sus2 [0, 5, 7] 5 3 
F:maj [0, 5, 9] 5 1 
D:min7 [0, 2, 5, 9] 2 1 
D:min [2, 5, 9] 2 1 
D:min7 [0, 2, 5, 9] 2 1 
D:min [2, 5, 9] 2 1 
Bb:maj [2, 5, 10] 10 4 
C:sus4 [0, 5, 7] 0 4 
F:maj [0, 5, 9] 5 4 
D:min7 [0, 2, 5, 9] 2 4 
Bb:maj [2, 5, 10] 10 2 
C:sus4(b7) [0, 5, 7] 0 2 
F:maj [0, 5, 9] 5 8 
D:min7 [0, 2, 5, 9] 2 4 
Bb:sus2 [0, 5, 10] 10 4 
C:sus2 [0, 2, 7] 0 4 
F:maj [0, 5, 9] 5 4 
D:min7 [0, 2, 5, 9] 2 3 
D:min [2, 5, 9] 2 1 
G:min [2, 7, 10] 7 2 
C:sus4(b7) [0, 5, 7] 0 2 
F:sus4 [0, 5, 10] 5 7 
F:maj [0, 5, 9] 5 1 
D:min7 [0, 2, 5, 9] 2 4 
Bb:maj [2, 5, 10] 10 2 
C:maj [0, 4, 7] 0 1 
C:maj/b7 [0, 4, 7] 10 3 
F:sus4 [0, 5, 10] 5 5 
