0 128
81 3
0 1
81 2
79 2
77 4
0 4
84 2
81 1
0 1
81 2
72 2
74 3
0 5
74 3
0 1
74 2
77 2
79 4
0 4
74 1
81 1
79 1
77 1
79 2
81 1
81 2
79 4
0 3
81 3
0 1
81 2
84 1
86 2
0 1
84 3
0 3
86 1
86 1
0 1
84 1
84 2
81 1
81 1
0 1
81 4
0 3
72 4
74 2
81 2
79 5
0 3
81 2
79 10
0 4
81 3
0 1
81 2
79 2
77 4
0 4
84 2
81 1
0 1
81 2
72 2
74 7
0 1
74 3
0 1
74 2
77 2
79 6
0 2
72 1
81 1
79 1
77 1
79 2
81 1
81 2
79 4
0 3
81 3
0 1
81 2
84 1
86 2
0 1
84 4
0 2
86 1
86 1
86 1
84 1
84 2
81 1
0 1
81 5
0 3
72 3
0 1
74 2
81 1
81 1
0 1
79 4
0 3
81 2
79 6
0 2
79 1
77 1
74 2
77 1
0 1
77 11
0 1
72 1
74 1
77 1
79 1
81 6
84 2
81 3
0 1
77 1
79 1
81 1
84 1
86 6
84 2
81 4
81 1
84 1
86 1
89 1
89 5
0 1
89 1
86 1
89 2
86 2
81 2
86 1
84 9
0 4
72 1
74 1
77 1
79 1
81 6
84 2
81 3
0 1
77 1
79 1
81 1
84 1
86 6
84 2
81 3
0 1
72 1
74 1
77 1
81 1
79 6
79 1
77 1
79 2
72 2
74 2
77 2
0 2
77 13
0 129
81 3
0 1
81 2
79 2
77 4
0 4
84 2
81 1
0 1
81 2
72 2
74 3
0 5
74 4
74 2
77 2
79 4
0 4
74 1
81 1
79 1
77 1
79 2
81 1
81 2
79 4
0 3
81 3
0 1
81 2
84 1
86 3
84 3
0 3
86 1
86 1
86 1
84 1
84 2
81 1
0 1
81 4
0 4
74 4
74 2
81 1
81 1
79 4
0 4
81 2
79 6
0 3
79 1
77 1
74 1
77 1
0 2
77 7
0 4
72 1
74 1
77 1
79 1
81 6
84 2
81 3
0 1
77 1
79 1
81 1
84 1
86 6
84 2
81 4
81 1
84 1
86 1
89 1
89 5
0 1
89 1
86 1
89 2
86 2
81 2
86 1
84 9
0 4
72 1
74 1
77 1
79 1
81 6
84 2
81 3
0 1
77 1
79 1
81 1
84 1
86 6
84 2
81 3
0 1
72 1
74 1
77 1
81 1
79 6
79 1
77 1
79 2
72 3
74 1
77 3
0 1
77 8
0 2
72 1
74 1
77 1
79 1
81 6
84 2
81 3
0 1
77 1
79 1
81 1
84 1
86 6
84 2
81 4
81 1
84 1
86 1
89 1
89 5
0 1
89 1
86 1
89 2
86 2
81 2
86 1
84 9
0 4
72 1
74 1
77 1
79 1
81 6
84 2
81 3
0 1
77 1
79 1
81 1
84 1
86 6
84 2
81 3
0 1
72 1
74 1
77 1
81 1
79 6
79 1
77 1
79 2
72 2
74 2
77 4
77 10
72 1
74 1
77 1
79 1
81 6
84 2
81 3
0 1
77 1
79 1
81 1
84 1
86 6
84 2
81 3
0 1
72 1
74 1
77 1
81 1
79 6
79 1
77 1
79 2
72 3
74 2
77 5
0 1
77 13
