C:min [0, 3, 7] 0 4 
F:maj [0, 5, 9] 5 4 
Bb:maj [2, 5, 10] 10 4 
D:maj [2, 6, 9] 2 2 
G:min7 [2, 5, 7, 10] 7 2 
G:min [2, 7, 10] 7 6 
Bb:maj7 [2, 5, 8, 10] 10 2 
D:min [2, 5, 9] 2 8 
G:maj [2, 7, 11] 7 4 
Bb:maj [2, 5, 10] 10 4 
C:min [0, 3, 7] 0 4 
G:min [2, 7, 10] 7 4 
Bb:maj [2, 5, 10] 10 4 
D:min [2, 5, 9] 2 4 
Eb:maj [3, 7, 10] 3 2 
F:maj [0, 5, 9] 5 2 
G:min [2, 7, 10] 7 12 
C:min [0, 3, 7] 0 4 
D:min [2, 5, 9] 2 4 
G:min [2, 7, 10] 7 8 
Eb:maj [3, 7, 10] 3 4 
Bb:sus2 [0, 5, 10] 10 4 
G:maj [2, 7, 11] 7 4 
C:min [0, 3, 7] 0 4 
Eb:maj [3, 7, 10] 3 4 
Bb:maj [2, 5, 10] 10 4 
G:min [2, 7, 10] 7 8 
D:min [2, 5, 9] 2 4 
G:maj [2, 7, 11] 7 4 
C:min [0, 3, 7] 0 4 
F:maj [0, 5, 9] 5 4 
Bb:maj [2, 5, 10] 10 4 
D:min [2, 5, 9] 2 4 
G:min [2, 7, 10] 7 4 
Bb:maj [2, 5, 10] 10 4 
D:min [2, 5, 9] 2 4 
G:maj [2, 7, 11] 7 8 
Bb:maj [2, 5, 10] 10 4 
C:min [0, 3, 7] 0 4 
G:maj [2, 7, 11] 7 4 
Bb:maj [2, 5, 10] 10 4 
D:min [2, 5, 9] 2 4 
Eb:maj [3, 7, 10] 3 2 
F:maj [0, 5, 9] 5 2 
G:min [2, 7, 10] 7 12 
C:min [0, 3, 7] 0 4 
D:min [2, 5, 9] 2 4 
G:min [2, 7, 10] 7 8 
Eb:maj [3, 7, 10] 3 4 
Bb:sus2 [0, 5, 10] 10 4 
G:maj [2, 7, 11] 7 4 
C:min [0, 3, 7] 0 4 
Eb:maj [3, 7, 10] 3 4 
Bb:maj [2, 5, 10] 10 4 
G:min [2, 7, 10] 7 8 
D:min [2, 5, 9] 2 4 
G:maj [2, 7, 11] 7 4 
C:min [0, 3, 7] 0 4 
F:maj [0, 5, 9] 5 4 
Bb:maj [2, 5, 10] 10 4 
D:min [2, 5, 9] 2 4 
G:min [2, 7, 10] 7 4 
Bb:maj [2, 5, 10] 10 4 
D:min [2, 5, 9] 2 4 
G:maj [2, 7, 11] 7 4 
C:min [0, 3, 7] 0 4 
F:maj [0, 5, 9] 5 4 
Bb:maj [2, 5, 10] 10 4 
D:min [2, 5, 9] 2 4 
G:min [2, 7, 10] 7 4 
Bb:maj [2, 5, 10] 10 4 
D:min [2, 5, 9] 2 4 
G:sus2 [2, 7, 9] 7 4 
D:min [2, 5, 9] 2 4 
G:min [2, 7, 10] 7 4 
G:maj [2, 7, 11] 7 4 
Bb:maj [2, 5, 10] 10 4 
C:min [0, 3, 7] 0 4 
G:maj [2, 7, 11] 7 4 
Bb:maj [2, 5, 10] 10 4 
D:min [2, 5, 9] 2 4 
Eb:maj [3, 7, 10] 3 2 
F:maj [0, 5, 9] 5 2 
G:min [2, 7, 10] 7 18 
