G:maj [2, 7, 11] 7 2 
D:maj/3 [2, 6, 9] 6 2 
B:min [2, 6, 11] 11 2 
E:min7 [2, 4, 7, 11] 4 2 
B:min7 [2, 6, 9, 11] 11 2 
E:min7 [2, 4, 7, 11] 4 2 
A:min [0, 4, 9] 9 2 
D:maj [2, 6, 9] 2 2 
G:maj [2, 7, 11] 7 2 
D:maj/3 [2, 6, 9] 6 2 
B:min7 [2, 6, 9, 11] 11 2 
E:min [4, 7, 11] 4 2 
C:maj [0, 4, 7] 0 2 
G:maj [2, 7, 11] 7 2 
D:maj [2, 6, 9] 2 2 
G:maj [2, 7, 11] 7 2 
D:maj [2, 6, 9] 2 4 
G:maj [2, 7, 11] 7 2 
D:maj/3 [2, 6, 9] 6 2 
E:min [4, 7, 11] 4 2 
B:min7 [2, 6, 9, 11] 11 2 
C:maj [0, 4, 7] 0 2 
G:maj [2, 7, 11] 7 2 
C:maj(9) [0, 2, 4, 7, 10] 0 2 
D:maj [2, 6, 9] 2 2 
G:maj [2, 7, 11] 7 2 
D:maj/3 [2, 6, 9] 6 2 
E:min7 [2, 4, 7, 11] 4 2 
B:min7 [2, 6, 9, 11] 11 2 
C:maj [0, 4, 7] 0 2 
G:maj [2, 7, 11] 7 2 
C:maj(9) [0, 2, 4, 7, 10] 0 1 
D:maj [2, 6, 9] 2 1 
G:maj [2, 7, 11] 7 2 
C:maj [0, 4, 7] 0 2 
G:maj [2, 7, 11] 7 2 
C:maj [0, 4, 7] 0 1 
D:maj [2, 6, 9] 2 1 
G:maj [2, 7, 11] 7 4 
D:maj/3 [2, 6, 9] 6 2 
B:min [2, 6, 11] 11 2 
E:min7 [2, 4, 7, 11] 4 2 
B:min7 [2, 6, 9, 11] 11 2 
E:min7 [2, 4, 7, 11] 4 2 
A:min [0, 4, 9] 9 2 
D:maj [2, 6, 9] 2 2 
G:maj [2, 7, 11] 7 2 
D:maj/3 [2, 6, 9] 6 2 
B:min7 [2, 6, 9, 11] 11 2 
E:min [4, 7, 11] 4 2 
C:maj [0, 4, 7] 0 2 
G:maj [2, 7, 11] 7 2 
D:maj [2, 6, 9] 2 2 
G:maj [2, 7, 11] 7 2 
D:maj [2, 6, 9] 2 4 
G:maj [2, 7, 11] 7 2 
D:maj/3 [2, 6, 9] 6 2 
E:min [4, 7, 11] 4 2 
B:min7 [2, 6, 9, 11] 11 2 
C:maj [0, 4, 7] 0 2 
G:maj [2, 7, 11] 7 2 
C:maj(9) [0, 2, 4, 7, 10] 0 2 
D:maj [2, 6, 9] 2 2 
G:maj [2, 7, 11] 7 2 
D:maj/3 [2, 6, 9] 6 2 
E:min7 [2, 4, 7, 11] 4 2 
B:min7 [2, 6, 9, 11] 11 2 
C:maj [0, 4, 7] 0 2 
G:maj [2, 7, 11] 7 2 
A:min [0, 4, 9] 9 1 
D:maj [2, 6, 9] 2 1 
G:maj [2, 7, 11] 7 2 
E:min [4, 7, 11] 4 2 
B:min7 [2, 6, 9, 11] 11 2 
C:maj [0, 4, 7] 0 2 
E:min [4, 7, 11] 4 4 
B:min7 [2, 6, 9, 11] 11 2 
C:maj [0, 4, 7] 0 2 
E:min [4, 7, 11] 4 2 
C:maj [0, 4, 7] 0 1 
D:maj [2, 6, 9] 2 1 
E:min [4, 7, 11] 4 2 
C:maj [0, 4, 7] 0 1 
D:maj [2, 6, 9] 2 1 
E:min [4, 7, 11] 4 2 
D:maj [2, 6, 9] 2 4 
G:maj [2, 7, 11] 7 2 
D:maj/3 [2, 6, 9] 6 2 
E:min [4, 7, 11] 4 2 
B:min [2, 6, 11] 11 2 
C:maj [0, 4, 7] 0 2 
G:maj [2, 7, 11] 7 2 
C:maj [0, 4, 7] 0 2 
D:maj [2, 6, 9] 2 2 
G:maj [2, 7, 11] 7 2 
D:maj/3 [2, 6, 9] 6 2 
E:min [4, 7, 11] 4 2 
B:min [2, 6, 11] 11 2 
C:maj [0, 4, 7] 0 2 
G:maj [2, 7, 11] 7 2 
C:sus2 [0, 2, 7] 0 2 
G:maj [2, 7, 11] 7 2 
C:sus2 [0, 2, 7] 0 2 
B:min7 [2, 6, 9, 11] 11 2 
C:maj [0, 4, 7] 0 1 
D:maj [2, 6, 9] 2 1 
G:maj [2, 7, 11] 7 2 
C:maj [0, 4, 7] 0 2 
B:min7 [2, 6, 9, 11] 11 2 
C:maj [0, 4, 7] 0 1 
D:maj [2, 6, 9] 2 1 
E:min [4, 7, 11] 4 4 
B:min [2, 6, 11] 11 2 
C:maj [0, 4, 7] 0 1 
D:maj [2, 6, 9] 2 1 
E:min [4, 7, 11] 4 2 
C:sus2 [0, 2, 7] 0 1 
D:sus4 [2, 7, 9] 2 1 
E:min [4, 7, 11] 4 2 
C:maj [0, 4, 7] 0 1 
D:sus2 [2, 4, 9] 2 1 
E:min7 [2, 4, 7, 11] 4 6 
