67 2
67 2
69 2
71 2
71 1
69 2
69 3
69 1
71 1
74 1
74 2
71 1
74 2
76 1
67 9
74 1
74 2
71 1
74 2
76 1
67 3
64 1
67 2
71 2
69 17
71 1
71 2
71 1
71 2
69 1
71 1
74 1
74 2
74 1
74 2
74 1
74 1
71 1
71 1
0 1
71 1
71 2
78 1
79 2
76 5
76 1
78 1
79 1
78 2
76 1
76 1
74 2
71 1
69 1
71 2
74 5
69 2
67 2
67 2
67 1
64 2
67 9
0 12
71 2
76 1
74 1
74 1
71 1
71 1
69 1
71 1
74 1
76 1
74 1
71 1
74 3
71 2
79 1
79 1
79 1
79 1
76 2
74 1
71 8
71 1
79 1
79 1
79 1
76 1
81 1
79 2
74 2
74 1
74 1
71 1
76 1
74 3
69 1
67 1
69 1
67 1
69 2
67 1
69 7
71 2
76 1
74 1
74 1
71 1
71 1
69 1
71 1
74 1
76 1
74 1
71 1
74 3
71 1
71 1
79 1
79 1
79 1
79 1
81 1
79 1
76 1
71 1
74 7
71 1
79 1
79 1
79 1
76 1
81 1
79 1
76 1
79 1
76 1
74 1
71 1
74 1
71 4
69 1
71 1
74 1
71 1
69 1
67 1
64 1
67 1
67 9
0 31
67 2
67 2
69 2
71 2
71 1
69 2
69 3
69 1
71 1
74 1
74 2
71 1
74 2
76 1
67 9
74 1
74 2
71 1
74 2
76 1
67 3
64 1
67 2
71 2
69 17
71 1
71 2
71 1
71 2
69 1
71 1
74 1
74 2
74 1
74 2
74 1
74 1
71 1
71 1
0 1
71 1
71 2
78 1
79 2
76 5
76 1
78 1
79 1
78 2
76 1
76 1
74 2
71 1
69 1
71 2
74 5
69 2
67 2
67 2
67 1
64 2
67 9
0 12
71 2
76 1
74 1
74 1
71 1
71 1
69 1
71 1
74 1
76 1
74 1
71 1
74 3
71 2
79 1
79 1
79 1
79 1
76 2
74 1
71 8
71 1
79 1
79 1
79 1
76 1
81 1
79 2
74 2
74 1
74 1
71 1
76 1
74 3
69 1
67 1
69 1
67 1
69 2
67 1
69 7
71 2
76 1
74 1
74 1
71 1
71 1
69 1
71 1
74 1
76 1
74 1
71 1
74 3
71 1
71 1
79 1
79 1
79 1
79 1
81 1
79 1
76 1
71 1
74 7
71 1
79 1
79 1
79 1
76 1
81 1
79 1
76 1
79 1
76 1
74 1
71 1
74 1
71 4
69 1
71 1
74 1
71 1
69 1
67 1
64 1
67 1
67 9
0 109
71 2
76 1
74 1
74 1
71 1
71 1
69 1
71 1
74 1
76 1
74 1
71 1
74 3
71 2
79 1
79 1
79 1
79 1
76 2
74 1
71 8
71 1
79 1
79 1
79 1
76 1
81 1
79 2
74 2
74 1
74 1
71 1
76 1
74 3
69 1
67 1
69 1
67 1
69 2
67 1
69 7
71 2
76 1
74 1
74 1
71 1
71 1
69 1
71 1
74 1
76 1
74 1
71 1
74 3
71 1
71 1
79 1
79 1
79 1
79 1
81 1
79 1
76 1
71 1
74 7
71 1
79 1
79 1
79 1
76 1
81 1
79 1
76 1
79 1
76 1
74 1
71 1
74 1
71 4
69 1
71 1
74 1
71 1
69 1
67 1
64 1
67 1
67 7
71 1
79 1
79 1
79 1
76 1
81 1
79 1
76 1
79 1
76 1
74 1
71 1
74 1
71 4
69 1
71 1
74 1
71 1
69 1
67 1
64 1
67 1
67 18
