0 80
69 1
69 1
69 1
69 1
69 2
66 2
73 4
0 4
76 1
76 1
76 1
76 1
78 1
0 1
76 1
0 1
73 5
0 1
73 1
76 1
71 1
0 1
71 1
71 2
0 1
69 1
66 1
71 1
0 1
73 1
71 2
0 1
69 1
71 1
73 1
0 1
73 1
0 1
76 1
0 1
73 1
71 2
73 6
0 3
78 1
78 1
78 1
0 1
78 1
76 1
78 2
81 4
0 2
76 2
73 1
0 1
76 1
78 2
0 1
76 5
0 1
73 1
71 1
69 1
0 1
66 1
66 2
0 2
73 1
71 1
0 1
64 1
64 3
0 2
69 1
69 1
69 1
69 1
69 1
71 3
68 7
0 1
69 1
69 1
69 1
69 1
69 2
66 2
73 4
0 4
76 1
76 1
76 1
76 1
78 1
0 1
76 1
0 1
73 5
0 1
73 1
76 1
71 1
0 1
71 1
71 2
0 1
69 1
66 1
71 1
0 1
73 1
71 2
0 1
69 1
71 1
73 1
0 1
73 1
0 1
76 1
0 1
73 1
71 2
73 6
0 3
78 1
78 1
78 1
0 1
78 1
76 1
78 2
81 4
0 2
76 2
73 1
0 1
76 1
78 2
0 1
76 5
0 1
73 1
76 1
78 1
0 1
76 1
78 3
0 1
78 1
80 1
0 1
73 1
73 2
80 3
81 2
78 1
78 3
81 2
80 4
81 2
80 1
0 1
78 4
73 3
0 1
76 2
78 1
78 4
0 1
76 1
0 1
76 2
71 1
76 2
0 1
73 6
73 1
71 1
69 1
66 1
66 1
66 2
0 2
78 1
78 2
76 1
78 4
0 1
78 1
0 1
78 1
0 1
78 1
0 1
76 1
73 1
71 3
0 1
81 2
80 1
0 1
78 4
73 3
0 1
76 2
78 1
78 4
0 1
76 1
0 1
76 2
71 1
76 2
0 1
73 6
73 1
71 1
69 1
66 1
66 1
66 2
0 2
78 1
78 2
76 1
78 4
0 1
80 1
80 1
80 1
80 1
80 1
81 1
80 1
80 2
78 11
0 60
69 1
69 1
69 1
69 1
69 2
66 2
73 4
0 4
76 1
76 1
76 1
76 1
78 1
0 1
76 1
0 1
73 5
0 1
73 1
76 1
71 1
0 1
71 1
71 2
0 1
69 1
66 1
71 1
0 1
73 1
71 2
0 1
69 1
71 1
73 1
0 1
73 1
0 1
76 1
0 1
73 1
71 2
73 6
0 3
78 1
78 1
78 1
0 1
78 1
76 1
78 2
81 4
0 2
76 2
73 1
0 1
76 1
78 2
0 1
76 5
0 1
73 1
76 1
78 1
0 1
76 1
78 3
0 1
78 1
80 1
0 1
73 1
73 2
80 3
81 2
78 1
78 3
81 2
80 4
81 2
80 1
0 1
78 4
73 3
0 1
76 2
78 1
78 4
0 1
76 1
0 1
76 2
71 1
76 2
0 1
73 6
73 1
71 1
69 1
66 1
66 1
66 2
0 2
78 1
78 2
76 1
78 4
0 1
78 1
0 1
78 1
0 1
78 1
0 1
76 1
73 1
71 3
0 1
81 2
80 1
0 1
78 4
73 3
0 1
76 2
78 1
78 4
0 1
76 1
0 1
76 2
71 1
76 2
0 1
73 6
73 1
71 1
69 1
66 1
66 1
66 2
0 2
78 1
78 2
76 1
78 4
0 1
80 1
80 1
80 1
80 1
80 1
81 1
80 1
80 2
78 11
0 72
81 2
80 1
0 1
78 4
73 3
0 1
76 2
78 1
78 4
0 1
76 1
0 1
76 2
71 1
76 2
0 1
73 6
73 1
71 1
69 1
66 1
66 1
66 2
0 2
78 1
78 2
76 1
78 4
0 1
78 1
0 1
78 1
0 1
78 1
0 1
76 1
73 1
71 3
0 1
81 2
80 1
0 1
78 4
73 3
0 1
76 2
78 1
78 4
0 1
76 1
0 1
76 2
71 1
76 2
0 1
73 6
73 1
71 1
69 1
66 1
66 1
66 2
0 2
78 1
78 2
76 1
78 4
0 1
80 1
80 1
80 1
80 1
80 1
81 1
80 1
80 2
78 11
