0 196
64 1
0 1
64 1
0 1
69 1
0 1
71 3
0 1
69 4
67 4
64 4
0 10
69 2
64 1
0 1
69 1
0 1
71 2
0 2
72 3
0 1
71 3
0 1
69 2
69 2
64 2
69 1
0 1
67 7
0 5
69 4
64 11
0 1
62 2
64 1
0 1
65 3
0 1
64 7
0 27
64 1
0 1
64 1
0 1
69 1
0 1
71 3
0 1
69 4
67 4
64 4
0 8
69 1
0 1
69 2
67 2
69 2
67 1
0 1
69 1
0 1
71 1
0 1
72 5
0 1
71 2
69 1
0 1
71 6
0 2
67 6
0 2
69 4
64 11
0 1
67 1
0 1
69 1
0 1
72 4
71 2
69 11
0 9
69 1
0 1
71 2
72 1
0 1
74 1
0 1
76 3
0 1
72 2
69 2
76 3
0 1
72 2
69 2
79 1
0 1
79 2
79 2
74 4
72 2
71 1
0 1
72 2
74 4
71 2
67 1
0 1
79 1
0 1
77 2
76 1
0 1
74 1
0 1
74 2
76 1
0 1
74 1
0 1
73 4
73 1
0 1
74 1
0 1
76 1
0 1
77 3
0 1
72 1
0 1
69 2
76 3
0 1
72 3
0 1
71 1
0 1
71 2
72 1
0 1
71 1
0 3
74 1
0 1
74 1
0 1
72 2
77 3
0 1
74 3
0 1
74 2
72 1
0 1
74 2
72 2
77 2
76 1
0 1
74 1
0 1
76 3
0 1
69 1
0 1
72 1
0 1
74 1
0 1
76 3
0 1
72 1
0 1
69 1
0 1
76 3
0 1
72 1
0 1
69 2
79 1
0 1
79 1
0 1
79 2
74 3
0 1
72 1
0 1
71 1
0 1
72 1
0 1
74 3
0 1
71 2
67 2
79 1
0 1
77 1
0 1
76 1
0 1
74 1
0 1
74 1
0 1
76 1
0 1
74 1
0 1
73 3
0 1
74 1
0 1
74 1
0 1
76 1
0 1
77 3
0 1
72 4
69 4
76 1
0 1
74 3
0 1
71 3
0 1
67 1
0 1
67 2
76 3
0 1
74 6
72 10
71 6
69 2
71 9
0 69
64 1
0 1
64 1
0 1
69 1
0 1
71 3
0 1
69 4
67 4
64 4
0 8
69 1
0 1
69 2
67 2
69 2
67 1
0 1
69 1
0 1
71 1
0 1
72 5
0 1
71 2
69 1
0 1
71 6
0 2
67 6
0 2
69 4
65 11
0 1
67 1
0 1
69 1
0 1
72 4
71 2
69 11
0 9
69 1
0 1
71 2
72 1
0 1
74 1
0 1
76 3
0 1
72 2
69 2
76 3
0 1
72 2
69 2
79 1
0 1
79 2
79 2
74 4
72 2
71 1
0 1
72 2
74 4
71 2
67 1
0 1
79 1
0 1
77 2
76 1
0 1
74 1
0 1
74 2
76 1
0 1
74 1
0 1
73 4
73 1
0 1
74 1
0 1
76 1
0 1
77 3
0 1
72 1
0 1
69 2
76 3
0 1
72 3
0 1
71 1
0 1
71 2
72 1
0 1
71 1
0 3
74 1
0 1
74 1
0 1
72 2
77 3
0 1
74 3
0 1
74 2
72 1
0 1
74 2
72 2
77 2
76 1
0 1
74 1
0 1
76 3
0 1
69 1
0 1
72 1
0 1
74 1
0 1
76 3
0 1
72 1
0 1
69 1
0 1
76 3
0 1
72 1
0 1
69 2
79 1
0 1
79 1
0 1
79 2
74 3
0 1
72 1
0 1
71 1
0 1
72 1
0 1
74 3
0 1
71 2
67 2
79 1
0 1
77 1
0 1
76 1
0 1
74 1
0 1
74 1
0 1
76 1
0 1
74 1
0 1
73 3
0 1
74 1
0 1
74 1
0 1
76 1
0 1
77 3
0 1
72 4
69 4
76 1
0 1
74 3
0 1
71 3
0 1
67 1
0 1
67 2
76 3
0 1
74 6
72 10
71 6
69 2
71 9
0 121
69 1
0 1
71 2
72 1
0 1
74 1
0 1
76 3
0 1
72 2
69 2
76 3
0 1
72 2
69 2
79 1
0 1
79 2
79 2
74 4
72 2
71 1
0 1
72 2
74 4
71 2
67 1
0 1
79 1
0 1
77 2
76 1
0 1
74 1
0 1
74 2
76 1
0 1
74 1
0 1
73 4
73 1
0 1
74 1
0 1
76 1
0 1
77 3
0 1
72 1
0 1
69 2
76 3
0 1
72 3
0 1
71 1
0 1
71 2
72 1
0 1
71 1
0 3
74 1
0 1
74 1
0 1
72 2
77 3
0 1
74 3
0 1
74 2
72 1
0 1
74 2
72 2
77 2
76 1
0 1
74 1
0 1
76 3
0 1
69 1
0 1
72 1
0 1
74 1
0 1
76 3
0 1
72 1
0 1
69 1
0 1
76 3
0 1
72 1
0 1
69 2
79 1
0 1
79 1
0 1
79 2
74 3
0 1
72 1
0 1
71 1
0 1
72 1
0 1
74 3
0 1
71 2
67 2
79 1
0 1
77 1
0 1
76 1
0 1
74 1
0 1
74 1
0 1
76 1
0 1
74 1
0 1
73 3
0 1
74 1
0 1
74 1
0 1
76 1
0 1
77 3
0 1
72 4
69 4
76 1
0 1
74 3
0 1
71 3
0 1
67 1
0 1
67 2
76 3
0 1
74 6
72 10
71 6
69 2
71 9
