G:maj [2, 7, 11] 7 4 
E:min7 [2, 4, 7, 11] 4 4 
D:maj [2, 6, 9] 2 8 
G:maj/5 [2, 7, 11] 2 4 
E:min [4, 7, 11] 4 4 
C:maj [0, 4, 7] 0 4 
D:maj [2, 6, 9] 2 4 
G:maj [2, 7, 11] 7 3 
E:min7 [2, 4, 7, 11] 4 5 
A:min [0, 4, 9] 9 4 
D:maj [2, 6, 9] 2 8 
G:sus2 [2, 7, 9] 7 4 
E:min7 [2, 4, 7, 11] 4 4 
A:min [0, 4, 9] 9 4 
D:sus2 [2, 4, 9] 2 4 
G:sus2 [2, 7, 9] 7 4 
E:min7 [2, 4, 7, 11] 4 4 
E:sus4 [4, 9, 11] 4 1 
A:min [0, 4, 9] 9 3 
D:maj [2, 6, 9] 2 4 
G:sus2 [2, 7, 9] 7 4 
E:min [4, 7, 11] 4 4 
A:min [0, 4, 9] 9 4 
D:maj [2, 6, 9] 2 4 
G:maj [2, 7, 11] 7 4 
E:min7 [2, 4, 7, 11] 4 3 
C:maj [0, 4, 7] 0 4 
G:maj [2, 7, 11] 7 13 
E:min7 [2, 4, 7, 11] 4 4 
A:min [0, 4, 9] 9 4 
D:maj [2, 6, 9] 2 4 
G:maj [2, 7, 11] 7 4 
E:min [4, 7, 11] 4 4 
A:min [0, 4, 9] 9 4 
D:maj [2, 6, 9] 2 4 
G:maj [2, 7, 11] 7 4 
E:min [4, 7, 11] 4 4 
A:sus2 [4, 9, 11] 9 4 
D:maj [2, 6, 9] 2 4 
G:maj [2, 7, 11] 7 4 
E:min [4, 7, 11] 4 4 
A:min [0, 4, 9] 9 2 
D:maj [2, 6, 9] 2 2 
G:maj [2, 7, 11] 7 8 
E:min [4, 7, 11] 4 4 
C:maj [0, 4, 7] 0 4 
D:maj [2, 6, 9] 2 4 
G:maj [2, 7, 11] 7 4 
E:min7 [2, 4, 7, 11] 4 4 
A:min [0, 4, 9] 9 4 
D:maj [2, 6, 9] 2 8 
G:maj [2, 7, 11] 7 4 
E:min [4, 7, 11] 4 4 
A:min [0, 4, 9] 9 4 
D:maj [2, 6, 9] 2 4 
G:maj [2, 7, 11] 7 4 
E:min [4, 7, 11] 4 4 
A:min [0, 4, 9] 9 4 
D:maj [2, 6, 9] 2 4 
G:maj [2, 7, 11] 7 4 
E:min [4, 7, 11] 4 4 
A:min [0, 4, 9] 9 4 
D:maj [2, 6, 9] 2 4 
G:maj [2, 7, 11] 7 4 
E:min7 [2, 4, 7, 11] 4 3 
C:maj [0, 4, 7] 0 4 
G:maj [2, 7, 11] 7 13 
E:min7 [2, 4, 7, 11] 4 4 
A:min [0, 4, 9] 9 4 
D:maj [2, 6, 9] 2 4 
G:maj [2, 7, 11] 7 4 
E:min [4, 7, 11] 4 4 
A:min [0, 4, 9] 9 4 
D:maj [2, 6, 9] 2 4 
G:maj [2, 7, 11] 7 4 
E:min [4, 7, 11] 4 4 
A:min [0, 4, 9] 9 4 
D:maj [2, 6, 9] 2 4 
G:maj [2, 7, 11] 7 4 
E:min [4, 7, 11] 4 4 
A:min [0, 4, 9] 9 2 
D:maj [2, 6, 9] 2 2 
G:maj [2, 7, 11] 7 8 
E:min [4, 7, 11] 4 4 
A:sus2 [4, 9, 11] 9 4 
D:maj [2, 6, 9] 2 4 
G:maj [2, 7, 11] 7 4 
E:min [4, 7, 11] 4 4 
A:min [0, 4, 9] 9 2 
D:maj [2, 6, 9] 2 2 
G:maj [2, 7, 11] 7 8 
E:min7 [2, 4, 7, 11] 4 2 
E:min/5 [4, 7, 11] 11 2 
A:min [0, 4, 9] 9 2 
D:maj [2, 6, 9] 2 6 
G:maj [2, 7, 11] 7 4 
E:min7 [2, 4, 7, 11] 4 4 
A:min [0, 4, 9] 9 4 
D:maj [2, 6, 9] 2 8 
G:maj [2, 7, 11] 7 1 
