0 128
69 3
0 1
64 1
0 1
64 6
0 2
69 1
0 1
71 3
0 1
64 1
0 1
64 7
0 3
72 3
0 1
71 1
0 1
72 4
0 2
74 3
0 1
71 3
0 1
69 1
0 1
67 8
0 2
69 3
0 1
67 1
0 1
65 4
0 2
65 1
0 1
67 1
0 1
69 3
0 1
69 3
0 1
67 1
0 1
65 3
0 1
64 17
0 17
69 3
0 1
64 1
0 1
64 4
0 3
69 2
0 1
71 3
0 1
64 1
0 1
64 6
0 4
72 3
0 1
71 1
0 1
72 4
0 1
74 4
0 1
71 3
0 1
69 1
0 1
67 7
0 3
69 3
0 1
71 1
0 1
72 5
0 1
74 2
72 2
71 1
0 1
71 1
0 1
71 1
0 1
71 1
0 1
67 2
71 1
0 3
69 9
0 21
72 1
0 1
74 1
0 1
76 3
0 1
72 3
0 1
74 3
0 1
72 1
0 1
74 1
0 1
76 1
0 1
77 1
0 1
79 1
0 1
76 1
0 1
74 3
0 1
72 1
0 1
74 1
0 1
76 2
0 2
69 3
0 1
74 2
0 2
72 1
0 1
71 1
0 1
69 1
0 1
71 1
0 1
69 1
0 1
67 1
0 1
64 2
0 2
72 1
0 1
74 1
0 1
76 3
0 1
72 3
0 1
74 3
0 1
72 1
0 1
74 1
0 1
76 1
0 1
77 1
0 1
79 1
0 1
76 1
0 1
74 2
0 2
72 1
0 1
74 1
0 1
76 2
0 2
69 3
0 1
74 3
0 1
72 1
0 1
71 3
0 1
69 6
0 9
69 3
64 1
0 1
64 6
0 2
69 1
0 1
71 3
0 1
64 1
0 1
64 7
0 3
72 3
0 1
71 1
0 1
72 4
0 2
74 3
0 1
71 3
0 1
69 1
0 1
67 8
0 2
69 3
0 1
67 1
0 1
65 4
0 2
65 1
0 1
67 1
0 1
69 3
0 1
69 3
0 1
67 1
0 1
65 3
0 1
64 17
0 17
69 3
0 1
64 1
0 1
64 4
0 2
69 1
0 3
71 3
0 1
64 1
0 1
64 6
0 4
72 3
0 1
71 1
0 1
72 3
0 1
74 3
0 4
71 2
0 1
69 1
0 1
67 7
0 3
69 3
0 1
71 1
0 1
72 5
0 1
74 2
72 2
71 1
0 1
71 1
0 1
71 1
0 1
71 1
0 1
67 2
71 1
0 3
69 9
0 21
72 1
0 1
74 1
0 1
76 3
0 1
72 3
0 1
74 3
0 1
72 1
0 1
74 1
0 1
76 1
0 1
77 1
0 1
79 1
0 1
76 1
0 1
74 3
0 1
72 1
0 1
74 1
0 1
76 2
0 2
69 3
0 1
74 2
0 2
72 1
0 1
71 1
0 1
69 1
0 1
71 1
0 1
69 1
0 1
67 1
0 1
64 2
0 2
72 1
0 1
74 1
0 1
76 3
0 1
72 3
0 1
74 3
0 1
72 1
0 1
74 1
0 1
76 1
0 1
77 1
0 1
79 1
0 1
76 1
0 1
74 2
0 2
72 1
0 1
74 1
0 1
76 2
0 2
69 3
0 1
74 3
0 1
72 1
0 1
71 3
0 1
69 6
0 4
72 1
0 1
74 1
0 1
76 3
0 1
72 3
0 1
74 3
0 1
72 1
0 1
74 1
0 1
76 1
0 1
77 1
0 1
79 1
0 1
76 1
0 1
74 3
0 1
72 1
0 1
74 1
0 1
76 2
0 2
69 3
0 1
74 2
0 2
72 1
0 1
71 1
0 1
69 1
0 1
71 1
0 1
69 1
0 1
67 1
0 1
64 2
0 2
72 1
0 1
74 1
0 1
76 3
0 1
72 3
0 1
74 3
0 1
72 1
0 1
74 1
0 1
76 1
0 1
77 1
0 1
79 1
0 1
76 1
0 1
74 2
0 2
72 1
0 1
74 1
0 1
76 2
0 2
69 3
0 1
74 3
0 1
72 1
0 1
71 3
0 1
69 6
0 132
72 1
0 1
74 1
0 1
76 3
0 1
72 3
0 1
74 3
0 1
72 1
0 1
74 1
0 1
76 1
0 1
77 1
0 1
79 1
0 1
76 1
0 1
74 3
0 1
72 1
0 1
74 1
0 1
76 2
0 2
69 3
0 1
74 2
0 2
72 1
0 1
71 1
0 1
69 1
0 1
71 1
0 1
69 1
0 1
67 1
0 1
64 2
0 2
72 1
0 1
74 1
0 1
76 3
0 1
72 3
0 1
74 3
0 1
72 1
0 1
74 1
0 1
76 1
0 1
77 1
0 1
79 1
0 1
76 1
0 1
74 2
0 2
72 1
0 1
74 1
0 1
76 2
0 2
69 3
0 1
74 3
0 1
72 1
0 1
71 3
0 1
69 6
0 4
72 1
0 1
74 1
0 1
76 3
0 1
72 3
0 1
74 3
0 1
72 1
0 1
74 1
0 1
76 1
0 1
77 1
0 1
79 1
0 1
76 1
0 1
74 3
0 1
72 1
0 1
74 1
0 1
76 2
0 2
69 3
0 1
74 2
0 2
72 1
0 1
71 1
0 1
69 1
0 1
71 1
0 1
69 1
0 1
67 1
0 1
64 2
0 2
72 1
0 1
74 1
0 1
76 3
0 1
72 3
0 1
74 3
0 1
72 1
0 1
74 1
0 1
76 1
0 1
77 1
0 1
79 1
0 1
76 1
0 1
74 2
0 2
72 1
0 1
74 1
0 1
76 2
0 2
69 3
0 1
74 3
0 1
72 1
0 1
71 3
0 1
69 6
0 8
69 3
0 1
64 1
0 1
64 4
0 4
69 1
0 1
71 3
0 1
64 1
0 1
64 6
0 4
72 3
0 1
71 1
0 1
72 5
74 3
0 2
71 3
0 1
69 1
0 1
67 7
0 3
69 3
0 1
71 1
0 1
72 5
0 1
74 2
72 2
71 1
0 1
71 1
0 1
71 1
0 1
71 1
0 1
67 2
71 1
0 3
69 10
