C:min [0, 3, 7] 0 4 
G:min [2, 7, 10] 7 4 
C:min [0, 3, 7] 0 4 
D:maj [2, 6, 9] 2 4 
G:min [2, 7, 10] 7 4 
C:min [0, 3, 7] 0 4 
Eb:maj [3, 7, 10] 3 2 
F:maj [0, 5, 9] 5 2 
Bb:maj [2, 5, 10] 10 4 
Eb:maj [3, 7, 10] 3 2 
F:maj [0, 5, 9] 5 2 
D:min [2, 5, 9] 2 2 
G:min [2, 7, 10] 7 2 
Eb:maj [3, 7, 10] 3 2 
D:min [2, 5, 9] 2 2 
G:min [2, 7, 10] 7 8 
C:min [0, 3, 7] 0 4 
Eb:maj [3, 7, 10] 3 2 
F:maj [0, 5, 9] 5 2 
Bb:maj [2, 5, 10] 10 4 
Eb:maj [3, 7, 10] 3 2 
F:maj [0, 5, 9] 5 2 
D:min [2, 5, 9] 2 2 
G:min [2, 7, 10] 7 2 
Eb:maj [3, 7, 10] 3 2 
D:min [2, 5, 9] 2 2 
G:min [2, 7, 10] 7 4 
Eb:maj [3, 7, 10] 3 2 
F:maj [0, 5, 9] 5 2 
D:min [2, 5, 9] 2 4 
Eb:maj [3, 7, 10] 3 2 
F:maj [0, 5, 9] 5 2 
G:min [2, 7, 10] 7 4 
C:min [0, 3, 7] 0 4 
D:maj [2, 6, 9] 2 4 
Eb:maj [3, 7, 10] 3 2 
A:hdim7 [0, 3, 6, 9] 9 2 
D:maj [2, 6, 9] 2 4 
G:min [2, 7, 10] 7 4 
D:min [2, 5, 9] 2 4 
Eb:maj [3, 7, 10] 3 2 
F:maj [0, 5, 9] 5 2 
G:min [2, 7, 10] 7 4 
C:min [0, 3, 7] 0 4 
D:maj [2, 6, 9] 2 4 
Eb:maj [3, 7, 10] 3 2 
D:min [2, 5, 9] 2 2 
G:min [2, 7, 10] 7 4 
Eb:maj [3, 7, 10] 3 2 
D:min [2, 5, 9] 2 2 
G:min [2, 7, 10] 7 4 
C:min [0, 3, 7] 0 4 
G:min [2, 7, 10] 7 4 
C:min [0, 3, 7] 0 4 
D:maj [2, 6, 9] 2 4 
G:min [2, 7, 10] 7 4 
C:min [0, 3, 7] 0 4 
Eb:maj [3, 7, 10] 3 2 
F:maj [0, 5, 9] 5 2 
Bb:maj [2, 5, 10] 10 4 
Eb:maj [3, 7, 10] 3 2 
F:maj [0, 5, 9] 5 2 
D:min [2, 5, 9] 2 2 
G:min [2, 7, 10] 7 2 
Eb:maj [3, 7, 10] 3 2 
D:min [2, 5, 9] 2 2 
G:min [2, 7, 10] 7 4 
Eb:maj [3, 7, 10] 3 2 
F:maj [0, 5, 9] 5 2 
D:min [2, 5, 9] 2 4 
Eb:maj [3, 7, 10] 3 2 
F:maj [0, 5, 9] 5 2 
G:min [2, 7, 10] 7 4 
C:min [0, 3, 7] 0 4 
D:maj [2, 6, 9] 2 4 
Eb:maj [3, 7, 10] 3 2 
A:hdim7 [0, 3, 6, 9] 9 2 
D:maj [2, 6, 9] 2 4 
G:min [2, 7, 10] 7 4 
D:min [2, 5, 9] 2 4 
Eb:maj [3, 7, 10] 3 2 
F:maj [0, 5, 9] 5 2 
G:min [2, 7, 10] 7 4 
C:min [0, 3, 7] 0 4 
D:maj [2, 6, 9] 2 4 
Eb:maj [3, 7, 10] 3 2 
D:min [2, 5, 9] 2 2 
G:min [2, 7, 10] 7 4 
A:min [0, 4, 9] 9 4 
E:min [4, 7, 11] 4 4 
F:maj [0, 5, 9] 5 2 
G:maj [2, 7, 11] 7 2 
A:min [0, 4, 9] 9 4 
D:min [2, 5, 9] 2 4 
E:maj [4, 8, 11] 4 4 
F:maj [0, 5, 9] 5 2 
B:hdim7 [2, 5, 8, 11] 11 2 
E:maj [4, 8, 11] 4 4 
A:min [0, 4, 9] 9 4 
E:min [4, 7, 11] 4 4 
F:maj [0, 5, 9] 5 2 
G:maj [2, 7, 11] 7 2 
A:min [0, 4, 9] 9 4 
D:min [2, 5, 9] 2 4 
E:maj [4, 8, 11] 4 4 
F:maj [0, 5, 9] 5 2 
E:min [4, 7, 11] 4 2 
A:min [0, 4, 9] 9 4 
F:maj [0, 5, 9] 5 2 
E:min7 [2, 4, 7, 11] 4 8 
D:min [2, 5, 9] 2 4 
A:min [0, 4, 9] 9 4 
D:min [2, 5, 9] 2 4 
E:maj [4, 8, 11] 4 6 
A:min [0, 4, 9] 9 1 
