0 64
55 1
0 1
62 1
0 1
62 1
0 1
60 1
0 1
62 6
0 2
60 1
0 1
62 1
0 1
60 1
0 1
58 3
0 1
55 4
0 2
67 2
0 1
67 1
67 1
0 1
65 1
0 1
67 2
0 1
65 1
65 2
60 1
0 1
62 10
0 6
55 1
0 1
55 1
0 1
55 1
0 1
62 3
0 1
60 4
0 2
62 1
0 1
65 1
0 1
60 1
0 1
62 3
0 1
55 3
0 3
55 1
0 1
55 1
0 1
55 1
0 1
62 1
0 1
60 3
62 2
0 1
57 3
0 1
55 11
0 3
55 1
0 1
62 1
0 1
62 1
0 1
60 1
0 1
62 6
0 2
60 1
0 1
62 1
0 1
60 1
0 1
58 3
0 1
55 4
0 2
67 2
0 1
67 1
67 1
0 1
65 1
0 1
67 2
0 1
65 1
65 2
60 1
0 1
62 10
0 6
55 1
0 1
55 1
0 1
55 1
0 1
62 3
0 1
60 4
0 2
62 1
0 1
65 1
0 1
60 1
0 1
62 3
0 1
55 3
0 3
55 1
0 1
55 1
0 1
55 1
0 1
62 1
0 1
60 3
62 2
0 1
57 3
0 1
55 9
0 1
70 2
69 1
0 1
67 5
0 1
65 1
0 1
67 2
65 1
0 1
62 1
0 1
60 3
0 1
62 9
0 1
62 1
0 1
65 1
0 1
67 5
0 1
70 2
69 1
0 1
70 1
0 1
69 1
0 1
65 3
0 1
67 9
0 3
62 1
0 1
60 3
0 1
60 1
0 1
62 1
0 1
60 5
0 1
67 1
0 1
69 3
0 1
65 1
0 1
62 1
0 1
65 5
0 1
65 1
0 1
67 1
0 1
70 1
0 1
70 1
0 1
67 1
0 1
72 1
0 1
70 1
0 1
70 3
0 1
67 3
69 8
0 1
70 2
69 1
0 1
67 5
0 1
65 1
0 1
67 2
65 1
0 1
62 1
0 1
60 3
0 1
62 9
0 1
62 1
0 1
65 1
0 1
67 5
0 1
70 2
69 1
0 1
70 1
0 1
69 1
0 1
65 3
0 1
67 9
0 3
62 1
0 1
60 3
0 1
60 1
0 1
62 1
0 1
60 5
0 1
67 1
0 1
69 3
0 1
65 1
0 1
62 1
0 1
65 5
0 1
65 1
0 1
67 1
0 1
70 1
0 1
70 1
0 1
74 1
0 1
72 3
0 3
69 3
0 1
67 12
65 1
0 1
67 1
0 1
70 1
0 1
70 2
74 1
0 1
72 5
0 1
69 3
0 1
67 13
0 65
55 1
0 1
62 1
0 1
62 1
0 1
60 1
0 1
62 6
0 2
60 1
0 1
62 1
0 1
60 1
0 1
58 3
0 1
55 4
0 2
67 2
0 1
67 1
67 1
0 1
65 1
0 1
67 2
0 1
65 1
65 2
60 1
0 1
62 10
0 6
55 1
0 1
55 1
0 1
55 1
0 1
62 3
0 1
60 4
0 2
62 1
0 1
65 1
0 1
60 1
0 1
62 3
0 1
55 3
0 3
55 1
0 1
55 1
0 1
55 1
0 1
62 1
0 1
60 3
62 2
0 1
57 3
0 1
55 9
0 1
70 2
69 1
0 1
67 5
0 1
65 1
0 1
67 2
65 1
0 1
62 1
0 1
60 3
0 1
62 9
0 1
62 1
0 1
65 1
0 1
67 5
0 1
70 2
69 1
0 1
70 1
0 1
69 1
0 1
65 3
0 1
67 9
0 3
62 1
0 1
60 3
0 1
60 1
0 1
62 1
0 1
60 5
0 1
67 1
0 1
69 3
0 1
65 1
0 1
62 1
0 1
65 5
0 1
65 1
0 1
67 1
0 1
70 1
0 1
70 1
0 1
67 1
0 1
72 1
0 1
70 1
0 1
70 3
0 1
67 3
69 8
0 1
70 2
69 1
0 1
67 5
0 1
65 1
0 1
67 2
65 1
0 1
62 1
0 1
60 3
0 1
62 9
0 1
62 1
0 1
65 1
0 1
67 5
0 1
70 2
69 1
0 1
70 1
0 1
69 1
0 1
65 3
0 1
67 9
0 3
62 1
0 1
60 3
0 1
60 1
0 1
62 1
0 1
60 5
0 1
67 1
0 1
69 3
0 1
65 1
0 1
62 1
0 1
65 5
0 1
65 1
0 1
67 1
0 1
70 1
0 1
70 1
0 1
74 1
0 1
72 3
0 3
69 3
0 1
67 10
72 2
71 1
0 1
69 5
0 1
67 1
0 1
69 2
67 1
0 1
64 1
0 1
62 3
0 1
64 9
0 1
64 1
0 1
67 1
0 1
69 5
0 1
72 2
71 1
0 1
72 1
0 1
71 1
0 1
67 3
0 1
69 9
0 3
64 1
0 1
62 3
0 1
62 1
0 1
64 1
0 1
62 5
0 1
69 1
0 1
71 3
0 1
67 1
0 1
64 1
0 1
67 5
0 1
67 1
0 1
69 1
0 1
72 1
0 1
72 1
0 1
69 1
0 1
74 1
0 1
72 1
0 1
72 3
0 1
69 3
71 8
0 1
72 2
71 1
0 1
69 5
0 1
67 1
0 1
69 2
67 1
0 1
64 1
0 1
62 3
0 1
64 9
0 1
64 1
0 1
67 1
0 1
69 5
0 1
72 2
71 1
0 1
72 1
0 1
71 1
0 1
67 3
0 1
69 9
0 3
64 1
0 1
62 3
0 1
62 1
0 1
64 1
0 1
62 5
0 1
69 1
0 1
71 3
0 1
67 1
0 1
64 1
0 1
67 5
0 1
67 1
0 1
69 1
0 1
72 1
0 1
72 1
0 1
76 1
0 1
74 3
0 3
71 3
0 1
69 10
0 2
67 1
0 1
69 1
0 1
72 1
0 1
72 2
76 1
0 1
74 15
0 2
71 9
0 2
69 16
