A:maj [1, 4, 9] 9 8 
F#:min [1, 6, 9] 6 8 
A:maj [1, 4, 9] 9 8 
F#:min [1, 6, 9] 6 10 
B:min7 [2, 6, 9, 11] 11 6 
E:maj [4, 8, 11] 4 8 
D:maj [2, 6, 9] 2 8 
A:sus2 [4, 9, 11] 9 8 
D:sus2 [2, 4, 9] 2 8 
A:sus4 [2, 4, 9] 9 8 
B:min [2, 6, 11] 11 8 
A:maj [1, 4, 9] 9 8 
B:min [2, 6, 11] 11 8 
E:maj [4, 8, 11] 4 8 
A:maj [1, 4, 9] 9 8 
F#:min [1, 6, 9] 6 8 
A:maj [1, 4, 9] 9 8 
F#:min [1, 6, 9] 6 8 
A:maj [1, 4, 9] 9 8 
F#:min [1, 6, 9] 6 8 
B:min [2, 6, 11] 11 8 
E:maj [4, 8, 11] 4 8 
A:maj [1, 4, 9] 9 8 
F#:min [1, 6, 9] 6 8 
A:maj [1, 4, 9] 9 8 
F#:min [1, 6, 9] 6 8 
B:min7 [2, 6, 9, 11] 11 8 
E:maj [4, 8, 11] 4 8 
D:maj [2, 6, 9] 2 8 
A:sus2 [4, 9, 11] 9 8 
D:sus2 [2, 4, 9] 2 8 
A:sus4 [2, 4, 9] 9 8 
B:min [2, 6, 11] 11 8 
A:maj [1, 4, 9] 9 8 
B:min [2, 6, 11] 11 8 
E:maj [4, 8, 11] 4 8 
A:maj [1, 4, 9] 9 8 
F#:min [1, 6, 9] 6 8 
A:maj [1, 4, 9] 9 8 
F#:min [1, 6, 9] 6 8 
A:maj [1, 4, 9] 9 8 
F#:min [1, 6, 9] 6 8 
B:min [2, 6, 11] 11 8 
E:maj [4, 8, 11] 4 8 
A:maj [1, 4, 9] 9 8 
F#:min [1, 6, 9] 6 8 
A:maj [1, 4, 9] 9 8 
F#:min [1, 6, 9] 6 8 
A:maj [1, 4, 9] 9 8 
F#:min [1, 6, 9] 6 8 
B:min [2, 6, 11] 11 8 
E:maj [4, 8, 11] 4 8 
A:maj [1, 4, 9] 9 8 
F#:min [1, 6, 9] 6 8 
A:maj [1, 4, 9] 9 12 
F#:min [1, 6, 9] 6 4 
A:maj [1, 4, 9] 9 8 
F#:min [1, 6, 9] 6 8 
B:min(11) [2, 4, 6, 11] 11 8 
E:maj [4, 8, 11] 4 8 
D:maj [2, 6, 9] 2 9 
A:sus2 [4, 9, 11] 9 1 
