F#:min [1, 6, 9] 6 8
D:maj [2, 6, 9] 2 2
E:maj [4, 8, 11] 4 2
F#:min [1, 6, 9] 6 4
D:maj [2, 6, 9] 2 2
E:maj [4, 8, 11] 4 2
F#:min [1, 6, 9] 6 4
D:maj [2, 6, 9] 2 2
E:maj [4, 8, 11] 4 2
F#:min [1, 6, 9] 6 4
D:maj [2, 6, 9] 2 2
E:maj [4, 8, 11] 4 2
F#:min [1, 6, 9] 6 6
E:maj [4, 8, 11] 4 2
C#:min [1, 4, 8] 1 2
F#:min [1, 6, 9] 6 2
B:min [2, 6, 11] 11 2
E:maj [4, 8, 11] 4 2
D:maj [2, 6, 9] 2 1
A:maj/3 [1, 4, 9] 1 1
E:maj [4, 8, 11] 4 2
A:maj [1, 4, 9] 9 2
C#:min/5 [1, 4, 8] 8 2
F#:min [1, 6, 9] 6 2
C#:min [1, 4, 8] 1 2
D:maj [2, 6, 9] 2 2
C#:sus4 [1, 6, 8] 1 2
B:min [2, 6, 11] 11 2
E:maj [4, 8, 11] 4 2
A:maj [1, 4, 9] 9 2
C#:min7 [1, 4, 8, 11] 1 2
F#:min [1, 6, 9] 6 2
C#:min [1, 4, 8] 1 2
D:maj [2, 6, 9] 2 2
C#:sus4 [1, 6, 8] 1 1
F#:min [1, 6, 9] 6 1
B:min [2, 6, 11] 11 2
E:maj [4, 8, 11] 4 2
D:maj [2, 6, 9] 2 2
E:maj [4, 8, 11] 4 2
F#:min [1, 6, 9] 6 4
D:maj [2, 6, 9] 2 2
E:maj [4, 8, 11] 4 2
F#:min [1, 6, 9] 6 4
D:maj [2, 6, 9] 2 2
E:maj [4, 8, 11] 4 2
C#:min [1, 4, 8] 1 2
F#:min [1, 6, 9] 6 2
B:min [2, 6, 11] 11 2
E:maj [4, 8, 11] 4 2
A:maj [1, 4, 9] 9 2
E:maj [4, 8, 11] 4 2
A:maj [1, 4, 9] 9 2
C#:min/5 [1, 4, 8] 8 2
F#:min [1, 6, 9] 6 2
C#:min [1, 4, 8] 1 2
D:maj [2, 6, 9] 2 2
C#:sus4 [1, 6, 8] 1 2
B:min [2, 6, 11] 11 2
E:maj [4, 8, 11] 4 2
A:maj [1, 4, 9] 9 2
C#:min7 [1, 4, 8, 11] 1 2
F#:min [1, 6, 9] 6 2
C#:min [1, 4, 8] 1 2
D:maj [2, 6, 9] 2 2
C#:sus4 [1, 6, 8] 1 1
F#:min [1, 6, 9] 6 1
B:min [2, 6, 11] 11 2
E:maj [4, 8, 11] 4 2
D:maj [2, 6, 9] 2 2
E:maj [4, 8, 11] 4 2
F#:min [1, 6, 9] 6 2
B:min [2, 6, 11] 11 1
C#:maj/5 [1, 5, 8] 8 1
D:maj [2, 6, 9] 2 2
E:maj [4, 8, 11] 4 2
G:maj7/7 [2, 5, 7, 11] 6 1
E:maj [4, 8, 11] 4 1
E:maj [4, 8, 11] 4 6
A:maj(9) [1, 4, 7, 9, 11] 9 4
D:maj [2, 6, 9] 2 2
C#:min [1, 4, 8] 1 1
A:maj/3 [1, 4, 9] 1 1
F:sus2 [0, 5, 7] 5 1
A:maj [1, 4, 9] 9 5
C#:min [1, 4, 8] 1 1
C#:7 [1, 5, 8, 11] 1 1
F#:min [1, 6, 9] 6 2
A:7 [1, 4, 7, 9] 9 2
D:maj [2, 6, 9] 2 2
F#:min/5 [1, 6, 9] 1 2
B:min [2, 6, 11] 11 2
E:7 [2, 4, 8, 11] 4 2
A:maj [1, 4, 9] 9 1
D:maj [2, 6, 9] 2 1
D:maj/#4 [2, 6, 9] 6 2
D:maj [2, 6, 9] 2 2
C#:min [1, 4, 8] 1 2
C#:min7/b7 [1, 4, 8, 11] 11 3
E:maj [4, 8, 11] 4 4
E:7/b7 [2, 4, 8, 11] 2 2
E:sus4(b7) [4, 9, 11] 4 1
E:maj [4, 8, 11] 4 2
F#:min [1, 6, 9] 6 2
D:maj7 [0, 2, 6, 9] 2 2
D:maj [2, 6, 9] 2 2
E:maj [4, 8, 11] 4 3
F#:min [1, 6, 9] 6 2
