0 144
61 4
63 2
66 2
68 3
0 1
68 2
70 2
68 8
66 2
63 2
63 3
0 1
63 2
63 2
66 2
68 1
0 1
70 4
70 2
68 2
68 15
0 1
61 4
63 2
66 2
68 3
0 1
68 2
73 2
70 8
68 2
66 2
66 3
0 1
63 4
63 2
66 1
0 1
66 4
66 4
63 15
0 1
61 4
63 2
66 2
68 3
0 1
68 2
70 2
68 8
66 2
0 1
63 1
63 3
0 1
63 2
63 2
66 2
68 1
0 1
70 4
70 2
68 2
68 15
0 1
61 4
63 2
66 2
68 3
0 1
68 2
73 2
70 8
68 2
66 1
0 1
66 3
0 1
63 4
63 2
66 1
0 1
66 4
66 2
63 2
63 15
0 177
61 4
63 2
66 2
68 3
0 1
68 2
70 2
68 8
66 2
63 2
63 3
0 1
63 2
63 2
66 2
68 1
0 1
70 4
70 2
68 1
0 1
68 15
0 1
61 4
63 2
66 2
68 3
0 1
68 2
73 2
70 8
68 2
66 2
66 3
0 1
63 4
63 2
66 1
0 1
66 4
66 2
63 2
63 15
0 1
61 4
63 2
66 2
68 3
0 1
68 2
70 2
68 8
66 2
63 2
63 3
0 1
63 2
63 2
66 2
68 1
0 1
70 4
70 2
0 1
68 1
68 15
0 1
61 4
63 2
66 2
68 3
0 1
68 2
73 2
70 8
68 2
66 2
66 3
0 1
63 4
63 2
66 1
0 1
66 4
66 2
63 2
63 15
0 49
61 4
63 2
66 2
68 3
0 1
68 2
70 2
68 8
66 2
0 1
63 1
63 3
0 1
63 2
63 2
66 2
68 1
0 1
70 4
70 2
68 1
0 1
68 15
0 1
61 4
63 2
66 2
68 3
0 1
68 2
73 2
70 8
68 2
66 1
0 1
66 3
0 1
63 4
63 2
66 1
0 1
66 4
66 2
63 1
0 1
63 15
0 1
61 4
63 2
66 2
68 3
0 1
68 2
73 2
70 8
68 2
66 2
66 3
0 1
63 4
63 2
66 1
0 2
66 3
0 1
66 2
63 1
0 1
63 15
