Bb:min [1, 5, 10] 10 4 
C#:maj [1, 5, 8] 1 2 
Ab:maj [0, 3, 8] 8 2 
C#:sus2 [1, 3, 8] 1 1 
Eb:maj [3, 7, 10] 3 1 
Bb:min [1, 5, 10] 10 4 
F#:maj [1, 6, 10] 6 4 
C#:maj [1, 5, 8] 1 2 
Bb:min [1, 5, 10] 10 2 
Eb:min [3, 6, 10] 3 2 
Ab:maj [0, 3, 8] 8 2 
C#:maj [1, 5, 8] 1 4 
Bb:min [1, 5, 10] 10 7 
C#:maj/5 [1, 5, 8] 8 1 
Ab:maj [0, 3, 8] 8 2 
Eb:sus4(b7) [3, 8, 10] 3 2 
Bb:min [1, 5, 10] 10 4 
F#:maj/5 [1, 6, 10] 1 4 
C#:maj [1, 5, 8] 1 2 
Bb:min [1, 5, 10] 10 2 
Eb:min [3, 6, 10] 3 4 
Ab:maj [0, 3, 8] 8 4 
Bb:min [1, 5, 10] 10 6 
C#:maj [1, 5, 8] 1 2 
Ab:maj [0, 3, 8] 8 2 
C#:sus2 [1, 3, 8] 1 1 
Eb:maj [3, 7, 10] 3 1 
Bb:min [1, 5, 10] 10 4 
F#:maj [1, 6, 10] 6 4 
C#:maj [1, 5, 8] 1 2 
Bb:min [1, 5, 10] 10 2 
Eb:min [3, 6, 10] 3 2 
Ab:maj [0, 3, 8] 8 2 
C#:maj [1, 5, 8] 1 4 
Eb:min [3, 6, 10] 3 6 
Ab:maj [0, 3, 8] 8 2 
Bb:min [1, 5, 10] 10 4 
Ab:maj [0, 3, 8] 8 4 
Eb:min [3, 6, 10] 3 2 
Eb:sus2 [3, 5, 10] 3 2 
Eb:min [3, 6, 10] 3 2 
Ab:maj [0, 3, 8] 8 4 
G:dim [1, 7, 10] 7 2 
Ab:maj [0, 3, 8] 8 4 
Bb:min [1, 5, 10] 10 6 
C#:maj [1, 5, 8] 1 2 
Ab:maj [0, 3, 8] 8 2 
C#:sus2 [1, 3, 8] 1 2 
Bb:min [1, 5, 10] 10 4 
F#:maj [1, 6, 10] 6 4 
C#:maj [1, 5, 8] 1 2 
Bb:min [1, 5, 10] 10 2 
Eb:min [3, 6, 10] 3 2 
Ab:maj [0, 3, 8] 8 2 
C#:maj [1, 5, 8] 1 4 
Bb:maj [2, 5, 10] 10 6 
C#:maj [1, 5, 8] 1 2 
Ab:maj [0, 3, 8] 8 2 
C#:maj [1, 5, 8] 1 1 
Eb:maj [3, 7, 10] 3 1 
Bb:sus4 [3, 5, 10] 10 4 
F#:maj [1, 6, 10] 6 4 
C#:maj [1, 5, 8] 1 2 
Bb:min [1, 5, 10] 10 2 
Eb:maj [3, 7, 10] 3 2 
Ab:maj [0, 3, 8] 8 2 
C#:maj [1, 5, 8] 1 4 
Eb:min [3, 6, 10] 3 6 
Ab:maj [0, 3, 8] 8 2 
Bb:min [1, 5, 10] 10 4 
Ab:maj [0, 3, 8] 8 4 
Eb:min [3, 6, 10] 3 2 
Eb:sus2 [3, 5, 10] 3 2 
Eb:min [3, 6, 10] 3 2 
Ab:maj [0, 3, 8] 8 4 
G:dim [1, 7, 10] 7 2 
Ab:maj [0, 3, 8] 8 4 
Bb:min [1, 5, 10] 10 6 
C#:maj [1, 5, 8] 1 2 
Ab:maj [0, 3, 8] 8 2 
C#:sus2 [1, 3, 8] 1 2 
Bb:min [1, 5, 10] 10 4 
F#:maj [1, 6, 10] 6 4 
C#:maj [1, 5, 8] 1 2 
Bb:min [1, 5, 10] 10 2 
Eb:min [3, 6, 10] 3 2 
Ab:maj [0, 3, 8] 8 2 
C#:maj [1, 5, 8] 1 4 
Bb:min [1, 5, 10] 10 6 
C#:maj [1, 5, 8] 1 2 
F:min7 [0, 3, 5, 8] 5 5 
