0 120
58 2
53 2
58 2
61 2
58 4
0 2
56 2
58 2
70 1
0 1
70 2
68 2
65 4
0 4
63 2
68 4
70 2
68 2
65 1
0 1
63 2
61 1
63 1
65 7
0 7
65 1
0 1
65 2
0 1
63 1
63 1
0 1
58 2
61 4
0 2
63 2
53 3
56 1
58 2
61 2
58 4
0 4
58 2
63 4
65 2
61 2
61 1
0 1
63 2
58 2
56 8
0 8
58 2
53 2
58 2
61 2
58 4
0 2
56 2
58 2
70 1
0 1
70 2
68 2
65 4
0 4
63 2
68 4
70 2
68 2
65 1
0 1
63 2
61 1
63 1
65 7
0 7
65 1
0 1
65 2
0 1
63 1
63 1
0 1
58 2
61 4
0 2
63 2
53 3
56 1
58 2
61 2
58 4
0 4
58 2
63 4
65 2
63 2
61 2
58 2
56 1
58 1
61 4
0 10
61 2
63 2
0 1
61 1
63 1
61 1
63 1
65 1
61 1
58 5
68 1
65 1
63 2
0 1
61 1
63 1
61 1
63 1
65 1
63 3
0 3
65 1
68 1
70 3
68 1
70 1
0 1
73 2
70 3
0 3
65 1
0 1
63 2
0 1
61 1
63 1
61 1
63 1
65 1
68 5
0 1
61 2
63 3
61 1
63 1
61 1
63 1
65 1
61 1
58 4
0 1
68 1
65 1
63 2
0 1
61 1
63 1
61 1
63 1
65 1
63 4
0 2
65 1
68 1
70 2
0 1
68 1
70 1
68 1
70 1
73 1
70 1
0 1
70 3
0 1
65 2
68 10
0 6
58 2
53 2
58 2
61 2
58 4
0 2
56 2
58 2
70 1
0 1
70 2
68 2
65 4
0 4
63 2
68 4
70 2
68 2
65 1
0 1
63 2
61 1
63 1
65 7
0 7
65 1
0 1
65 2
0 1
63 1
63 1
0 1
58 2
61 4
0 2
63 2
53 3
56 1
58 2
61 2
58 4
0 4
58 2
63 4
65 2
63 2
63 1
61 1
58 2
56 1
58 1
61 3
0 139
61 2
63 2
0 1
61 1
63 1
61 1
63 1
65 1
61 1
58 5
68 1
65 1
63 2
0 1
61 1
63 1
61 1
63 1
65 1
63 3
0 3
65 1
68 1
70 3
68 1
70 1
0 1
73 2
70 3
0 3
65 1
0 1
63 2
0 1
61 1
63 1
61 1
63 1
65 1
68 5
0 1
61 2
63 3
61 1
63 1
61 1
63 1
65 1
61 1
58 4
0 1
68 1
65 1
63 2
0 1
61 1
63 1
61 1
63 1
65 1
63 4
0 2
65 1
68 1
70 2
0 1
68 1
70 1
68 1
70 1
73 1
70 1
0 1
70 3
0 1
65 2
68 10
0 6
58 2
53 2
58 2
61 2
58 4
0 2
56 2
58 2
70 1
0 1
70 2
68 2
65 4
0 4
63 2
68 4
70 2
68 2
65 1
0 1
63 2
61 1
63 1
65 7
0 7
65 1
0 1
65 2
0 1
63 1
63 1
0 1
58 2
61 4
0 2
63 2
53 3
56 1
58 2
61 2
58 4
0 4
58 2
63 4
65 2
63 2
63 1
61 1
58 2
56 1
58 1
61 3
