0 130
71 1
0 1
71 1
0 2
62 1
71 1
69 1
69 1
0 1
74 1
0 2
74 1
74 1
0 1
72 1
72 2
0 1
71 1
71 3
69 1
67 2
0 1
64 2
62 2
71 1
0 1
71 1
0 2
71 1
71 1
69 1
69 1
0 1
69 1
0 2
74 1
74 1
0 1
72 1
72 3
0 1
71 1
71 2
69 1
0 1
67 1
0 1
69 2
0 2
71 1
0 1
71 2
0 1
71 1
71 2
76 1
0 1
78 1
0 1
78 2
74 1
0 1
74 2
78 1
0 2
79 4
0 1
79 1
0 1
79 1
0 1
74 1
0 1
74 1
0 1
74 1
0 1
74 1
74 3
71 1
0 1
67 1
0 1
74 8
0 4
74 1
0 1
74 1
0 1
67 1
0 1
76 2
0 1
76 1
74 1
0 1
71 1
0 1
69 2
0 1
69 1
71 1
0 1
72 1
0 1
74 2
74 1
71 2
0 1
69 1
0 1
68 2
0 1
68 1
69 1
0 1
71 1
0 1
72 2
71 1
0 1
67 1
0 1
64 1
67 3
0 5
71 1
72 1
0 1
71 1
67 2
0 1
76 1
0 1
74 1
0 1
74 1
0 1
74 1
0 1
67 1
0 1
76 2
0 1
76 1
74 1
0 1
71 1
0 1
69 2
0 1
69 1
71 1
0 1
72 1
0 1
74 2
74 1
74 2
0 1
78 1
0 1
76 2
0 1
76 1
0 1
74 1
71 1
72 3
0 1
72 1
0 1
71 1
71 1
67 2
0 1
62 2
69 4
71 10
0 1
76 1
0 1
74 1
71 1
72 3
0 1
72 1
0 1
71 1
69 1
0 1
67 2
62 1
62 1
69 4
67 16
0 50
71 1
0 1
71 1
0 2
62 1
71 1
69 1
69 1
0 1
74 1
0 2
74 1
74 1
0 1
72 1
72 2
0 1
71 1
71 3
69 1
67 2
0 1
64 2
62 2
71 1
0 1
71 1
0 2
71 1
71 1
69 1
69 1
0 1
69 1
0 2
74 1
74 1
0 1
72 1
72 3
0 1
71 1
71 2
69 1
0 1
67 1
0 1
69 2
0 2
71 1
0 1
71 2
0 1
71 1
71 2
76 1
0 1
78 1
0 1
78 2
74 1
0 1
74 2
78 1
0 2
79 4
0 1
79 1
0 1
79 1
0 1
74 1
0 1
74 1
0 1
74 1
0 1
74 1
74 3
71 1
0 1
67 1
0 1
74 8
0 4
74 1
0 1
74 1
0 1
67 1
0 1
76 2
0 1
76 1
74 1
0 1
71 1
0 1
69 2
0 1
69 1
71 1
0 1
72 1
0 1
74 2
74 1
71 2
0 1
69 1
0 1
68 2
0 1
68 1
69 1
0 1
71 1
0 1
72 2
71 1
0 1
67 1
0 1
64 1
67 3
0 5
71 1
72 1
0 1
71 1
67 2
0 1
76 1
0 1
74 1
0 1
74 1
0 1
74 1
0 1
67 1
0 1
76 2
0 1
76 1
74 1
0 1
71 1
0 1
69 2
0 1
69 1
71 1
0 1
72 1
0 1
74 2
74 1
74 2
0 1
78 1
0 1
76 2
0 1
76 1
0 1
74 1
71 1
72 3
0 1
72 1
0 1
71 1
71 1
67 2
0 1
62 2
69 4
71 10
0 1
76 1
0 1
74 1
71 1
72 3
0 1
72 1
0 1
71 1
69 1
0 1
67 2
62 1
62 1
69 4
67 16
0 122
76 1
0 1
76 1
0 1
69 1
0 1
78 2
0 1
78 1
76 1
0 1
73 1
0 1
71 2
0 1
71 1
73 1
0 1
74 1
0 1
76 2
76 1
73 2
0 1
71 1
0 1
70 2
0 1
70 1
71 1
0 1
73 1
0 1
74 2
73 1
0 1
69 1
0 1
66 1
69 3
0 5
73 1
74 1
0 1
73 1
69 2
0 1
78 1
0 1
76 1
0 1
76 1
0 1
76 1
0 1
69 1
0 1
78 2
0 1
78 1
76 1
0 1
73 1
0 1
71 2
0 1
71 1
73 1
0 1
74 1
0 1
76 2
76 1
76 2
0 1
80 1
0 1
78 2
0 1
78 1
0 1
76 1
73 1
74 3
0 1
74 1
0 1
73 1
73 1
69 2
0 1
64 2
71 4
73 10
0 1
78 1
0 1
76 1
73 1
74 3
0 1
74 1
0 1
73 1
71 1
0 1
69 2
64 1
64 1
71 4
69 2
76 1
0 1
76 1
0 1
76 1
76 2
0 1
74 1
0 1
73 1
74 1
0 2
74 1
0 1
73 2
73 1
0 1
73 1
0 1
73 2
71 1
0 1
69 1
71 1
69 3
0 1
76 1
0 1
76 1
0 1
76 1
76 2
0 1
74 1
0 1
73 1
74 1
0 2
74 1
0 1
73 2
73 1
0 1
73 1
0 1
73 2
76 1
0 1
71 1
69 1
69 3
0 1
76 1
0 1
76 1
0 1
76 1
76 2
0 1
74 1
0 1
73 1
74 1
0 2
74 1
0 1
73 2
73 1
0 1
73 1
0 1
73 2
71 1
0 1
69 1
71 1
69 3
0 1
76 1
0 1
76 1
0 1
76 1
76 2
0 1
74 1
0 1
73 1
74 1
0 2
74 1
0 1
73 2
73 1
0 1
73 1
0 1
73 2
76 1
0 1
71 1
69 1
69 3
