F#:min [1, 6, 9] 6 2 
D:sus2 [2, 4, 9] 2 2 
E:maj [4, 8, 11] 4 4 
F#:min [1, 6, 9] 6 2 
D:sus2 [2, 4, 9] 2 2 
E:sus4 [4, 9, 11] 4 2 
E:maj [4, 8, 11] 4 2 
F#:min [1, 6, 9] 6 2 
D:maj [2, 6, 9] 2 2 
E:maj [4, 8, 11] 4 2 
A:maj [1, 4, 9] 9 1 
E:maj/3 [4, 8, 11] 8 1 
F#:min [1, 6, 9] 6 2 
D:maj [2, 6, 9] 2 2 
E:maj [4, 8, 11] 4 4 
F#:min [1, 6, 9] 6 2 
D:maj [2, 6, 9] 2 2 
A:maj [1, 4, 9] 9 2 
A:maj(9) [1, 4, 7, 9, 11] 9 2 
B:min [2, 6, 11] 11 2 
D:maj [2, 6, 9] 2 2 
E:maj [4, 8, 11] 4 4 
B:min [2, 6, 11] 11 2 
E:maj [4, 8, 11] 4 2 
F#:min [1, 6, 9] 6 2 
D:maj [2, 6, 9] 2 2 
B:min [2, 6, 11] 11 2 
D:maj [2, 6, 9] 2 2 
E:maj [4, 8, 11] 4 4 
F#:min [1, 6, 9] 6 2 
E:maj [4, 8, 11] 4 2 
D:maj [2, 6, 9] 2 2 
F#:min [1, 6, 9] 6 2 
D:maj [2, 6, 9] 2 2 
E:maj [4, 8, 11] 4 2 
F#:min [1, 6, 9] 6 4 
B:min [2, 6, 11] 11 2 
E:maj [4, 8, 11] 4 2 
F#:min [1, 6, 9] 6 2 
D:maj [2, 6, 9] 2 2 
B:min [2, 6, 11] 11 2 
D:maj [2, 6, 9] 2 2 
E:maj [4, 8, 11] 4 4 
F#:min7 [1, 4, 6, 9] 6 2 
D:sus2 [2, 4, 9] 2 2 
E:sus2 [4, 6, 11] 4 4 
F#:min7 [1, 4, 6, 9] 6 2 
D:sus2 [2, 4, 9] 2 2 
E:sus2 [4, 6, 11] 4 5 
F#:min/b3 [1, 6, 9] 9 1 
D:maj [2, 6, 9] 2 2 
E:maj [4, 8, 11] 4 2 
A:maj [1, 4, 9] 9 1 
E:maj/3 [4, 8, 11] 8 1 
F#:min [1, 6, 9] 6 2 
D:maj [2, 6, 9] 2 2 
E:maj [4, 8, 11] 4 4 
F#:min [1, 6, 9] 6 2 
D:maj [2, 6, 9] 2 2 
A:maj [1, 4, 9] 9 2 
E:maj/3 [4, 8, 11] 8 2 
B:min [2, 6, 11] 11 2 
B:min7 [2, 6, 9, 11] 11 2 
E:maj [4, 8, 11] 4 4 
B:min [2, 6, 11] 11 2 
E:maj [4, 8, 11] 4 2 
F#:min [1, 6, 9] 6 2 
D:maj7 [0, 2, 6, 9] 2 2 
B:min [2, 6, 11] 11 2 
D:maj [2, 6, 9] 2 2 
E:maj [4, 8, 11] 4 4 
F#:min [1, 6, 9] 6 2 
E:maj [4, 8, 11] 4 2 
D:maj [2, 6, 9] 2 2 
F#:min [1, 6, 9] 6 2 
D:maj [2, 6, 9] 2 2 
E:maj [4, 8, 11] 4 2 
F#:min [1, 6, 9] 6 4 
B:min [2, 6, 11] 11 2 
E:maj [4, 8, 11] 4 2 
F#:min [1, 6, 9] 6 1 
F#:min7 [1, 4, 6, 9] 6 1 
D:maj [2, 6, 9] 2 2 
B:min [2, 6, 11] 11 2 
D:maj [2, 6, 9] 2 2 
E:maj [4, 8, 11] 4 4 
F#:min [1, 6, 9] 6 2 
E:maj [4, 8, 11] 4 2 
D:maj [2, 6, 9] 2 2 
F#:min [1, 6, 9] 6 2 
D:maj [2, 6, 9] 2 2 
E:maj [4, 8, 11] 4 2 
F#:min [1, 6, 9] 6 4 
B:min [2, 6, 11] 11 2 
E:maj [4, 8, 11] 4 2 
F#:min [1, 6, 9] 6 1 
F#:min7 [1, 4, 6, 9] 6 1 
D:maj [2, 6, 9] 2 2 
B:min [2, 6, 11] 11 2 
D:maj [2, 6, 9] 2 2 
E:maj [4, 8, 11] 4 4 
F#:min7 [1, 4, 6, 9] 6 2 
D:sus2 [2, 4, 9] 2 2 
E:sus2 [4, 6, 11] 4 4 
F#:min7 [1, 4, 6, 9] 6 2 
D:sus2 [2, 4, 9] 2 2 
E:sus2 [4, 6, 11] 4 2 
