0 68
66 1
68 1
69 2
69 4
62 1
62 7
64 2
64 2
73 2
71 2
71 1
69 2
69 6
69 1
71 1
69 7
62 1
62 1
66 3
64 1
64 16
66 1
69 1
69 2
69 2
71 1
73 3
69 1
73 7
71 1
73 1
71 1
76 3
76 2
68 1
69 13
73 1
74 1
73 1
74 1
73 2
69 1
69 2
66 1
71 14
74 2
74 2
74 2
73 1
73 3
71 1
73 7
73 1
73 1
73 1
78 3
71 2
69 1
69 7
66 1
66 1
66 2
68 2
69 1
73 3
71 8
73 8
81 2
81 2
80 4
80 1
81 2
81 5
81 2
80 1
78 2
76 1
73 6
73 1
71 1
69 1
66 1
69 1
71 2
73 4
64 1
69 1
71 2
73 4
64 1
69 1
71 2
73 13
81 2
81 2
81 2
80 2
78 1
80 2
81 3
69 1
69 1
81 2
81 1
80 1
78 1
76 2
73 5
73 1
71 1
69 1
66 1
73 4
73 1
71 1
69 1
66 1
73 4
73 1
71 1
69 1
66 1
71 10
81 3
80 1
78 1
81 3
78 10
76 1
74 1
73 1
74 2
73 2
71 9
81 1
80 1
78 1
80 1
81 4
73 4
76 1
78 2
76 2
73 3
71 20
66 1
68 1
69 2
69 4
62 1
62 7
64 2
64 2
73 2
71 2
71 1
69 2
69 6
69 1
71 1
69 7
62 1
62 1
66 3
64 1
64 16
66 1
69 1
69 2
69 2
71 1
73 3
69 1
73 7
71 1
73 1
71 1
76 3
76 2
68 1
69 13
73 1
74 1
73 1
74 1
73 2
69 1
69 2
66 1
71 14
74 2
74 2
74 2
73 1
73 3
71 1
73 7
73 1
73 1
73 1
78 3
71 2
69 1
69 7
66 1
66 1
66 2
68 2
69 1
73 3
71 8
73 8
81 2
81 2
80 4
80 1
81 2
81 5
81 2
80 1
78 2
76 1
73 6
73 1
71 1
69 1
66 1
69 1
71 2
73 4
64 1
69 1
71 2
73 4
64 1
69 1
71 2
73 13
81 2
81 2
81 2
80 2
78 1
80 2
81 3
69 1
69 1
81 2
81 1
80 1
78 1
76 2
73 5
73 1
71 1
69 1
66 1
73 4
73 1
71 1
69 1
66 1
73 4
73 1
71 1
69 1
66 1
71 10
81 3
80 1
78 1
81 1
81 2
81 2
80 4
80 1
81 2
81 5
81 2
80 1
78 2
76 1
73 6
73 1
71 1
69 1
66 1
69 1
71 2
73 4
64 1
69 1
71 2
73 4
64 1
69 1
71 2
73 13
81 2
81 2
81 2
80 2
78 1
80 2
81 3
69 1
69 1
81 2
81 1
80 1
78 1
76 2
73 5
73 1
71 1
69 1
66 1
73 4
73 1
71 1
69 1
66 1
73 4
73 1
71 1
69 1
66 1
71 10
81 3
80 1
78 1
81 3
78 10
76 1
74 1
73 1
74 2
73 2
71 9
81 1
80 1
78 1
80 1
81 4
73 4
76 1
78 2
76 2
73 3
71 19
