Bb:min [1, 5, 10] 10 4 
F#:maj7 [1, 4, 6, 10] 6 4 
Eb:min [3, 6, 10] 3 2 
F:min [0, 5, 8] 5 2 
F#:maj [1, 6, 10] 6 4 
Bb:min [1, 5, 10] 10 4 
F#:maj [1, 6, 10] 6 4 
Eb:min [3, 6, 10] 3 2 
F:min [0, 5, 8] 5 2 
F#:maj [1, 6, 10] 6 4 
Bb:min [1, 5, 10] 10 4 
Eb:maj [3, 7, 10] 3 4 
C#:maj [1, 5, 8] 1 4 
F:maj [0, 5, 9] 5 4 
Bb:min [1, 5, 10] 10 4 
Eb:maj [3, 7, 10] 3 4 
C#:maj [1, 5, 8] 1 4 
F:maj [0, 5, 9] 5 4 
F#:maj [1, 6, 10] 6 2 
C#:maj [1, 5, 8] 1 2 
F#:maj [1, 6, 10] 6 2 
C#:maj [1, 5, 8] 1 2 
Eb:min [3, 6, 10] 3 2 
F:min [0, 5, 8] 5 2 
Bb:min [1, 5, 10] 10 2 
F#:maj [1, 6, 10] 6 1 
F:maj [0, 5, 9] 5 1 
F#:maj [1, 6, 10] 6 2 
C#:maj [1, 5, 8] 1 2 
F#:maj [1, 6, 10] 6 2 
Bb:min [1, 5, 10] 10 2 
Eb:maj [3, 7, 10] 3 2 
F:min [0, 5, 8] 5 2 
F#:maj [1, 6, 10] 6 4 
Bb:maj [2, 5, 10] 10 1 
Bb:min [1, 5, 10] 10 1 
C#:maj [1, 5, 8] 1 1 
C#:maj7 [1, 5, 8, 11] 1 1 
Bb:maj [2, 5, 10] 10 1 
Bb:min [1, 5, 10] 10 1 
C#:maj [1, 5, 8] 1 2 
F#:maj [1, 6, 10] 6 4 
Bb:min [1, 5, 10] 10 4 
F#:maj [1, 6, 10] 6 4 
Eb:min [3, 6, 10] 3 2 
F:min [0, 5, 8] 5 2 
F#:maj [1, 6, 10] 6 4 
Bb:min [1, 5, 10] 10 4 
Eb:maj [3, 7, 10] 3 4 
C#:maj [1, 5, 8] 1 4 
F:maj [0, 5, 9] 5 4 
Bb:min [1, 5, 10] 10 4 
Eb:maj [3, 7, 10] 3 4 
C#:maj [1, 5, 8] 1 4 
F:maj [0, 5, 9] 5 4 
F#:maj [1, 6, 10] 6 2 
C#:maj [1, 5, 8] 1 2 
F#:maj [1, 6, 10] 6 2 
C#:maj [1, 5, 8] 1 2 
Eb:min [3, 6, 10] 3 2 
F:min [0, 5, 8] 5 2 
Bb:min [1, 5, 10] 10 2 
F#:maj [1, 6, 10] 6 1 
F:maj [0, 5, 9] 5 1 
F#:maj [1, 6, 10] 6 2 
C#:maj [1, 5, 8] 1 2 
F#:maj [1, 6, 10] 6 2 
Bb:min [1, 5, 10] 10 2 
Eb:maj [3, 7, 10] 3 2 
F:min [0, 5, 8] 5 2 
F#:maj [1, 6, 10] 6 2 
F:maj [0, 5, 9] 5 2 
Eb:min/b3 [3, 6, 10] 6 2 
C#:maj [1, 5, 8] 1 2 
F#:maj [1, 6, 10] 6 2 
C#:maj [1, 5, 8] 1 2 
Eb:min [3, 6, 10] 3 2 
F:min [0, 5, 8] 5 2 
Bb:min [1, 5, 10] 10 2 
F#:maj [1, 6, 10] 6 1 
F:maj [0, 5, 9] 5 1 
F#:maj [1, 6, 10] 6 2 
C#:maj [1, 5, 8] 1 2 
F#:maj [1, 6, 10] 6 2 
Bb:min [1, 5, 10] 10 2 
Eb:maj [3, 7, 10] 3 2 
F:min [0, 5, 8] 5 2 
Bb:min [1, 5, 10] 10 8 
F#:maj7 [1, 4, 6, 10] 6 4 
Eb:min [3, 6, 10] 3 2 
F:min [0, 5, 8] 5 2 
F#:maj [1, 6, 10] 6 4 
