A:min [0, 4, 9] 9 2 
G:maj [2, 7, 11] 7 2 
E:min [4, 7, 11] 4 2 
A:min [0, 4, 9] 9 2 
D:min [2, 5, 9] 2 4 
E:min [4, 7, 11] 4 4 
A:min [0, 4, 9] 9 2 
G:maj [2, 7, 11] 7 2 
E:min [4, 7, 11] 4 2 
A:min [0, 4, 9] 9 2 
D:min [2, 5, 9] 2 2 
E:min [4, 7, 11] 4 2 
A:min [0, 4, 9] 9 6 
G:maj [2, 7, 11] 7 2 
E:min [4, 7, 11] 4 2 
A:min [0, 4, 9] 9 2 
D:min [2, 5, 9] 2 4 
G:maj [2, 7, 11] 7 2 
C:maj7 [0, 4, 7, 10] 0 1 
E:maj [4, 8, 11] 4 1 
A:min [0, 4, 9] 9 2 
G:maj [2, 7, 11] 7 2 
E:min [4, 7, 11] 4 2 
A:min [0, 4, 9] 9 2 
D:min [2, 5, 9] 2 4 
G:maj [2, 7, 11] 7 4 
A:min [0, 4, 9] 9 6 
G:maj [2, 7, 11] 7 2 
D:min/b3 [2, 5, 9] 5 1 
E:min/b3 [4, 7, 11] 7 1 
C:maj [0, 4, 7] 0 2 
F:maj [0, 5, 9] 5 4 
G:maj [2, 7, 11] 7 4 
A:min [0, 4, 9] 9 2 
G:maj [2, 7, 11] 7 2 
D:min/b3 [2, 5, 9] 5 1 
E:min/b3 [4, 7, 11] 7 1 
C:maj [0, 4, 7] 0 2 
F:maj [0, 5, 9] 5 2 
G:maj [2, 7, 11] 7 2 
A:min [0, 4, 9] 9 6 
G:maj [2, 7, 11] 7 2 
D:min/b3 [2, 5, 9] 5 1 
E:min/b3 [4, 7, 11] 7 1 
C:maj [0, 4, 7] 0 2 
F:maj [0, 5, 9] 5 4 
G:maj [2, 7, 11] 7 4 
A:min [0, 4, 9] 9 2 
G:maj [2, 7, 11] 7 2 
D:min/b3 [2, 5, 9] 5 1 
E:min/b3 [4, 7, 11] 7 1 
C:maj [0, 4, 7] 0 2 
F:maj [0, 5, 9] 5 2 
G:maj [2, 7, 11] 7 2 
A:min [0, 4, 9] 9 6 
G:maj [2, 7, 11] 7 2 
E:min [4, 7, 11] 4 2 
A:min [0, 4, 9] 9 2 
F:maj [0, 5, 9] 5 2 
G:maj [2, 7, 11] 7 2 
C:maj [0, 4, 7] 0 2 
E:maj [4, 8, 11] 4 2 
F:maj [0, 5, 9] 5 2 
G:maj [2, 7, 11] 7 2 
E:min [4, 7, 11] 4 2 
A:min [0, 4, 9] 9 2 
F:maj [0, 5, 9] 5 2 
G:maj [2, 7, 11] 7 2 
A:min [0, 4, 9] 9 6 
G:maj [2, 7, 11] 7 2 
D:min/b3 [2, 5, 9] 5 1 
E:min/b3 [4, 7, 11] 7 1 
C:maj [0, 4, 7] 0 2 
F:maj [0, 5, 9] 5 4 
G:maj [2, 7, 11] 7 4 
A:min [0, 4, 9] 9 2 
G:maj [2, 7, 11] 7 2 
D:min/b3 [2, 5, 9] 5 1 
E:min/b3 [4, 7, 11] 7 1 
C:maj [0, 4, 7] 0 2 
F:maj [0, 5, 9] 5 2 
G:maj [2, 7, 11] 7 2 
A:min [0, 4, 9] 9 6 
G:maj [2, 7, 11] 7 2 
E:min [4, 7, 11] 4 2 
A:min [0, 4, 9] 9 2 
D:min [2, 5, 9] 2 4 
G:maj [2, 7, 11] 7 2 
C:maj7 [0, 4, 7, 10] 0 1 
E:maj [4, 8, 11] 4 1 
A:min [0, 4, 9] 9 2 
G:maj [2, 7, 11] 7 2 
E:min [4, 7, 11] 4 2 
A:min [0, 4, 9] 9 2 
D:min [2, 5, 9] 2 4 
G:maj [2, 7, 11] 7 4 
A:min [0, 4, 9] 9 6 
G:maj [2, 7, 11] 7 2 
E:min [4, 7, 11] 4 2 
A:min [0, 4, 9] 9 2 
D:min [2, 5, 9] 2 4 
G:maj [2, 7, 11] 7 2 
C:maj7 [0, 4, 7, 10] 0 2 
A:min [0, 4, 9] 9 2 
G:maj [2, 7, 11] 7 2 
E:min [4, 7, 11] 4 2 
A:min [0, 4, 9] 9 2 
D:min [2, 5, 9] 2 4 
G:maj [2, 7, 11] 7 2 
E:maj [4, 8, 11] 4 5 
A:min [0, 4, 9] 9 2 
G:maj [2, 7, 11] 7 2 
E:min [4, 7, 11] 4 2 
A:min [0, 4, 9] 9 2 
D:min [2, 5, 9] 2 2 
E:min [4, 7, 11] 4 2 
A:min [0, 4, 9] 9 4 
