0 126
64 1
0 1
69 2
0 1
69 1
69 1
0 1
69 1
67 1
67 1
0 1
62 2
0 1
62 1
60 1
62 1
64 2
0 1
67 1
64 1
0 1
62 1
64 1
57 4
0 2
57 1
60 1
62 1
0 1
62 1
0 1
62 1
60 1
0 1
57 1
62 2
64 1
62 2
0 1
57 1
60 1
62 1
62 1
62 1
62 1
67 1
0 1
69 1
64 6
0 1
64 1
64 1
69 2
0 1
69 1
69 1
0 1
69 1
67 1
67 1
0 1
62 2
0 1
62 1
60 1
62 1
64 2
0 1
67 1
64 1
0 1
62 1
64 1
57 4
0 2
57 1
60 1
62 1
0 1
62 1
62 1
62 2
60 1
0 1
62 1
62 1
0 1
64 1
62 2
60 1
62 1
67 1
0 1
64 5
0 1
64 1
0 1
62 1
62 2
0 1
60 1
62 1
57 12
0 4
64 2
57 3
0 1
60 1
0 1
62 4
0 2
60 1
62 1
64 2
0 1
62 1
60 1
0 1
62 1
0 1
64 4
0 2
64 1
67 1
69 1
72 1
69 3
0 1
67 1
69 1
67 1
0 1
57 3
0 1
64 1
67 1
62 8
0 8
64 3
0 1
57 1
0 1
64 1
0 1
62 4
0 2
60 1
62 1
64 2
0 1
62 1
60 1
0 1
67 1
0 1
64 4
0 2
64 1
67 1
69 1
0 1
69 1
67 1
64 1
0 1
60 1
64 1
62 1
0 1
62 2
0 2
60 1
62 1
60 2
57 10
0 4
64 2
57 3
0 1
60 1
0 1
62 4
0 2
60 1
62 1
64 2
0 1
62 1
60 1
0 1
62 1
0 1
64 4
0 2
64 1
67 1
69 1
72 1
69 3
0 1
67 1
69 1
67 1
0 1
57 3
0 1
64 1
67 1
62 8
0 8
64 3
0 1
57 1
0 1
64 1
0 1
62 4
0 2
60 1
62 1
64 2
0 1
62 1
60 1
0 1
67 1
0 1
64 4
0 2
64 1
67 1
69 1
0 1
69 1
67 1
64 1
0 1
60 1
64 1
62 1
0 1
62 2
0 2
60 1
62 1
60 2
57 10
0 132
64 2
57 3
0 1
60 1
0 1
62 4
0 2
60 1
62 1
64 2
0 1
62 1
60 1
0 1
62 1
0 1
64 4
0 2
64 1
67 1
69 1
72 1
69 3
0 1
67 1
69 1
67 1
0 1
57 3
0 1
64 1
67 1
62 8
0 8
64 3
0 1
57 1
0 1
64 1
0 1
62 4
0 2
60 1
62 1
64 2
0 1
62 1
60 1
0 1
67 1
0 1
64 4
0 2
64 1
67 1
69 1
0 1
69 1
67 1
64 1
0 1
60 1
64 1
62 1
0 1
62 2
0 2
60 1
62 1
60 2
57 10
0 2
64 1
0 1
69 2
0 1
69 1
69 1
0 1
69 1
67 1
67 1
0 1
62 2
0 1
62 1
60 1
62 1
64 2
0 1
67 1
64 1
0 1
62 1
64 1
57 4
0 2
57 1
60 1
62 1
0 1
62 1
0 1
62 1
60 1
0 1
57 1
62 2
64 1
62 2
0 1
57 1
60 1
62 1
62 1
62 1
62 1
67 1
0 1
69 1
64 6
0 1
64 1
64 1
69 2
0 1
69 1
69 1
0 1
69 1
67 1
67 1
0 1
62 2
0 1
62 1
60 1
62 1
64 2
0 1
67 1
64 1
0 1
62 1
64 1
57 4
0 2
57 1
60 1
62 1
0 1
62 1
62 1
62 2
60 1
0 1
62 1
62 1
0 1
64 1
62 2
60 1
62 1
67 1
0 1
64 5
0 1
64 1
0 1
62 1
62 2
0 1
60 1
62 1
57 12
0 2
64 1
0 1
69 2
0 1
69 1
69 1
0 1
69 1
67 1
67 1
0 1
62 2
0 1
62 1
60 1
62 1
64 2
0 1
67 1
64 1
0 1
62 1
64 1
57 4
0 2
57 1
60 1
62 1
0 1
62 1
0 1
62 1
60 1
0 1
57 1
62 2
64 1
62 2
0 1
57 1
60 1
62 1
62 1
62 1
62 1
67 1
0 1
69 1
64 6
0 1
64 1
64 1
69 2
0 1
69 1
69 1
0 1
69 1
67 1
67 1
0 1
62 2
0 1
62 1
60 1
62 1
64 2
0 1
67 1
64 1
0 1
62 1
64 1
57 4
0 2
57 1
60 1
62 1
0 1
62 1
62 1
62 2
60 1
0 1
62 1
62 1
0 1
64 1
62 2
60 1
62 1
67 1
0 1
64 5
0 1
64 1
0 1
62 1
62 8
0 4
60 1
62 3
0 1
60 1
0 1
57 11
