Bb:maj [2, 5, 10] 10 4 
Eb:maj [3, 7, 10] 3 4 
Bb:maj [2, 5, 10] 10 4 
Eb:maj [3, 7, 10] 3 4 
Bb:maj [2, 5, 10] 10 2 
D:min/5 [2, 5, 9] 9 2 
G:min [2, 7, 10] 7 2 
Eb:maj [3, 7, 10] 3 2 
Bb:maj [2, 5, 10] 10 2 
D:min/5 [2, 5, 9] 9 2 
G:min [2, 7, 10] 7 2 
Eb:maj [3, 7, 10] 3 6 
Bb:maj [2, 5, 10] 10 2 
D:min/5 [2, 5, 9] 9 2 
G:min [2, 7, 10] 7 2 
Eb:maj [3, 7, 10] 3 2 
Bb:maj [2, 5, 10] 10 2 
Bb:maj7/7 [2, 5, 8, 10] 9 2 
Eb:maj [3, 7, 10] 3 2 
F:maj [0, 5, 9] 5 2 
Eb:maj [3, 7, 10] 3 4 
D:min [2, 5, 9] 2 4 
C:min [0, 3, 7] 0 4 
Eb:maj [3, 7, 10] 3 2 
F:maj [0, 5, 9] 5 2 
Bb:maj [2, 5, 10] 10 2 
D:min/5 [2, 5, 9] 9 2 
G:min [2, 7, 10] 7 2 
Eb:maj [3, 7, 10] 3 2 
Bb:maj [2, 5, 10] 10 2 
D:min/5 [2, 5, 9] 9 2 
Eb:maj [3, 7, 10] 3 2 
F:maj [0, 5, 9] 5 2 
Eb:maj [3, 7, 10] 3 4 
D:sus4 [2, 7, 9] 2 4 
C:min [0, 3, 7] 0 4 
Eb:maj [3, 7, 10] 3 2 
F:maj [0, 5, 9] 5 2 
Eb:maj [3, 7, 10] 3 2 
F:maj [0, 5, 9] 5 2 
Bb:maj [2, 5, 10] 10 2 
G:min [2, 7, 10] 7 2 
Eb:maj [3, 7, 10] 3 2 
F:maj [0, 5, 9] 5 2 
Bb:maj [2, 5, 10] 10 4 
Eb:maj [3, 7, 10] 3 2 
F:maj [0, 5, 9] 5 2 
Bb:maj [2, 5, 10] 10 2 
G:min [2, 7, 10] 7 2 
Eb:maj [3, 7, 10] 3 2 
F:maj [0, 5, 9] 5 2 
Bb:maj [2, 5, 10] 10 4 
Eb:maj [3, 7, 10] 3 2 
F:maj [0, 5, 9] 5 2 
Bb:maj [2, 5, 10] 10 2 
G:min [2, 7, 10] 7 2 
Eb:maj [3, 7, 10] 3 2 
F:maj [0, 5, 9] 5 2 
Bb:maj [2, 5, 10] 10 4 
Eb:maj [3, 7, 10] 3 2 
F:maj [0, 5, 9] 5 2 
Bb:maj [2, 5, 10] 10 2 
G:min [2, 7, 10] 7 2 
Eb:maj [3, 7, 10] 3 2 
F:maj [0, 5, 9] 5 2 
Bb:maj [2, 5, 10] 10 4 
C#:maj [1, 5, 8] 1 2 
F:min/5 [0, 5, 8] 0 2 
Bb:min [1, 5, 10] 10 2 
F#:maj [1, 6, 10] 6 2 
C#:maj [1, 5, 8] 1 2 
C:aug [0, 4, 8] 0 2 
F#:maj [1, 6, 10] 6 2 
Ab:maj [0, 3, 8] 8 2 
F#:maj [1, 6, 10] 6 4 
F:min [0, 5, 8] 5 4 
Eb:min [3, 6, 10] 3 4 
F#:maj [1, 6, 10] 6 2 
F:maj [0, 5, 9] 5 2 
Bb:maj [2, 5, 10] 10 2 
D:min/5 [2, 5, 9] 9 2 
G:min [2, 7, 10] 7 2 
Eb:maj [3, 7, 10] 3 2 
Bb:maj [2, 5, 10] 10 2 
Bb:maj7/7 [2, 5, 8, 10] 9 2 
Eb:maj [3, 7, 10] 3 2 
F:maj [0, 5, 9] 5 2 
Eb:maj [3, 7, 10] 3 4 
D:min [2, 5, 9] 2 4 
C:min [0, 3, 7] 0 4 
Eb:maj [3, 7, 10] 3 2 
F:maj [0, 5, 9] 5 2 
Bb:maj [2, 5, 10] 10 2 
D:min/5 [2, 5, 9] 9 2 
G:min [2, 7, 10] 7 2 
Eb:maj [3, 7, 10] 3 2 
Bb:maj [2, 5, 10] 10 2 
D:min/5 [2, 5, 9] 9 2 
Eb:maj [3, 7, 10] 3 2 
F:maj [0, 5, 9] 5 2 
Eb:maj [3, 7, 10] 3 4 
D:sus4 [2, 7, 9] 2 4 
C:min [0, 3, 7] 0 4 
Eb:maj [3, 7, 10] 3 2 
F:maj [0, 5, 9] 5 2 
Eb:maj [3, 7, 10] 3 2 
F:maj [0, 5, 9] 5 2 
Bb:maj [2, 5, 10] 10 2 
G:min [2, 7, 10] 7 2 
Eb:maj [3, 7, 10] 3 2 
F:maj [0, 5, 9] 5 2 
Bb:maj [2, 5, 10] 10 4 
Eb:maj [3, 7, 10] 3 2 
F:maj [0, 5, 9] 5 2 
Bb:maj [2, 5, 10] 10 2 
G:min [2, 7, 10] 7 2 
Eb:maj [3, 7, 10] 3 2 
F:maj [0, 5, 9] 5 2 
Bb:maj [2, 5, 10] 10 4 
Eb:maj [3, 7, 10] 3 2 
F:maj [0, 5, 9] 5 2 
Bb:maj [2, 5, 10] 10 2 
G:min [2, 7, 10] 7 2 
Eb:maj [3, 7, 10] 3 2 
F:maj [0, 5, 9] 5 2 
Bb:maj [2, 5, 10] 10 4 
Eb:maj [3, 7, 10] 3 2 
F:maj [0, 5, 9] 5 2 
Bb:maj [2, 5, 10] 10 2 
G:min [2, 7, 10] 7 2 
Eb:maj [3, 7, 10] 3 2 
F:maj [0, 5, 9] 5 2 
Bb:maj [2, 5, 10] 10 4 
C:min/b3 [0, 3, 7] 3 2 
F:maj [0, 5, 9] 5 2 
Bb:maj [2, 5, 10] 10 2 
G:min [2, 7, 10] 7 2 
Eb:maj [3, 7, 10] 3 2 
F:maj [0, 5, 9] 5 2 
Bb:maj [2, 5, 10] 10 4 
Eb:maj [3, 7, 10] 3 2 
F:maj [0, 5, 9] 5 2 
Bb:maj [2, 5, 10] 10 2 
G:min [2, 7, 10] 7 2 
Eb:maj [3, 7, 10] 3 2 
F:maj [0, 5, 9] 5 2 
Bb:maj [2, 5, 10] 10 4 
Eb:maj [3, 7, 10] 3 2 
F:maj [0, 5, 9] 5 2 
