0 144
62 3
0 1
62 2
60 1
0 1
62 3
0 1
62 2
60 2
62 3
0 1
65 3
0 1
58 3
0 5
62 2
0 2
62 2
60 2
62 3
0 1
65 3
0 1
63 3
0 1
62 2
58 2
60 4
0 4
58 2
0 2
67 1
0 1
67 1
0 1
67 2
0 2
58 1
0 1
58 1
0 1
57 2
0 2
67 4
65 4
0 2
65 1
0 1
63 2
62 2
63 2
62 2
63 4
0 2
58 1
0 1
58 3
0 1
62 4
60 6
0 2
62 2
0 2
62 1
0 1
60 2
62 3
0 1
62 2
60 2
62 3
0 1
65 3
0 1
58 4
0 4
62 2
0 2
62 2
60 2
62 3
0 1
65 3
0 1
63 3
0 1
62 1
0 1
58 2
60 5
0 3
58 3
0 1
67 1
0 1
67 1
0 1
67 3
0 1
58 3
0 1
57 4
67 3
0 1
65 4
0 2
65 1
0 1
63 2
62 2
63 2
62 2
63 3
0 3
62 2
63 3
0 1
67 3
0 1
65 1
0 1
65 1
0 1
67 1
0 1
69 1
0 1
70 3
0 1
69 3
0 1
67 4
65 2
0 2
65 3
0 1
62 2
60 1
0 1
58 3
0 1
67 1
0 1
69 1
0 1
70 3
0 1
69 1
0 1
70 1
0 1
72 3
0 1
65 3
0 1
74 11
0 1
67 1
0 1
69 1
0 1
70 3
0 1
69 3
0 1
67 3
0 1
65 2
0 2
65 2
0 2
62 1
0 1
60 1
0 1
58 3
0 1
60 1
0 1
62 1
0 1
63 2
0 2
55 1
0 1
55 1
0 1
57 3
0 1
60 3
0 1
58 10
65 1
0 1
67 1
0 1
69 1
0 1
70 3
0 1
69 3
0 1
67 4
65 2
0 2
65 3
0 1
62 2
60 1
0 1
58 3
0 1
67 1
0 1
69 1
0 1
70 3
0 1
69 1
0 1
70 1
0 1
72 3
0 1
65 3
0 1
74 11
0 1
67 1
0 1
69 1
0 1
70 3
0 1
69 3
0 1
67 3
0 1
65 2
0 2
65 2
0 2
62 1
0 1
60 1
0 1
58 3
0 1
60 1
0 1
62 1
0 1
63 2
0 2
55 1
0 1
55 1
0 1
57 3
0 1
60 3
0 1
58 10
0 134
62 3
0 1
62 2
60 1
0 1
62 3
0 1
62 2
60 2
62 3
0 1
65 3
0 1
58 3
0 5
62 2
0 2
62 2
60 2
62 3
0 1
65 3
0 1
63 3
0 1
62 2
58 2
60 4
0 4
58 2
0 2
67 1
0 1
67 1
0 1
67 2
0 2
58 1
0 1
58 1
0 1
57 2
0 2
67 4
65 4
0 2
65 1
0 1
63 2
62 2
63 2
62 2
63 4
0 2
58 1
0 1
58 3
0 1
62 4
60 6
0 2
62 2
0 2
62 1
0 1
60 2
62 3
0 1
62 2
60 2
62 3
0 1
65 3
0 1
58 4
0 4
62 2
0 2
62 2
60 2
62 3
0 1
65 3
0 1
63 3
0 1
62 1
0 1
58 2
60 5
0 3
58 3
0 1
67 1
0 1
67 1
0 1
67 3
0 1
58 3
0 1
57 4
67 3
0 1
65 4
0 2
65 1
0 1
63 2
62 2
63 2
62 2
63 3
0 3
62 2
63 3
0 1
67 3
0 1
65 1
0 1
65 1
0 1
67 1
0 1
69 1
0 1
70 3
0 1
69 3
0 1
67 4
65 2
0 2
65 3
0 1
62 2
60 1
0 1
58 3
0 1
67 1
0 1
69 1
0 1
70 3
0 1
69 1
0 1
70 1
0 1
72 3
0 1
65 3
0 1
74 11
0 1
67 1
0 1
69 1
0 1
70 3
0 1
69 3
0 1
67 3
0 1
65 2
0 2
65 2
0 2
62 1
0 1
60 1
0 1
58 3
0 1
60 1
0 1
62 1
0 1
63 2
0 2
55 1
0 1
55 1
0 1
57 3
0 1
60 3
0 1
58 10
65 1
0 1
67 1
0 1
69 1
0 1
70 3
0 1
69 3
0 1
67 4
65 2
0 2
65 3
0 1
62 2
60 1
0 1
58 3
0 1
67 1
0 1
69 1
0 1
70 3
0 1
69 1
0 1
70 1
0 1
72 3
0 1
65 3
0 1
74 11
0 1
67 1
0 1
69 1
0 1
70 3
0 1
69 3
0 1
67 3
0 1
65 2
0 2
65 2
0 2
74 1
0 1
72 1
0 1
70 3
0 1
60 1
0 1
62 1
0 1
63 2
0 2
55 1
0 1
55 1
0 1
57 3
0 1
60 3
0 1
58 10
65 1
0 1
67 1
0 1
69 1
0 1
70 3
0 1
69 3
0 1
67 4
65 2
0 2
65 3
0 1
62 2
60 1
0 1
58 3
0 1
67 1
0 1
69 1
0 1
70 3
0 1
69 1
0 1
70 1
0 1
72 3
0 1
65 3
0 1
74 11
0 1
67 1
0 1
69 1
0 1
70 3
0 1
69 3
0 1
67 3
0 1
65 2
0 2
65 2
0 2
74 2
72 2
70 2
0 2
60 1
0 1
62 1
0 1
63 2
0 2
55 1
0 1
55 1
0 1
57 3
0 1
60 3
0 1
58 10
0 2
60 1
0 1
62 1
0 1
63 2
0 2
55 1
0 1
55 1
0 1
57 3
0 1
60 3
0 1
58 10
