Eb:maj [3, 7, 10] 3 4 
C:min [0, 3, 7] 0 2 
G:min [2, 7, 10] 7 2 
F:min [0, 5, 8] 5 4 
Bb:maj [2, 5, 10] 10 4 
G:min [2, 7, 10] 7 4 
C:min [0, 3, 7] 0 4 
F:min [0, 5, 8] 5 2 
Bb:maj [2, 5, 10] 10 2 
Eb:maj [3, 7, 10] 3 8 
C:min [0, 3, 7] 0 4 
Ab:maj [0, 3, 8] 8 4 
Bb:maj [2, 5, 10] 10 4 
G:min [2, 7, 10] 7 4 
C:min [0, 3, 7] 0 4 
F:min [0, 5, 8] 5 4 
Bb:maj [2, 5, 10] 10 4 
Eb:maj [3, 7, 10] 3 4 
C:min [0, 3, 7] 0 4 
Ab:maj [0, 3, 8] 8 4 
Bb:maj [2, 5, 10] 10 4 
G:min [2, 7, 10] 7 4 
C:min [0, 3, 7] 0 4 
F:min [0, 5, 8] 5 2 
Bb:maj [2, 5, 10] 10 2 
Eb:maj [3, 7, 10] 3 8 
C:min [0, 3, 7] 0 2 
G:min [2, 7, 10] 7 2 
Eb:maj [3, 7, 10] 3 4 
F:min [0, 5, 8] 5 2 
Bb:maj [2, 5, 10] 10 2 
G:min [2, 7, 10] 7 4 
C:min [0, 3, 7] 0 4 
F:min [0, 5, 8] 5 4 
Bb:maj [2, 5, 10] 10 4 
Eb:maj [3, 7, 10] 3 4 
C:min [0, 3, 7] 0 2 
G:min [2, 7, 10] 7 2 
Eb:maj [3, 7, 10] 3 4 
F:min [0, 5, 8] 5 2 
Bb:maj [2, 5, 10] 10 2 
G:min [2, 7, 10] 7 4 
C:min [0, 3, 7] 0 4 
F:min [0, 5, 8] 5 2 
Bb:maj [2, 5, 10] 10 2 
Eb:maj [3, 7, 10] 3 8 
C:min [0, 3, 7] 0 2 
G:min7/b7 [2, 5, 7, 10] 5 2 
F:min [0, 5, 8] 5 4 
Bb:maj [2, 5, 10] 10 4 
G:min [2, 7, 10] 7 4 
C:min [0, 3, 7] 0 4 
F:min [0, 5, 8] 5 2 
Bb:maj [2, 5, 10] 10 2 
Eb:maj [3, 7, 10] 3 8 
C:min [0, 3, 7] 0 4 
Ab:maj [0, 3, 8] 8 4 
Bb:maj [2, 5, 10] 10 4 
G:min [2, 7, 10] 7 4 
C:min [0, 3, 7] 0 4 
F:min [0, 5, 8] 5 2 
Bb:maj [2, 5, 10] 10 2 
Eb:maj [3, 7, 10] 3 8 
C:min [0, 3, 7] 0 2 
G:min [2, 7, 10] 7 2 
Eb:maj [3, 7, 10] 3 4 
F:min [0, 5, 8] 5 2 
Bb:maj [2, 5, 10] 10 2 
G:min [2, 7, 10] 7 4 
C:min [0, 3, 7] 0 4 
F:min [0, 5, 8] 5 4 
Bb:maj [2, 5, 10] 10 4 
Eb:maj [3, 7, 10] 3 4 
C:min [0, 3, 7] 0 2 
G:min [2, 7, 10] 7 2 
Eb:maj [3, 7, 10] 3 4 
F:min [0, 5, 8] 5 2 
Bb:maj [2, 5, 10] 10 2 
G:min [2, 7, 10] 7 4 
C:min [0, 3, 7] 0 4 
F:min [0, 5, 8] 5 2 
Bb:maj [2, 5, 10] 10 2 
Eb:maj [3, 7, 10] 3 8 
C:min [0, 3, 7] 0 2 
G:min [2, 7, 10] 7 2 
Eb:maj [3, 7, 10] 3 4 
F:min [0, 5, 8] 5 2 
Bb:maj [2, 5, 10] 10 2 
G:min [2, 7, 10] 7 4 
C:min [0, 3, 7] 0 4 
F:min [0, 5, 8] 5 4 
Bb:maj [2, 5, 10] 10 4 
Eb:maj [3, 7, 10] 3 4 
C:min [0, 3, 7] 0 2 
G:min [2, 7, 10] 7 2 
Eb:maj [3, 7, 10] 3 4 
F:min [0, 5, 8] 5 2 
Bb:maj [2, 5, 10] 10 2 
G:min [2, 7, 10] 7 4 
C:min [0, 3, 7] 0 4 
F:min [0, 5, 8] 5 2 
Bb:maj [2, 5, 10] 10 2 
Eb:maj [3, 7, 10] 3 4 
G:min [2, 7, 10] 7 4 
C:min [0, 3, 7] 0 4 
F:min [0, 5, 8] 5 2 
Bb:maj [2, 5, 10] 10 6 
Eb:maj [3, 7, 10] 3 4 
C:min [0, 3, 7] 0 2 
G:min [2, 7, 10] 7 2 
F:min [0, 5, 8] 5 4 
Bb:maj [2, 5, 10] 10 4 
G:min [2, 7, 10] 7 4 
C:min [0, 3, 7] 0 4 
F:min [0, 5, 8] 5 2 
G:min/b3 [2, 7, 10] 10 4 
Eb:maj [3, 7, 10] 3 5 
