G:maj [2, 7, 11] 7 4 
C:min [0, 3, 7] 0 4 
Eb:maj [3, 7, 10] 3 2 
F:maj [0, 5, 9] 5 2 
G:maj [2, 7, 11] 7 8 
C:min [0, 3, 7] 0 4 
Eb:maj [3, 7, 10] 3 2 
F:maj [0, 5, 9] 5 2 
G:maj [2, 7, 11] 7 8 
C:min [0, 3, 7] 0 2 
G:min [2, 7, 10] 7 2 
Eb:maj [3, 7, 10] 3 2 
F:maj [0, 5, 9] 5 2 
Bb:maj [2, 5, 10] 10 2 
D:maj [2, 6, 9] 2 2 
G:min [2, 7, 10] 7 4 
Eb:maj [3, 7, 10] 3 2 
C:min [0, 3, 7] 0 2 
D:min [2, 5, 9] 2 4 
G:min [2, 7, 10] 7 8 
C:min [0, 3, 7] 0 2 
G:min [2, 7, 10] 7 2 
Eb:maj [3, 7, 10] 3 2 
F:maj [0, 5, 9] 5 2 
Bb:maj [2, 5, 10] 10 2 
D:maj [2, 6, 9] 2 2 
G:min [2, 7, 10] 7 4 
Eb:maj [3, 7, 10] 3 2 
C:min [0, 3, 7] 0 2 
D:min [2, 5, 9] 2 4 
G:min [2, 7, 10] 7 4 
D:min [2, 5, 9] 2 2 
G:min [2, 7, 10] 7 2 
Eb:maj [3, 7, 10] 3 4 
F:maj [0, 5, 9] 5 2 
Eb:maj [3, 7, 10] 3 2 
Bb:maj [2, 5, 10] 10 2 
D:7 [0, 2, 6, 9] 2 2 
G:min [2, 7, 10] 7 2 
F:maj [0, 5, 9] 5 2 
Eb:maj [3, 7, 10] 3 2 
Ab:maj [0, 3, 8] 8 2 
D:min/b3 [2, 5, 9] 5 2 
D:min7 [0, 2, 5, 9] 2 2 
G:min [2, 7, 10] 7 6 
G:maj [2, 7, 11] 7 2 
C:min [0, 3, 7] 0 4 
Eb:maj [3, 7, 10] 3 2 
F:maj [0, 5, 9] 5 2 
G:maj [2, 7, 11] 7 8 
C:min [0, 3, 7] 0 2 
G:min [2, 7, 10] 7 2 
Eb:maj [3, 7, 10] 3 2 
F:maj [0, 5, 9] 5 2 
Bb:maj [2, 5, 10] 10 2 
D:maj [2, 6, 9] 2 2 
G:min [2, 7, 10] 7 4 
Eb:maj [3, 7, 10] 3 2 
C:min [0, 3, 7] 0 2 
D:min [2, 5, 9] 2 4 
G:min [2, 7, 10] 7 8 
C:min [0, 3, 7] 0 2 
G:min [2, 7, 10] 7 2 
Eb:maj [3, 7, 10] 3 2 
F:maj [0, 5, 9] 5 2 
Bb:maj [2, 5, 10] 10 2 
D:maj [2, 6, 9] 2 2 
G:min [2, 7, 10] 7 4 
Eb:maj [3, 7, 10] 3 2 
C:min [0, 3, 7] 0 2 
D:min [2, 5, 9] 2 4 
G:min [2, 7, 10] 7 4 
D:min [2, 5, 9] 2 2 
G:min [2, 7, 10] 7 2 
Eb:maj [3, 7, 10] 3 4 
F:maj [0, 5, 9] 5 2 
Eb:maj [3, 7, 10] 3 2 
Bb:maj [2, 5, 10] 10 2 
D:7 [0, 2, 6, 9] 2 2 
G:min [2, 7, 10] 7 2 
F:maj [0, 5, 9] 5 2 
Eb:maj [3, 7, 10] 3 2 
Ab:maj [0, 3, 8] 8 2 
D:min/b3 [2, 5, 9] 5 2 
D:min7 [0, 2, 5, 9] 2 2 
G:min [2, 7, 10] 7 4 
D:min/b3 [2, 5, 9] 5 2 
D:min7 [0, 2, 5, 9] 2 4 
G:min [2, 7, 10] 7 4 
