0 128
55 2
0 1
55 3
58 1
60 1
62 5
0 1
58 1
60 1
62 1
0 1
60 1
60 2
0 1
58 1
60 1
58 1
55 5
0 2
55 2
58 1
60 1
58 1
0 1
55 1
0 1
65 1
0 1
67 1
69 1
67 1
65 1
62 1
60 1
62 10
0 6
62 2
0 1
62 2
0 1
65 2
67 5
0 1
65 1
67 1
67 2
0 1
55 1
58 1
60 1
62 2
60 6
0 2
62 1
0 1
65 1
67 1
65 1
0 1
62 1
0 1
60 1
0 1
62 1
65 1
62 2
53 1
58 1
55 12
0 4
55 2
0 1
55 3
58 1
60 1
62 5
0 1
58 1
60 1
62 1
0 1
60 1
60 2
0 1
58 1
60 1
58 1
55 5
0 2
55 2
58 1
60 1
58 1
0 1
55 1
0 1
65 1
0 1
67 1
69 1
67 1
65 1
62 1
60 1
62 10
0 6
62 2
0 1
62 2
0 1
65 2
67 5
0 1
65 1
67 1
67 2
0 1
55 1
58 1
60 1
62 2
60 6
0 2
62 1
0 1
65 1
67 1
65 1
0 1
62 1
0 1
60 1
0 1
62 1
65 1
62 2
53 1
58 1
55 12
0 4
62 5
0 1
70 2
67 5
0 1
70 1
72 1
74 1
0 1
72 1
74 1
72 2
70 2
67 7
0 1
69 2
67 1
69 1
67 1
0 1
65 1
0 1
67 2
65 1
67 1
58 1
60 1
62 1
65 1
62 14
0 2
67 5
0 1
62 1
65 1
60 5
0 1
60 1
62 1
65 1
0 1
65 1
62 2
0 1
74 1
0 1
72 5
0 3
65 2
0 1
65 1
65 1
0 1
62 1
0 1
72 4
0 2
67 1
65 1
67 15
0 65
55 2
0 1
55 3
58 1
60 1
62 5
0 1
58 1
60 1
62 1
0 1
60 1
60 2
0 1
58 1
60 1
58 1
55 5
0 2
55 2
58 1
60 1
58 1
0 1
55 1
0 1
65 1
0 1
67 1
69 1
67 1
65 1
62 1
60 1
62 10
0 6
62 2
0 1
62 2
0 1
65 2
67 5
0 1
65 1
67 1
67 2
0 1
55 1
58 1
60 1
62 2
60 6
0 2
62 1
0 1
65 1
67 1
65 1
0 1
62 1
0 1
60 1
0 1
62 1
65 1
62 2
53 1
58 1
55 12
0 4
55 2
0 1
55 3
58 1
60 1
62 5
0 1
58 1
60 1
62 1
0 1
60 1
60 2
0 1
58 1
60 1
58 1
55 5
0 2
55 2
58 1
60 1
58 1
0 1
55 1
0 1
65 1
0 1
67 1
69 1
67 1
65 1
62 1
60 1
62 10
0 6
62 2
0 1
62 2
0 1
65 2
67 5
0 1
65 1
67 1
67 2
0 1
55 1
58 1
60 1
62 2
60 6
0 2
62 1
0 1
65 1
67 1
65 1
0 1
62 1
0 1
60 1
0 1
62 1
65 1
62 2
53 1
58 1
55 12
0 4
62 5
0 1
70 2
67 5
0 1
70 1
72 1
74 1
0 1
72 1
74 1
72 2
70 2
67 7
0 1
69 2
67 1
69 1
67 1
0 1
65 1
0 1
67 2
65 1
67 1
58 1
60 1
62 1
65 1
62 14
0 2
67 5
0 1
62 1
65 1
60 5
0 1
60 1
62 1
65 1
0 1
65 1
62 2
0 1
74 1
0 1
72 5
0 3
65 2
0 1
65 1
65 1
0 1
62 1
0 1
72 4
0 2
67 1
65 1
67 15
0 1
65 2
0 1
65 1
65 1
0 1
62 1
0 1
72 4
69 6
0 4
67 1
65 1
67 16
