0 68
66 1
69 1
66 1
69 6
0 3
62 1
64 1
0 1
66 1
0 1
64 5
0 10
71 1
69 1
69 1
66 1
69 3
0 1
71 1
69 1
0 1
66 1
69 1
66 6
0 7
69 1
69 1
71 1
0 1
71 1
71 1
71 1
0 1
73 1
74 4
0 3
71 1
74 1
71 1
69 1
69 1
69 1
69 1
0 1
71 1
69 2
0 5
66 1
66 1
66 2
64 1
64 5
0 4
71 2
69 1
0 1
66 2
64 5
0 12
57 1
66 1
69 1
66 1
69 6
0 2
57 1
62 1
64 1
64 1
66 1
0 1
64 5
0 9
71 1
71 1
69 1
66 1
69 3
0 1
69 1
71 2
0 1
69 1
66 1
0 1
69 1
66 5
0 6
69 1
69 1
71 1
0 1
71 1
71 1
0 1
71 1
0 1
73 1
74 4
0 2
71 1
74 1
71 1
0 1
69 1
69 1
69 1
0 1
66 1
74 4
0 3
69 1
69 1
71 1
0 1
71 1
71 1
71 1
0 1
73 1
74 2
0 3
71 1
0 1
74 1
76 8
0 5
69 1
71 1
0 1
74 1
78 2
76 1
76 1
76 1
0 1
74 1
76 3
0 5
74 1
78 2
76 1
0 1
76 1
0 1
74 1
74 3
0 4
74 1
76 1
78 1
78 1
78 1
78 1
78 1
0 1
76 1
74 1
76 2
0 1
69 1
69 1
71 1
74 1
76 1
78 1
76 1
74 1
74 1
74 1
71 1
0 1
74 1
76 2
0 2
69 1
71 1
0 1
74 1
78 1
0 1
76 1
76 1
76 1
0 1
74 1
76 1
0 1
78 2
0 4
74 1
78 1
0 1
81 1
0 1
78 1
76 1
74 1
74 3
0 4
74 1
76 1
78 1
78 1
78 1
78 1
78 1
76 1
0 1
74 1
76 2
0 1
69 1
69 1
71 1
74 1
76 1
78 1
76 1
74 1
74 1
0 1
74 2
0 3
74 1
74 1
74 1
0 1
71 1
76 6
0 5
69 1
69 1
78 1
76 1
0 1
74 1
0 1
71 1
76 2
0 1
74 8
0 118
57 1
66 1
69 1
66 1
69 6
0 2
57 1
62 1
64 1
64 1
66 1
0 1
64 5
0 9
71 1
71 1
69 1
66 1
69 3
0 1
69 1
71 2
0 1
69 1
66 1
0 1
69 1
66 5
0 6
69 1
69 1
71 1
0 1
71 1
71 1
0 1
71 1
0 1
73 1
74 4
0 2
71 1
74 1
71 1
0 1
69 1
69 1
69 1
0 1
66 1
74 4
0 3
69 1
69 1
71 1
0 1
71 1
71 1
71 1
0 1
73 1
74 2
0 3
71 1
0 1
74 1
76 8
0 5
69 1
71 1
0 1
74 1
78 2
76 1
76 1
76 1
0 1
74 1
76 3
0 5
74 1
78 2
76 1
0 1
76 1
0 1
74 1
74 3
0 4
74 1
76 1
78 1
78 1
78 1
78 1
78 1
0 1
76 1
74 1
76 2
0 1
69 1
69 1
71 1
74 1
76 1
78 1
76 1
74 1
74 1
74 1
71 1
0 1
74 1
76 2
0 2
69 1
71 1
0 1
74 1
78 1
0 1
76 1
76 1
76 1
0 1
74 1
76 1
0 1
78 2
0 4
74 1
78 1
0 1
81 1
0 1
78 1
76 1
74 1
74 3
0 4
74 1
76 1
78 1
78 1
78 1
78 1
78 1
76 1
0 1
74 1
76 2
0 1
69 1
69 1
71 1
74 1
76 1
78 1
76 1
74 1
74 1
0 1
74 2
0 3
74 1
74 1
74 1
0 1
71 1
76 6
0 5
69 1
69 1
78 1
76 1
0 1
74 1
0 1
71 1
76 2
0 1
74 3
0 4
81 1
0 1
76 1
74 1
76 2
76 1
76 1
0 2
74 1
76 3
0 5
74 1
78 2
76 1
0 1
76 1
0 1
74 1
74 3
0 4
74 1
76 1
78 1
78 1
78 1
78 1
78 1
0 1
76 1
74 1
76 2
0 1
69 1
69 1
71 1
74 1
76 1
78 1
76 1
74 1
74 1
74 1
71 1
0 1
74 1
76 2
0 2
69 1
71 1
0 1
74 1
78 1
0 1
76 1
76 1
76 1
0 1
74 1
76 1
0 1
78 2
0 4
74 1
78 1
0 1
81 1
0 1
78 1
76 1
74 1
74 3
0 4
74 1
76 1
78 1
78 1
78 1
78 1
78 1
76 1
0 1
74 1
76 2
0 1
69 1
69 1
71 1
74 1
76 1
78 1
76 1
74 1
74 1
0 1
74 2
0 3
74 1
74 1
74 1
0 1
71 1
76 6
0 5
69 1
69 1
78 1
76 1
0 1
74 1
0 1
71 1
76 2
0 1
74 3
