D:maj [2, 6, 9] 2 2 
E:maj [4, 8, 11] 4 2 
A:maj [1, 4, 9] 9 4 
D:maj [2, 6, 9] 2 2 
E:maj [4, 8, 11] 4 2 
A:maj [1, 4, 9] 9 4 
D:maj [2, 6, 9] 2 2 
C#:maj [1, 5, 8] 1 2 
F#:min [1, 6, 9] 6 2 
B:min7 [2, 6, 9, 11] 11 4 
E:maj [4, 8, 11] 4 2 
A:sus4 [2, 4, 9] 9 8 
C#:min/5 [1, 4, 8] 8 4 
A:maj [1, 4, 9] 9 4 
D:maj [2, 6, 9] 2 4 
D:min/b3 [2, 5, 9] 5 4 
A:maj/5 [1, 4, 9] 4 2 
F#:min [1, 6, 9] 6 2 
B:min [2, 6, 11] 11 4 
E:maj [4, 8, 11] 4 4 
A:maj [1, 4, 9] 9 4 
C#:min/5 [1, 4, 8] 8 4 
A:7/b7 [1, 4, 7, 9] 7 4 
D:maj/3 [2, 6, 9] 6 4 
D:min/b3 [2, 5, 9] 5 4 
C#:min [1, 4, 8] 1 2 
F#:min [1, 6, 9] 6 2 
B:maj [3, 6, 11] 11 2 
E:maj [4, 8, 11] 4 2 
A:maj [1, 4, 9] 9 4 
D:maj [2, 6, 9] 2 2 
E:maj [4, 8, 11] 4 2 
A:maj [1, 4, 9] 9 4 
D:maj [2, 6, 9] 2 2 
E:maj [4, 8, 11] 4 2 
A:maj [1, 4, 9] 9 4 
D:maj [2, 6, 9] 2 2 
C#:maj [1, 5, 8] 1 2 
F#:min [1, 6, 9] 6 2 
B:maj/3 [3, 6, 11] 3 2 
D:maj [2, 6, 9] 2 2 
B:min [2, 6, 11] 11 2 
E:maj [4, 8, 11] 4 4 
D:maj [2, 6, 9] 2 2 
E:maj [4, 8, 11] 4 2 
A:maj [1, 4, 9] 9 4 
D:maj [2, 6, 9] 2 2 
E:maj [4, 8, 11] 4 2 
A:maj [1, 4, 9] 9 4 
D:maj [2, 6, 9] 2 2 
C#:maj [1, 5, 8] 1 2 
F#:min [1, 6, 9] 6 2 
Eb:min [3, 6, 10] 3 2 
B:min [2, 6, 11] 11 2 
E:maj [4, 8, 11] 4 2 
A:sus2 [4, 9, 11] 9 4 
D:maj [2, 6, 9] 2 2 
E:maj [4, 8, 11] 4 2 
A:maj [1, 4, 9] 9 4 
D:maj [2, 6, 9] 2 2 
E:maj [4, 8, 11] 4 2 
A:maj [1, 4, 9] 9 4 
B:maj/3 [3, 6, 11] 3 2 
D:maj [2, 6, 9] 2 2 
C#:min [1, 4, 8] 1 2 
F#:min [1, 6, 9] 6 2 
B:min [2, 6, 11] 11 2 
E:maj [4, 8, 11] 4 2 
A:sus2 [4, 9, 11] 9 8 
C#:min/5 [1, 4, 8] 8 4 
A:7/b7 [1, 4, 7, 9] 7 4 
D:maj/3 [2, 6, 9] 6 4 
D:min/b3 [2, 5, 9] 5 4 
C#:min [1, 4, 8] 1 2 
F#:min [1, 6, 9] 6 2 
B:maj [3, 6, 11] 11 2 
E:maj [4, 8, 11] 4 2 
A:maj [1, 4, 9] 9 4 
D:maj [2, 6, 9] 2 2 
E:maj [4, 8, 11] 4 2 
A:maj [1, 4, 9] 9 4 
D:maj [2, 6, 9] 2 2 
E:maj [4, 8, 11] 4 2 
A:maj [1, 4, 9] 9 4 
D:maj [2, 6, 9] 2 2 
C#:maj [1, 5, 8] 1 2 
F#:min [1, 6, 9] 6 2 
B:maj/3 [3, 6, 11] 3 2 
D:maj [2, 6, 9] 2 2 
B:min [2, 6, 11] 11 2 
E:maj [4, 8, 11] 4 4 
D:maj [2, 6, 9] 2 2 
E:maj [4, 8, 11] 4 2 
A:maj [1, 4, 9] 9 4 
D:maj [2, 6, 9] 2 2 
E:maj [4, 8, 11] 4 2 
A:maj [1, 4, 9] 9 4 
D:maj [2, 6, 9] 2 2 
C#:maj [1, 5, 8] 1 2 
F#:min [1, 6, 9] 6 2 
Eb:min [3, 6, 10] 3 2 
B:min [2, 6, 11] 11 2 
E:maj [4, 8, 11] 4 4 
D:maj [2, 6, 9] 2 2 
E:maj [4, 8, 11] 4 2 
A:maj [1, 4, 9] 9 4 
D:maj [2, 6, 9] 2 2 
E:maj [4, 8, 11] 4 2 
A:maj [1, 4, 9] 9 4 
D:maj [2, 6, 9] 2 2 
C#:maj [1, 5, 8] 1 2 
F#:min [1, 6, 9] 6 2 
B:min9 [1, 2, 6, 9, 11] 11 2 
B:min11 [1, 2, 4, 6, 9, 11] 11 2 
E:maj [4, 8, 11] 4 2 
A:sus4 [2, 4, 9] 9 2 
