0 124
69 2
73 2
73 5
0 3
73 2
71 2
69 2
71 3
0 1
73 5
0 5
69 2
73 2
73 5
0 3
74 2
73 1
0 1
76 2
0 1
69 9
0 4
69 2
74 1
0 1
74 6
0 2
74 2
73 2
69 2
64 4
73 8
0 2
69 1
73 1
0 1
71 4
0 1
69 1
73 1
0 1
71 3
0 2
69 1
73 1
0 1
71 8
0 5
69 2
73 2
73 5
0 3
73 2
71 2
69 2
71 3
0 1
76 5
0 5
69 2
73 2
73 5
0 3
74 2
73 1
0 1
76 2
0 1
69 9
0 4
69 2
74 1
0 1
74 6
0 2
74 2
73 2
69 2
76 2
0 2
73 2
73 2
81 4
0 6
76 2
74 2
74 1
0 1
69 1
0 1
69 2
0 2
68 1
0 1
69 8
0 2
69 2
71 1
0 1
73 1
0 1
76 1
76 4
0 5
73 1
0 1
71 1
0 1
69 1
0 1
71 1
73 6
0 3
69 1
0 1
71 1
0 1
73 1
0 1
81 1
81 2
83 1
81 3
0 1
81 1
0 1
80 1
0 1
78 1
0 1
76 1
0 1
78 1
78 2
76 4
0 3
69 1
0 1
71 1
0 1
73 1
0 1
76 1
76 4
0 5
73 1
0 1
71 1
0 1
69 1
0 1
71 1
69 5
0 4
69 1
0 1
71 1
0 1
73 1
0 1
76 1
0 1
76 2
74 1
0 1
74 1
0 1
73 1
0 1
81 3
0 1
73 1
0 1
73 2
71 5
0 3
69 1
0 1
71 1
0 1
73 1
0 1
76 1
76 4
0 5
73 1
0 1
71 1
0 1
69 1
0 1
71 1
73 5
0 4
69 1
0 1
71 1
0 1
73 1
0 1
81 1
81 2
83 1
81 3
0 1
81 1
0 1
80 1
0 1
78 1
0 1
76 1
0 1
78 1
78 2
76 4
0 3
69 1
0 1
71 1
0 1
73 1
0 1
76 1
76 4
0 5
73 1
0 1
71 1
0 1
69 1
0 1
71 1
69 5
0 4
69 1
0 1
71 1
0 1
73 1
0 1
76 1
69 6
0 3
69 1
0 1
68 1
0 1
66 1
0 1
68 1
69 11
0 130
69 2
73 2
73 5
0 3
73 2
71 2
69 2
71 3
0 1
76 5
0 5
69 2
73 2
73 5
0 3
74 2
73 1
0 1
76 2
0 1
69 9
0 4
69 2
74 1
0 1
74 6
0 2
74 2
73 2
69 2
76 2
0 2
73 2
73 2
81 4
0 6
76 2
74 2
74 1
0 1
69 1
0 1
69 2
0 2
68 1
0 1
69 8
0 2
69 2
71 1
0 1
73 1
0 1
76 1
76 4
0 5
73 1
0 1
71 1
0 1
69 1
0 1
71 1
73 6
0 3
69 1
0 1
71 1
0 1
73 1
0 1
81 1
81 2
83 1
81 3
0 1
81 1
0 1
80 1
0 1
78 1
0 1
76 1
0 1
78 1
78 2
76 4
0 3
69 1
0 1
71 1
0 1
73 1
0 1
76 1
76 4
0 5
73 1
0 1
71 1
0 1
69 1
0 1
71 1
69 5
0 4
69 1
0 1
71 1
0 1
73 1
0 1
76 1
0 1
76 2
74 1
0 1
74 1
0 1
73 1
0 1
81 3
0 1
73 1
0 1
73 2
71 5
0 3
69 1
0 1
71 1
0 1
73 1
0 1
76 1
76 4
0 5
73 1
0 1
71 1
0 1
69 1
0 1
71 1
73 5
0 4
69 1
0 1
71 1
0 1
73 1
0 1
81 1
81 2
83 1
81 3
0 1
81 1
0 1
80 1
0 1
78 1
0 1
76 1
0 1
78 1
78 2
76 4
0 3
69 1
0 1
71 1
0 1
73 1
0 1
76 1
76 4
0 5
73 1
0 1
71 1
0 1
69 1
0 1
71 1
69 5
0 4
69 1
0 1
71 1
0 1
73 1
0 1
76 1
69 6
0 3
69 1
0 1
68 1
0 1
66 1
0 7
68 3
0 1
69 1
68 1
69 14
0 2
81 15
0 1
85 3
0 1
83 3
0 1
81 1
83 1
78 2
76 2
78 3
