0 257
77 2
80 4
82 2
77 6
75 2
73 2
75 2
77 2
70 2
68 7
0 1
70 2
70 4
73 2
75 2
73 2
80 2
82 4
77 11
0 3
80 2
82 4
85 2
82 6
77 2
80 2
77 2
80 2
82 2
73 7
0 1
70 2
73 2
75 2
80 2
77 4
75 4
73 12
0 4
80 4
80 2
77 2
80 2
82 2
85 2
84 2
82 7
0 5
80 2
82 2
77 5
0 1
80 2
73 2
70 2
73 2
80 2
77 4
75 7
0 5
75 3
0 1
75 2
73 2
75 2
77 2
80 2
77 2
75 7
0 5
75 1
0 1
77 2
80 2
77 4
75 2
70 2
68 2
75 2
77 2
73 15
0 273
77 2
80 4
82 2
77 6
75 2
73 2
75 2
77 2
70 2
68 7
0 1
70 2
70 4
73 2
75 2
73 2
80 2
82 4
77 11
0 3
80 2
82 4
85 2
82 6
77 2
80 2
77 2
80 2
82 2
73 7
0 1
70 2
73 2
75 2
80 2
77 4
75 4
73 12
0 4
80 4
80 2
77 2
80 2
82 2
85 2
84 2
82 7
0 5
80 2
82 2
77 5
0 1
80 2
73 2
70 2
73 2
80 2
77 4
75 7
0 5
75 3
0 1
75 2
73 2
75 2
77 2
80 2
77 2
75 7
0 5
75 1
0 1
77 2
80 2
77 4
75 2
70 2
68 2
75 2
77 2
73 15
