0 132
70 2
70 1
0 1
70 1
0 1
66 1
0 1
66 2
61 2
68 2
66 2
65 2
66 5
0 3
63 2
70 3
0 1
71 1
0 1
70 3
0 1
66 4
66 1
0 1
66 2
68 2
70 2
68 6
65 2
63 1
0 1
61 4
0 2
73 3
0 1
71 1
0 1
70 2
68 2
68 1
0 1
66 2
65 1
0 1
66 5
0 1
68 1
0 1
70 1
0 1
71 3
0 1
70 1
0 1
66 4
63 4
70 3
0 1
68 12
0 6
70 2
70 1
0 1
70 1
0 1
66 1
0 1
66 2
61 2
68 2
66 2
65 2
66 5
0 3
63 2
70 3
0 1
71 1
0 1
70 3
0 1
66 4
66 1
0 1
66 2
68 2
70 2
68 6
65 2
63 1
0 1
61 4
0 2
73 3
0 1
71 1
0 1
70 2
68 2
68 1
0 1
66 2
65 1
0 1
66 5
0 1
68 1
0 1
70 1
0 1
71 3
0 1
70 1
0 1
66 4
68 1
0 1
70 2
71 4
70 4
68 4
66 1
0 1
68 2
68 10
0 2
61 2
68 1
0 1
70 1
0 1
70 7
0 1
66 1
0 1
68 1
0 1
70 1
0 1
75 1
0 1
75 3
0 1
73 2
68 3
0 1
61 1
0 1
68 1
0 1
70 2
70 7
0 1
66 2
68 1
0 1
70 1
0 1
78 2
77 3
0 1
78 1
0 1
77 3
0 1
73 3
0 1
66 1
0 1
75 4
0 2
66 2
65 1
0 1
66 1
0 1
68 1
0 1
75 2
73 3
0 1
70 4
66 4
63 1
0 1
71 6
0 2
63 1
0 1
73 1
0 1
71 1
0 1
70 1
0 1
70 3
0 1
71 1
0 1
70 2
68 3
0 1
61 2
68 1
0 1
70 1
0 1
70 7
0 1
66 1
0 1
68 1
0 1
70 1
0 1
75 1
0 1
75 3
0 1
73 2
68 3
0 1
61 1
0 1
68 1
0 1
70 2
70 7
0 1
66 2
68 1
0 1
70 1
0 1
78 2
77 3
0 1
78 1
0 1
77 3
0 1
73 3
0 1
66 1
0 1
75 4
0 2
66 2
65 1
0 1
66 1
0 1
68 1
0 1
75 2
73 3
0 1
70 2
78 4
66 1
0 1
68 1
0 1
70 1
0 1
71 8
0 2
73 2
71 2
70 2
70 2
68 6
0 2
66 2
68 2
70 17
0 117
70 2
70 1
0 1
70 1
0 1
66 1
0 1
66 2
61 2
68 2
66 2
65 2
66 5
0 3
63 2
70 3
0 1
71 1
0 1
70 3
0 1
66 4
66 1
0 1
66 2
68 2
70 2
68 6
65 2
63 1
0 1
61 4
0 2
73 3
0 1
71 1
0 1
70 2
68 2
68 1
0 1
66 2
65 1
0 1
66 5
0 1
68 1
0 1
70 1
0 1
71 3
0 1
70 1
0 1
66 4
68 1
0 1
70 2
71 4
70 4
68 4
66 1
0 1
68 2
68 10
0 2
61 2
68 1
0 1
70 1
0 1
70 7
0 1
66 1
0 1
68 1
0 1
70 1
0 1
75 1
0 1
75 3
0 1
73 2
68 3
0 1
61 1
0 1
68 1
0 1
70 2
70 7
0 1
66 2
68 1
0 1
70 1
0 1
78 2
77 3
0 1
78 1
0 1
77 3
0 1
73 3
0 1
66 1
0 1
75 4
0 2
66 2
65 1
0 1
66 1
0 1
68 1
0 1
75 2
73 3
0 1
70 4
66 4
63 1
0 1
71 6
0 2
63 1
0 1
73 1
0 1
71 1
0 1
70 1
0 1
70 3
0 1
71 1
0 1
70 2
68 3
0 1
61 2
68 1
0 1
70 1
0 1
70 7
0 1
66 1
0 1
68 1
0 1
70 1
0 1
75 1
0 1
75 3
0 1
73 2
68 3
0 1
61 1
0 1
68 1
0 1
70 2
70 7
0 1
66 2
68 1
0 1
70 1
0 1
78 2
77 3
0 1
78 1
0 1
77 3
0 1
73 3
0 1
66 1
0 1
75 4
0 2
66 2
65 1
0 1
66 1
0 1
68 1
0 1
75 2
73 3
0 1
70 2
78 4
66 1
0 1
68 1
0 1
70 1
0 1
71 8
0 2
73 2
71 2
70 2
70 2
68 6
0 2
66 2
68 2
70 10
0 2
68 2
68 1
0 1
70 1
0 1
72 7
0 1
68 1
0 1
70 1
0 1
72 1
0 1
77 1
0 1
77 3
0 1
75 2
70 3
0 1
63 1
0 1
70 1
0 1
72 2
72 7
0 1
68 2
70 1
0 1
72 1
0 1
80 2
79 3
0 1
80 1
0 1
79 3
0 1
75 3
0 1
68 1
0 1
77 4
0 2
68 2
67 1
0 1
68 1
0 1
70 1
0 1
77 2
75 3
0 1
72 4
68 4
65 1
0 1
73 6
0 2
65 1
0 1
75 1
0 1
73 1
0 1
72 1
0 1
72 3
0 1
73 1
0 1
72 2
70 3
0 1
63 2
70 1
0 1
72 1
0 1
72 7
0 1
68 1
0 1
70 1
0 1
72 1
0 1
77 1
0 1
77 3
0 1
75 2
70 3
0 1
63 1
0 1
70 1
0 1
72 2
72 7
0 1
68 2
70 1
0 1
72 1
0 1
80 2
79 3
0 1
80 1
0 1
79 3
0 1
75 3
0 1
68 1
0 1
77 4
0 2
68 2
67 1
0 1
68 1
0 1
70 1
0 1
77 2
75 3
0 1
72 2
80 11
0 9
68 2
70 2
72 2
73 9
0 1
75 4
73 2
72 2
70 12
0 2
68 3
0 1
68 3
68 17
