G:sus2 [2, 7, 9] 7 2 
E:maj [4, 8, 11] 4 6 
C:maj [0, 4, 7] 0 2 
D:maj [2, 6, 9] 2 2 
G:maj [2, 7, 11] 7 8 
E:min7 [2, 4, 7, 11] 4 3 
C:maj [0, 4, 7] 0 5 
D:sus4(b7) [2, 7, 9] 2 2 
G:maj [2, 7, 11] 7 6 
D:maj [2, 6, 9] 2 3 
D:maj/3 [2, 6, 9] 6 1 
E:sus4(b7) [4, 9, 11] 4 3 
D:maj [2, 6, 9] 2 4 
C:maj [0, 4, 7] 0 5 
B:min [2, 6, 11] 11 3 
A:min [0, 4, 9] 9 7 
D:maj [2, 6, 9] 2 2 
G:maj [2, 7, 11] 7 4 
E:min7 [2, 4, 7, 11] 4 3 
B:min [2, 6, 11] 11 4 
C:maj [0, 4, 7] 0 5 
A:min [0, 4, 9] 9 4 
E:sus4 [4, 9, 11] 4 3 
E:min [4, 7, 11] 4 1 
A:min [0, 4, 9] 9 6 
D:maj [2, 6, 9] 2 2 
G:maj [2, 7, 11] 7 4 
D:maj [2, 6, 9] 2 3 
D:maj/3 [2, 6, 9] 6 1 
E:sus4(b7) [4, 9, 11] 4 3 
D:maj [2, 6, 9] 2 4 
C:maj [0, 4, 7] 0 5 
B:min [2, 6, 11] 11 3 
A:min [0, 4, 9] 9 5 
D:sus4(b7) [2, 7, 9] 2 4 
G:maj [2, 7, 11] 7 4 
E:min7 [2, 4, 7, 11] 4 3 
B:min [2, 6, 11] 11 4 
C:maj [0, 4, 7] 0 5 
A:min [0, 4, 9] 9 4 
E:sus4 [4, 9, 11] 4 3 
E:min [4, 7, 11] 4 1 
A:min [0, 4, 9] 9 2 
D:maj [2, 6, 9] 2 2 
G:maj [2, 7, 11] 7 12 
E:min [4, 7, 11] 4 3 
A:min [0, 4, 9] 9 5 
E:min [4, 7, 11] 4 4 
C:maj [0, 4, 7] 0 4 
B:min [2, 6, 11] 11 4 
A:min [0, 4, 9] 9 4 
D:maj [2, 6, 9] 2 3 
D:7 [0, 2, 6, 9] 2 1 
G:sus2 [2, 7, 9] 7 4 
E:min [4, 7, 11] 4 4 
A:min [0, 4, 9] 9 4 
E:min [4, 7, 11] 4 4 
C:maj7 [0, 4, 7, 10] 0 3 
C:maj/5 [0, 4, 7] 7 1 
B:min [2, 6, 11] 11 3 
A:min [0, 4, 9] 9 5 
D:maj [2, 6, 9] 2 3 
D:7 [0, 2, 6, 9] 2 1 
G:sus2 [2, 7, 9] 7 3 
G:maj/3 [2, 7, 11] 11 1 
E:min [4, 7, 11] 4 3 
C:maj [0, 4, 7] 0 5 
D:sus4(b7) [2, 7, 9] 2 3 
D:maj [2, 6, 9] 2 1 
G:sus2 [2, 7, 9] 7 3 
G:maj/5 [2, 7, 11] 2 1 
E:min [4, 7, 11] 4 4 
C:maj [0, 4, 7] 0 4 
D:maj [2, 6, 9] 2 4 
G:maj [2, 7, 11] 7 4 
D:maj [2, 6, 9] 2 3 
D:maj/3 [2, 6, 9] 6 1 
E:sus4(b7) [4, 9, 11] 4 3 
D:maj [2, 6, 9] 2 4 
C:maj [0, 4, 7] 0 5 
B:min [2, 6, 11] 11 3 
A:min [0, 4, 9] 9 5 
D:sus4(b7) [2, 7, 9] 2 4 
G:maj [2, 7, 11] 7 4 
E:min7 [2, 4, 7, 11] 4 3 
B:min [2, 6, 11] 11 4 
C:maj [0, 4, 7] 0 5 
A:min [0, 4, 9] 9 4 
E:sus4 [4, 9, 11] 4 3 
E:min [4, 7, 11] 4 1 
A:min [0, 4, 9] 9 2 
D:maj [2, 6, 9] 2 2 
G:maj [2, 7, 11] 7 12 
E:min [4, 7, 11] 4 3 
A:min [0, 4, 9] 9 5 
E:min [4, 7, 11] 4 4 
C:maj [0, 4, 7] 0 4 
B:min [2, 6, 11] 11 4 
A:min [0, 4, 9] 9 4 
D:maj [2, 6, 9] 2 4 
G:sus2 [2, 7, 9] 7 4 
E:min [4, 7, 11] 4 4 
A:min [0, 4, 9] 9 4 
E:min [4, 7, 11] 4 4 
C:maj7 [0, 4, 7, 10] 0 3 
C:maj/5 [0, 4, 7] 7 1 
B:min [2, 6, 11] 11 3 
A:min [0, 4, 9] 9 5 
D:maj [2, 6, 9] 2 4 
G:sus2 [2, 7, 9] 7 3 
G:maj [2, 7, 11] 7 1 
C:maj [0, 4, 7] 0 2 
D:maj [2, 6, 9] 2 2 
G:maj [2, 7, 11] 7 4 
E:min [4, 7, 11] 4 3 
A:min [0, 4, 9] 9 5 
E:min [4, 7, 11] 4 4 
C:maj [0, 4, 7] 0 4 
B:min [2, 6, 11] 11 4 
A:min [0, 4, 9] 9 4 
D:maj [2, 6, 9] 2 3 
D:7 [0, 2, 6, 9] 2 1 
G:sus2 [2, 7, 9] 7 4 
E:min [4, 7, 11] 4 4 
A:min [0, 4, 9] 9 4 
E:min [4, 7, 11] 4 4 
C:maj7 [0, 4, 7, 10] 0 3 
C:maj/5 [0, 4, 7] 7 1 
B:min [2, 6, 11] 11 3 
A:min [0, 4, 9] 9 5 
D:maj [2, 6, 9] 2 4 
G:sus2 [2, 7, 9] 7 3 
G:maj/3 [2, 7, 11] 11 1 
E:min [4, 7, 11] 4 3 
C:maj [0, 4, 7] 0 5 
D:sus4(b7) [2, 7, 9] 2 3 
D:sus4 [2, 7, 9] 2 1 
G:sus2 [2, 7, 9] 7 3 
G:maj/5 [2, 7, 11] 2 1 
E:min [4, 7, 11] 4 4 
C:maj [0, 4, 7] 0 4 
D:maj [2, 6, 9] 2 4 
G:maj [2, 7, 11] 7 1 
