C:maj [0, 4, 7] 0 2 
G:maj/3 [2, 7, 11] 11 2 
A:min7 [0, 4, 7, 9] 9 2 
G:min7 [2, 5, 7, 10] 7 1 
C:maj [0, 4, 7] 0 1 
D:min/b3 [2, 5, 9] 5 2 
E:min7 [2, 4, 7, 11] 4 2 
C:maj/3 [0, 4, 7] 4 4 
C:maj [0, 4, 7] 0 4
D:min [2, 5, 9] 2 2 
C:maj [0, 4, 7] 0 2 
D:min [2, 5, 9] 2 2 
C:maj [0, 4, 7] 0 2 
G:7 [2, 5, 7, 11] 7 2 
C:maj [0, 4, 7] 0 4 
F:maj [0, 5, 9] 0 2
C:maj [0, 4, 7] 0 2 
F:maj [0, 5, 9] 0 2 
C:maj [0, 4, 7] 0 2 
G:maj/3 [2, 7, 11] 11 2 
C:maj [0, 4, 7] 0 6 
G:maj/3 [2, 7, 11] 11 2 
A:min7 [0, 4, 7, 9] 9 2 
C:maj [0, 4, 7] 0 2 
D:min/b3 [2, 5, 9] 5 2 
E:min [4, 7, 11] 4 2 
D:min [2, 5, 9] 2 1 
D:min7 [0, 2, 5, 9] 2 1 
C:maj [0, 4, 7] 0 4 
D:min [2, 5, 9] 2 2 
C:maj/3 [0, 4, 7] 4 2 
G:7/b7 [2, 5, 7, 11] 5 2 
A:min [0, 4, 9] 9 2 
G:sus4(b7) [0, 2, 7] 7 2 
F:maj [0, 5, 9] 5 2 
G:sus4(b7) [0, 2, 7] 7 2 
C:maj [0, 4, 7] 0 2 
E:min/5 [4, 7, 11] 11 2 
A:min7 [0, 4, 7, 9] 9 2 
G:min7 [2, 5, 7, 10] 7 1 
C:maj [0, 4, 7] 0 1 
F:sus2 [0, 5, 7] 5 2 
C:maj/3 [0, 4, 7] 4 2 
D:min [2, 5, 9] 2 1 
G:7 [2, 5, 7, 11] 7 1 
C:maj [0, 4, 7] 0 2 
F:min [0, 5, 8] 5 2 
C:maj [0, 4, 7] 0 2 
E:min [4, 7, 11] 4 2 
A:min7/b7 [0, 4, 7, 9] 7 2 
G:maj7/7 [2, 5, 7, 11] 6 2 
G:7 [2, 5, 7, 11] 7 2 
G:sus4(b7) [0, 2, 7] 7 2 
