0 64
72 2
0 2
72 2
0 2
79 2
0 2
79 2
0 2
81 2
0 2
81 2
0 2
79 4
0 4
77 2
0 2
77 2
0 2
76 2
0 2
76 3
0 1
74 2
0 2
74 3
0 1
72 4
0 4
79 2
0 2
79 2
0 2
77 2
0 2
77 2
0 2
76 2
0 2
76 2
0 2
74 4
0 4
79 2
0 2
79 2
0 2
77 2
0 2
77 2
0 2
76 2
0 2
76 3
0 1
74 6
0 2
72 2
0 2
72 2
0 2
79 2
0 2
79 2
0 2
81 2
0 2
81 2
0 2
79 4
0 4
77 2
0 2
77 2
0 2
76 2
0 2
76 2
0 2
74 2
0 2
74 2
0 2
72 4
0 4
79 2
0 2
79 2
0 2
77 2
0 2
77 2
0 2
76 2
0 2
76 2
0 2
74 4
0 4
79 2
0 2
79 3
0 1
77 2
0 2
77 2
0 2
76 2
0 2
76 2
0 2
74 4
0 4
72 2
0 2
72 2
0 2
79 2
0 2
79 2
0 2
81 2
0 2
81 2
0 2
79 4
0 4
77 2
0 2
77 2
0 2
76 2
0 2
76 2
0 2
74 2
0 2
74 3
0 1
72 4
