0 124
70 2
75 3
0 1
75 3
0 1
75 3
0 1
77 1
0 1
79 2
77 6
79 2
75 4
74 2
75 1
0 1
75 3
0 3
75 1
0 1
75 1
0 1
75 1
0 1
77 1
0 1
75 1
0 1
74 4
72 3
0 1
74 3
0 1
70 4
72 4
0 2
72 1
0 1
72 1
0 1
72 2
77 1
0 1
75 2
70 4
0 2
74 1
0 1
75 3
0 1
77 1
0 1
79 1
0 1
80 3
0 1
79 3
0 1
77 3
0 1
75 2
77 1
0 1
77 14
0 6
70 1
0 1
75 1
0 1
75 1
0 1
75 1
0 1
77 1
0 1
79 2
77 6
79 2
75 4
74 1
0 1
75 1
0 1
75 3
0 3
75 1
0 1
75 1
0 1
75 1
0 1
77 2
75 2
74 4
72 4
74 4
70 4
72 3
0 1
72 2
80 1
0 1
80 1
0 1
80 1
0 1
79 2
77 2
75 3
0 1
72 2
74 2
75 4
77 2
79 2
80 4
79 2
75 2
80 4
79 2
80 2
82 10
0 2
70 1
0 1
72 1
0 1
75 1
0 1
79 3
0 1
77 3
0 1
75 1
0 1
77 1
0 1
79 2
77 10
0 2
70 1
0 1
72 1
0 1
75 1
0 1
79 3
0 1
77 3
0 1
75 1
0 1
77 1
0 1
79 2
77 10
0 2
79 1
0 1
82 1
0 1
82 3
0 1
75 1
0 1
75 1
0 1
75 1
0 1
75 2
74 1
0 1
75 2
82 3
0 1
75 1
0 1
74 1
0 1
75 3
0 1
77 1
0 1
79 1
0 1
80 4
79 2
77 1
0 1
77 4
75 2
77 1
0 1
77 4
75 2
79 1
0 1
77 2
0 2
70 1
0 1
72 1
0 1
75 1
0 1
79 3
0 1
77 3
0 1
75 1
0 1
77 1
0 1
79 2
77 10
0 2
70 1
0 1
72 1
0 1
75 1
0 1
79 3
0 1
77 3
0 1
75 1
0 1
77 1
0 1
79 2
77 10
0 2
79 1
0 1
82 1
0 1
84 3
0 1
84 1
0 1
84 1
0 1
82 1
0 1
80 2
82 1
0 1
84 2
82 3
0 1
70 1
0 1
72 1
0 1
75 3
0 1
75 1
0 1
77 1
0 1
79 2
80 4
79 1
0 1
77 4
75 4
80 3
0 1
79 2
77 1
0 1
77 4
79 2
75 1
0 1
75 14
0 112
70 2
75 3
0 1
75 3
0 1
75 3
0 1
77 1
0 1
79 2
77 6
79 2
75 4
74 2
75 1
0 1
75 3
0 3
75 1
0 1
75 1
0 1
75 1
0 1
77 1
0 1
75 1
0 1
74 4
72 3
0 1
74 3
0 1
70 4
72 4
0 2
72 1
0 1
72 1
0 1
72 2
77 1
0 1
75 2
70 4
0 2
74 1
0 1
75 3
0 1
77 1
0 1
79 1
0 1
80 3
0 1
79 3
0 1
77 3
0 1
75 2
77 1
0 1
77 14
0 6
70 1
0 1
75 1
0 1
75 1
0 1
75 1
0 1
77 1
0 1
79 2
77 6
79 2
75 4
74 1
0 1
75 1
0 1
75 3
0 3
75 1
0 1
75 1
0 1
75 1
0 1
77 2
75 2
74 4
72 4
74 4
70 4
72 3
0 1
72 2
80 1
0 1
80 1
0 1
80 1
0 1
79 2
77 2
75 3
0 1
72 2
74 2
75 4
77 2
79 2
80 4
79 2
75 2
80 4
79 2
80 2
82 10
0 2
70 1
0 1
72 1
0 1
75 1
0 1
79 3
0 1
77 3
0 1
75 1
0 1
77 1
0 1
79 2
77 10
0 2
70 1
0 1
72 1
0 1
75 1
0 1
79 3
0 1
77 3
0 1
75 1
0 1
77 1
0 1
79 2
77 10
0 2
79 1
0 1
82 1
0 1
82 3
0 1
75 1
0 1
75 1
0 1
75 1
0 1
75 2
74 1
0 1
75 2
82 3
0 1
75 1
0 1
74 1
0 1
75 3
0 1
77 1
0 1
79 1
0 1
80 4
79 2
77 1
0 1
77 4
75 2
77 1
0 1
77 4
75 2
79 1
0 1
77 2
0 2
70 1
0 1
72 1
0 1
75 1
0 1
79 3
0 1
77 3
0 1
75 1
0 1
77 1
0 1
79 2
77 10
0 2
70 1
0 1
72 1
0 1
75 1
0 1
79 3
0 1
77 3
0 1
75 1
0 1
77 1
0 1
79 2
77 10
0 2
79 1
0 1
82 1
0 1
84 3
0 1
84 1
0 1
84 1
0 1
82 1
0 1
80 2
82 1
0 1
84 2
82 3
0 1
70 1
0 1
72 1
0 1
75 3
0 1
75 1
0 1
77 1
0 1
79 2
80 4
79 1
0 1
77 4
75 4
80 3
0 1
79 2
77 1
0 1
77 4
79 2
75 1
0 1
75 14
0 110
70 1
0 1
72 1
0 1
75 1
0 1
79 3
0 1
77 3
0 1
75 1
0 1
77 1
0 1
79 2
77 10
0 2
70 1
0 1
72 1
0 1
75 1
0 1
79 3
0 1
77 3
0 1
75 1
0 1
77 1
0 1
79 2
77 10
0 2
79 1
0 1
82 1
0 1
84 3
0 1
84 1
0 1
84 1
0 1
82 1
0 1
80 2
82 1
0 1
84 2
82 3
0 1
70 1
0 1
72 1
0 1
75 3
0 1
75 1
0 1
77 1
0 1
79 2
80 4
79 1
0 1
77 4
75 4
80 3
0 1
79 2
77 1
0 1
77 4
79 2
75 1
0 1
75 14
