A:maj [1, 4, 9] 9 6 
B:hdim7 [2, 5, 8, 11] 11 6 
A:maj [1, 4, 9] 9 6 
B:hdim7 [2, 5, 8, 11] 11 6 
A:maj [1, 4, 9] 9 3 
C#:min7 [1, 4, 8, 11] 1 3 
F#:min [1, 6, 9] 6 3 
C#:min [1, 4, 8] 1 3 
F#:min7 [1, 4, 6, 9] 6 3 
C#:min7 [1, 4, 8, 11] 1 1 
C#:min [1, 4, 8] 1 1 
F#:min7 [1, 4, 6, 9] 6 1 
B:min [2, 6, 11] 11 3 
E:maj [4, 8, 11] 4 3 
A:sus2 [4, 9, 11] 9 2 
A:maj [1, 4, 9] 9 1 
C#:min [1, 4, 8] 1 3 
F#:min [1, 6, 9] 6 3 
C#:min7 [1, 4, 8, 11] 1 3 
F#:min [1, 6, 9] 6 3 
F#:min7 [1, 4, 6, 9] 6 1 
F#:min [1, 6, 9] 6 2 
B:min [2, 6, 11] 11 1 
B:min7 [2, 6, 9, 11] 11 1 
E:sus4 [4, 9, 11] 4 1 
A:maj [1, 4, 9] 9 3 
F#:min [1, 6, 9] 6 3 
C#:min7 [1, 4, 8, 11] 1 2 
C#:min [1, 4, 8] 1 1 
C#:maj [1, 5, 8] 1 3 
F#:min [1, 6, 9] 6 3 
D:maj [2, 6, 9] 2 3 
C#:min [1, 4, 8] 1 1 
F#:min [1, 6, 9] 6 2 
B:min7 [2, 6, 9, 11] 11 3 
E:maj [4, 8, 11] 4 3 
A:sus2 [4, 9, 11] 9 3 
A:maj7/3 [1, 4, 7, 9] 1 3 
F#:min7 [1, 4, 6, 9] 6 3 
C#:min7 [1, 4, 8, 11] 1 3 
Ab:min7/b7 [3, 6, 8, 11] 6 3 
F#:min [1, 6, 9] 6 3 
B:min7 [2, 6, 9, 11] 11 1 
E:maj [4, 8, 11] 4 2 
A:maj [1, 4, 9] 9 3 
F#:min7/b7 [1, 4, 6, 9] 4 3 
F#:sus2 [1, 6, 8] 6 3 
F#:min7 [1, 4, 6, 9] 6 6 
Eb:hdim7 [0, 3, 6, 9] 3 6 
D:maj [2, 6, 9] 2 3 
E:maj [4, 8, 11] 4 3 
C:sus2 [0, 2, 7] 0 3 
C#:dim [1, 4, 7] 1 2 
A:maj/3 [1, 4, 9] 1 1 
D:min [2, 5, 9] 2 3 
G:maj [2, 7, 11] 7 1 
G:9 [2, 5, 7, 9, 11] 7 2 
E:min7 [2, 4, 7, 11] 4 3 
A:min [0, 4, 9] 9 3 
F:maj [0, 5, 9] 5 6 
E:sus4 [4, 9, 11] 4 6 
A:maj [1, 4, 9] 9 3 
C#:min7 [1, 4, 8, 11] 1 3 
F#:min [1, 6, 9] 6 3 
C#:min [1, 4, 8] 1 3 
F#:min7 [1, 4, 6, 9] 6 3 
F#:min [1, 6, 9] 6 1 
F#:min7 [1, 4, 6, 9] 6 2 
B:min [2, 6, 11] 11 3 
E:maj [4, 8, 11] 4 3 
A:sus2 [4, 9, 11] 9 3 
C#:min [1, 4, 8] 1 3 
F#:min [1, 6, 9] 6 3 
C#:min7 [1, 4, 8, 11] 1 3 
F#:min [1, 6, 9] 6 3 
C#:min7 [1, 4, 8, 11] 1 1 
F#:min [1, 6, 9] 6 2 
B:min [2, 6, 11] 11 1 
B:min7 [2, 6, 9, 11] 11 1 
E:sus4 [4, 9, 11] 4 1 
A:maj [1, 4, 9] 9 3 
F#:min [1, 6, 9] 6 3 
C#:min7 [1, 4, 8, 11] 1 3 
C#:maj [1, 5, 8] 1 3 
F#:min [1, 6, 9] 6 3 
D:maj [2, 6, 9] 2 3 
C#:min [1, 4, 8] 1 1 
F#:min [1, 6, 9] 6 2 
B:min7 [2, 6, 9, 11] 11 3 
E:maj [4, 8, 11] 4 3 
A:sus2 [4, 9, 11] 9 3 
C#:min7 [1, 4, 8, 11] 1 3 
F#:min7 [1, 4, 6, 9] 6 3 
C#:min7 [1, 4, 8, 11] 1 3 
Ab:min7/b7 [3, 6, 8, 11] 6 3 
F#:min [1, 6, 9] 6 3 
B:min7 [2, 6, 9, 11] 11 1 
E:maj [4, 8, 11] 4 2 
A:maj [1, 4, 9] 9 3 
F#:min7 [1, 4, 6, 9] 6 3 
C#:min7 [1, 4, 8, 11] 1 2 
C#:min [1, 4, 8] 1 1 
C#:maj [1, 5, 8] 1 3 
F#:min [1, 6, 9] 6 3 
D:maj [2, 6, 9] 2 3 
C#:min [1, 4, 8] 1 1 
F#:min [1, 6, 9] 6 2 
B:min7 [2, 6, 9, 11] 11 3 
E:maj [4, 8, 11] 4 3 
A:sus2 [4, 9, 11] 9 3 
C#:min7 [1, 4, 8, 11] 1 3 
F#:min7 [1, 4, 6, 9] 6 3 
C#:min7 [1, 4, 8, 11] 1 3 
Ab:min7/b7 [3, 6, 8, 11] 6 3 
F#:min [1, 6, 9] 6 3 
B:min7 [2, 6, 9, 11] 11 1 
E:maj [4, 8, 11] 4 2 
A:maj [1, 4, 9] 9 6 
C#:min7 [1, 4, 8, 11] 1 3 
F#:min [1, 6, 9] 6 3 
C#:min7 [1, 4, 8, 11] 1 3 
F#:min [1, 6, 9] 6 6 
B:min7 [2, 6, 9, 11] 11 2 
E:maj [4, 8, 11] 4 1 
A:maj [1, 4, 9] 9 6 
B:hdim7 [2, 5, 8, 11] 11 6 
A:maj [1, 4, 9] 9 6 
B:dim [2, 5, 11] 11 3 
D:min/5 [2, 5, 9] 9 6 
A:maj7 [1, 4, 7, 9] 9 9 
