0 97
73 2
71 2
73 2
71 4
69 2
73 2
76 2
73 2
76 6
78 2
80 2
81 2
80 4
73 2
76 2
78 4
76 6
78 2
80 2
81 2
80 4
73 2
76 2
73 2
71 2
69 4
66 2
71 2
73 2
71 2
69 4
66 2
73 4
71 8
73 2
71 2
73 2
71 4
69 2
73 2
76 2
73 2
76 6
78 2
80 2
81 2
80 4
73 2
76 2
78 4
76 6
78 2
80 2
81 2
80 4
73 2
76 2
73 2
71 2
69 4
66 2
71 2
73 2
78 2
76 2
71 4
73 4
69 8
78 6
78 2
76 2
73 2
76 6
76 2
73 2
71 2
73 4
76 2
73 2
71 4
69 3
66 9
66 1
0 1
69 2
71 2
69 4
71 2
73 2
76 2
78 2
76 4
73 2
71 2
73 2
71 2
69 2
71 2
73 2
76 12
73 2
71 2
73 2
71 4
69 2
73 2
76 2
73 2
76 6
78 2
80 2
81 2
80 4
73 2
76 2
78 4
76 6
78 2
80 2
81 2
80 4
73 2
76 2
73 2
71 2
69 4
66 2
71 2
73 2
78 2
76 2
71 4
73 4
69 5
0 219
73 2
71 2
73 2
71 4
69 2
73 2
76 2
73 2
76 6
78 2
80 2
81 2
80 4
73 2
76 2
78 4
76 6
78 2
80 2
81 2
80 4
73 2
76 2
73 2
71 2
69 4
66 2
71 2
73 2
71 2
69 2
66 2
73 4
71 10
73 2
71 2
73 2
71 4
69 2
73 2
76 2
73 2
76 6
78 2
80 2
81 2
80 4
73 2
76 2
78 4
76 6
78 2
80 2
81 2
80 4
73 2
76 2
73 2
71 2
69 4
66 2
71 2
73 2
78 2
76 2
71 4
73 4
69 8
78 6
78 2
76 2
73 2
76 6
76 2
73 2
71 2
73 4
78 2
73 2
71 4
69 2
66 10
66 2
69 2
71 2
69 4
71 2
73 2
76 2
78 2
76 4
73 2
71 2
73 2
71 2
69 2
71 2
73 2
76 12
73 2
71 2
73 2
71 4
69 2
73 2
76 2
73 2
76 6
78 2
80 2
81 2
80 4
73 2
76 2
78 4
76 6
78 2
80 2
81 2
80 4
73 2
76 2
73 2
71 2
69 4
66 2
71 2
73 2
78 2
76 3
71 3
73 3
69 6
0 3
78 6
78 2
76 2
73 2
76 6
76 2
73 2
71 2
73 4
78 2
73 2
71 4
69 2
66 10
66 2
69 2
71 2
69 4
71 2
73 2
76 2
78 2
76 4
73 2
71 2
73 2
71 2
69 2
71 2
73 2
76 12
73 2
71 2
73 2
71 4
69 2
73 2
76 2
73 2
76 6
78 2
80 2
81 2
80 4
73 2
76 2
78 4
76 6
78 2
80 2
81 2
80 4
73 2
76 2
73 2
71 2
69 4
66 2
71 2
73 2
78 2
76 2
71 3
73 4
69 6
0 3
73 2
71 2
73 2
71 4
69 3
73 2
76 2
73 2
76 5
0 1
78 2
80 2
81 2
80 4
73 2
76 2
78 4
76 6
78 2
80 2
81 2
80 4
73 2
76 2
73 2
71 2
69 5
66 2
71 2
73 2
78 2
76 2
71 3
73 3
