F:min [0, 5, 8] 5 8 
Eb:maj [3, 7, 10] 3 8 
C#:maj [1, 5, 8] 1 2 
C#:maj7 [1, 5, 8, 11] 1 2 
C#:maj [1, 5, 8] 1 4 
C:sus4 [0, 5, 7] 0 8 
F:sus2 [0, 5, 7] 5 4 
Eb:maj [3, 7, 10] 3 2 
Eb:maj6 [0, 3, 7, 10] 3 2 
C#:maj [1, 5, 8] 1 2 
C#:maj7 [1, 5, 8, 11] 1 2 
C#:maj [1, 5, 8] 1 2 
C#:maj7 [1, 5, 8, 11] 1 2 
F:sus2 [0, 5, 7] 5 4 
Eb:maj [3, 7, 10] 3 2 
Eb:maj6 [0, 3, 7, 10] 3 2 
C#:sus2 [1, 3, 8] 1 2 
C#:maj7 [1, 5, 8, 11] 1 2 
C#:maj [1, 5, 8] 1 2 
Eb:maj [3, 7, 10] 3 2 
F:min [0, 5, 8] 5 4 
Eb:maj [3, 7, 10] 3 4 
C#:maj [1, 5, 8] 1 6 
C#:maj7 [1, 5, 8, 11] 1 2 
F:min [0, 5, 8] 5 4 
Eb:maj [3, 7, 10] 3 4 
C#:maj [1, 5, 8] 1 2 
Ab:maj/5 [0, 3, 8] 3 2 
Ab:maj [0, 3, 8] 8 4 
Bb:sus2 [0, 5, 10] 10 4 
Eb:sus4 [3, 8, 10] 3 4 
Ab:maj [0, 3, 8] 8 2 
Eb:maj/3 [3, 7, 10] 7 2 
F:min7 [0, 3, 5, 8] 5 4 
Bb:min7 [1, 5, 8, 10] 10 4 
C#:maj [1, 5, 8] 1 2 
C:maj [0, 4, 7] 0 2 
C:sus4 [0, 5, 7] 0 8 
F:min [0, 5, 8] 5 4 
Eb:maj6 [0, 3, 7, 10] 3 4 
C#:sus2 [1, 3, 8] 1 8 
F:min [0, 5, 8] 5 4 
Eb:maj [3, 7, 10] 3 4 
C#:maj [1, 5, 8] 1 4 
Ab:maj [0, 3, 8] 8 2 
Ab:maj/3 [0, 3, 8] 0 2 
Bb:min [1, 5, 10] 10 2 
Bb:min7 [1, 5, 8, 10] 10 2 
Eb:maj [3, 7, 10] 3 2 
Eb:maj(9) [1, 3, 5, 7, 10] 3 2 
Ab:maj [0, 3, 8] 8 2 
Eb:maj/3 [3, 7, 10] 7 2 
F:min [0, 5, 8] 5 4 
C#:maj7/7 [1, 5, 8, 11] 0 4 
C#:maj [1, 5, 8] 1 2 
C#:maj7 [1, 5, 8, 11] 1 2 
C:sus4 [0, 5, 7] 0 8 
C#:maj [1, 5, 8] 1 4 
Eb:maj [3, 7, 10] 3 4 
C:min7 [0, 3, 7, 10] 0 4 
F:sus2 [0, 5, 7] 5 2 
F:min7 [0, 3, 5, 8] 5 2 
Bb:sus2 [0, 5, 10] 10 2 
Bb:min7 [1, 5, 8, 10] 10 2 
F:min7/b7 [0, 3, 5, 8] 3 2 
Eb:maj [3, 7, 10] 3 2 
Ab:maj [0, 3, 8] 8 8 
C#:maj [1, 5, 8] 1 2 
C#:maj(9) [1, 3, 5, 8, 11] 1 2 
Eb:maj [3, 7, 10] 3 2 
Eb:sus2 [3, 5, 10] 3 2 
C:min [0, 3, 7] 0 2 
C:min7 [0, 3, 7, 10] 0 2 
G:min7/b7 [2, 5, 7, 10] 5 4 
Bb:min [1, 5, 10] 10 4 
Eb:maj [3, 7, 10] 3 4 
Ab:sus4 [1, 3, 8] 8 8 
F:min [0, 5, 8] 5 4 
F:min9 [0, 3, 5, 7, 8] 5 4 
Eb:7/b7 [1, 3, 7, 10] 1 2 
C#:maj7 [1, 5, 8, 11] 1 2 
C#:maj6 [1, 5, 8, 10] 1 2 
Eb:sus2 [3, 5, 10] 3 2 
F:sus2 [0, 5, 7] 5 2 
F:min9 [0, 3, 5, 7, 8] 5 2 
Ab:maj7/5 [0, 3, 6, 8] 3 4 
C#:maj7 [1, 5, 8, 11] 1 2 
C#:maj9 [1, 3, 5, 8, 11] 1 4 
Eb:maj [3, 7, 10] 3 2 
F:min [0, 5, 8] 5 4 
Eb:maj [3, 7, 10] 3 4 
C#:maj [1, 5, 8] 1 6 
Eb:maj [3, 7, 10] 3 2 
F:sus2 [0, 5, 7] 5 2 
F:min [0, 5, 8] 5 2 
Eb:maj [3, 7, 10] 3 4 
C#:maj [1, 5, 8] 1 2 
C#:maj9 [1, 3, 5, 8, 11] 1 1 
C#:maj7 [1, 5, 8, 11] 1 3 
Eb:maj [3, 7, 10] 3 2 
F:min [0, 5, 8] 5 4 
Eb:maj [3, 7, 10] 3 4 
C#:maj [1, 5, 8] 1 6 
C#:maj7 [1, 5, 8, 11] 1 2 
F:min [0, 5, 8] 5 4 
Eb:maj [3, 7, 10] 3 4 
C#:maj [1, 5, 8] 1 4 
Ab:maj [0, 3, 8] 8 4 
Bb:sus2 [0, 5, 10] 10 4 
Eb:sus4 [3, 8, 10] 3 4 
Ab:maj [0, 3, 8] 8 2 
Eb:maj/3 [3, 7, 10] 7 2 
F:min7 [0, 3, 5, 8] 5 4 
Bb:min7 [1, 5, 8, 10] 10 4 
C#:maj [1, 5, 8] 1 2 
C:maj [0, 4, 7] 0 2 
C:sus4 [0, 5, 7] 0 8 
F:min [0, 5, 8] 5 4 
Eb:maj6 [0, 3, 7, 10] 3 4 
C:min7 [0, 3, 7, 10] 0 4 
F:min [0, 5, 8] 5 8 
Eb:maj [3, 7, 10] 3 4 
Ab:maj [0, 3, 8] 8 6 
Ab:maj/3 [0, 3, 8] 0 2 
C#:maj9 [1, 3, 5, 8, 11] 1 4 
Eb:maj [3, 7, 10] 3 4 
C:min7 [0, 3, 7, 10] 0 4 
F:min [0, 5, 8] 5 4 
Bb:min7 [1, 5, 8, 10] 10 4 
Eb:maj [3, 7, 10] 3 4 
Ab:sus2 [3, 8, 10] 8 2 
Ab:maj [0, 3, 8] 8 10 
Eb:maj [3, 7, 10] 3 4 
C:min7 [0, 3, 7, 10] 0 4 
F:sus2 [0, 5, 7] 5 2 
F:min7 [0, 3, 5, 8] 5 2 
Bb:sus2 [0, 5, 10] 10 4 
Eb:sus2 [3, 5, 10] 3 2 
Eb:9 [1, 3, 5, 7, 10] 3 2 
Ab:maj [0, 3, 8] 8 8 
C#:maj [1, 5, 8] 1 2 
C#:maj9 [1, 3, 5, 8, 11] 1 2 
Eb:maj [3, 7, 10] 3 4 
C:min7 [0, 3, 7, 10] 0 4 
F:min [0, 5, 8] 5 4 
Bb:min [1, 5, 10] 10 2 
Bb:min7 [1, 5, 8, 10] 10 2 
Eb:sus4 [3, 8, 10] 3 4 
Ab:maj [0, 3, 8] 8 8 
F:min7 [0, 3, 5, 8] 5 8 
C:min/b3 [0, 3, 7] 3 8 
C#:sus2 [1, 3, 8] 1 6 
C#:maj7 [1, 5, 8, 11] 1 1 
C:min7 [0, 3, 7, 10] 0 5 
C:min [0, 3, 7] 0 3 
C:7 [0, 4, 7, 10] 0 6 
F:min7 [0, 3, 5, 8] 5 9 
