0 258
65 2
65 2
67 2
68 2
72 2
70 2
68 2
67 11
68 3
67 2
65 8
63 2
65 4
65 20
65 2
65 2
67 2
68 2
72 2
70 2
68 2
67 10
68 4
67 2
68 4
65 4
65 2
63 4
72 20
73 2
73 2
73 2
73 2
73 2
73 2
75 2
72 6
70 6
68 2
70 2
77 4
75 4
70 4
72 2
70 4
68 10
65 2
67 2
68 6
65 6
67 2
68 2
70 4
68 4
67 2
70 4
67 4
68 2
67 30
65 2
65 2
67 2
68 2
72 2
70 2
68 2
67 12
68 2
67 2
65 4
65 4
63 2
65 4
65 20
65 2
65 2
67 2
68 2
72 2
70 2
68 2
70 1
68 1
67 8
68 4
67 2
68 4
65 4
65 2
63 4
72 4
73 2
72 4
70 2
68 8
73 2
73 2
73 2
73 2
73 2
73 2
75 2
72 6
70 6
68 2
70 2
77 4
75 4
70 4
72 2
70 4
68 10
65 2
67 2
68 6
65 6
67 2
68 2
70 4
68 4
68 2
70 4
72 4
73 2
72 24
75 2
72 2
80 5
77 6
75 2
77 3
72 6
70 6
70 2
72 2
79 6
75 4
70 2
70 2
72 2
70 6
68 6
65 2
68 2
72 3
70 3
68 2
70 2
68 3
65 3
77 4
75 4
75 2
72 4
63 2
72 28
75 2
72 2
80 6
77 6
75 2
77 2
72 6
70 6
70 2
72 2
79 6
75 6
70 2
72 2
70 6
68 6
65 2
68 2
72 2
70 2
70 2
68 2
70 4
68 2
65 2
77 4
75 4
72 2
70 2
68 2
65 2
68 32
0 258
65 2
65 2
67 2
68 2
72 2
70 2
68 2
67 11
68 3
67 2
65 4
65 4
63 2
65 4
65 20
65 2
65 2
67 2
68 2
72 2
70 2
68 2
67 10
0 1
68 3
67 2
68 4
65 4
65 2
63 4
72 5
73 2
72 5
70 2
68 4
73 4
73 4
73 4
72 2
73 2
72 2
73 2
72 2
70 5
0 1
68 2
70 2
77 4
75 4
70 4
72 2
70 4
68 9
0 1
65 2
67 2
68 6
65 6
67 2
68 2
70 4
68 4
68 2
70 4
72 3
73 2
72 25
75 2
72 2
80 5
0 1
77 6
75 2
77 2
72 6
70 6
70 2
72 2
79 6
75 4
70 2
70 2
72 2
70 6
68 6
65 2
68 2
72 3
70 3
68 2
70 2
68 3
65 3
77 3
75 5
75 1
0 2
72 3
63 2
72 28
75 2
72 2
80 6
77 6
75 2
77 2
72 6
70 6
70 2
72 2
79 6
75 6
70 2
72 2
70 6
68 6
65 2
68 2
72 2
70 2
70 2
68 2
70 4
68 2
65 2
77 4
75 4
72 2
68 3
65 3
70 2
68 26
75 2
72 2
80 6
77 6
75 2
77 2
72 6
70 6
70 2
72 2
79 6
75 4
70 2
70 2
72 2
70 6
68 6
65 2
68 2
72 2
70 4
68 2
70 3
68 3
65 2
77 4
75 4
77 2
75 4
70 5
72 25
75 2
72 2
80 6
77 6
75 2
77 2
72 6
70 6
70 2
72 2
79 6
75 4
70 4
72 2
70 6
68 6
65 2
68 2
72 2
70 4
68 2
70 3
68 3
65 2
77 4
75 4
72 2
68 4
65 4
68 14
