0 160
68 2
75 2
75 2
73 2
71 4
73 2
71 2
68 16
68 2
80 2
80 2
78 2
78 4
80 2
78 2
75 16
75 2
80 2
80 2
78 2
80 4
68 2
71 2
73 4
73 12
73 2
73 2
73 2
75 2
78 2
75 2
73 2
71 2
75 4
75 12
68 2
75 2
75 2
73 2
71 4
73 2
71 2
68 16
68 2
80 2
80 2
78 2
78 4
80 2
78 2
75 16
75 2
80 2
80 2
78 2
80 4
68 2
71 2
73 4
73 12
73 2
73 2
73 2
75 2
78 2
78 2
78 2
75 2
80 4
80 26
75 2
83 4
75 2
83 2
80 6
75 2
83 4
75 2
83 2
80 8
83 2
83 2
80 2
78 2
78 2
80 2
80 2
78 2
71 2
73 2
78 4
75 6
75 2
75 4
68 2
75 2
73 6
75 2
78 4
75 2
83 2
80 8
80 2
83 2
83 2
80 2
85 4
85 2
83 2
82 2
82 2
80 2
82 8
75 2
83 4
75 2
83 2
80 6
75 2
83 4
75 2
83 2
80 8
83 2
83 2
80 2
78 2
78 2
80 2
80 2
78 2
71 2
73 2
78 4
75 6
75 2
75 4
68 2
75 2
73 6
75 2
78 4
75 2
83 2
80 8
80 2
83 2
83 2
80 2
85 4
85 2
83 2
75 2
78 2
82 4
80 8
0 128
68 2
75 2
75 2
73 2
71 4
73 2
71 2
68 16
68 2
80 2
80 2
78 2
78 4
80 2
78 2
75 16
75 2
80 2
80 2
78 2
80 4
68 2
71 2
73 4
73 12
73 2
73 2
73 2
75 2
78 2
75 2
73 2
71 2
75 4
75 12
68 2
75 2
75 2
73 2
71 4
73 2
71 2
68 16
68 2
80 2
80 2
78 2
78 4
80 2
78 2
75 16
75 2
80 2
80 2
78 2
80 4
68 2
71 2
73 4
73 12
73 2
73 2
73 2
75 2
78 2
78 2
78 2
75 2
80 4
80 26
75 2
83 4
75 2
83 2
80 6
75 2
83 4
75 2
83 2
80 8
83 2
83 2
80 2
78 2
78 2
80 2
80 2
78 2
71 2
73 2
78 4
75 6
75 2
75 4
68 2
75 2
73 6
75 2
78 4
75 2
83 2
80 8
80 2
83 2
83 2
80 2
85 4
85 2
83 2
82 2
82 2
80 2
82 8
75 2
83 4
75 2
83 2
80 6
75 2
83 4
75 2
83 2
80 8
83 2
83 2
80 2
78 2
78 2
80 2
80 2
78 2
71 2
73 2
78 4
75 6
75 2
75 4
68 2
75 2
73 6
75 2
78 4
75 2
83 2
80 8
80 2
83 2
83 2
80 2
85 4
85 2
83 2
75 2
78 2
82 4
80 8
68 2
68 2
68 2
68 1
66 3
68 2
68 6
66 1
68 1
68 2
68 1
68 1
68 2
68 2
71 6
68 1
68 1
68 2
68 2
68 2
66 2
68 4
75 2
75 2
75 2
75 2
75 2
75 2
71 6
68 1
68 1
68 2
68 2
68 2
66 2
68 6
68 1
68 1
68 2
68 2
68 2
68 2
71 6
68 2
68 2
68 2
68 2
66 2
68 2
68 2
75 2
75 2
75 2
75 2
73 2
71 2
68 18
75 2
83 4
75 2
83 2
80 6
75 2
83 4
75 2
83 2
80 8
83 2
83 2
80 2
78 2
78 2
80 2
80 2
78 2
71 2
73 2
78 4
75 6
75 2
75 4
68 2
75 2
73 6
75 2
78 4
75 2
83 2
80 8
80 2
83 2
83 2
80 2
85 4
85 2
83 2
82 2
82 2
80 2
82 8
75 2
83 4
75 2
83 2
80 6
75 2
83 4
75 2
83 2
80 8
83 2
83 2
80 2
78 2
78 2
80 2
80 2
78 2
71 2
73 2
78 4
75 6
75 2
75 4
68 2
75 2
73 6
75 2
78 4
75 2
83 2
80 8
80 2
83 2
83 2
80 2
85 4
85 2
83 2
75 2
78 2
82 4
80 8
80 2
83 2
83 2
80 2
85 4
85 2
83 2
75 2
78 2
82 4
80 10
