0 64
62 1
65 1
65 1
62 1
65 1
67 2
67 5
0 4
62 1
65 1
65 1
62 1
65 1
69 2
69 7
0 2
62 1
65 1
65 1
62 1
65 1
65 1
67 1
72 3
69 2
67 2
65 2
62 1
65 1
0 1
62 1
65 2
69 1
69 2
67 6
0 1
62 1
65 1
65 1
62 1
65 1
67 2
67 5
69 3
69 1
67 1
65 1
65 1
62 1
65 1
72 2
69 7
0 2
62 1
65 1
65 1
62 1
65 1
65 1
67 1
72 3
69 2
67 2
65 2
70 1
69 1
0 1
70 1
70 1
69 2
70 1
72 8
0 4
69 1
0 1
72 2
77 1
76 1
74 1
72 1
72 1
0 1
67 1
65 1
67 1
67 1
69 2
69 3
0 1
77 1
76 1
74 1
72 1
72 1
0 1
67 1
65 1
67 1
67 1
69 2
65 3
0 1
77 1
76 1
74 1
72 1
72 1
0 1
67 1
65 1
67 1
67 1
69 2
69 3
60 1
70 1
69 1
70 1
72 2
69 1
69 1
69 2
67 2
0 1
69 1
0 1
72 2
77 1
76 1
74 1
72 1
72 1
0 1
67 1
65 1
67 1
67 1
69 2
69 3
0 1
77 1
76 1
74 1
72 1
72 1
0 1
67 1
65 1
67 1
67 1
69 2
65 3
0 1
77 1
76 1
74 1
72 1
72 1
0 1
67 1
65 1
67 1
67 1
69 2
69 3
60 1
70 1
69 1
0 1
65 1
65 1
67 3
65 8
0 72
62 1
65 1
65 1
62 1
65 1
67 2
67 5
0 4
62 1
65 1
65 1
62 1
65 1
69 2
69 7
0 2
62 1
65 1
65 1
62 1
65 1
65 1
67 1
72 3
69 2
67 2
65 2
62 1
65 1
0 1
62 1
65 2
69 1
69 2
67 6
0 1
62 1
65 1
65 1
62 1
65 1
67 2
67 5
69 3
69 1
67 1
65 1
65 1
62 1
65 1
72 2
69 7
0 2
62 1
65 1
65 1
62 1
65 1
65 1
67 1
72 3
69 2
67 2
65 2
70 1
69 1
0 1
70 1
70 1
69 2
70 1
72 8
0 4
69 1
0 1
72 2
77 1
76 1
74 1
72 1
72 1
0 1
67 1
65 1
67 1
67 1
69 2
69 3
0 1
77 1
76 1
74 1
72 1
72 1
0 1
67 1
65 1
67 1
67 1
69 2
65 3
0 1
77 1
76 1
74 1
72 1
72 1
0 1
67 1
65 1
67 1
67 1
69 2
69 3
60 1
70 1
69 1
70 1
72 2
69 1
69 1
69 2
67 2
0 1
69 1
0 1
72 2
77 1
76 1
74 1
72 1
72 1
0 1
67 1
65 1
67 1
67 1
69 2
69 3
0 1
77 1
76 1
74 1
72 1
72 1
0 1
67 1
65 1
67 1
67 1
69 2
65 3
0 1
77 1
76 1
74 1
72 1
72 1
0 1
67 1
65 1
67 1
67 1
69 2
69 3
60 1
70 1
69 1
0 1
65 1
65 1
67 3
65 8
0 4
69 1
0 1
72 2
77 1
76 1
74 1
72 1
72 1
0 1
67 1
65 1
67 1
67 1
69 2
69 3
0 1
77 1
76 1
74 1
72 1
72 1
0 1
67 1
65 1
67 1
67 1
69 2
65 3
0 1
77 1
76 1
74 1
72 1
72 1
0 1
67 1
65 1
67 1
67 1
69 2
69 3
60 1
70 1
69 1
70 1
72 2
69 1
69 1
69 2
67 2
0 1
69 1
0 1
72 2
77 1
76 1
74 1
72 1
72 1
0 1
67 1
65 1
67 1
67 1
69 2
69 3
0 1
77 1
76 1
74 1
72 1
72 1
0 1
67 1
65 1
67 1
67 1
69 2
65 3
0 1
77 1
76 1
74 1
72 1
72 1
0 1
67 1
65 1
67 1
67 1
69 2
69 3
60 1
70 1
69 1
0 1
65 1
65 1
67 3
65 6
60 1
0 1
70 1
69 2
65 1
65 1
67 3
65 9
