F#:maj [1, 6, 10] 6 8 
Bb:min7 [1, 5, 8, 10] 10 4 
C:hdim7 [0, 3, 6, 9] 0 4 
Ab:min7 [3, 6, 8, 11] 8 2 
Bb:min7 [1, 5, 8, 10] 10 2 
B:maj7 [3, 6, 9, 11] 11 2 
C#:7 [1, 5, 8, 11] 1 2 
Ab:sus4(b7) [1, 3, 8] 8 2 
F#:maj/5 [1, 6, 10] 1 2 
F#:maj [1, 6, 10] 6 8 
Bb:min7 [1, 5, 8, 10] 10 4 
Eb:min7 [1, 3, 6, 10] 3 4 
Bb:min7 [1, 5, 8, 10] 10 4 
B:maj [3, 6, 11] 11 4 
E:maj [4, 8, 11] 4 4 
C#:sus4 [1, 6, 8] 1 2 
C#:maj [1, 5, 8] 1 2 
F#:maj [1, 6, 10] 6 2 
C#:maj/3 [1, 5, 8] 5 1 
Bb:7 [2, 5, 8, 10] 10 1 
Eb:min7 [1, 3, 6, 10] 3 8 
Ab:min7 [3, 6, 8, 11] 8 2 
C#:sus4 [1, 6, 8] 1 2 
F#:maj [1, 6, 10] 6 4 
Bb:min7 [1, 5, 8, 10] 10 4 
Eb:min7 [1, 3, 6, 10] 3 4 
Ab:min7 [3, 6, 8, 11] 8 4 
C#:maj [1, 5, 8] 1 4 
F#:maj [1, 6, 10] 6 4 
Bb:min7 [1, 5, 8, 10] 10 4 
Eb:sus4 [3, 8, 10] 3 4 
Bb:min7 [1, 5, 8, 10] 10 4 
B:maj6 [3, 6, 8, 11] 11 4 
E:maj [4, 8, 11] 4 4 
C#:maj [1, 5, 8] 1 2 
F#:maj7/5 [1, 4, 6, 10] 1 2 
F#:maj [1, 6, 10] 6 12 
Bb:min7 [1, 5, 8, 10] 10 4 
C:hdim7 [0, 3, 6, 9] 0 4 
Ab:min7 [3, 6, 8, 11] 8 2 
Bb:min7 [1, 5, 8, 10] 10 2 
B:maj7 [3, 6, 9, 11] 11 2 
C#:7 [1, 5, 8, 11] 1 2 
Ab:sus4(b7) [1, 3, 8] 8 2 
F#:maj/5 [1, 6, 10] 1 2 
F#:maj [1, 6, 10] 6 8 
Bb:min7 [1, 5, 8, 10] 10 4 
Eb:min7 [1, 3, 6, 10] 3 4 
Bb:min7 [1, 5, 8, 10] 10 4 
B:maj [3, 6, 11] 11 4 
E:maj [4, 8, 11] 4 4 
C#:sus4 [1, 6, 8] 1 2 
C#:maj [1, 5, 8] 1 2 
F#:maj [1, 6, 10] 6 2 
C#:maj/3 [1, 5, 8] 5 1 
Bb:7 [2, 5, 8, 10] 10 1 
Eb:min7 [1, 3, 6, 10] 3 8 
Ab:min7 [3, 6, 8, 11] 8 2 
C#:sus4 [1, 6, 8] 1 2 
F#:maj [1, 6, 10] 6 4 
Bb:min7 [1, 5, 8, 10] 10 4 
Eb:min7 [1, 3, 6, 10] 3 4 
Ab:min7 [3, 6, 8, 11] 8 4 
C#:maj [1, 5, 8] 1 4 
F#:maj [1, 6, 10] 6 4 
Bb:min7 [1, 5, 8, 10] 10 4 
Eb:sus4 [3, 8, 10] 3 4 
Bb:min7 [1, 5, 8, 10] 10 4 
B:maj6 [3, 6, 8, 11] 11 4 
E:maj [4, 8, 11] 4 4 
C#:maj [1, 5, 8] 1 2 
F#:maj7/5 [1, 4, 6, 10] 1 2 
F#:sus2 [1, 6, 8] 6 4 
E:maj6 [1, 4, 8, 11] 4 2 
C#:maj [1, 5, 8] 1 2 
F#:maj [1, 6, 10] 6 4 
