0 130
61 2
63 2
70 2
68 2
66 4
68 2
63 2
61 7
0 9
66 2
65 2
63 2
63 2
61 2
0 2
54 2
61 2
58 8
0 8
58 2
61 2
63 2
66 1
0 1
73 3
0 1
70 2
68 2
66 1
68 10
0 5
66 2
68 2
70 2
70 1
68 1
0 1
66 3
65 2
68 4
66 8
66 1
0 1
65 2
63 10
61 1
0 1
58 2
61 2
63 12
63 1
0 1
70 2
68 4
68 1
0 1
63 2
68 2
65 4
63 2
61 9
0 3
61 2
66 2
70 8
70 1
0 1
68 2
0 2
66 2
73 2
70 7
0 3
61 2
58 2
68 5
0 1
70 2
68 2
65 4
63 2
0 1
61 10
0 7
61 2
63 2
70 2
68 2
66 4
68 2
63 2
61 9
0 7
66 2
65 2
63 2
63 2
61 2
0 2
54 2
61 2
58 8
0 8
58 2
61 2
63 2
66 1
73 3
70 2
0 2
68 1
66 1
68 10
0 6
66 2
68 2
70 2
68 2
70 1
68 1
66 2
65 2
68 4
66 8
0 134
61 2
63 2
70 2
68 2
66 4
68 2
63 2
61 7
0 9
66 2
65 2
63 2
63 2
61 2
0 2
54 2
61 2
58 8
0 8
58 2
61 2
63 2
66 1
0 1
73 3
0 1
70 2
68 2
66 1
68 10
0 5
66 2
68 2
70 2
70 1
68 1
0 1
66 3
65 2
68 4
66 8
66 1
0 1
65 2
63 10
61 1
0 1
58 2
61 2
63 12
63 1
0 1
70 2
68 4
68 1
0 1
63 2
68 2
65 4
63 2
61 9
0 3
61 2
66 2
70 8
70 1
0 1
68 2
0 2
66 2
73 2
70 7
0 3
61 2
58 2
68 5
0 1
70 2
68 2
65 4
63 2
0 1
61 10
0 7
61 2
63 2
70 2
68 2
66 4
68 2
63 2
61 9
0 7
66 2
65 2
63 2
63 2
61 2
0 2
54 2
61 2
58 8
0 8
58 2
61 2
63 2
66 1
73 3
70 2
0 1
68 2
66 1
68 10
0 6
66 2
68 2
70 2
68 2
70 1
68 1
66 2
65 2
68 4
66 8
