73 4
75 2
75 10
73 4
75 2
78 4
75 6
73 4
75 2
75 10
73 4
75 2
80 4
78 4
75 4
73 2
71 10
68 2
71 4
73 2
73 6
68 2
71 4
73 12
68 2
71 4
73 2
75 4
73 6
73 4
75 2
75 10
73 4
75 2
78 4
75 6
73 4
75 2
75 8
66 2
73 4
75 2
80 4
78 4
75 4
73 2
71 10
68 2
71 4
73 2
73 6
68 2
71 6
73 2
73 4
75 6
71 4
73 2
75 4
73 6
71 8
68 2
71 2
68 2
71 6
68 2
71 6
73 2
71 10
68 2
71 2
68 2
71 6
68 2
71 5
75 3
71 10
75 3
0 1
75 4
75 4
80 4
78 4
75 2
75 4
73 18
66 4
73 4
75 2
75 6
73 2
75 6
78 2
80 4
78 6
71 4
73 4
75 4
80 4
78 4
75 2
78 14
78 2
80 2
83 8
80 4
78 4
75 4
78 2
75 6
71 2
73 2
75 4
71 2
68 4
75 6
73 4
66 4
73 4
75 2
75 6
73 2
75 6
78 2
80 4
78 6
71 4
73 4
75 4
80 4
78 4
75 2
78 14
78 2
80 2
83 8
80 4
78 4
75 4
78 2
75 8
71 2
68 4
75 2
73 8
71 2
71 4
68 4
71 4
73 2
73 2
63 1
63 1
71 2
63 1
0 3
63 1
0 1
63 1
63 1
63 1
0 1
63 2
0 2
63 1
0 1
63 1
0 1
63 1
0 1
63 1
0 1
63 1
63 1
63 1
0 3
63 1
0 1
63 1
0 1
63 1
0 3
63 1
0 1
63 1
0 1
63 1
0 1
63 1
0 3
63 1
0 1
63 1
0 1
63 1
0 1
63 1
0 1
63 1
0 1
64 1
0 1
61 1
0 1
63 1
0 1
63 1
0 1
63 1
0 3
63 1
0 1
63 1
63 1
63 1
0 1
63 1
0 3
63 1
0 1
63 1
0 1
63 1
0 1
63 1
61 1
61 1
59 1
0 4
63 1
0 1
63 1
0 1
63 1
0 3
63 1
0 1
63 1
0 1
63 1
0 1
63 1
0 1
63 1
0 11
66 4
73 4
75 2
75 10
73 4
75 2
78 4
75 6
73 4
75 2
75 10
73 4
75 2
80 4
78 4
75 4
73 2
71 10
68 2
71 4
73 2
73 6
68 2
71 4
73 12
68 2
71 4
73 2
75 4
73 6
73 4
75 2
75 10
73 4
75 2
78 4
75 6
73 4
75 2
75 8
66 2
73 4
75 2
80 4
78 4
75 4
73 2
71 10
68 2
71 4
73 2
73 6
68 2
71 6
73 2
73 4
75 6
71 4
73 2
75 4
73 6
71 8
68 2
71 2
68 2
71 6
68 2
71 6
73 2
71 10
68 2
71 2
68 2
71 6
68 2
71 4
75 4
71 10
75 3
0 1
75 4
75 4
80 2
78 6
75 2
75 4
73 18
66 4
73 4
75 2
75 6
73 2
75 6
78 2
80 4
78 6
71 4
73 4
75 4
80 4
78 4
75 2
78 14
78 2
80 2
83 6
80 2
80 4
78 4
75 4
78 2
75 6
71 2
73 2
75 4
71 2
68 4
75 6
73 4
66 4
73 4
75 2
75 6
73 2
75 6
78 2
80 4
78 6
71 4
73 4
75 4
80 4
78 4
75 2
78 14
78 2
80 2
83 8
80 4
78 4
75 4
78 2
75 8
71 2
68 4
75 2
73 8
71 2
71 4
68 4
71 4
73 2
73 2
71 2
71 1
0 1
66 2
0 2
71 1
0 1
71 1
71 1
71 1
66 1
0 4
71 1
0 1
71 1
0 1
71 1
0 1
71 1
0 1
75 1
0 1
73 1
0 1
71 1
0 3
71 1
71 1
66 2
0 2
71 1
0 1
71 1
0 1
71 1
0 1
66 1
0 3
66 1
0 1
66 1
0 1
66 1
0 1
66 1
0 1
66 1
0 1
73 1
0 1
71 2
66 1
0 1
66 1
66 1
71 2
0 2
66 1
0 1
66 1
66 1
66 1
0 1
71 2
0 1
66 1
76 1
0 1
66 1
0 1
66 1
0 1
66 1
0 1
66 1
0 1
73 1
0 1
71 3
0 1
66 1
66 1
71 3
0 1
66 1
0 1
66 1
0 1
66 1
0 1
73 4
0 2
66 4
73 4
75 2
75 6
73 2
75 6
78 2
80 4
78 6
71 4
73 4
75 4
80 4
78 4
75 2
78 14
78 2
80 2
83 6
80 2
80 4
78 4
75 4
78 2
75 6
71 2
73 2
75 4
71 2
68 4
75 6
73 4
66 4
73 4
75 2
75 6
73 2
75 6
78 2
80 4
78 6
71 4
73 4
75 4
80 4
78 4
75 2
80 4
78 6
85 4
87 4
85 4
83 6
80 4
78 2
75 4
78 2
75 8
71 2
68 4
75 2
73 8
71 2
71 4
68 4
71 4
73 2
73 6
75 2
73 2
75 3
0 1
75 2
73 2
75 3
0 1
75 2
73 2
75 2
78 2
75 3
0 4
75 2
73 3
75 4
75 2
73 2
75 4
71 2
73 2
75 4
71 8
71 2
73 2
75 4
68 4
66 6
68 2
71 4
73 4
75 4
75 2
73 2
75 2
78 2
71 2
73 2
75 4
75 2
73 2
75 4
71 8
75 2
73 2
75 4
75 2
73 2
75 4
75 2
73 2
75 2
78 2
75 8
75 2
73 2
75 4
75 2
73 2
75 4
71 2
73 2
75 4
71 8
71 2
73 2
75 4
68 4
66 6
68 2
71 4
73 4
75 4
75 2
73 2
75 2
78 2
71 2
73 2
75 4
75 2
73 2
75 4
71 5
