F#:maj7 [1, 4, 6, 10] 6 2 
Ab:7 [0, 3, 6, 8] 8 2 
Bb:min [1, 5, 10] 10 4 
F#:maj7 [1, 4, 6, 10] 6 2 
Ab:maj [0, 3, 8] 8 2 
Bb:min [1, 5, 10] 10 4 
F#:maj7 [1, 4, 6, 10] 6 2 
Ab:maj [0, 3, 8] 8 2 
Bb:min [1, 5, 10] 10 4 
F#:maj7 [1, 4, 6, 10] 6 2 
Ab:maj [0, 3, 8] 8 2 
C#:maj [1, 5, 8] 1 8 
Ab:maj/3 [0, 3, 8] 0 3 
C#:maj [1, 5, 8] 1 1 
Bb:min [1, 5, 10] 10 4 
F:min [0, 5, 8] 5 4 
F#:maj [1, 6, 10] 6 4 
F:min [0, 5, 8] 5 2 
Bb:min [1, 5, 10] 10 2 
Eb:sus2 [3, 5, 10] 3 4 
Ab:sus2 [3, 8, 10] 8 4 
C#:maj [1, 5, 8] 1 4 
F:min [0, 5, 8] 5 4 
Bb:min [1, 5, 10] 10 4 
F:min [0, 5, 8] 5 4 
F#:maj [1, 6, 10] 6 4 
F:min [0, 5, 8] 5 2 
Bb:sus2 [0, 5, 10] 10 2 
Eb:sus4(b7) [3, 8, 10] 3 4 
Ab:maj [0, 3, 8] 8 4 
C#:maj [1, 5, 8] 1 4 
F:min/5 [0, 5, 8] 0 4 
Bb:min [1, 5, 10] 10 4 
Ab:maj [0, 3, 8] 8 4 
F#:maj [1, 6, 10] 6 4 
C#:maj [1, 5, 8] 1 4 
Eb:min [3, 6, 10] 3 4 
Ab:maj [0, 3, 8] 8 4 
C#:maj [1, 5, 8] 1 4 
F:min/5 [0, 5, 8] 0 4 
Bb:min [1, 5, 10] 10 4 
Ab:maj [0, 3, 8] 8 4 
F#:maj [1, 6, 10] 6 4 
C#:maj [1, 5, 8] 1 4 
Eb:min [3, 6, 10] 3 4 
Ab:maj [0, 3, 8] 8 4 
F#:maj7 [1, 4, 6, 10] 6 2 
Ab:7 [0, 3, 6, 8] 8 2 
Bb:min [1, 5, 10] 10 4 
F#:maj7 [1, 4, 6, 10] 6 2 
Ab:maj [0, 3, 8] 8 2 
Bb:min [1, 5, 10] 10 4 
F#:maj7 [1, 4, 6, 10] 6 2 
Ab:maj [0, 3, 8] 8 2 
Bb:min [1, 5, 10] 10 4 
F#:maj7 [1, 4, 6, 10] 6 2 
Ab:maj [0, 3, 8] 8 2 
C#:maj [1, 5, 8] 1 8 
F:min [0, 5, 8] 5 4 
Bb:min [1, 5, 10] 10 4 
F:min [0, 5, 8] 5 4 
F#:maj [1, 6, 10] 6 4 
F:min [0, 5, 8] 5 2 
Bb:sus2 [0, 5, 10] 10 2 
Eb:sus4(b7) [3, 8, 10] 3 4 
Ab:maj [0, 3, 8] 8 4 
C#:maj [1, 5, 8] 1 4 
F:min/5 [0, 5, 8] 0 4 
Bb:min [1, 5, 10] 10 4 
Ab:maj [0, 3, 8] 8 4 
F#:maj [1, 6, 10] 6 4 
C#:maj [1, 5, 8] 1 4 
Eb:min [3, 6, 10] 3 4 
Ab:maj [0, 3, 8] 8 4 
C#:maj [1, 5, 8] 1 4 
F:min/5 [0, 5, 8] 0 4 
Bb:min [1, 5, 10] 10 4 
Ab:maj [0, 3, 8] 8 4 
F#:maj [1, 6, 10] 6 4 
C#:maj [1, 5, 8] 1 4 
Eb:min [3, 6, 10] 3 4 
Ab:maj [0, 3, 8] 8 4 
F#:maj [1, 6, 10] 6 4 
Ab:maj [0, 3, 8] 8 4 
F#:maj [1, 6, 10] 6 2 
F:min [0, 5, 8] 5 2 
Eb:min [3, 6, 10] 3 2 
Ab:maj [0, 3, 8] 8 2 
F#:maj [1, 6, 10] 6 8 
Ab:maj [0, 3, 8] 8 12 
C#:maj [1, 5, 8] 1 4 
F:min/5 [0, 5, 8] 0 4 
Bb:min [1, 5, 10] 10 4 
Ab:maj [0, 3, 8] 8 4 
F#:maj [1, 6, 10] 6 4 
C#:maj [1, 5, 8] 1 4 
Eb:min [3, 6, 10] 3 4 
Ab:maj [0, 3, 8] 8 4 
C#:maj [1, 5, 8] 1 4 
F:min/5 [0, 5, 8] 0 4 
Bb:min [1, 5, 10] 10 4 
Ab:maj [0, 3, 8] 8 4 
F#:maj [1, 6, 10] 6 4 
C#:maj [1, 5, 8] 1 4 
Eb:min [3, 6, 10] 3 4 
Ab:maj [0, 3, 8] 8 4 
F#:maj7 [1, 4, 6, 10] 6 2 
Ab:7 [0, 3, 6, 8] 8 2 
Bb:min [1, 5, 10] 10 4 
F#:maj7 [1, 4, 6, 10] 6 2 
Ab:maj [0, 3, 8] 8 2 
Bb:min [1, 5, 10] 10 4 
F#:maj7 [1, 4, 6, 10] 6 2 
Ab:maj [0, 3, 8] 8 2 
Bb:min [1, 5, 10] 10 4 
F#:maj7 [1, 4, 6, 10] 6 2 
Ab:maj [0, 3, 8] 8 2 
C#:maj [1, 5, 8] 1 8 
