G:min [2, 7, 10] 7 4 
F:maj [0, 5, 9] 5 4 
Eb:maj [3, 7, 10] 3 2 
F:maj [0, 5, 9] 5 2 
Bb:maj [2, 5, 10] 10 2 
G:min [2, 7, 10] 7 2 
C:min [0, 3, 7] 0 4 
G:min [2, 7, 10] 7 3 
G:min(9) [2, 5, 7, 9, 10] 7 1 
Bb:maj [2, 5, 10] 10 4 
D:maj [2, 6, 9] 2 4 
G:min [2, 7, 10] 7 4 
F:maj [0, 5, 9] 5 4 
Eb:maj [3, 7, 10] 3 2 
F:maj [0, 5, 9] 5 2 
Bb:maj [2, 5, 10] 10 4 
C:min [0, 3, 7] 0 4 
G:sus2 [2, 7, 9] 7 4 
Eb:maj [3, 7, 10] 3 4 
D:maj [2, 6, 9] 2 4 
G:min [2, 7, 10] 7 4 
F:maj [0, 5, 9] 5 4 
Eb:maj [3, 7, 10] 3 2 
F:maj [0, 5, 9] 5 2 
Bb:maj [2, 5, 10] 10 4 
C:min [0, 3, 7] 0 4 
G:min [2, 7, 10] 7 4 
Eb:maj [3, 7, 10] 3 4 
D:maj [2, 6, 9] 2 4 
G:min [2, 7, 10] 7 4 
F:maj [0, 5, 9] 5 4 
Eb:maj [3, 7, 10] 3 2 
F:maj [0, 5, 9] 5 2 
Bb:maj [2, 5, 10] 10 4 
C:min [0, 3, 7] 0 4 
G:maj [2, 7, 11] 7 4 
Eb:maj [3, 7, 10] 3 4 
D:maj [2, 6, 9] 2 4 
G:min [2, 7, 10] 7 4 
F:maj [0, 5, 9] 5 4 
Eb:maj [3, 7, 10] 3 2 
F:maj [0, 5, 9] 5 2 
Bb:maj [2, 5, 10] 10 4 
C:min [0, 3, 7] 0 4 
G:maj [2, 7, 11] 7 4 
Eb:maj [3, 7, 10] 3 4 
D:maj [2, 6, 9] 2 4 
G:min [2, 7, 10] 7 4 
F:maj [0, 5, 9] 5 4 
Eb:maj [3, 7, 10] 3 2 
F:maj [0, 5, 9] 5 2 
Bb:maj [2, 5, 10] 10 4 
C:maj [0, 4, 7] 0 4 
G:min [2, 7, 10] 7 4 
Eb:maj [3, 7, 10] 3 4 
D:maj [2, 6, 9] 2 8 
D:min [2, 5, 9] 2 4 
F:maj [0, 5, 9] 5 4 
Eb:maj [3, 7, 10] 3 2 
F:maj [0, 5, 9] 5 2 
Bb:maj [2, 5, 10] 10 4 
C:min [0, 3, 7] 0 4 
G:min [2, 7, 10] 7 4 
Bb:maj [2, 5, 10] 10 4 
D:maj [2, 6, 9] 2 4 
G:min [2, 7, 10] 7 4 
F:maj [0, 5, 9] 5 4 
Eb:maj [3, 7, 10] 3 2 
F:maj [0, 5, 9] 5 2 
Bb:maj [2, 5, 10] 10 4 
C:min [0, 3, 7] 0 4 
G:min [2, 7, 10] 7 4 
Eb:maj [3, 7, 10] 3 4 
D:maj [2, 6, 9] 2 4 
G:min [2, 7, 10] 7 4 
F:maj [0, 5, 9] 5 4 
Eb:maj [3, 7, 10] 3 2 
F:maj [0, 5, 9] 5 2 
Bb:maj [2, 5, 10] 10 4 
C:min [0, 3, 7] 0 4 
G:maj [2, 7, 11] 7 4 
Eb:maj [3, 7, 10] 3 4 
D:maj [2, 6, 9] 2 4 
G:min [2, 7, 10] 7 4 
F:maj [0, 5, 9] 5 4 
Eb:maj [3, 7, 10] 3 2 
F:maj [0, 5, 9] 5 2 
Bb:maj [2, 5, 10] 10 4 
C:min [0, 3, 7] 0 4 
G:maj [2, 7, 11] 7 4 
Eb:maj [3, 7, 10] 3 4 
D:maj [2, 6, 9] 2 4 
G:maj7 [2, 5, 7, 11] 7 11 
G:min [2, 7, 10] 7 1 
F:maj [0, 5, 9] 5 4 
Eb:maj [3, 7, 10] 3 2 
F:maj [0, 5, 9] 5 2 
Bb:maj [2, 5, 10] 10 4 
C:min [0, 3, 7] 0 4 
G:maj [2, 7, 11] 7 4 
Eb:maj [3, 7, 10] 3 4 
D:maj [2, 6, 9] 2 4 
G:min [2, 7, 10] 7 4 
F:maj [0, 5, 9] 5 4 
Eb:maj [3, 7, 10] 3 2 
F:maj [0, 5, 9] 5 2 
Bb:maj [2, 5, 10] 10 4 
C:min [0, 3, 7] 0 4 
G:maj [2, 7, 11] 7 4 
Eb:maj [3, 7, 10] 3 4 
D:maj [2, 6, 9] 2 4 
G:min [2, 7, 10] 7 4 
F:maj [0, 5, 9] 5 4 
Eb:maj [3, 7, 10] 3 2 
F:maj [0, 5, 9] 5 2 
Bb:maj [2, 5, 10] 10 4 
C:min [0, 3, 7] 0 4 
G:min [2, 7, 10] 7 4 
Eb:maj [3, 7, 10] 3 4 
D:maj [2, 6, 9] 2 4 
G:min [2, 7, 10] 7 4 
F:maj [0, 5, 9] 5 4 
Eb:maj [3, 7, 10] 3 2 
F:maj [0, 5, 9] 5 2 
Bb:maj [2, 5, 10] 10 4 
C:min [0, 3, 7] 0 4 
G:min [2, 7, 10] 7 4 
Eb:maj [3, 7, 10] 3 4 
D:maj [2, 6, 9] 2 11 
G:maj [2, 7, 11] 7 5 
