0 130
62 2
62 2
62 2
62 2
62 2
63 2
62 4
62 2
63 2
62 4
60 2
58 6
67 2
67 2
67 2
67 3
65 3
60 4
62 16
63 2
63 2
63 2
63 2
62 2
60 6
62 2
62 2
62 2
62 2
60 2
58 6
58 2
58 2
58 2
58 2
60 6
58 3
57 15
62 2
62 2
62 2
62 2
62 2
63 2
62 4
62 2
63 2
62 4
60 2
58 6
67 2
67 2
67 2
70 3
69 3
62 4
65 16
63 2
63 2
63 2
63 2
67 2
69 2
70 4
62 2
62 2
62 2
62 2
67 2
69 2
70 4
70 2
70 2
70 2
70 2
72 2
70 2
70 4
69 14
62 2
70 2
70 2
69 2
70 8
62 2
69 2
69 2
67 2
69 8
67 2
65 2
67 2
69 2
70 4
67 2
65 16
62 2
63 2
62 2
60 2
62 2
63 6
67 4
62 2
62 2
60 2
62 7
62 1
67 2
62 2
67 2
69 2
72 2
70 2
69 2
67 4
69 14
62 2
70 2
70 2
69 2
70 8
72 2
69 2
67 2
65 2
69 8
67 2
65 2
67 2
69 2
70 4
75 2
74 16
74 2
75 2
74 2
74 2
72 2
72 6
74 4
72 2
72 2
70 2
70 8
70 2
70 2
70 2
70 2
70 2
72 2
70 2
70 4
69 6
70 4
69 2
69 4
67 14
0 130
62 2
62 2
62 2
62 2
62 2
63 2
62 4
62 2
63 2
62 4
60 2
58 6
67 2
67 2
67 2
67 3
65 3
60 4
62 16
63 2
63 2
63 2
63 2
62 2
60 6
62 2
62 2
62 2
62 2
60 2
58 6
58 2
58 2
58 2
58 2
60 6
58 3
57 15
62 2
62 2
62 2
62 2
62 2
63 2
62 4
62 2
63 2
62 4
60 2
58 6
67 2
67 2
67 2
70 3
69 3
62 4
65 16
63 2
63 2
63 2
63 2
67 2
69 2
70 4
62 2
62 2
62 2
62 2
67 2
69 2
70 4
70 2
70 2
70 2
70 2
72 2
70 2
70 4
69 14
62 2
70 2
70 2
69 2
70 8
62 2
69 2
69 2
67 2
69 8
67 2
65 2
67 2
69 2
70 4
67 2
65 16
62 2
63 2
62 2
60 2
62 2
63 6
67 4
62 2
62 2
60 2
62 7
62 1
67 2
62 2
67 2
69 2
72 2
70 2
69 2
67 4
69 14
62 2
70 2
70 2
69 2
70 8
72 2
69 2
67 2
65 2
69 8
67 2
65 2
67 2
69 2
70 4
75 2
74 16
74 2
75 2
74 2
74 2
72 2
72 6
74 4
72 2
72 2
70 2
70 8
70 2
70 2
70 2
70 2
70 2
72 2
70 2
70 4
69 4
62 2
70 4
69 2
69 4
67 30
62 2
70 2
70 2
69 2
70 8
62 2
69 2
69 2
67 2
69 8
67 2
65 2
67 2
69 2
70 4
67 2
65 16
62 2
63 2
62 2
60 2
62 2
63 6
67 4
62 2
62 2
60 2
62 7
62 1
67 2
62 2
67 2
69 2
72 2
70 2
69 2
67 4
69 14
62 2
70 2
70 2
69 2
70 8
72 2
69 2
67 2
65 2
69 8
67 2
65 2
67 2
69 2
70 4
75 2
74 16
74 2
75 2
74 2
74 2
72 2
72 6
74 4
72 2
72 2
70 2
70 8
70 2
70 2
70 2
70 2
70 2
72 2
70 2
70 4
69 6
70 4
69 2
69 4
67 14
