C:sus2 [0, 2, 7] 0 32 
C:maj [0, 4, 7] 0 24 
E:min [4, 7, 11] 4 4 
E:maj [4, 8, 11] 4 4 
F:maj [0, 5, 9] 5 4 
E:min [4, 7, 11] 4 4 
D:min [2, 5, 9] 2 4 
G:maj [2, 7, 11] 7 4 
C:sus2 [0, 2, 7] 0 8 
E:min [4, 7, 11] 4 8 
F:maj [0, 5, 9] 5 4 
E:min [4, 7, 11] 4 4 
D:min [2, 5, 9] 2 4 
G:maj [2, 7, 11] 7 4 
C:sus2 [0, 2, 7] 0 8 
F:maj [0, 5, 9] 5 7 
C:sus4 [0, 5, 7] 0 8 
C:maj [0, 4, 7] 0 1 
E:min [4, 7, 11] 4 8 
F:maj [0, 5, 9] 5 4 
E:min [4, 7, 11] 4 4 
D:min [2, 5, 9] 2 4 
G:maj [2, 7, 11] 7 4 
C:maj [0, 4, 7] 0 8 
E:min [4, 7, 11] 4 8 
F:maj [0, 5, 9] 5 4 
E:min [4, 7, 11] 4 4 
D:min [2, 5, 9] 2 3 
G:sus2 [2, 7, 9] 7 5 
C:sus2 [0, 2, 7] 0 3 
C:maj/5 [0, 4, 7] 7 5 
C:maj [0, 4, 7] 0 24 
F:maj [0, 5, 9] 5 9 
C:sus2 [0, 2, 7] 0 7 
E:min [4, 7, 11] 4 8 
F:maj [0, 5, 9] 5 4 
F:maj7/7 [0, 3, 5, 9] 4 3 
D:min [2, 5, 9] 2 4 
G:sus2 [2, 7, 9] 7 5 
C:maj [0, 4, 7] 0 8 
E:min [4, 7, 11] 4 8 
F:maj7 [0, 3, 5, 9] 5 4 
E:min [4, 7, 11] 4 3 
C:maj/3 [0, 4, 7] 4 1 
D:sus2 [2, 4, 9] 2 3 
G:sus2 [2, 7, 9] 7 5 
C:sus2 [0, 2, 7] 0 8 
F:maj [0, 5, 9] 5 7 
C:sus4 [0, 5, 7] 0 8 
C:maj [0, 4, 7] 0 1 
E:min [4, 7, 11] 4 8 
F:maj [0, 5, 9] 5 4 
E:min [4, 7, 11] 4 4 
D:min [2, 5, 9] 2 4 
G:maj [2, 7, 11] 7 4 
C:maj [0, 4, 7] 0 8 
E:min [4, 7, 11] 4 8 
F:maj [0, 5, 9] 5 4 
E:min [4, 7, 11] 4 4 
D:min [2, 5, 9] 2 3 
G:sus2 [2, 7, 9] 7 5 
F:maj [0, 5, 9] 5 7 
Bb:sus2 [0, 5, 10] 10 8 
Bb:9 [0, 2, 5, 8, 10] 10 1 
Eb:maj [3, 7, 10] 3 7 
Ab:maj [0, 3, 8] 8 8 
Ab:7 [0, 3, 6, 8] 8 1 
C#:sus2 [1, 3, 8] 1 7 
F:min [0, 5, 8] 5 9 
F#:maj [1, 6, 10] 6 4 
F:min [0, 5, 8] 5 4 
Eb:min [3, 6, 10] 3 4 
Ab:maj [0, 3, 8] 8 4 
C#:maj [1, 5, 8] 1 7 
F:min [0, 5, 8] 5 9 
F#:maj [1, 6, 10] 6 3 
F:min [0, 5, 8] 5 5 
Eb:min [3, 6, 10] 3 3 
Ab:sus2 [3, 8, 10] 8 5 
C#:sus2 [1, 3, 8] 1 32 
C#:maj [1, 5, 8] 1 17 
