0 188
67 4
76 10
0 14
76 3
0 1
74 2
72 2
71 5
0 1
71 1
0 1
71 2
69 4
67 8
0 6
67 1
0 1
67 1
0 1
69 5
0 1
77 9
0 1
76 4
79 2
72 7
0 1
76 1
0 1
76 5
0 1
74 6
69 4
74 11
0 4
67 5
76 10
0 10
76 2
76 2
74 2
72 2
71 4
0 2
71 4
0 2
69 2
67 10
0 4
67 4
69 5
0 1
77 9
0 1
76 4
79 2
72 7
0 1
76 1
0 1
76 5
0 1
74 6
0 4
76 4
0 2
74 6
69 4
72 16
0 40
81 4
79 4
76 2
79 2
76 2
79 2
76 4
74 2
72 4
76 6
0 4
72 1
0 1
72 2
83 5
0 1
79 3
0 1
79 2
76 4
79 9
0 5
79 2
81 6
84 6
72 1
0 1
72 2
76 6
79 5
0 1
76 2
79 2
76 4
74 1
0 1
74 2
72 3
69 2
72 4
74 7
81 4
79 4
76 2
79 2
76 2
79 2
76 4
74 2
72 4
76 6
0 2
72 2
72 1
0 1
72 2
83 5
0 1
79 3
0 1
79 2
76 4
79 9
0 3
79 2
79 2
81 6
84 6
72 1
0 1
72 2
76 6
79 5
0 1
76 2
79 2
76 4
0 2
74 4
0 2
67 1
0 1
67 2
76 5
0 1
74 5
0 1
67 2
69 6
72 24
0 131
67 5
76 10
0 10
76 3
0 1
74 2
72 2
71 5
0 1
71 1
0 1
71 2
69 4
67 8
0 6
67 1
0 1
67 1
0 1
69 5
0 1
77 9
0 1
76 4
79 2
72 7
0 1
76 1
0 1
76 5
0 1
74 6
69 4
74 11
0 4
67 5
76 10
0 10
76 2
76 2
74 2
72 2
71 4
0 2
71 4
0 2
69 2
67 10
0 4
67 4
69 5
0 1
77 9
0 1
76 4
79 2
72 7
0 1
76 1
0 1
76 5
0 1
74 6
0 4
76 4
0 2
74 6
69 4
72 16
0 40
81 4
79 4
76 2
79 2
76 2
79 2
76 4
74 2
72 4
76 6
0 4
72 1
0 1
72 2
83 5
0 1
79 3
0 1
79 2
76 4
79 9
0 5
79 2
81 6
84 6
72 1
0 1
72 2
76 6
79 5
0 1
76 2
79 2
76 4
74 1
0 1
74 2
72 3
69 2
72 4
74 7
81 4
79 4
76 2
79 2
76 2
79 2
76 4
74 2
72 4
76 6
0 2
72 2
72 1
0 1
72 2
83 5
0 1
79 3
0 1
79 2
76 4
79 9
0 3
79 2
79 2
81 6
84 6
72 1
0 1
72 2
76 6
79 5
0 1
76 2
79 2
76 4
0 2
74 4
0 2
67 1
0 1
67 2
76 5
0 1
74 5
0 1
67 2
69 6
72 24
0 92
82 4
80 4
77 2
80 2
77 2
80 2
77 4
75 2
73 4
77 6
0 4
73 1
0 1
73 2
84 5
0 1
80 3
0 1
80 2
77 4
80 9
0 5
80 2
82 6
85 6
73 1
0 1
73 2
77 6
80 5
0 1
77 2
80 2
77 4
75 1
0 1
75 2
73 3
70 2
73 4
75 7
82 4
80 4
77 2
80 2
77 2
80 2
77 4
75 2
73 4
77 6
0 2
73 2
73 1
0 1
73 2
84 5
0 1
80 3
0 1
80 2
77 4
80 9
0 3
80 2
80 2
82 6
85 6
73 1
0 1
73 2
77 6
80 5
0 1
77 2
80 2
77 4
0 2
75 4
0 2
68 1
0 1
68 2
77 5
0 1
75 5
0 1
68 2
70 6
73 24
