0 128
74 3
0 1
77 1
0 1
72 4
0 2
74 1
0 1
70 11
0 3
70 1
0 1
69 1
0 1
70 4
0 2
65 1
0 7
75 1
0 1
74 4
0 2
72 8
0 2
74 2
0 2
77 1
0 1
72 5
0 1
74 2
70 11
0 1
65 2
70 2
72 1
0 1
70 5
0 1
70 4
0 2
69 1
0 1
70 13
0 5
74 3
0 1
77 2
72 4
0 2
77 1
0 1
70 7
0 7
70 1
0 1
70 1
0 1
79 3
0 1
79 1
0 1
79 4
0 2
77 1
0 1
74 7
0 11
74 3
0 1
77 1
0 1
72 4
0 2
74 1
0 1
70 6
0 2
70 1
72 1
75 2
74 1
0 1
72 1
0 1
65 1
0 1
67 3
0 1
70 1
0 1
69 5
0 1
70 1
0 1
70 18
74 2
77 1
0 1
82 1
0 1
81 2
82 3
0 1
77 1
0 1
79 5
0 1
77 2
74 5
0 3
74 1
0 1
75 1
0 1
74 1
0 1
72 1
0 1
70 1
0 1
70 3
0 1
77 1
0 1
77 4
0 2
72 2
74 6
0 4
74 1
0 1
77 1
0 1
82 1
0 1
81 1
0 1
82 4
77 1
0 1
79 4
0 2
77 2
74 7
0 1
74 1
0 1
75 1
0 1
74 1
0 1
72 1
0 1
70 1
0 1
70 4
0 4
69 3
0 1
70 1
0 1
70 10
0 144
62 3
0 1
65 2
60 4
0 2
62 1
0 1
58 7
0 5
58 1
0 1
60 2
58 2
67 3
0 1
67 1
0 1
67 4
0 2
65 1
0 1
62 7
0 11
62 3
0 1
65 1
0 1
60 4
0 2
62 1
0 1
58 6
0 2
58 1
60 1
63 2
62 1
0 1
60 1
0 1
58 1
0 1
55 3
0 1
58 1
0 1
57 5
0 1
58 1
0 1
58 6
0 12
62 2
65 1
0 1
70 1
0 1
69 4
0 2
65 1
0 1
67 5
0 1
65 2
62 5
0 3
62 1
0 1
63 1
0 1
62 1
0 1
60 1
0 1
58 1
0 1
58 3
0 1
65 1
0 1
65 4
0 2
60 2
62 6
0 4
62 1
0 1
65 1
0 1
70 1
0 1
69 1
0 1
70 4
65 1
0 1
67 4
0 1
65 3
62 7
0 1
62 1
0 1
63 1
0 1
62 1
0 1
60 1
0 1
58 1
0 1
58 4
0 4
57 3
0 1
58 1
0 1
58 8
0 2
62 2
65 1
0 1
70 1
0 1
69 2
70 2
0 2
65 1
0 1
67 5
0 1
65 2
62 5
0 3
62 1
0 1
63 1
0 1
62 1
0 1
60 1
0 1
58 1
0 1
58 3
0 1
65 1
0 1
65 4
0 2
67 2
65 7
0 3
62 1
0 1
65 1
0 1
70 1
0 1
69 1
0 1
70 4
72 1
0 1
72 4
0 2
74 1
0 1
74 7
0 1
74 1
0 1
75 1
0 1
74 1
0 1
72 1
0 1
70 1
0 1
70 4
70 1
0 1
69 2
0 4
70 1
0 1
70 18
0 184
74 2
77 1
0 1
82 1
0 1
81 2
82 4
77 1
0 1
79 5
0 1
77 2
74 5
0 3
74 1
0 1
75 1
0 1
74 1
0 1
72 1
0 1
70 1
0 1
70 3
0 1
77 1
0 1
77 4
0 2
72 2
74 6
0 4
74 1
0 1
77 1
0 1
82 1
0 1
81 1
0 1
82 4
77 1
0 1
79 4
0 1
77 3
74 7
0 1
74 1
0 1
75 1
0 1
74 1
0 1
72 1
0 1
70 1
0 1
70 4
0 4
69 3
0 1
70 1
0 1
70 8
0 2
74 2
77 1
0 1
82 1
0 1
81 2
82 2
0 2
77 1
0 1
79 5
0 1
77 2
74 5
0 3
74 1
0 1
75 1
0 1
74 1
0 1
72 1
0 1
70 1
0 1
70 3
0 1
77 1
0 1
77 4
0 2
79 2
77 7
0 3
74 1
0 1
77 1
0 1
82 1
0 1
81 1
0 1
82 4
84 1
0 1
84 4
0 2
86 1
0 1
86 7
0 1
74 1
0 1
75 1
0 1
74 1
0 1
72 1
0 1
70 1
0 1
70 4
70 1
0 1
69 2
0 4
70 1
0 1
70 18
