0 63
60 1
65 1
65 1
65 1
65 1
65 2
65 1
65 2
65 2
0 1
60 1
63 3
61 7
0 8
58 1
63 1
63 1
63 1
63 1
63 2
63 1
63 2
65 2
0 1
67 1
67 2
60 9
0 7
60 1
65 1
65 1
65 1
65 1
65 1
0 1
65 1
65 2
65 1
0 2
72 1
72 2
70 7
0 12
67 1
67 1
67 1
0 1
67 1
67 3
60 1
0 1
67 1
68 2
67 9
0 7
60 1
65 1
65 1
65 1
65 1
65 2
65 1
65 2
65 2
0 1
60 1
63 3
61 7
0 8
58 1
63 1
63 1
63 1
63 1
63 2
63 1
63 2
65 2
0 1
67 1
67 2
60 9
0 7
60 1
65 1
65 1
65 1
65 1
65 1
0 1
65 1
65 2
65 1
0 2
72 1
72 2
70 7
0 12
67 1
67 1
67 1
0 1
67 1
67 3
63 1
0 1
67 1
67 2
65 9
0 7
72 1
77 1
72 1
72 1
72 1
72 1
0 1
68 1
65 4
60 1
60 1
72 2
70 7
0 9
70 1
75 1
75 1
75 1
75 1
75 2
75 1
75 2
0 1
77 2
79 1
79 2
72 7
0 9
72 1
77 1
72 1
72 1
72 1
72 1
0 1
68 1
65 4
60 1
60 1
72 2
70 7
0 12
70 1
70 1
70 2
70 1
70 2
0 1
63 2
67 1
67 2
65 13
0 131
60 1
65 1
65 1
65 1
65 1
65 2
65 1
65 2
65 2
0 1
60 1
63 3
61 7
0 8
58 1
63 1
63 1
63 1
63 1
63 2
63 1
63 2
65 2
0 1
67 1
67 2
60 9
0 7
60 1
65 1
65 1
65 1
65 1
65 1
0 1
65 1
65 2
65 1
0 2
72 1
72 2
70 7
0 12
67 1
67 1
67 1
0 1
67 1
67 3
60 1
0 1
67 1
68 2
67 9
0 7
60 1
65 1
65 1
65 1
65 1
65 2
65 1
65 2
65 2
0 1
60 1
63 3
61 7
0 8
58 1
63 1
63 1
63 1
63 1
63 2
63 1
63 2
65 2
0 1
67 1
67 2
60 9
0 7
60 1
65 1
65 1
65 1
65 1
65 1
0 1
65 1
65 2
65 1
0 2
72 1
72 2
70 7
0 12
67 1
67 1
67 1
0 1
67 1
67 3
63 1
0 1
67 1
67 2
65 9
0 7
72 1
77 1
72 1
72 1
72 1
72 1
0 1
68 1
65 4
60 1
60 1
72 2
70 7
0 9
70 1
75 1
75 1
75 1
75 1
75 2
75 1
75 2
0 1
77 2
79 1
79 2
72 7
0 9
72 1
77 1
72 1
72 1
72 1
72 1
0 1
68 1
65 4
60 1
60 1
72 2
70 7
0 12
70 1
70 1
70 2
70 1
70 2
0 1
63 2
67 1
67 2
65 13
0 3
72 1
77 1
72 1
72 1
72 1
72 1
0 1
68 1
65 4
60 1
60 1
72 2
70 7
0 9
70 1
75 1
75 1
75 1
75 1
75 2
75 1
75 2
0 1
77 2
79 1
79 2
72 7
0 9
72 1
77 1
72 1
72 1
72 1
72 1
0 1
68 1
65 4
60 1
60 1
72 2
70 7
0 12
70 1
70 1
70 2
70 1
70 2
0 1
63 2
67 1
67 2
65 13
