A:maj [1, 4, 9] 9 10 
F#:min [1, 6, 9] 6 2 
C#:min [1, 4, 8] 1 2 
F#:min [1, 6, 9] 6 2 
D:maj [2, 6, 9] 2 2 
E:maj [4, 8, 11] 4 2 
A:maj [1, 4, 9] 9 2 
E:maj [4, 8, 11] 4 2 
A:maj [1, 4, 9] 9 2 
F#:min [1, 6, 9] 6 2 
C#:min [1, 4, 8] 1 2 
F#:min [1, 6, 9] 6 2 
D:maj [2, 6, 9] 2 2 
E:maj [4, 8, 11] 4 2 
F#:sus2 [1, 6, 8] 6 10 
A:maj [1, 4, 9] 9 2 
E:maj [4, 8, 11] 4 4 
F#:min [1, 6, 9] 6 2 
A:maj [1, 4, 9] 9 2 
E:maj [4, 8, 11] 4 4 
D:maj [2, 6, 9] 2 4 
C#:min [1, 4, 8] 1 4 
B:min [2, 6, 11] 11 2 
E:maj [4, 8, 11] 4 2 
A:maj [1, 4, 9] 9 4 
B:min [2, 6, 11] 11 2 
E:maj [4, 8, 11] 4 2 
A:maj [1, 4, 9] 9 2 
F#:min [1, 6, 9] 6 2 
B:min [2, 6, 11] 11 2 
E:maj [4, 8, 11] 4 2 
A:maj [1, 4, 9] 9 2 
E:maj [4, 8, 11] 4 2 
D:maj [2, 6, 9] 2 2 
E:maj [4, 8, 11] 4 4 
C#:min7 [1, 4, 8, 11] 1 2 
B:min [2, 6, 11] 11 2 
E:maj [4, 8, 11] 4 2 
A:maj [1, 4, 9] 9 4 
F#:min [1, 6, 9] 6 2 
A:maj [1, 4, 9] 9 2 
E:maj [4, 8, 11] 4 4 
F#:min [1, 6, 9] 6 2 
A:maj [1, 4, 9] 9 2 
E:maj [4, 8, 11] 4 4 
D:maj [2, 6, 9] 2 4 
C#:min [1, 4, 8] 1 4 
B:min [2, 6, 11] 11 2 
E:maj [4, 8, 11] 4 2 
A:maj [1, 4, 9] 9 4 
B:min [2, 6, 11] 11 2 
E:maj [4, 8, 11] 4 2 
A:maj [1, 4, 9] 9 2 
F#:min [1, 6, 9] 6 2 
B:min [2, 6, 11] 11 2 
E:maj [4, 8, 11] 4 2 
A:maj [1, 4, 9] 9 2 
E:maj [4, 8, 11] 4 2 
D:maj [2, 6, 9] 2 2 
E:maj [4, 8, 11] 4 3 
E:7 [2, 4, 8, 11] 4 1 
C#:min7 [1, 4, 8, 11] 1 2 
B:min [2, 6, 11] 11 2 
E:maj [4, 8, 11] 4 2 
A:maj [1, 4, 9] 9 6 
F#:min [1, 6, 9] 6 2 
C#:min [1, 4, 8] 1 2 
F#:min [1, 6, 9] 6 2 
D:maj [2, 6, 9] 2 2 
E:maj [4, 8, 11] 4 2 
A:maj [1, 4, 9] 9 2 
E:maj [4, 8, 11] 4 2 
A:maj [1, 4, 9] 9 2 
F#:min [1, 6, 9] 6 2 
C#:min [1, 4, 8] 1 2 
F#:min [1, 6, 9] 6 2 
D:maj [2, 6, 9] 2 2 
E:maj [4, 8, 11] 4 2 
A:maj [1, 4, 9] 9 4 
B:min [2, 6, 11] 11 2 
E:maj [4, 8, 11] 4 2 
A:maj [1, 4, 9] 9 2 
F#:min [1, 6, 9] 6 2 
B:min [2, 6, 11] 11 2 
E:maj [4, 8, 11] 4 2 
A:maj [1, 4, 9] 9 2 
E:maj [4, 8, 11] 4 2 
D:maj [2, 6, 9] 2 2 
E:maj [4, 8, 11] 4 4 
C#:min7 [1, 4, 8, 11] 1 2 
B:min [2, 6, 11] 11 2 
E:maj [4, 8, 11] 4 2 
A:maj [1, 4, 9] 9 4 
B:min [2, 6, 11] 11 2 
E:maj [4, 8, 11] 4 2 
A:maj [1, 4, 9] 9 2 
F#:min [1, 6, 9] 6 2 
B:min [2, 6, 11] 11 2 
E:maj [4, 8, 11] 4 2 
A:maj [1, 4, 9] 9 2 
E:maj [4, 8, 11] 4 2 
D:maj [2, 6, 9] 2 2 
E:maj [4, 8, 11] 4 4 
C#:min7 [1, 4, 8, 11] 1 2 
B:min [2, 6, 11] 11 2 
E:maj [4, 8, 11] 4 2 
D:maj [2, 6, 9] 2 2 
E:maj [4, 8, 11] 4 2 
A:maj [1, 4, 9] 9 2 
F#:min [1, 6, 9] 6 2 
C#:min [1, 4, 8] 1 2 
F#:min [1, 6, 9] 6 2 
D:maj [2, 6, 9] 2 2 
E:maj [4, 8, 11] 4 2 
A:maj [1, 4, 9] 9 2 
E:maj [4, 8, 11] 4 2 
A:maj [1, 4, 9] 9 2 
F#:min [1, 6, 9] 6 2 
C#:min [1, 4, 8] 1 2 
F#:min [1, 6, 9] 6 2 
D:maj [2, 6, 9] 2 2 
E:maj [4, 8, 11] 4 2 
A:maj [1, 4, 9] 9 2 
G:maj [2, 7, 11] 7 2 
C:maj [0, 4, 7] 0 2 
A:min [0, 4, 9] 9 2 
E:min [4, 7, 11] 4 2 
A:min [0, 4, 9] 9 2 
F:maj [0, 5, 9] 5 2 
G:maj [2, 7, 11] 7 2 
C:maj [0, 4, 7] 0 6 
A:min [0, 4, 9] 9 2 
E:min [4, 7, 11] 4 2 
A:min [0, 4, 9] 9 2 
F:maj [0, 5, 9] 5 2 
G:maj [2, 7, 11] 7 2 
C:maj [0, 4, 7] 0 6 
A:min [0, 4, 9] 9 2 
E:min [4, 7, 11] 4 2 
A:min [0, 4, 9] 9 2 
F:maj [0, 5, 9] 5 2 
G:maj [2, 7, 11] 7 2 
C:maj [0, 4, 7] 0 2 
