Bb:min [1, 5, 10] 10 2
F:min [0, 5, 8] 5 2
Ab:7/b7 [0, 3, 6, 8] 6 2
C#:maj7/7 [1, 5, 8, 11] 0 2
Bb:min [1, 5, 10] 10 2
F:min [0, 5, 8] 5 2
F#:maj [1, 6, 10] 6 4
C#:maj [1, 5, 8] 1 2
F:min/5 [0, 5, 8] 0 2
Bb:min [1, 5, 10] 10 1
Ab:maj [0, 3, 8] 8 1
C#:maj [1, 5, 8] 1 2
F#:maj [1, 6, 10] 6 2
C#:maj [1, 5, 8] 1 2
Eb:maj [3, 7, 10] 3 2
C:min [0, 3, 7] 0 1
F:maj [0, 5, 9] 5 1
Bb:min [1, 5, 10] 10 2
F:min/5 [0, 5, 8] 0 2
F#:maj [1, 6, 10] 6 1
Ab:maj [0, 3, 8] 8 3
Bb:min [1, 5, 10] 10 2
Bb:min7 [1, 5, 8, 10] 10 1
F#:maj/3 [1, 6, 10] 10 1
Eb:min [3, 6, 10] 3 2
F:maj [0, 5, 9] 5 2
Bb:min [1, 5, 10] 10 2
F:min [0, 5, 8] 5 2
F#:maj [1, 6, 10] 6 1
Ab:maj [0, 3, 8] 8 1
C#:maj7/7 [1, 5, 8, 11] 0 2
Bb:min [1, 5, 10] 10 2
F:min [0, 5, 8] 5 2
F#:maj [1, 6, 10] 6 1
Ab:maj [0, 3, 8] 8 1
C#:maj [1, 5, 8] 1 4
Bb:min [1, 5, 10] 10 2
F:min [0, 5, 8] 5 2
Eb:min/b3 [3, 6, 10] 6 1
Ab:maj [0, 3, 8] 8 1
C#:maj7/7 [1, 5, 8, 11] 0 2
Bb:min [1, 5, 10] 10 2
F:min [0, 5, 8] 5 2
F#:maj [1, 6, 10] 6 1
Ab:maj [0, 3, 8] 8 1
C#:maj [1, 5, 8] 1 6
F:min/5 [0, 5, 8] 0 2
Bb:min [1, 5, 10] 10 1
Ab:maj [0, 3, 8] 8 1
C#:maj [1, 5, 8] 1 2
F#:maj [1, 6, 10] 6 2
C#:maj [1, 5, 8] 1 2
Eb:min [3, 6, 10] 3 2
C:min [0, 3, 7] 0 1
F:maj [0, 5, 9] 5 1
Bb:min [1, 5, 10] 10 2
F:min [0, 5, 8] 5 2
Ab:7/b7 [0, 3, 6, 8] 6 1
Ab:maj [0, 3, 8] 8 1
C#:maj7/7 [1, 5, 8, 11] 0 2
Bb:min [1, 5, 10] 10 2
F:min [0, 5, 8] 5 1
Bb:min [1, 5, 10] 10 1
Eb:min [3, 6, 10] 3 2
F:maj [0, 5, 9] 5 2
Bb:min [1, 5, 10] 10 2
F:min [0, 5, 8] 5 2
F#:maj [1, 6, 10] 6 1
Ab:maj [0, 3, 8] 8 1
C#:maj7/7 [1, 5, 8, 11] 0 2
Bb:min [1, 5, 10] 10 2
F:min [0, 5, 8] 5 2
F#:maj [1, 6, 10] 6 1
Ab:maj [0, 3, 8] 8 2
F:maj [0, 5, 9] 5 1
Bb:min [1, 5, 10] 10 2
F:min [0, 5, 8] 5 2
F#:maj [1, 6, 10] 6 1
Ab:maj [0, 3, 8] 8 1
C#:maj7/7 [1, 5, 8, 11] 0 2
Bb:min [1, 5, 10] 10 2
F:min [0, 5, 8] 5 2
F#:maj [1, 6, 10] 6 1
Ab:maj [0, 3, 8] 8 1
C#:maj [1, 5, 8] 1 2
Bb:maj [2, 5, 10] 10 2
F:min [0, 5, 8] 5 3
Ab:maj [0, 3, 8] 8 5
C#:maj [1, 5, 8] 1 4
F#:maj [1, 6, 10] 6 2
F:7 [0, 3, 5, 9] 5 2
Bb:min [1, 5, 10] 10 4
