D:maj [2, 6, 9] 2 8 
B:min7 [2, 6, 9, 11] 11 4 
D:maj [2, 6, 9] 2 12 
G:maj [2, 7, 11] 7 4 
D:maj [2, 6, 9] 2 4 
B:min [2, 6, 11] 11 4 
A:maj [1, 4, 9] 9 3 
G:maj [2, 7, 11] 7 9 
F#:min [1, 6, 9] 6 8 
B:maj [3, 6, 11] 11 2 
D:maj/5 [2, 6, 9] 9 2 
G:maj [2, 7, 11] 7 4 
E:min [4, 7, 11] 4 4 
A:maj [1, 4, 9] 9 4 
D:maj [2, 6, 9] 2 4 
A:maj [1, 4, 9] 9 4 
D:maj [2, 6, 9] 2 16 
B:min [2, 6, 11] 11 4 
A:maj [1, 4, 9] 9 4 
G:maj [2, 7, 11] 7 8 
F#:min [1, 6, 9] 6 8 
B:maj [3, 6, 11] 11 2 
A:maj [1, 4, 9] 9 2 
G:maj [2, 7, 11] 7 4 
E:min [4, 7, 11] 4 8 
A:maj [1, 4, 9] 9 8 
D:maj [2, 6, 9] 2 4 
D:maj7 [0, 2, 6, 9] 2 4 
B:min [2, 6, 11] 11 8 
G:maj [2, 7, 11] 7 4 
F#:min [1, 6, 9] 6 4 
E:min [4, 7, 11] 4 4 
A:maj [1, 4, 9] 9 4 
D:maj [2, 6, 9] 2 8 
B:min [2, 6, 11] 11 8 
G:maj [2, 7, 11] 7 4 
F#:min [1, 6, 9] 6 2 
B:min [2, 6, 11] 11 2 
E:min [4, 7, 11] 4 4 
A:maj [1, 4, 9] 9 4 
B:min [2, 6, 11] 11 4 
G:maj [2, 7, 11] 7 4 
D:maj [2, 6, 9] 2 8 
F#:min [1, 6, 9] 6 4 
G:maj [2, 7, 11] 7 4 
A:maj [1, 4, 9] 9 8 
D:maj [2, 6, 9] 2 16 
B:min [2, 6, 11] 11 4 
A:maj [1, 4, 9] 9 4 
G:maj [2, 7, 11] 7 8 
F#:min [1, 6, 9] 6 8 
B:min [2, 6, 11] 11 2 
A:maj [1, 4, 9] 9 2 
G:maj [2, 7, 11] 7 4 
E:min [4, 7, 11] 4 8 
A:maj [1, 4, 9] 9 12 
D:maj [2, 6, 9] 2 8 
B:min [2, 6, 11] 11 8 
G:maj [2, 7, 11] 7 4 
F#:min [1, 6, 9] 6 4 
E:min [4, 7, 11] 4 4 
A:maj [1, 4, 9] 9 4 
D:maj [2, 6, 9] 2 8 
B:min [2, 6, 11] 11 8 
G:maj [2, 7, 11] 7 4 
F#:min [1, 6, 9] 6 4 
E:min [4, 7, 11] 4 4 
A:maj [1, 4, 9] 9 4 
B:min [2, 6, 11] 11 8 
F#:min [1, 6, 9] 6 8 
G:maj [2, 7, 11] 7 4 
F#:min [1, 6, 9] 6 2 
B:min [2, 6, 11] 11 2 
E:min [4, 7, 11] 4 4 
A:maj [1, 4, 9] 9 4 
B:min [2, 6, 11] 11 8 
G:maj [2, 7, 11] 7 8 
B:min [2, 6, 11] 11 8 
G:maj [2, 7, 11] 7 8 
D:maj [2, 6, 9] 2 16 
