0 62
57 2
64 2
62 1
0 1
62 2
57 2
64 2
62 1
0 1
62 2
57 2
66 2
64 1
0 1
62 2
66 1
0 1
64 2
0 1
62 4
0 1
57 2
0 1
55 12
0 15
57 2
0 2
66 1
0 1
66 1
0 1
66 1
0 1
66 1
0 1
64 1
0 1
66 1
0 1
62 1
0 1
57 2
66 1
0 1
66 1
0 1
66 1
0 1
66 2
0 1
64 2
0 3
62 2
0 1
64 9
0 14
62 2
61 2
62 2
64 1
0 1
57 1
0 1
57 2
64 2
64 3
0 1
66 2
57 3
0 1
54 1
0 1
57 1
0 1
66 2
64 2
0 2
69 2
0 2
66 2
0 2
62 2
0 2
64 2
0 2
59 2
62 9
0 3
62 1
0 1
62 1
0 1
54 1
0 1
55 1
0 1
62 1
0 1
62 1
0 1
62 2
0 2
55 3
0 1
54 1
0 1
55 2
62 1
0 1
62 1
0 1
62 2
0 2
55 2
0 2
57 1
0 1
54 15
0 15
57 2
64 2
62 1
0 1
62 2
57 2
64 2
62 1
0 1
62 2
57 2
66 2
64 1
0 1
62 2
66 1
0 1
64 2
0 1
62 4
0 1
57 2
0 1
59 12
0 15
57 2
64 1
0 1
66 1
0 1
66 1
0 1
66 1
0 1
66 1
0 1
64 1
0 1
66 1
0 1
57 2
64 1
0 1
66 1
0 1
66 1
0 1
66 1
0 1
69 2
0 2
66 3
0 1
62 2
0 1
64 11
0 12
62 2
61 2
62 2
64 1
0 1
57 1
0 1
57 2
64 2
64 3
0 1
66 2
57 3
0 1
54 1
0 1
57 1
0 1
66 2
64 2
0 2
69 2
0 2
66 2
0 2
62 2
64 6
59 2
62 9
0 3
66 1
0 1
66 1
0 1
66 1
0 1
66 1
0 1
64 1
0 1
64 1
0 1
62 1
0 1
64 2
0 2
66 2
59 7
0 9
69 1
0 1
69 1
0 1
66 1
0 1
64 1
0 1
62 1
0 1
66 3
0 1
69 1
0 1
64 6
0 2
57 1
0 1
66 1
0 1
69 1
0 1
62 2
66 4
0 2
66 1
0 1
64 2
66 2
69 2
0 2
57 4
0 4
57 1
0 1
66 1
0 1
69 1
0 1
62 2
66 3
0 3
66 2
64 1
0 1
66 2
69 2
0 2
66 7
0 1
62 1
0 1
69 1
0 1
71 1
0 1
69 1
0 1
71 4
0 4
69 1
0 1
71 1
0 1
62 1
0 1
66 2
69 4
0 4
57 1
0 1
66 1
0 1
69 1
0 1
62 1
0 1
64 2
0 4
64 1
0 1
59 1
0 1
66 2
0 1
64 1
0 2
64 7
0 1
57 1
0 1
66 1
0 1
69 1
0 1
62 1
0 1
66 6
66 1
0 1
64 1
0 1
66 2
69 2
0 2
57 5
0 3
57 1
0 1
66 1
0 1
69 1
0 1
62 1
0 1
66 4
0 2
66 1
0 1
64 1
0 1
66 2
0 1
69 1
0 2
66 6
0 2
62 1
0 1
69 1
0 1
71 1
0 1
69 1
0 1
71 5
0 3
69 1
0 1
71 2
0 1
73 2
74 1
0 2
62 4
0 2
57 1
0 1
66 2
0 1
69 1
0 2
62 1
0 1
64 2
0 1
62 1
59 6
0 6
62 2
0 1
59 2
0 1
66 5
0 1
62 1
0 1
62 13
0 117
64 2
62 1
0 1
62 2
57 2
64 2
62 1
0 1
62 2
57 2
66 2
64 1
0 1
62 2
66 1
0 1
64 2
0 1
62 4
0 1
57 2
0 1
59 12
0 15
57 2
64 1
0 1
66 1
0 1
66 1
0 1
66 1
0 1
66 1
0 1
64 1
0 1
66 1
0 1
57 2
64 1
0 1
66 1
0 1
66 1
0 1
66 1
0 1
69 2
0 2
66 3
0 1
62 2
0 1
64 11
0 12
62 2
61 2
62 2
64 1
0 1
57 1
0 1
57 2
64 2
64 3
0 1
66 2
57 3
0 1
54 1
0 1
57 1
0 1
66 2
64 2
0 2
69 2
0 2
66 2
0 2
62 2
64 6
59 2
62 9
0 3
66 1
0 1
66 1
0 1
66 1
0 1
66 1
0 1
64 1
0 1
64 1
0 1
62 1
0 1
64 2
0 2
66 2
59 7
0 9
69 1
0 1
69 1
0 1
66 1
0 1
64 1
0 1
62 1
0 1
66 3
0 1
69 1
0 1
64 6
0 18
57 1
0 1
66 1
0 1
69 1
0 1
62 2
66 4
0 2
66 1
0 1
64 2
66 2
69 2
0 2
57 4
0 4
57 1
0 1
66 1
0 1
69 1
0 1
62 2
66 3
0 3
66 2
64 1
0 1
66 2
69 2
0 2
66 7
0 1
62 1
0 1
69 1
0 1
71 1
0 1
69 1
0 1
71 4
0 4
69 1
0 1
71 1
0 1
62 1
0 1
66 2
69 4
0 4
57 1
0 1
66 1
0 1
69 1
0 1
62 1
0 1
64 2
0 4
64 1
0 1
59 1
0 1
66 2
0 1
64 1
0 2
64 7
0 1
57 1
0 1
66 1
0 1
69 1
0 1
62 1
0 1
66 6
66 1
0 1
64 1
0 1
66 2
69 2
0 2
57 5
0 3
57 1
0 1
66 1
0 1
69 1
0 1
62 1
0 1
66 4
0 2
66 1
0 1
64 1
0 1
66 2
0 1
69 1
0 2
66 6
0 2
62 1
0 1
69 1
0 1
71 1
0 1
69 1
0 1
71 5
0 3
69 1
0 1
71 2
0 1
73 2
0 1
74 1
0 1
62 4
0 2
57 1
0 1
66 2
0 1
69 1
0 2
62 1
0 1
64 2
0 1
62 1
59 6
0 6
62 2
0 1
59 2
0 3
66 1
0 1
69 1
0 1
62 2
66 4
0 2
66 1
0 1
64 2
66 2
69 2
0 2
57 4
0 4
57 1
0 1
66 1
0 1
69 1
0 1
62 2
66 3
0 3
66 2
64 1
0 1
66 2
69 2
0 2
66 7
0 1
62 1
0 1
69 1
0 1
71 1
0 1
69 1
0 1
71 4
0 4
69 1
0 1
71 2
0 1
73 2
0 1
74 1
0 1
62 4
0 2
57 1
0 1
66 2
0 1
69 1
0 2
62 1
0 1
64 2
0 1
62 1
59 6
0 6
62 2
0 1
59 2
0 1
66 5
0 1
62 1
0 1
62 13
0 53
74 5
0 1
73 6
69 10
0 8
67 1
66 1
67 16
