0 290
70 2
69 2
69 2
69 2
69 2
69 2
67 2
69 4
70 2
69 4
67 4
67 4
65 2
65 2
65 2
65 2
65 2
65 2
63 2
65 4
67 2
65 4
63 4
63 4
62 2
62 2
60 2
60 6
70 4
69 4
70 4
69 4
67 36
69 2
69 2
69 2
69 2
69 2
69 2
67 2
69 4
70 2
69 4
67 4
67 4
65 2
65 2
65 2
65 2
65 2
65 2
63 2
65 4
67 2
65 4
63 4
63 4
62 2
62 2
60 2
60 6
70 4
69 4
70 4
69 4
67 30
67 2
70 2
74 8
72 8
67 6
70 2
70 8
74 8
72 8
67 6
74 2
74 6
74 2
74 2
72 2
72 2
70 2
70 6
72 2
72 2
70 2
70 2
69 2
69 4
67 2
69 26
67 3
70 3
74 2
79 12
81 2
81 10
77 3
72 3
69 2
72 10
77 4
74 10
67 3
70 3
74 2
79 10
74 4
70 2
72 8
72 2
77 4
72 2
72 4
74 2
74 18
67 3
70 3
74 2
79 10
81 4
81 1
82 1
81 8
77 3
72 2
69 3
72 10
77 4
74 3
72 1
70 6
67 3
70 2
74 3
79 10
74 6
72 8
72 3
77 3
72 2
72 4
74 2
74 24
74 2
72 2
70 12
74 2
72 2
70 6
74 2
69 6
69 2
67 28
74 2
72 2
70 12
74 2
72 2
70 6
74 2
69 6
69 6
67 26
0 194
70 2
69 2
69 2
69 2
69 4
67 4
70 2
69 3
69 3
67 4
67 4
65 2
65 2
65 2
65 2
65 2
65 2
63 2
65 4
67 2
65 4
63 5
63 3
62 2
62 2
60 2
60 6
70 4
69 4
70 4
69 4
67 36
69 2
69 2
69 2
69 2
69 2
69 2
67 2
69 4
74 2
69 4
67 4
67 4
65 2
65 2
65 2
65 2
65 2
65 2
63 2
65 4
67 2
65 4
63 4
63 4
62 2
62 2
60 2
60 6
70 4
69 4
70 4
69 4
67 28
67 2
70 4
74 8
72 8
67 6
70 2
70 8
74 8
72 8
67 6
74 2
74 6
74 2
74 2
72 2
72 2
70 2
70 6
72 2
72 2
70 2
70 2
69 2
69 2
67 2
70 2
69 3
70 1
69 22
67 2
70 4
74 2
79 12
81 2
81 10
77 2
72 3
69 3
72 10
77 4
74 10
67 3
70 3
74 2
79 10
74 3
70 3
72 8
72 3
77 3
72 2
72 4
74 2
74 18
67 3
70 3
74 2
79 11
81 4
81 1
82 1
81 7
77 3
72 2
69 3
72 10
77 4
74 3
72 1
70 6
67 3
70 3
74 2
79 10
74 6
72 8
72 3
77 3
72 2
72 3
74 3
74 24
74 2
72 2
70 12
74 2
72 2
70 5
74 3
69 6
69 6
67 18
67 3
70 3
74 2
79 12
81 2
81 10
77 2
72 3
69 3
72 10
77 4
74 10
67 3
70 3
74 2
79 10
74 3
70 3
72 8
72 3
77 3
72 2
72 4
74 2
74 18
67 3
70 3
74 2
79 10
81 4
81 1
82 1
81 8
77 3
72 2
69 3
72 10
77 4
74 3
72 1
70 6
67 3
70 3
74 2
79 10
74 6
72 8
72 3
77 3
72 2
72 3
74 3
74 24
74 2
72 2
70 12
74 2
72 2
70 6
74 2
69 6
69 6
67 18
67 6
74 2
72 2
70 12
74 2
72 2
74 6
74 4
70 4
69 14
70 1
69 3
67 14
