F:maj/5 [0, 5, 9] 0 5
C:sus2 [0, 2, 7] 0 2
F:maj/5 [0, 5, 9] 0 5
F:sus4 [0, 5, 10] 5 2
C:maj/5 [0, 4, 7] 7 4
F:maj [0, 5, 9] 5 2
D:min/b3 [2, 5, 9] 5 2
D:min [2, 5, 9] 2 1
G:min [2, 7, 10] 7 1
F:maj [0, 5, 9] 5 3
C:maj7 [0, 4, 7, 10] 0 1
F:maj [0, 5, 9] 5 3
C:maj [0, 4, 7] 0 1
F:maj/5 [0, 5, 9] 0 4
F:maj [0, 5, 9] 5 1
D:min [2, 5, 9] 2 2
G:min7/b7 [2, 5, 7, 10] 5 1
F:maj [0, 5, 9] 5 1
D:min7 [0, 2, 5, 9] 2 2
G:min [2, 7, 10] 7 1
C:maj [0, 4, 7] 0 3
F:maj/5 [0, 5, 9] 0 11
C:sus4 [0, 5, 7] 0 2
F:maj/5 [0, 5, 9] 0 2
F:maj7/5 [0, 3, 5, 9] 0 2
F:sus4 [0, 5, 10] 5 2
C:maj/5 [0, 4, 7] 7 4
F:maj [0, 5, 9] 5 3
D:min/b3 [2, 5, 9] 5 1
G:min [2, 7, 10] 7 2
F:maj [0, 5, 9] 5 3
C:maj7 [0, 4, 7, 10] 0 1
F:maj [0, 5, 9] 5 3
C:maj [0, 4, 7] 0 1
F:maj/5 [0, 5, 9] 0 4
F:maj [0, 5, 9] 5 1
D:min [2, 5, 9] 2 2
G:min7/b7 [2, 5, 7, 10] 5 1
F:maj [0, 5, 9] 5 1
D:min7 [0, 2, 5, 9] 2 2
G:min [2, 7, 10] 7 2
C:maj [0, 4, 7] 0 1
F:maj/5 [0, 5, 9] 0 4
C:maj [0, 4, 7] 0 2
F:maj [0, 5, 9] 5 2
