0 32
69 1
0 1
72 1
0 1
67 1
0 1
67 1
0 1
65 5
0 3
69 1
0 1
69 1
72 1
74 1
0 1
74 1
0 1
72 5
0 3
67 2
69 1
0 1
72 1
0 1
74 1
0 1
69 1
0 1
67 1
0 1
69 2
0 2
72 1
0 1
62 1
0 1
72 1
0 1
69 1
0 1
67 5
0 3
69 1
0 2
69 1
69 1
0 1
67 1
0 1
65 1
0 1
62 1
0 1
60 2
0 2
69 2
0 1
69 1
69 1
0 1
67 1
0 1
65 1
0 1
62 1
0 1
60 1
0 3
60 1
0 1
62 1
0 1
65 1
0 1
67 1
0 1
69 6
0 2
72 1
0 1
69 1
72 1
74 1
0 1
74 1
0 1
72 1
0 1
69 1
0 1
67 1
0 3
72 1
0 1
69 1
72 1
74 1
0 1
74 1
0 1
72 1
0 1
69 1
0 1
67 1
0 3
60 1
0 1
69 1
0 1
69 1
0 1
67 1
0 1
65 5
0 3
69 5
0 1
72 1
0 1
67 3
0 1
67 3
0 1
65 8
0 24
69 1
0 1
72 1
0 1
67 1
0 1
67 1
0 1
65 5
0 3
69 1
0 1
69 1
72 1
74 1
0 1
74 1
0 1
72 5
0 3
67 2
69 1
0 1
72 1
0 1
74 1
0 1
69 1
0 1
67 1
0 1
69 2
0 2
72 1
0 1
62 1
0 1
72 1
0 1
69 1
0 1
67 5
0 3
69 1
0 2
69 1
69 1
0 1
67 1
0 1
65 1
0 1
62 1
0 1
60 2
0 2
69 2
0 1
69 1
69 1
0 1
67 1
0 1
65 1
0 1
62 1
0 1
60 1
0 3
60 1
0 1
62 1
0 1
65 1
0 1
67 1
0 1
69 6
0 2
72 1
0 1
69 1
72 1
74 1
0 1
74 1
0 1
72 1
0 1
69 1
0 1
67 1
0 3
72 1
0 1
69 1
72 1
74 1
0 1
74 1
0 1
72 1
0 1
69 1
0 1
67 1
0 3
60 1
0 1
69 1
0 1
69 1
0 1
67 1
0 1
65 5
0 3
69 5
0 1
72 1
0 1
67 3
0 1
67 3
0 1
65 8
