F:min [0, 5, 8] 5 4
F:min9 [0, 3, 5, 7, 8] 5 4
F:min [0, 5, 8] 5 4
Eb:maj [3, 7, 10] 3 4
F:min [0, 5, 8] 5 4
Eb:maj [3, 7, 10] 3 4
F:maj [0, 5, 9] 5 4
Eb:maj [3, 7, 10] 3 4
F:min9 [0, 3, 5, 7, 8] 5 4
Eb:maj [3, 7, 10] 3 4
Bb:min [1, 5, 10] 10 4
F:min [0, 5, 8] 5 4
Eb:maj [3, 7, 10] 3 4
C#:maj [1, 5, 8] 1 4
C#:maj7 [1, 5, 8, 11] 1 2
Eb:maj [3, 7, 10] 3 2
C#:maj [1, 5, 8] 1 2
C:maj [0, 4, 7] 0 2
F:min [0, 5, 8] 5 2
C#:maj [1, 5, 8] 1 2
Ab:maj [0, 3, 8] 8 2
Eb:maj [3, 7, 10] 3 1
C:maj [0, 4, 7] 0 1
F:min [0, 5, 8] 5 2
Eb:maj [3, 7, 10] 3 2
C#:maj [1, 5, 8] 1 1
C#:maj7 [1, 5, 8, 11] 1 1
C:maj [0, 4, 7] 0 2
F:min [0, 5, 8] 5 2
Eb:maj [3, 7, 10] 3 2
C#:maj [1, 5, 8] 1 4
F:min [0, 5, 8] 5 13
C:min [0, 3, 7] 0 2
Ab:maj/2 [0, 3, 8] 10 1
F:min [0, 5, 8] 5 4
Eb:maj [3, 7, 10] 3 4
F:min [0, 5, 8] 5 4
Eb:maj [3, 7, 10] 3 4
F:min [0, 5, 8] 5 4
Eb:maj [3, 7, 10] 3 4
Bb:min [1, 5, 10] 10 4
F:min [0, 5, 8] 5 4
Eb:maj [3, 7, 10] 3 4
C#:maj [1, 5, 8] 1 2
F:min [0, 5, 8] 5 4
Eb:maj [3, 7, 10] 3 2
C#:maj [1, 5, 8] 1 2
C:maj [0, 4, 7] 0 2
F:min [0, 5, 8] 5 2
C#:maj [1, 5, 8] 1 2
Ab:maj [0, 3, 8] 8 2
Eb:maj [3, 7, 10] 3 1
C:maj [0, 4, 7] 0 1
F:min [0, 5, 8] 5 2
Eb:maj [3, 7, 10] 3 2
C#:maj [1, 5, 8] 1 1
Eb:maj [3, 7, 10] 3 1
C:maj [0, 4, 7] 0 2
F:min [0, 5, 8] 5 2
Eb:maj [3, 7, 10] 3 2
C#:maj [1, 5, 8] 1 4
F:min [0, 5, 8] 5 4
Eb:maj [3, 7, 10] 3 4
C#:maj [1, 5, 8] 1 4
C:maj [0, 4, 7] 0 4
F:min [0, 5, 8] 5 2
Eb:maj [3, 7, 10] 3 2
C#:maj [1, 5, 8] 1 2
C:maj [0, 4, 7] 0 2
F:min [0, 5, 8] 5 2
C#:maj [1, 5, 8] 1 2
Ab:maj [0, 3, 8] 8 2
Eb:maj [3, 7, 10] 3 1
C:maj [0, 4, 7] 0 1
F:min [0, 5, 8] 5 2
Eb:maj [3, 7, 10] 3 2
C#:maj [1, 5, 8] 1 1
Eb:maj [3, 7, 10] 3 1
C:maj [0, 4, 7] 0 2
F:min [0, 5, 8] 5 2
Eb:maj [3, 7, 10] 3 2
C#:maj [1, 5, 8] 1 6
F:min [0, 5, 8] 5 4
F:min9 [0, 3, 5, 7, 8] 5 4
F:min [0, 5, 8] 5 8
