0 64
63 2
61 2
63 2
61 2
63 2
66 2
66 18
56 2
59 6
61 4
59 20
59 2
59 2
61 2
63 2
59 8
56 2
59 2
61 2
63 2
59 6
56 4
61 6
63 24
54 2
63 2
61 2
63 2
61 2
63 2
66 2
66 18
54 2
59 6
61 4
59 20
59 2
59 2
61 2
63 2
59 8
54 2
59 2
61 2
63 2
59 4
54 4
66 4
63 10
64 4
66 6
66 2
75 3
73 3
71 4
71 4
71 4
71 2
68 2
66 2
78 3
80 3
80 6
71 2
73 2
75 2
78 4
78 4
71 4
73 22
71 2
71 2
71 2
71 2
68 2
66 2
78 3
80 3
80 4
71 2
71 2
73 2
75 2
78 4
71 2
78 2
75 2
73 2
73 10
75 2
73 4
71 6
71 4
71 2
71 2
68 2
66 2
78 2
80 8
71 2
71 2
73 2
75 2
78 4
78 2
78 4
71 2
73 12
73 2
75 2
71 6
71 2
71 2
71 6
68 2
78 2
80 4
80 6
71 2
75 4
78 4
78 4
75 4
73 18
0 64
63 2
61 2
63 2
61 2
63 2
66 2
66 18
56 2
59 6
61 4
59 20
59 2
59 2
61 2
63 2
59 8
56 2
59 2
61 2
63 2
59 6
56 4
61 6
63 24
54 2
63 2
61 2
63 2
61 2
63 2
66 2
66 18
54 2
59 6
61 4
59 20
59 2
59 2
61 2
63 2
59 8
54 2
59 2
61 2
63 2
59 4
66 4
63 24
66 2
75 3
73 3
71 4
71 4
71 4
71 2
68 2
66 2
78 3
80 3
80 6
71 2
73 2
75 2
78 4
78 2
78 2
71 4
73 22
71 2
71 2
71 2
71 2
68 2
66 2
78 3
80 3
80 4
71 2
71 2
73 2
75 2
78 4
71 2
78 2
75 2
73 2
73 10
75 2
73 4
71 6
71 4
71 2
71 2
68 2
66 2
78 2
80 8
71 2
71 2
73 2
75 2
78 4
78 2
78 4
71 2
73 12
73 2
75 2
71 6
71 2
71 2
71 6
68 2
78 2
80 4
80 6
71 2
75 4
78 4
78 4
75 4
73 25
0 111
66 2
75 3
73 3
71 4
71 4
71 4
71 2
68 2
66 2
78 3
80 3
80 6
71 2
73 2
75 2
78 4
78 4
71 4
73 22
71 2
71 2
71 2
71 2
68 2
66 2
78 3
80 3
80 4
71 2
71 2
73 2
75 2
78 4
71 2
78 2
75 2
73 2
73 10
75 2
73 4
71 6
71 4
71 2
71 2
68 2
66 2
78 2
80 8
71 2
71 2
73 2
75 2
78 4
78 2
78 4
71 2
73 12
73 2
75 2
71 6
71 2
71 2
71 6
68 2
78 2
80 4
80 4
71 4
73 2
75 2
78 4
78 4
75 4
73 18
0 64
63 2
61 2
63 2
61 2
63 2
66 2
66 18
56 2
59 6
61 4
59 20
59 2
59 2
61 2
63 2
59 8
56 2
59 2
61 2
63 2
59 6
56 4
61 6
63 10
