0 128
70 2
77 1
77 1
77 2
73 2
75 2
73 1
70 3
0 2
68 2
65 2
68 1
72 3
70 7
0 1
70 2
77 1
0 1
77 2
73 2
75 2
73 1
72 1
70 3
0 1
75 4
80 2
82 2
80 1
77 4
0 1
77 1
80 1
82 1
0 1
82 1
82 1
82 3
80 1
82 2
85 3
0 3
80 6
82 1
80 1
77 5
0 1
70 1
73 1
75 1
75 1
75 1
75 1
75 2
73 1
75 2
0 1
75 1
75 1
75 2
73 2
77 11
0 5
70 2
77 1
77 1
77 2
73 2
75 2
73 1
72 1
70 3
70 1
68 2
65 2
68 1
0 1
70 1
72 1
70 7
0 1
70 2
77 1
77 2
73 2
0 1
75 2
73 1
72 1
70 3
75 4
80 2
0 1
82 2
80 2
77 4
77 1
80 1
82 1
82 1
82 1
82 1
82 3
80 1
82 2
85 3
0 3
80 6
82 1
80 1
77 5
0 1
70 1
73 1
75 1
75 1
75 1
73 1
75 1
75 2
77 1
80 2
77 1
75 3
73 2
70 11
0 3
77 1
80 1
82 1
82 1
0 1
82 4
80 1
82 2
85 3
0 1
80 1
82 1
80 1
80 1
80 1
77 1
75 3
73 1
77 4
0 2
70 1
73 1
75 2
75 1
75 1
75 3
73 1
75 2
77 2
75 3
0 1
75 1
75 1
75 1
75 1
75 3
73 1
77 5
0 1
77 1
80 1
82 1
82 1
82 1
82 1
82 2
80 2
82 2
85 4
80 1
80 1
0 1
80 1
80 1
77 1
75 2
73 2
77 5
70 1
0 1
73 1
75 1
75 1
75 1
75 1
75 2
75 1
73 1
75 1
77 1
75 3
0 1
75 1
77 1
80 1
80 1
80 1
77 1
75 1
0 1
75 1
73 1
70 8
0 144
70 2
77 1
77 1
77 2
73 2
75 2
73 1
72 1
70 3
70 1
68 2
65 2
68 1
0 1
70 1
70 7
0 2
70 2
77 1
77 2
73 2
0 1
75 2
73 1
72 1
70 3
75 4
80 2
0 1
82 2
80 2
77 4
77 1
80 1
82 1
82 1
82 1
82 1
82 3
80 1
82 2
85 3
0 3
80 6
82 1
80 1
77 5
0 1
70 1
73 1
75 1
75 1
75 1
73 1
75 1
75 2
77 1
80 2
77 1
75 3
73 2
70 11
0 3
77 1
80 1
82 2
82 1
82 4
80 1
82 2
85 3
0 1
80 1
82 1
80 1
80 1
80 1
77 1
75 3
73 1
77 4
0 2
70 1
73 1
75 2
75 1
75 1
75 3
73 1
75 2
77 2
75 3
0 1
75 1
75 1
75 1
75 1
75 3
73 1
77 5
0 1
77 1
80 1
82 1
82 1
0 1
82 1
82 2
80 2
82 2
85 4
80 1
80 1
0 1
80 1
80 1
77 1
75 2
73 2
77 5
70 1
0 1
73 1
75 1
75 1
75 1
75 1
75 2
75 1
73 1
75 1
77 1
75 3
0 1
75 1
77 1
80 1
80 1
80 1
77 1
75 1
0 1
75 1
73 1
70 8
82 2
82 1
82 4
80 1
82 2
85 3
0 1
80 1
82 1
80 1
80 1
80 1
77 1
75 3
73 1
77 4
0 2
70 1
73 1
75 2
75 1
75 1
75 3
73 1
75 2
77 2
75 3
0 1
75 1
75 1
75 1
75 1
75 3
73 1
77 5
0 1
77 1
80 1
82 1
82 1
82 1
82 1
82 2
80 2
82 2
85 4
80 1
82 1
80 1
80 1
80 1
77 1
75 2
73 2
77 6
70 1
73 1
75 1
75 1
75 1
75 1
75 2
75 1
73 1
75 1
77 1
75 3
0 1
75 1
77 1
80 1
80 1
80 1
77 1
75 1
0 1
75 1
73 1
70 6
70 1
73 1
75 1
75 1
75 1
75 1
75 2
75 1
73 1
75 1
77 1
75 3
0 1
75 1
80 1
0 1
80 1
0 1
80 3
77 5
0 1
75 4
77 2
73 2
0 1
70 9
