B:min [2, 6, 11] 11 8 
A:maj [1, 4, 9] 9 8 
B:min [2, 6, 11] 11 8 
A:maj [1, 4, 9] 9 8 
D:maj [2, 6, 9] 2 4 
A:maj/3 [1, 4, 9] 1 4 
B:min [2, 6, 11] 11 8 
D:maj [2, 6, 9] 2 4 
A:maj/3 [1, 4, 9] 1 4 
B:min [2, 6, 11] 11 8 
G:maj [2, 7, 11] 7 16 
A:maj [1, 4, 9] 9 16 
D:maj [2, 6, 9] 2 4 
A:maj/3 [1, 4, 9] 1 3 
B:sus2 [1, 6, 11] 11 1 
B:min7 [2, 6, 9, 11] 11 7 
B:min [2, 6, 11] 11 1 
D:maj [2, 6, 9] 2 4 
A:maj/3 [1, 4, 9] 1 4 
B:min [2, 6, 11] 11 8 
G:maj [2, 7, 11] 7 14 
A:maj [1, 4, 9] 9 18 
D:maj [2, 6, 9] 2 4 
A:maj/3 [1, 4, 9] 1 4 
B:min7 [2, 6, 9, 11] 11 4 
F#:min7 [1, 4, 6, 9] 6 4 
G:maj [2, 7, 11] 7 4 
A:maj [1, 4, 9] 9 3 
B:min [2, 6, 11] 11 5 
B:sus2 [1, 6, 11] 11 2 
B:min [2, 6, 11] 11 2 
D:maj [2, 6, 9] 2 4 
A:maj [1, 4, 9] 9 4 
E:min7 [2, 4, 7, 11] 4 4 
B:min [2, 6, 11] 11 4 
G:maj [2, 7, 11] 7 4 
A:maj [1, 4, 9] 9 4 
B:min [2, 6, 11] 11 8 
G:maj [2, 7, 11] 7 2 
A:maj [1, 4, 9] 9 6 
D:sus2 [2, 4, 9] 2 3 
D:maj [2, 6, 9] 2 1 
A:maj/3 [1, 4, 9] 1 4 
B:min7 [2, 6, 9, 11] 11 3 
B:min [2, 6, 11] 11 5 
D:maj [2, 6, 9] 2 4 
A:maj/3 [1, 4, 9] 1 4 
B:min [2, 6, 11] 11 8 
G:maj [2, 7, 11] 7 16 
A:sus2 [4, 9, 11] 9 2 
A:maj [1, 4, 9] 9 2 
A:maj6 [1, 4, 6, 9] 9 11 
A:maj [1, 4, 9] 9 1 
D:maj [2, 6, 9] 2 4 
A:maj/3 [1, 4, 9] 1 4 
B:min7 [2, 6, 9, 11] 11 4 
F#:min7 [1, 4, 6, 9] 6 4 
G:maj [2, 7, 11] 7 4 
A:maj [1, 4, 9] 9 4 
B:min [2, 6, 11] 11 4 
B:sus2 [1, 6, 11] 11 2 
B:min [2, 6, 11] 11 2 
D:maj [2, 6, 9] 2 4 
A:maj/3 [1, 4, 9] 1 3 
E:min7 [2, 4, 7, 11] 4 5 
B:min [2, 6, 11] 11 4 
G:maj [2, 7, 11] 7 4 
A:maj [1, 4, 9] 9 4 
G:maj7 [2, 5, 7, 11] 7 7 
D:maj [2, 6, 9] 2 9 
G:maj7 [2, 5, 7, 11] 7 8 
D:maj7 [0, 2, 6, 9] 2 8 
G:maj7 [2, 5, 7, 11] 7 8 
F#:min7 [1, 4, 6, 9] 6 6 
F#:min [1, 6, 9] 6 2 
E:min7 [2, 4, 7, 11] 4 8 
A:sus4(b7) [2, 4, 9] 9 12 
D:maj [2, 6, 9] 2 4 
A:maj/3 [1, 4, 9] 1 4 
B:min7 [2, 6, 9, 11] 11 4 
F#:min7 [1, 4, 6, 9] 6 4 
G:maj [2, 7, 11] 7 4 
A:maj [1, 4, 9] 9 4 
B:min [2, 6, 11] 11 4 
B:sus2 [1, 6, 11] 11 2 
B:min [2, 6, 11] 11 2 
D:maj [2, 6, 9] 2 4 
A:maj/3 [1, 4, 9] 1 4 
E:min7 [2, 4, 7, 11] 4 4 
B:min [2, 6, 11] 11 4 
G:maj [2, 7, 11] 7 4 
A:maj [1, 4, 9] 9 3 
C#:min7/b7 [1, 4, 8, 11] 11 6 
A:maj [1, 4, 9] 9 2 
B:min [2, 6, 11] 11 1 
D:maj [2, 6, 9] 2 4 
A:maj/3 [1, 4, 9] 1 4 
E:min7 [2, 4, 7, 11] 4 4 
B:min [2, 6, 11] 11 4 
G:maj [2, 7, 11] 7 4 
A:maj [1, 4, 9] 9 4 
B:sus4 [4, 6, 11] 11 8 
G:maj7 [2, 5, 7, 11] 7 4 
A:maj [1, 4, 9] 9 4 
B:min [2, 6, 11] 11 8 
G:maj [2, 7, 11] 7 8 
B:min [2, 6, 11] 11 8 
A:maj [1, 4, 9] 9 8 
B:min7 [2, 6, 9, 11] 11 5 
