0 66
76 2
76 1
0 1
76 1
0 1
76 1
0 1
76 1
0 1
76 1
0 1
76 1
0 1
75 2
71 2
71 2
76 4
0 2
71 2
76 4
0 2
76 1
0 1
76 1
0 1
76 2
75 2
73 2
71 10
0 4
75 2
76 3
0 1
76 1
0 1
76 1
0 1
76 1
0 1
76 2
78 2
76 2
80 4
78 1
0 1
80 2
0 1
73 6
0 1
73 1
75 1
76 1
0 1
76 1
0 1
76 1
0 1
76 3
0 1
76 1
0 1
78 2
76 1
0 1
78 14
0 4
76 2
76 1
0 1
76 1
0 1
76 1
0 1
76 1
0 1
76 1
0 1
76 1
0 1
75 2
71 2
71 2
76 4
0 2
71 2
76 4
0 2
76 1
0 1
76 1
0 1
76 2
75 2
73 2
71 10
0 4
75 4
0 2
76 1
0 1
76 1
0 1
76 1
0 1
76 2
78 2
76 2
80 4
78 1
0 1
80 2
0 1
73 6
0 1
73 1
75 1
76 1
0 1
76 1
0 1
76 1
0 1
80 3
0 1
81 2
80 1
0 1
80 4
78 6
68 1
0 1
69 1
0 1
71 1
0 1
80 9
0 1
80 2
78 2
76 2
80 4
78 5
0 1
68 1
0 1
69 1
0 1
71 2
76 9
0 1
76 2
75 2
73 1
0 1
75 7
0 3
68 2
69 1
0 1
71 1
0 1
80 9
0 1
80 1
0 1
78 2
76 2
76 8
0 2
68 1
0 1
69 1
0 1
71 2
80 4
78 2
76 2
80 3
0 1
78 2
76 2
80 4
81 2
80 2
78 4
76 2
78 2
76 1
80 8
0 1
80 2
78 2
76 2
80 4
78 5
0 1
68 2
69 2
71 2
76 9
0 1
76 2
75 2
73 2
75 6
0 4
68 2
69 2
71 2
80 9
0 1
80 2
78 2
76 1
0 1
76 7
0 3
68 2
69 2
71 2
76 14
0 2
75 3
73 1
71 10
75 2
76 9
0 59
76 2
76 1
0 1
76 1
0 1
76 1
0 1
76 1
0 1
76 1
0 1
76 1
0 1
75 2
71 2
71 2
76 4
0 2
71 2
76 4
0 2
76 1
0 1
76 1
0 1
76 2
75 2
73 2
71 10
0 4
75 4
0 2
76 1
0 1
76 1
0 1
76 1
0 1
76 2
78 2
76 2
80 4
78 1
0 1
80 2
0 1
73 6
0 1
73 1
75 1
76 1
0 1
76 1
0 1
76 1
0 1
80 3
0 1
81 2
80 1
0 1
80 4
78 6
68 1
0 1
69 1
0 1
71 1
0 1
80 9
0 1
80 2
78 2
76 2
80 4
78 5
0 1
68 1
0 1
69 1
0 1
71 2
76 9
0 1
76 2
75 2
73 1
0 1
75 7
0 3
68 2
69 1
0 1
71 1
0 1
80 9
0 1
80 1
0 1
78 2
76 2
76 8
0 2
68 1
0 1
69 1
0 1
71 2
80 4
78 2
76 2
80 3
0 1
78 2
76 2
80 4
81 2
80 2
78 4
76 2
78 2
76 1
80 8
0 1
80 2
78 2
76 2
80 4
78 5
0 1
68 2
69 2
71 2
76 9
0 1
76 2
75 2
73 2
75 6
0 4
68 2
69 2
71 2
80 9
0 1
80 2
78 2
76 1
0 1
76 7
0 3
68 2
69 2
71 2
76 14
0 2
75 3
73 1
71 10
75 2
76 9
0 19
77 2
79 2
77 1
81 8
0 1
81 2
79 2
77 2
81 4
79 5
0 1
69 2
70 2
72 2
77 9
0 1
77 2
76 2
74 2
76 6
0 4
69 2
70 2
72 2
81 9
0 1
81 2
79 2
77 1
0 1
77 7
0 3
69 2
70 2
72 2
77 14
0 2
76 3
74 1
72 10
76 2
77 9
