G:sus4 [0, 2, 7] 7 20
A:min [0, 4, 9] 9 4
D:7 [0, 2, 6, 9] 2 4
G:maj [2, 7, 11] 7 8
A:min7 [0, 4, 7, 9] 9 4
D:7 [0, 2, 6, 9] 2 4
G:maj [2, 7, 11] 7 4
E:min [4, 7, 11] 4 2
B:min [2, 6, 11] 11 2
A:min [0, 4, 9] 9 1
D:maj [2, 6, 9] 2 1
G:maj [2, 7, 11] 7 2
A:min [0, 4, 9] 9 4
D:maj [2, 6, 9] 2 4
C:maj [0, 4, 7] 0 4
B:min [2, 6, 11] 11 2
E:min [4, 7, 11] 4 2
A:min [0, 4, 9] 9 2
B:min [2, 6, 11] 11 2
D:min7 [0, 2, 5, 9] 2 1
G:maj [2, 7, 11] 7 1
G:7 [2, 5, 7, 11] 7 2
C:maj [0, 4, 7] 0 2
D:maj [2, 6, 9] 2 2
B:min [2, 6, 11] 11 2
Bb:dim [1, 4, 10] 10 2
A:min7 [0, 4, 7, 9] 9 2
G:maj/3 [2, 7, 11] 11 2
C:maj [0, 4, 7] 0 2
D:maj [2, 6, 9] 2 2
G:maj [2, 7, 11] 7 16
G:maj [2, 7, 11] 7 4
A:min [0, 4, 9] 9 4
D:7 [0, 2, 6, 9] 2 4
G:maj [2, 7, 11] 7 8
A:min7 [0, 4, 7, 9] 9 4
D:7 [0, 2, 6, 9] 2 4
G:maj [2, 7, 11] 7 4
E:min [4, 7, 11] 4 2
B:min [2, 6, 11] 11 2
A:min [0, 4, 9] 9 1
D:maj [2, 6, 9] 2 1
G:maj [2, 7, 11] 7 2
A:min [0, 4, 9] 9 4
D:maj [2, 6, 9] 2 4
C:maj [0, 4, 7] 0 4
B:min [2, 6, 11] 11 2
E:min [4, 7, 11] 4 2
A:min [0, 4, 9] 9 2
B:min [2, 6, 11] 11 2
D:min7 [0, 2, 5, 9] 2 1
G:maj [2, 7, 11] 7 1
G:7 [2, 5, 7, 11] 7 2
C:maj [0, 4, 7] 0 2
D:maj [2, 6, 9] 2 2
B:min [2, 6, 11] 11 2
Bb:dim [1, 4, 10] 10 2
A:min7 [0, 4, 7, 9] 9 2
G:maj/3 [2, 7, 11] 11 2
C:maj [0, 4, 7] 0 2
D:maj [2, 6, 9] 2 2
G:maj [2, 7, 11] 7 4
C:maj [0, 4, 7] 0 4
B:min [2, 6, 11] 11 2
E:min [4, 7, 11] 4 2
A:min [0, 4, 9] 9 2
G:maj/5 [2, 7, 11] 2 2
D:min7 [0, 2, 5, 9] 2 1
G:maj [2, 7, 11] 7 3
C:maj [0, 4, 7] 0 2
D:maj [2, 6, 9] 2 2
B:min [2, 6, 11] 11 2
Bb:dim [1, 4, 10] 10 2
A:min7 [0, 4, 7, 9] 9 2
G:maj/3 [2, 7, 11] 11 2
C:maj [0, 4, 7] 0 2
D:maj [2, 6, 9] 2 2
G:maj [2, 7, 11] 7 5
G:sus4 [0, 2, 7] 7 4
D:maj [2, 6, 9] 2 2
G:sus4 [0, 2, 7] 7 7
