Ab:maj [0, 3, 8] 8 2 
G:min [2, 7, 10] 7 2 
F:maj [0, 5, 9] 5 2 
Eb:maj [3, 7, 10] 3 2 
Ab:maj [0, 3, 8] 8 2 
G:min [2, 7, 10] 7 2 
C:min [0, 3, 7] 0 8 
Ab:maj [0, 3, 8] 8 1 
Ab:maj7 [0, 3, 6, 8] 8 1 
Ab:maj [0, 3, 8] 8 2 
Bb:maj [2, 5, 10] 10 4 
F:maj [0, 5, 9] 5 2 
G:maj [2, 7, 11] 7 2 
C:min [0, 3, 7] 0 2 
C:sus4 [0, 5, 7] 0 2 
Ab:maj [0, 3, 8] 8 4 
Bb:maj [2, 5, 10] 10 2 
G:min [2, 7, 10] 7 2 
C:min [0, 3, 7] 0 6 
G:min [2, 7, 10] 7 2 
Ab:maj [0, 3, 8] 8 4 
Bb:maj [2, 5, 10] 10 4 
F:maj [0, 5, 9] 5 2 
G:maj [2, 7, 11] 7 2 
C:min [0, 3, 7] 0 2 
G:min [2, 7, 10] 7 2 
Ab:maj [0, 3, 8] 8 4 
Bb:maj [2, 5, 10] 10 2 
G:min [2, 7, 10] 7 2 
C:min [0, 3, 7] 0 10 
G:maj [2, 7, 11] 7 1 
Ab:maj [0, 3, 8] 8 1 
Bb:maj [2, 5, 10] 10 2 
C:min [0, 3, 7] 0 2 
Ab:maj [0, 3, 8] 8 2 
G:min [2, 7, 10] 7 1 
F:maj [0, 5, 9] 5 1 
Eb:maj [3, 7, 10] 3 2 
C:min [0, 3, 7] 0 2 
F:maj [0, 5, 9] 5 2 
Ab:maj [0, 3, 8] 8 2 
Bb:maj [2, 5, 10] 10 2 
Eb:maj [3, 7, 10] 3 2 
G:min [2, 7, 10] 7 4 
C:min [0, 3, 7] 0 4 
Ab:maj [0, 3, 8] 8 4 
G:min [2, 7, 10] 7 4 
F:maj [0, 5, 9] 5 4 
Eb:maj [3, 7, 10] 3 4 
C:maj [0, 4, 7] 0 2 
G:maj/3 [2, 7, 11] 11 2 
F:maj/3 [0, 5, 9] 9 2 
G:maj [2, 7, 11] 7 2 
F:maj [0, 5, 9] 5 2 
G:min [2, 7, 10] 7 2 
C:min [0, 3, 7] 0 8 
Ab:maj [0, 3, 8] 8 1 
Ab:maj7 [0, 3, 6, 8] 8 1 
Ab:maj [0, 3, 8] 8 2 
Bb:maj [2, 5, 10] 10 4 
F:maj [0, 5, 9] 5 2 
G:maj [2, 7, 11] 7 2 
C:min [0, 3, 7] 0 4 
Ab:maj [0, 3, 8] 8 4 
Bb:maj [2, 5, 10] 10 2 
G:min [2, 7, 10] 7 2 
C:min [0, 3, 7] 0 6 
G:min [2, 7, 10] 7 2 
Ab:maj [0, 3, 8] 8 4 
Bb:maj [2, 5, 10] 10 4 
F:maj [0, 5, 9] 5 2 
G:maj [2, 7, 11] 7 2 
C:min [0, 3, 7] 0 2 
G:min [2, 7, 10] 7 2 
Ab:maj [0, 3, 8] 8 4 
Bb:maj [2, 5, 10] 10 2 
G:min [2, 7, 10] 7 2 
C:min [0, 3, 7] 0 10 
G:maj [2, 7, 11] 7 1 
Ab:maj [0, 3, 8] 8 1 
Bb:maj [2, 5, 10] 10 2 
C:min [0, 3, 7] 0 2 
Ab:maj [0, 3, 8] 8 2 
G:min [2, 7, 10] 7 1 
F:maj [0, 5, 9] 5 1 
Eb:maj [3, 7, 10] 3 2 
C:min [0, 3, 7] 0 2 
F:maj [0, 5, 9] 5 2 
Ab:maj [0, 3, 8] 8 2 
Bb:maj [2, 5, 10] 10 2 
Eb:maj [3, 7, 10] 3 2 
G:min [2, 7, 10] 7 4 
C:min [0, 3, 7] 0 6 
G:maj [2, 7, 11] 7 1 
Ab:maj [0, 3, 8] 8 1 
Bb:maj [2, 5, 10] 10 2 
C:min [0, 3, 7] 0 2 
Ab:maj [0, 3, 8] 8 2 
G:min [2, 7, 10] 7 1 
F:maj [0, 5, 9] 5 1 
Eb:maj [3, 7, 10] 3 2 
C:min [0, 3, 7] 0 2 
F:maj [0, 5, 9] 5 2 
Ab:maj [0, 3, 8] 8 2 
Bb:maj [2, 5, 10] 10 2 
Eb:maj [3, 7, 10] 3 2 
G:min [2, 7, 10] 7 4 
Ab:maj [0, 3, 8] 8 4 
G:min [2, 7, 10] 7 4 
F:maj [0, 5, 9] 5 2 
G:sus4(b7) [0, 2, 7] 7 4 
C:sus2 [0, 2, 7] 0 2 
