0 65
72 2
72 1
72 1
72 1
0 1
67 2
70 5
0 3
72 1
0 1
72 1
72 1
72 1
0 1
67 1
0 1
63 4
0 4
65 1
0 1
65 1
65 2
0 1
67 1
0 1
70 1
0 1
70 1
70 3
67 1
70 1
72 2
72 1
72 1
72 2
70 2
67 6
0 2
72 1
0 1
72 1
72 1
72 2
67 2
70 6
0 2
72 1
0 1
72 1
72 1
72 1
0 1
67 1
0 1
63 7
0 1
65 1
0 1
65 1
65 1
0 1
65 1
65 1
67 1
70 1
0 1
67 1
70 1
63 3
0 1
60 14
0 2
72 2
72 1
72 1
72 1
0 1
67 2
70 5
0 3
72 1
0 1
72 1
72 1
72 1
0 1
67 1
0 1
63 4
0 4
65 1
0 1
65 1
65 2
0 1
67 1
0 1
70 1
0 1
70 1
70 3
67 1
70 1
72 2
72 1
72 1
72 2
70 2
67 6
0 2
72 1
0 1
72 1
72 1
72 2
67 2
70 6
0 2
72 1
0 1
72 1
72 1
72 1
0 1
67 1
0 1
63 7
0 1
65 1
0 1
65 1
65 1
0 1
65 1
65 1
67 1
70 1
0 2
67 1
70 1
0 1
75 1
74 1
72 1
74 1
72 13
0 17
79 2
0 1
79 1
79 1
79 1
79 1
79 1
77 1
0 1
79 1
77 1
75 2
0 2
77 1
0 1
77 1
79 1
70 1
0 1
67 1
70 1
72 6
0 2
79 2
0 1
79 1
79 1
79 1
79 1
79 1
77 1
0 1
79 1
77 1
75 3
0 1
67 2
70 1
72 1
75 1
77 1
75 1
72 1
72 6
0 2
77 1
77 1
77 1
77 1
77 1
77 1
77 1
79 1
75 1
0 1
72 4
0 2
77 1
77 1
77 1
77 1
79 1
77 1
75 1
77 1
79 6
0 2
77 1
77 1
77 1
77 1
77 1
77 1
77 1
79 1
70 1
0 1
67 3
0 1
77 1
0 1
75 1
74 1
72 13
0 129
72 2
72 1
72 1
72 1
0 1
67 2
70 5
0 3
72 1
0 1
72 1
72 1
72 1
0 1
67 1
0 1
63 4
0 4
65 1
0 1
65 1
65 2
0 1
67 1
0 1
70 1
0 1
70 1
70 3
67 1
70 1
72 2
72 1
72 1
72 2
70 2
67 6
0 2
72 1
0 1
72 1
72 1
72 2
67 2
70 6
0 2
72 1
0 1
72 1
72 1
72 1
0 1
67 1
0 1
63 7
0 1
65 1
0 1
65 1
65 1
0 1
65 1
65 1
67 1
70 1
0 1
67 1
70 1
63 3
0 1
60 14
0 2
72 2
72 1
72 1
72 1
0 1
67 2
70 5
0 3
72 1
0 1
72 1
72 1
72 1
0 1
67 1
0 1
63 4
0 4
65 1
0 1
65 1
65 2
0 1
67 1
0 1
70 1
0 1
70 1
70 3
67 1
70 1
72 2
72 1
72 1
72 2
70 2
67 6
0 2
72 1
0 1
72 1
72 1
72 2
67 2
70 6
0 2
72 1
0 1
72 1
72 1
72 1
0 1
67 1
0 1
63 7
0 1
65 1
0 1
65 1
65 1
0 1
65 1
65 1
67 1
70 1
0 2
67 1
70 1
0 1
75 1
74 1
72 1
74 1
72 13
0 17
79 2
0 1
79 1
79 1
79 1
79 1
79 1
77 1
0 1
79 1
77 1
75 2
0 2
77 1
0 1
77 1
79 1
70 1
0 1
67 1
70 1
72 6
0 2
79 2
0 1
79 1
79 1
79 1
79 1
79 1
77 1
0 1
79 1
77 1
75 3
0 1
67 2
70 1
72 1
75 1
77 1
75 1
72 1
72 6
0 2
77 1
77 1
77 1
77 1
77 1
77 1
77 1
79 1
75 1
0 1
72 4
0 2
77 1
77 1
77 1
77 1
79 1
77 1
75 1
77 1
79 6
0 2
77 1
77 1
77 1
77 1
77 1
77 1
77 1
79 1
70 1
0 1
67 3
0 1
77 1
0 1
75 1
74 1
72 13
0 1
79 2
0 1
79 1
79 1
79 1
79 1
79 1
77 1
0 1
79 1
77 1
75 2
0 2
77 1
0 1
77 1
79 1
70 1
0 1
67 1
70 1
72 6
0 2
79 2
0 1
79 1
79 1
79 1
79 1
79 1
77 1
0 1
79 1
77 1
75 3
0 1
67 2
70 1
72 1
75 1
77 1
75 1
72 1
72 6
0 2
77 1
77 1
77 1
77 1
77 1
77 1
77 1
79 1
75 1
0 1
72 4
0 2
77 1
77 1
77 1
77 1
79 1
77 1
75 1
77 1
79 6
0 2
77 1
77 1
77 1
77 1
77 1
77 1
77 1
79 1
70 1
0 1
67 3
0 1
77 1
0 1
75 1
74 1
72 13
