E:min [4, 7, 11] 4 22 
G:maj/5 [2, 7, 11] 2 2 
A:min/5 [0, 4, 9] 4 4 
C:maj/5 [0, 4, 7] 7 2 
B:maj [3, 6, 11] 11 2 
E:min [4, 7, 11] 4 6 
G:maj [2, 7, 11] 7 2 
A:min [0, 4, 9] 9 2 
B:maj [3, 6, 11] 11 2 
E:min/5 [4, 7, 11] 11 12 
A:min/5 [0, 4, 9] 4 2 
E:min [4, 7, 11] 4 2 
A:min/5 [0, 4, 9] 4 4 
C:maj/5 [0, 4, 7] 7 2 
B:maj [3, 6, 11] 11 2 
E:min/5 [4, 7, 11] 11 4 
A:min [0, 4, 9] 9 2 
E:min [4, 7, 11] 4 2 
A:min [0, 4, 9] 9 4 
B:min [2, 6, 11] 11 2 
E:min [4, 7, 11] 4 2 
A:min [0, 4, 9] 9 4 
E:min [4, 7, 11] 4 4 
A:min [0, 4, 9] 9 4 
E:min [4, 7, 11] 4 4 
A:min [0, 4, 9] 9 4 
E:min [4, 7, 11] 4 4 
A:min [0, 4, 9] 9 4 
B:maj [3, 6, 11] 11 4 
E:sus2 [4, 6, 11] 4 2 
G:maj [2, 7, 11] 7 2 
A:min [0, 4, 9] 9 1 
B:maj [3, 6, 11] 11 1 
E:min [4, 7, 11] 4 2 
C:maj/5 [0, 4, 7] 7 2 
D:maj/5 [2, 6, 9] 9 2 
C:maj/5 [0, 4, 7] 7 2 
B:maj [3, 6, 11] 11 2 
E:sus2 [4, 6, 11] 4 2 
G:maj [2, 7, 11] 7 2 
A:min [0, 4, 9] 9 2 
E:min [4, 7, 11] 4 2 
C:maj/5 [0, 4, 7] 7 2 
B:maj [3, 6, 11] 11 2 
E:min [4, 7, 11] 4 12 
A:min/5 [0, 4, 9] 4 2 
E:min [4, 7, 11] 4 2 
A:min/5 [0, 4, 9] 4 4 
A:min/b3 [0, 4, 9] 0 2 
B:maj [3, 6, 11] 11 2 
E:min/5 [4, 7, 11] 11 4 
A:min [0, 4, 9] 9 2 
E:min [4, 7, 11] 4 2 
A:min [0, 4, 9] 9 4 
B:min [2, 6, 11] 11 2 
E:min [4, 7, 11] 4 2 
A:min [0, 4, 9] 9 4 
E:min [4, 7, 11] 4 4 
A:min [0, 4, 9] 9 4 
E:min [4, 7, 11] 4 4 
A:min [0, 4, 9] 9 4 
E:min [4, 7, 11] 4 4 
A:min [0, 4, 9] 9 4 
B:maj [3, 6, 11] 11 4 
E:sus2 [4, 6, 11] 4 2 
G:maj [2, 7, 11] 7 2 
A:min [0, 4, 9] 9 2 
E:min [4, 7, 11] 4 2 
C:maj/5 [0, 4, 7] 7 2 
D:maj/5 [2, 6, 9] 9 2 
C:maj/5 [0, 4, 7] 7 2 
B:maj [3, 6, 11] 11 2 
E:sus2 [4, 6, 11] 4 2 
G:maj [2, 7, 11] 7 2 
A:min [0, 4, 9] 9 2 
E:min [4, 7, 11] 4 2 
C:maj/5 [0, 4, 7] 7 2 
B:maj [3, 6, 11] 11 2 
E:min [4, 7, 11] 4 10 
G:maj/5 [2, 7, 11] 2 2 
A:min/5 [0, 4, 9] 4 4 
C:maj/5 [0, 4, 7] 7 2 
B:maj [3, 6, 11] 11 2 
E:min [4, 7, 11] 4 6 
G:maj [2, 7, 11] 7 2 
A:min [0, 4, 9] 9 2 
B:maj [3, 6, 11] 11 2 
E:min/5 [4, 7, 11] 11 12 
E:maj [4, 8, 11] 4 2 
E:min7/5 [2, 4, 7, 11] 11 2 
A:min [0, 4, 9] 9 4 
E:min [4, 7, 11] 4 4 
A:min [0, 4, 9] 9 4 
E:min [4, 7, 11] 4 4 
A:min [0, 4, 9] 9 4 
E:min [4, 7, 11] 4 4 
A:min [0, 4, 9] 9 4 
B:maj [3, 6, 11] 11 4 
A:min [0, 4, 9] 9 4 
E:min [4, 7, 11] 4 4 
A:min [0, 4, 9] 9 4 
E:min [4, 7, 11] 4 4 
A:min [0, 4, 9] 9 4 
E:min [4, 7, 11] 4 4 
A:min [0, 4, 9] 9 4 
B:maj [3, 6, 11] 11 4 
E:sus2 [4, 6, 11] 4 2 
G:maj [2, 7, 11] 7 2 
A:min [0, 4, 9] 9 2 
E:min [4, 7, 11] 4 2 
C:maj/5 [0, 4, 7] 7 2 
D:maj/5 [2, 6, 9] 9 2 
C:maj/5 [0, 4, 7] 7 2 
B:maj [3, 6, 11] 11 2 
E:sus2 [4, 6, 11] 4 2 
G:maj [2, 7, 11] 7 2 
A:min [0, 4, 9] 9 1 
B:maj [3, 6, 11] 11 1 
E:min [4, 7, 11] 4 2 
C:maj/5 [0, 4, 7] 7 2 
B:maj [3, 6, 11] 11 2 
E:min [4, 7, 11] 4 6 
G:maj [2, 7, 11] 7 2 
A:min [0, 4, 9] 9 2 
E:min [4, 7, 11] 4 2 
C:maj/5 [0, 4, 7] 7 2 
D:maj/5 [2, 6, 9] 9 2 
C:maj/5 [0, 4, 7] 7 2 
B:maj [3, 6, 11] 11 2 
E:sus2 [4, 6, 11] 4 2 
G:maj [2, 7, 11] 7 2 
A:min [0, 4, 9] 9 2 
E:min [4, 7, 11] 4 2 
C:maj/5 [0, 4, 7] 7 2 
B:maj [3, 6, 11] 11 2 
E:min [4, 7, 11] 4 6 
G:maj [2, 7, 11] 7 2 
A:min [0, 4, 9] 9 2 
E:min [4, 7, 11] 4 2 
C:maj/5 [0, 4, 7] 7 2 
D:maj/5 [2, 6, 9] 9 2 
C:maj/5 [0, 4, 7] 7 2 
B:maj [3, 6, 11] 11 2 
E:sus2 [4, 6, 11] 4 2 
G:maj [2, 7, 11] 7 2 
A:min [0, 4, 9] 9 1 
B:maj [3, 6, 11] 11 1 
E:min [4, 7, 11] 4 2 
C:maj/5 [0, 4, 7] 7 2 
B:maj [3, 6, 11] 11 2 
E:min [4, 7, 11] 4 3 
