E:min7 [2, 4, 7, 11] 4 4
B:min7 [2, 6, 9, 11] 11 4
D:7/b7 [0, 2, 6, 9] 0 4
B:sus4(b7) [4, 6, 11] 11 4
E:min7 [2, 4, 7, 11] 4 4
B:min7 [2, 6, 9, 11] 11 4
D:7/5 [0, 2, 6, 9] 9 4
B:sus4 [4, 6, 11] 11 3
B:maj [3, 6, 11] 11 1
E:min7 [2, 4, 7, 11] 4 4
B:min7 [2, 6, 9, 11] 11 4
D:7/5 [0, 2, 6, 9] 9 4
D:maj [2, 6, 9] 2 2
B:maj [3, 6, 11] 11 2
C:maj [0, 4, 7] 0 2
D:maj [2, 6, 9] 2 2
B:min [2, 6, 11] 11 2
E:maj [4, 8, 11] 4 1
D:maj [2, 6, 9] 2 1
A:min [0, 4, 9] 9 2
E:maj/3 [4, 8, 11] 8 2
C:maj/5 [0, 4, 7] 7 2
D:maj [2, 6, 9] 2 2
D:maj [2, 6, 9] 2 2
E:maj [4, 8, 11] 4 2
C#:min [1, 4, 8] 1 2
F#:min [1, 6, 9] 6 2
D:maj [2, 6, 9] 2 2
E:maj [4, 8, 11] 4 2
A:maj [1, 4, 9] 9 4
D:maj [2, 6, 9] 2 2
E:maj [4, 8, 11] 4 2
C#:min [1, 4, 8] 1 2
F#:min [1, 6, 9] 6 2
D:maj [2, 6, 9] 2 2
E:maj [4, 8, 11] 4 2
A:maj [1, 4, 9] 9 4
E:min7 [2, 4, 7, 11] 4 4
B:min7 [2, 6, 9, 11] 11 4
C:maj7 [0, 4, 7, 10] 0 4
B:sus4 [4, 6, 11] 11 3
B:maj [3, 6, 11] 11 1
E:min7 [2, 4, 7, 11] 4 4
B:min7 [2, 6, 9, 11] 11 4
D:7/5 [0, 2, 6, 9] 9 4
D:maj [2, 6, 9] 2 1
B:7 [3, 6, 9, 11] 11 1
B:maj [3, 6, 11] 11 2
C:maj [0, 4, 7] 0 2
D:maj [2, 6, 9] 2 2
B:min [2, 6, 11] 11 2
E:maj [4, 8, 11] 4 1
D:maj [2, 6, 9] 2 1
A:min [0, 4, 9] 9 2
E:maj/3 [4, 8, 11] 8 2
C:maj/5 [0, 4, 7] 7 2
D:maj [2, 6, 9] 2 2
D:maj [2, 6, 9] 2 2
E:maj [4, 8, 11] 4 2
C#:min [1, 4, 8] 1 2
F#:min [1, 6, 9] 6 2
D:maj [2, 6, 9] 2 2
E:maj [4, 8, 11] 4 2
A:maj [1, 4, 9] 9 4
D:maj [2, 6, 9] 2 2
E:maj [4, 8, 11] 4 2
C#:min [1, 4, 8] 1 2
F#:min [1, 6, 9] 6 2
D:maj [2, 6, 9] 2 2
E:maj [4, 8, 11] 4 2
A:maj [1, 4, 9] 9 4
D:maj [2, 6, 9] 2 2
E:maj [4, 8, 11] 4 2
C#:min [1, 4, 8] 1 2
F#:min [1, 6, 9] 6 2
D:maj [2, 6, 9] 2 4
C#:maj [1, 5, 8] 1 4
D:maj [2, 6, 9] 2 2
E:maj [4, 8, 11] 4 2
C#:min7 [1, 4, 8, 11] 1 2
F#:min [1, 6, 9] 6 2
D:sus2 [2, 4, 9] 2 2
E:maj [4, 8, 11] 4 2
A:maj [1, 4, 9] 9 4
D:maj [2, 6, 9] 2 2
E:maj [4, 8, 11] 4 2
C#:min [1, 4, 8] 1 2
F#:min [1, 6, 9] 6 2
D:maj [2, 6, 9] 2 2
E:maj [4, 8, 11] 4 2
A:maj [1, 4, 9] 9 4
D:maj [2, 6, 9] 2 2
E:maj [4, 8, 11] 4 3
A:sus2 [4, 9, 11] 9 1
