0 82
75 1
0 1
75 1
0 1
75 1
75 2
70 3
70 2
68 1
0 1
70 1
0 1
72 1
72 6
0 9
75 1
75 1
75 1
0 1
75 1
75 2
80 3
79 2
75 2
79 2
0 1
80 6
0 3
75 2
80 1
82 1
84 4
0 3
82 5
0 3
75 1
80 2
79 1
77 1
0 1
79 2
80 4
0 5
75 2
68 1
68 3
0 1
77 1
75 1
0 1
68 1
68 2
77 1
0 1
79 7
0 12
75 1
0 1
75 1
0 1
75 1
75 2
70 3
70 2
68 1
0 1
70 1
0 1
72 1
72 6
0 9
75 1
75 1
75 1
0 1
75 1
75 2
80 3
79 2
75 2
79 2
0 1
80 6
0 3
75 2
80 1
82 1
84 4
0 3
82 5
0 3
75 1
80 2
79 1
77 1
0 1
79 1
0 1
80 4
0 5
75 2
68 1
68 3
0 1
77 1
75 1
0 1
68 1
68 2
0 3
79 2
0 1
79 1
0 1
80 2
82 14
0 7
72 1
0 1
77 1
79 1
80 6
82 1
80 4
0 3
79 1
77 1
75 1
0 1
79 1
82 2
85 1
0 1
84 4
0 5
80 2
82 1
84 1
0 1
87 2
0 1
85 2
84 1
82 2
80 2
0 1
82 3
0 1
77 2
0 1
79 4
0 1
72 1
0 1
77 1
79 1
80 4
80 1
82 2
0 1
80 3
0 3
79 1
77 1
75 1
0 1
79 1
82 1
0 1
85 2
0 1
84 3
0 5
80 2
82 1
84 2
87 2
0 1
85 1
0 1
84 1
82 1
0 1
80 2
0 1
82 6
0 2
82 2
84 1
82 1
0 1
79 1
0 1
80 5
0 1
82 1
84 1
0 1
82 5
0 1
80 1
79 1
80 5
87 3
82 5
0 1
82 1
82 1
82 3
79 2
0 1
77 10
0 83
75 1
0 1
75 1
0 1
75 1
75 2
70 3
70 2
68 1
0 1
70 1
0 1
72 1
72 6
0 9
75 1
75 1
75 1
0 1
75 1
75 2
80 3
79 2
75 2
79 2
0 1
80 6
0 3
75 2
80 1
82 1
84 4
0 3
82 5
0 3
75 1
80 2
79 1
77 1
0 1
79 2
80 4
0 5
75 2
68 1
68 3
0 1
77 1
75 1
0 1
68 1
68 2
0 3
79 2
0 1
79 1
0 1
80 2
82 14
0 7
72 1
0 1
77 1
79 1
80 6
82 1
80 4
0 3
79 1
77 1
75 1
0 1
79 1
82 2
85 1
0 1
84 4
0 5
80 2
82 1
84 1
0 1
87 2
0 1
85 2
84 1
82 2
80 2
0 1
82 3
0 1
77 2
0 1
79 4
0 1
72 1
0 1
77 1
79 1
80 4
80 1
82 2
0 1
80 3
0 3
79 1
77 1
75 1
0 1
79 1
82 1
0 1
85 2
0 1
84 3
0 5
80 2
82 1
84 2
87 2
0 1
85 1
0 1
84 1
82 1
0 1
80 2
0 1
82 6
0 2
82 2
84 1
82 1
0 1
79 1
0 1
80 5
0 1
82 1
84 1
0 1
82 5
0 1
80 1
79 1
80 5
87 3
82 5
0 1
82 1
82 1
82 3
85 2
84 9
82 1
84 1
85 2
85 1
85 1
85 2
84 1
82 3
80 3
0 1
80 1
82 1
83 2
83 1
83 1
83 2
82 1
80 2
0 1
78 3
0 1
78 1
80 1
81 2
81 1
81 1
81 2
80 1
78 1
76 3
81 2
0 1
81 1
0 1
83 5
0 1
80 2
85 7
0 1
87 9
0 3
72 1
0 1
77 1
79 1
80 6
82 1
80 4
0 3
79 1
77 1
75 1
0 1
79 1
82 2
85 1
0 1
84 4
0 5
80 2
82 1
84 1
0 1
87 2
0 1
85 2
84 1
82 2
80 2
0 1
82 3
0 1
77 2
0 1
79 4
0 1
72 1
0 1
77 1
79 1
80 4
80 1
82 2
0 1
80 3
0 3
79 1
77 1
75 1
0 1
79 1
82 1
0 1
85 2
0 1
84 3
0 5
80 2
82 1
84 2
87 2
0 1
85 1
0 1
84 1
82 1
0 1
80 2
0 1
82 6
0 2
82 2
84 1
82 1
0 1
79 1
0 1
80 5
0 1
82 1
84 1
0 1
82 5
0 1
80 1
79 1
80 5
87 3
82 5
0 1
82 1
82 1
82 3
79 2
0 1
77 10
