0 32
76 3
0 1
76 2
74 1
0 1
74 5
0 1
69 1
0 1
72 4
72 1
0 1
74 1
0 1
74 3
0 1
72 1
0 1
71 2
69 3
0 1
72 4
74 2
74 1
0 1
72 1
0 1
74 1
0 1
76 3
0 1
76 1
0 1
74 1
0 1
74 6
0 2
76 1
0 1
76 1
0 1
76 1
0 1
79 1
0 1
79 5
0 1
79 2
81 1
0 1
76 2
76 2
74 2
76 4
0 4
76 5
0 1
79 1
0 1
79 1
0 1
79 1
0 1
79 1
0 1
81 3
0 1
76 8
0 2
76 1
0 1
74 1
0 1
72 1
0 1
69 1
0 1
72 1
0 1
76 1
0 1
74 3
0 1
72 2
74 2
76 4
79 3
0 1
81 3
0 1
76 1
0 1
74 1
0 1
72 3
0 1
72 1
0 1
76 1
0 1
74 3
0 1
72 2
71 2
69 11
0 5
76 3
0 1
76 2
74 1
0 1
74 5
0 1
69 1
0 1
72 4
72 1
0 1
74 1
0 1
74 3
0 1
72 1
0 1
71 2
69 3
0 1
72 4
74 2
74 1
0 1
72 1
0 1
74 1
0 1
76 3
0 1
76 1
0 1
74 1
0 1
74 6
0 2
76 1
0 1
76 1
0 1
76 1
0 1
79 1
0 1
79 5
0 1
79 2
81 1
0 1
76 2
76 2
74 2
76 4
0 4
76 1
0 1
76 1
0 1
76 1
0 1
79 1
0 1
79 1
0 1
79 1
0 1
79 1
0 1
81 3
0 1
76 8
0 2
76 1
0 1
74 1
0 1
72 1
0 1
69 1
0 1
72 1
0 1
76 1
0 1
74 3
0 1
72 1
0 1
74 2
76 4
79 3
0 1
81 3
0 1
76 1
0 1
74 1
0 1
72 3
0 1
72 1
0 1
76 1
0 1
74 3
0 1
72 2
71 2
69 11
0 5
74 7
0 1
72 5
0 1
76 2
79 2
76 11
0 3
74 8
0 2
72 2
71 2
69 1
0 1
69 12
0 4
74 4
0 2
74 2
72 3
0 1
74 3
0 1
76 3
0 1
79 4
81 4
0 2
84 1
0 1
84 7
0 1
83 5
0 1
84 2
83 2
81 10
0 36
76 3
0 1
76 2
74 1
0 1
74 5
0 1
69 1
0 1
72 4
72 1
0 1
74 1
0 1
74 3
0 1
72 1
0 1
71 2
69 3
0 1
72 4
74 2
74 1
0 1
72 1
0 1
74 1
0 1
76 3
0 1
76 1
0 1
74 1
0 1
74 6
0 2
76 1
0 1
76 1
0 1
76 1
0 1
79 1
0 1
79 5
0 1
79 2
81 1
0 1
76 2
76 2
74 2
76 4
0 4
76 1
0 1
76 1
0 1
76 1
0 1
79 1
0 1
79 1
0 1
79 1
0 1
79 1
0 1
81 3
0 1
76 8
0 2
76 1
0 1
74 1
0 1
72 1
0 1
69 1
0 1
72 1
0 1
76 1
0 1
74 3
0 1
72 2
74 2
76 4
79 3
0 1
81 3
0 1
76 1
0 1
74 1
0 1
72 3
0 1
72 1
0 1
76 1
0 1
74 3
0 1
72 1
0 1
71 2
69 11
0 133
76 3
0 1
76 2
74 1
0 1
74 5
0 1
69 1
0 1
72 4
72 1
0 1
74 1
0 1
74 3
0 1
72 1
0 1
71 1
0 1
69 3
0 1
72 4
74 2
74 1
0 1
72 1
0 1
74 1
0 1
76 3
0 1
76 1
0 1
74 1
0 1
74 6
0 2
76 1
0 1
76 1
0 1
76 1
0 1
79 1
0 1
79 5
0 1
79 2
81 1
0 1
76 1
0 1
76 2
74 1
0 1
76 4
0 4
76 5
0 1
79 1
0 1
79 1
0 1
79 1
0 1
79 1
0 1
81 3
0 1
76 8
0 2
76 1
0 1
74 1
0 1
72 1
0 1
69 1
0 1
72 1
0 1
76 1
0 1
74 3
0 1
72 2
74 2
76 4
79 3
0 1
81 3
0 1
76 1
0 1
74 1
0 1
72 3
0 1
72 1
0 1
76 1
0 1
74 3
0 1
72 2
71 2
69 11
0 5
74 7
0 1
72 5
0 1
76 2
79 2
76 11
0 3
74 8
0 2
72 2
71 2
69 1
0 1
69 12
0 4
74 4
0 2
74 2
72 3
0 1
74 3
0 1
76 3
0 1
79 4
81 4
0 2
84 1
0 1
84 7
0 1
83 5
0 1
84 2
83 2
81 10
0 4
74 4
0 2
74 2
72 3
0 1
74 3
0 1
76 3
0 1
79 4
81 4
0 2
84 1
0 1
84 7
0 1
83 5
0 1
84 2
83 2
81 10
