0 142
73 1
75 1
77 2
77 2
77 2
77 2
77 2
75 2
73 2
77 2
75 2
75 2
72 2
70 1
68 7
70 1
72 1
73 2
73 2
73 2
73 2
73 2
72 2
70 2
73 2
72 4
72 2
65 2
68 6
68 2
70 4
66 2
65 2
63 6
70 2
68 4
65 2
63 2
61 6
63 1
65 1
66 2
66 2
66 2
65 2
66 2
68 2
70 2
73 2
72 6
70 2
68 6
73 1
75 1
77 2
77 2
77 2
77 2
77 2
75 2
73 2
77 2
75 2
75 2
72 2
70 1
68 7
70 1
72 1
73 2
73 2
73 2
73 2
73 2
72 2
70 2
73 2
72 4
72 2
65 2
68 6
68 2
70 4
66 2
65 2
63 6
70 2
68 4
72 4
73 5
70 2
68 1
70 8
70 2
72 2
73 2
70 2
75 10
68 2
68 2
68 2
77 4
77 6
77 2
75 2
73 2
80 4
75 6
77 2
75 2
73 2
73 2
73 2
73 2
85 2
85 2
84 2
82 2
80 2
82 2
80 2
80 6
73 2
73 2
73 2
73 4
82 6
73 2
73 2
73 2
73 4
80 6
73 2
73 2
73 2
78 2
78 2
78 2
80 2
82 3
85 3
77 2
75 10
68 2
68 2
68 2
77 4
77 6
77 2
75 2
73 2
80 4
75 6
77 2
75 2
73 2
73 2
73 2
73 2
85 2
85 2
84 2
82 2
80 2
82 2
80 2
80 6
72 2
73 2
72 2
73 4
82 6
82 2
84 2
85 2
85 4
80 6
73 2
73 2
73 2
78 2
78 2
78 2
80 2
82 3
85 3
77 2
75 8
78 2
77 4
75 1
73 1
73 16
0 142
73 1
75 1
77 2
77 2
77 2
77 2
77 2
75 2
73 2
77 2
75 2
75 2
72 2
70 1
68 7
70 1
72 1
73 2
73 2
73 2
73 2
73 2
72 2
70 2
73 2
72 4
72 2
65 2
68 6
68 2
70 4
66 2
65 2
63 6
70 2
68 4
72 4
73 5
70 2
68 1
70 8
70 2
72 2
73 2
70 2
75 10
68 2
68 2
68 2
77 4
77 6
77 2
75 2
73 2
80 4
75 6
77 2
75 2
73 2
73 2
73 2
73 2
85 2
85 2
84 2
82 2
80 2
82 2
80 2
80 6
73 2
73 2
73 2
73 4
82 6
73 2
73 2
73 2
73 4
80 6
73 2
73 2
73 2
78 2
78 2
78 2
80 2
82 3
85 3
77 2
75 10
68 2
68 2
68 2
77 4
77 6
77 2
75 2
73 2
80 4
75 6
77 2
75 2
73 2
73 2
73 2
73 2
85 2
85 2
84 2
82 2
80 2
82 2
80 2
80 6
72 2
73 2
72 2
73 4
82 6
82 2
84 2
85 2
85 4
80 6
73 2
73 2
73 2
78 2
78 2
78 2
80 2
82 3
85 3
77 2
75 8
0 2
68 2
68 2
68 2
77 4
77 6
77 2
75 2
73 2
80 4
75 6
77 2
75 2
73 2
73 2
73 2
73 2
85 2
85 2
84 2
82 2
80 2
82 2
80 2
80 6
73 2
73 2
73 2
73 4
82 6
73 2
73 2
73 2
73 4
80 6
73 2
73 2
73 2
78 2
78 2
78 2
80 2
82 3
85 3
77 2
75 10
68 2
68 2
68 2
77 4
77 6
77 2
75 2
73 2
80 4
75 6
77 2
75 2
73 2
73 2
73 2
73 2
85 2
85 2
84 2
82 2
80 2
82 2
80 2
80 6
72 2
73 2
72 2
73 4
82 6
82 2
84 2
85 2
85 4
80 6
73 2
73 2
73 2
78 2
78 2
78 2
80 2
82 3
85 3
77 2
75 8
78 2
77 4
75 1
73 1
73 16
0 6
68 2
78 3
77 2
75 2
0 1
77 13
0 17
73 1
75 1
77 2
77 2
77 2
77 2
77 2
75 2
73 2
77 2
75 2
75 2
72 2
70 1
68 7
70 1
72 1
73 2
73 2
73 2
73 2
73 2
72 2
70 2
73 2
72 4
72 2
65 2
68 6
68 2
70 4
66 2
65 2
63 6
70 2
68 4
65 2
63 2
61 6
63 1
65 1
66 2
66 2
73 1
0 8
63 2
65 1
66 2
0 1
75 5
70 4
72 4
73 6
