C:maj/5 [0, 4, 7] 7 4 
A:min7/b7 [0, 4, 7, 9] 7 1 
A:min/5 [0, 4, 9] 4 3 
C:maj/3 [0, 4, 7] 4 3 
C:maj [0, 4, 7] 0 1 
A:min7/b7 [0, 4, 7, 9] 7 1 
A:min/5 [0, 4, 9] 4 3 
D:min/5 [2, 5, 9] 9 3 
D:min [2, 5, 9] 2 1 
A:min/5 [0, 4, 9] 4 4 
D:min/5 [2, 5, 9] 9 4 
G:maj/5 [2, 7, 11] 2 4 
C:maj/5 [0, 4, 7] 7 4 
A:min7/b7 [0, 4, 7, 9] 7 1 
A:min/5 [0, 4, 9] 4 3 
C:maj/3 [0, 4, 7] 4 3 
C:maj [0, 4, 7] 0 1 
A:min7/b7 [0, 4, 7, 9] 7 1 
A:min/5 [0, 4, 9] 4 3 
D:min/5 [2, 5, 9] 9 8 
G:maj/5 [2, 7, 11] 2 4 
C:maj [0, 4, 7] 0 8 
A:min7/b7 [0, 4, 7, 9] 7 1 
A:min/5 [0, 4, 9] 4 3 
D:min/5 [2, 5, 9] 9 4 
G:maj/5 [2, 7, 11] 2 4 
A:min/5 [0, 4, 9] 4 8 
D:min/5 [2, 5, 9] 9 3 
D:sus4 [2, 7, 9] 2 1 
G:maj [2, 7, 11] 7 4 
D:sus4(b7) [2, 7, 9] 2 1 
C:maj/5 [0, 4, 7] 7 3 
A:min7/b7 [0, 4, 7, 9] 7 1 
A:min/5 [0, 4, 9] 4 3 
D:min/5 [2, 5, 9] 9 4 
G:maj/5 [2, 7, 11] 2 4 
A:min/5 [0, 4, 9] 4 8 
D:min/5 [2, 5, 9] 9 3 
D:min [2, 5, 9] 2 1 
G:sus2 [2, 7, 9] 7 1 
G:maj/5 [2, 7, 11] 2 6 
G:maj [2, 7, 11] 7 1 
C:maj/3 [0, 4, 7] 4 3 
C:maj [0, 4, 7] 0 1 
A:min7/b7 [0, 4, 7, 9] 7 1 
A:min/5 [0, 4, 9] 4 3 
C:maj/3 [0, 4, 7] 4 3 
C:maj [0, 4, 7] 0 1 
A:min7/b7 [0, 4, 7, 9] 7 1 
A:min/5 [0, 4, 9] 4 3 
D:min/5 [2, 5, 9] 9 4 
F:maj/3 [0, 5, 9] 9 1 
A:min/5 [0, 4, 9] 4 3 
D:min/5 [2, 5, 9] 9 4 
G:maj/5 [2, 7, 11] 2 4 
C:maj/5 [0, 4, 7] 7 4 
A:min7/b7 [0, 4, 7, 9] 7 1 
A:min/5 [0, 4, 9] 4 3 
C:maj/3 [0, 4, 7] 4 3 
C:maj [0, 4, 7] 0 1 
A:min7/b7 [0, 4, 7, 9] 7 1 
A:min/5 [0, 4, 9] 4 3 
D:min/5 [2, 5, 9] 9 8 
G:maj/5 [2, 7, 11] 2 4 
C:maj/5 [0, 4, 7] 7 8 
A:min7/b7 [0, 4, 7, 9] 7 1 
A:min/5 [0, 4, 9] 4 3 
C:maj/3 [0, 4, 7] 4 3 
C:maj [0, 4, 7] 0 1 
A:min7/b7 [0, 4, 7, 9] 7 1 
A:min/5 [0, 4, 9] 4 3 
D:min/5 [2, 5, 9] 9 3 
D:min [2, 5, 9] 2 1 
A:min/5 [0, 4, 9] 4 4 
D:min/5 [2, 5, 9] 9 4 
G:maj/5 [2, 7, 11] 2 4 
C:maj/5 [0, 4, 7] 7 4 
A:min7/b7 [0, 4, 7, 9] 7 1 
A:min/5 [0, 4, 9] 4 3 
C:maj/3 [0, 4, 7] 4 3 
C:maj [0, 4, 7] 0 1 
A:min7/b7 [0, 4, 7, 9] 7 1 
A:min/5 [0, 4, 9] 4 3 
D:min/5 [2, 5, 9] 9 8 
G:maj/5 [2, 7, 11] 2 4 
C:maj [0, 4, 7] 0 8 
A:min7/b7 [0, 4, 7, 9] 7 1 
A:min/5 [0, 4, 9] 4 3 
D:min/5 [2, 5, 9] 9 4 
G:maj/5 [2, 7, 11] 2 4 
A:min/5 [0, 4, 9] 4 8 
D:min/5 [2, 5, 9] 9 3 
D:sus4 [2, 7, 9] 2 1 
G:maj [2, 7, 11] 7 4 
D:sus4(b7) [2, 7, 9] 2 1 
C:maj/5 [0, 4, 7] 7 3 
A:min7/b7 [0, 4, 7, 9] 7 1 
A:min/5 [0, 4, 9] 4 3 
D:min/5 [2, 5, 9] 9 4 
G:maj/5 [2, 7, 11] 2 4 
A:min/5 [0, 4, 9] 4 8 
D:min/5 [2, 5, 9] 9 3 
D:min [2, 5, 9] 2 1 
G:sus2 [2, 7, 9] 7 1 
G:maj/5 [2, 7, 11] 2 6 
G:maj [2, 7, 11] 7 1 
C:maj/3 [0, 4, 7] 4 3 
C:maj [0, 4, 7] 0 1 
A:min7/b7 [0, 4, 7, 9] 7 1 
A:min/5 [0, 4, 9] 4 3 
C:maj/3 [0, 4, 7] 4 3 
C:maj [0, 4, 7] 0 1 
A:min7/b7 [0, 4, 7, 9] 7 1 
A:min/5 [0, 4, 9] 4 3 
D:min/5 [2, 5, 9] 9 4 
F:maj/3 [0, 5, 9] 9 1 
A:min/5 [0, 4, 9] 4 3 
D:min/5 [2, 5, 9] 9 4 
G:maj/5 [2, 7, 11] 2 4 
C:maj/5 [0, 4, 7] 7 4 
A:min7/b7 [0, 4, 7, 9] 7 1 
A:min/5 [0, 4, 9] 4 3 
C:maj/3 [0, 4, 7] 4 3 
C:maj [0, 4, 7] 0 1 
A:min7/b7 [0, 4, 7, 9] 7 1 
A:min/5 [0, 4, 9] 4 3 
D:min/5 [2, 5, 9] 9 12 
G:maj/5 [2, 7, 11] 2 4 
C:maj/5 [0, 4, 7] 7 4 
A:min7/b7 [0, 4, 7, 9] 7 1 
A:min/5 [0, 4, 9] 4 3 
C:maj/3 [0, 4, 7] 4 3 
C:maj [0, 4, 7] 0 1 
A:min7/b7 [0, 4, 7, 9] 7 1 
A:min/5 [0, 4, 9] 4 3 
D:min/5 [2, 5, 9] 9 4 
F:maj/3 [0, 5, 9] 9 1 
A:min/5 [0, 4, 9] 4 3 
D:min/5 [2, 5, 9] 9 4 
G:maj/5 [2, 7, 11] 2 4 
C:maj/5 [0, 4, 7] 7 4 
A:min7/b7 [0, 4, 7, 9] 7 1 
A:min/5 [0, 4, 9] 4 3 
C:maj/3 [0, 4, 7] 4 3 
C:maj [0, 4, 7] 0 1 
A:min7/b7 [0, 4, 7, 9] 7 1 
A:min/5 [0, 4, 9] 4 3 
D:min/5 [2, 5, 9] 9 8 
G:maj/5 [2, 7, 11] 2 4 
C:maj/5 [0, 4, 7] 7 4 
D:min/5 [2, 5, 9] 9 8 
A:min7/b7 [0, 4, 7, 9] 7 4 
C:maj [0, 4, 7] 0 1 
C:maj/5 [0, 4, 7] 7 3 
A:min7/b7 [0, 4, 7, 9] 7 1 
A:min/5 [0, 4, 9] 4 3 
D:min/5 [2, 5, 9] 9 4 
G:maj/5 [2, 7, 11] 2 4 
