Bb:maj [2, 5, 10] 10 3 
G:min [2, 7, 10] 7 3 
Eb:maj [3, 7, 10] 3 3 
F:maj [0, 5, 9] 5 3 
Bb:maj [2, 5, 10] 10 3 
G:min [2, 7, 10] 7 3 
Eb:maj [3, 7, 10] 3 3 
F:maj [0, 5, 9] 5 3 
Bb:maj [2, 5, 10] 10 3 
G:min [2, 7, 10] 7 3 
C:min/b3 [0, 3, 7] 3 3 
F:maj [0, 5, 9] 5 3 
Bb:maj [2, 5, 10] 10 3 
Eb:maj [3, 7, 10] 3 3 
Bb:maj [2, 5, 10] 10 15 
G:min [2, 7, 10] 7 3 
Eb:maj [3, 7, 10] 3 3 
F:maj [0, 5, 9] 5 3 
Bb:maj [2, 5, 10] 10 3 
G:min [2, 7, 10] 7 3 
Eb:maj [3, 7, 10] 3 3 
F:maj [0, 5, 9] 5 3 
Bb:maj [2, 5, 10] 10 3 
G:min [2, 7, 10] 7 3 
Eb:maj [3, 7, 10] 3 3 
F:maj [0, 5, 9] 5 3 
Bb:maj [2, 5, 10] 10 3 
G:min [2, 7, 10] 7 3 
Eb:maj [3, 7, 10] 3 3 
F:maj [0, 5, 9] 5 3 
Bb:maj [2, 5, 10] 10 3 
G:min [2, 7, 10] 7 3 
Eb:maj [3, 7, 10] 3 3 
F:maj [0, 5, 9] 5 3 
Bb:maj [2, 5, 10] 10 3 
G:min [2, 7, 10] 7 3 
Eb:maj [3, 7, 10] 3 2 
F:maj [0, 5, 9] 5 1 
Bb:maj [2, 5, 10] 10 3 
G:maj [2, 7, 11] 7 3 
Eb:maj [3, 7, 10] 3 3 
F:maj [0, 5, 9] 5 3 
G:min/b3 [2, 7, 10] 10 3 
G:min [2, 7, 10] 7 3 
Eb:maj [3, 7, 10] 3 3 
F:maj [0, 5, 9] 5 3 
G:min/b3 [2, 7, 10] 10 3 
G:min [2, 7, 10] 7 3 
Eb:maj [3, 7, 10] 3 3 
F:maj [0, 5, 9] 5 6 
Eb:maj [3, 7, 10] 3 3 
Bb:maj [2, 5, 10] 10 9 
G:min [2, 7, 10] 7 3 
Eb:maj [3, 7, 10] 3 3 
Bb:maj [2, 5, 10] 10 6 
G:min [2, 7, 10] 7 3 
Eb:maj [3, 7, 10] 3 3 
F:maj [0, 5, 9] 5 3 
Bb:maj [2, 5, 10] 10 3 
G:min [2, 7, 10] 7 3 
Eb:maj [3, 7, 10] 3 3 
F:maj [0, 5, 9] 5 3 
Bb:maj [2, 5, 10] 10 3 
G:min [2, 7, 10] 7 3 
Eb:maj [3, 7, 10] 3 3 
F:maj [0, 5, 9] 5 3 
Bb:maj [2, 5, 10] 10 3 
F:maj [0, 5, 9] 5 3 
Bb:maj [2, 5, 10] 10 3 
G:min [2, 7, 10] 7 3 
Eb:maj [3, 7, 10] 3 3 
Bb:maj [2, 5, 10] 10 6 
G:min [2, 7, 10] 7 3 
Eb:maj [3, 7, 10] 3 3 
F:maj [0, 5, 9] 5 3 
Bb:maj [2, 5, 10] 10 3 
G:min [2, 7, 10] 7 3 
Eb:maj [3, 7, 10] 3 3 
F:maj [0, 5, 9] 5 3 
Bb:maj [2, 5, 10] 10 3 
G:min [2, 7, 10] 7 3 
Eb:maj [3, 7, 10] 3 3 
F:maj [0, 5, 9] 5 4 
Bb:sus2 [0, 5, 10] 10 11 
