C:maj [0, 4, 7] 0 4 
A:min [0, 4, 9] 9 4 
F:maj [0, 5, 9] 5 4 
C:maj [0, 4, 7] 0 8 
A:min [0, 4, 9] 9 4 
F:maj [0, 5, 9] 5 4 
A:min [0, 4, 9] 9 2 
G:maj [2, 7, 11] 7 2 
C:maj [0, 4, 7] 0 4 
E:min [4, 7, 11] 4 4 
F:maj [0, 5, 9] 5 4 
G:maj [2, 7, 11] 7 4 
D:min [2, 5, 9] 2 4 
A:min [0, 4, 9] 9 4 
E:maj [4, 8, 11] 4 4 
A:min [0, 4, 9] 9 4 
D:min [2, 5, 9] 2 4 
A:min [0, 4, 9] 9 4 
F#:min7 [1, 4, 6, 9] 6 2 
B:7 [3, 6, 9, 11] 11 2 
D:min [2, 5, 9] 2 2 
G:maj [2, 7, 11] 7 2 
C:maj [0, 4, 7] 0 4 
E:min [4, 7, 11] 4 4 
D:min [2, 5, 9] 2 2 
F:maj [0, 5, 9] 5 2 
G:maj [2, 7, 11] 7 4 
C:maj [0, 4, 7] 0 4 
E:min [4, 7, 11] 4 4 
D:min [2, 5, 9] 2 2 
F:maj [0, 5, 9] 5 2 
G:maj [2, 7, 11] 7 4 
G:sus4 [0, 2, 7] 7 4 
A:min9 [0, 4, 7, 9, 11] 9 2 
A:min [0, 4, 9] 9 2 
F:maj [0, 5, 9] 5 4 
C:maj7 [0, 4, 7, 10] 0 8 
A:min [0, 4, 9] 9 4 
F:maj [0, 5, 9] 5 4 
A:min [0, 4, 9] 9 2 
G:maj [2, 7, 11] 7 2 
C:maj [0, 4, 7] 0 4 
E:min [4, 7, 11] 4 4 
F:maj [0, 5, 9] 5 4 
G:maj [2, 7, 11] 7 4 
D:min [2, 5, 9] 2 4 
A:min [0, 4, 9] 9 4 
E:maj [4, 8, 11] 4 4 
A:min [0, 4, 9] 9 4 
D:min [2, 5, 9] 2 4 
A:min [0, 4, 9] 9 4 
F#:min7 [1, 4, 6, 9] 6 2 
B:7 [3, 6, 9, 11] 11 2 
D:min [2, 5, 9] 2 2 
G:maj [2, 7, 11] 7 2 
C:maj [0, 4, 7] 0 4 
E:min [4, 7, 11] 4 4 
D:min [2, 5, 9] 2 2 
F:maj [0, 5, 9] 5 2 
G:maj [2, 7, 11] 7 4 
C:maj [0, 4, 7] 0 4 
E:min [4, 7, 11] 4 4 
D:min [2, 5, 9] 2 2 
F:maj [0, 5, 9] 5 2 
G:maj [2, 7, 11] 7 4 
C:maj [0, 4, 7] 0 4 
A:min(9) [0, 4, 7, 9, 11] 9 2 
A:min [0, 4, 9] 9 2 
F:maj [0, 5, 9] 5 5 
C:sus4 [0, 5, 7] 0 2 
