0 64
72 8
0 2
67 1
67 1
79 1
76 1
74 1
72 1
71 7
0 3
72 1
79 1
79 1
79 1
79 1
72 1
69 7
0 3
69 1
72 1
72 1
72 1
72 1
69 1
76 6
74 1
76 1
74 1
72 1
67 5
0 1
72 5
0 5
67 1
72 1
79 1
76 1
74 1
72 1
79 8
0 2
72 1
72 1
83 1
83 1
83 1
83 1
81 7
0 3
79 1
79 1
79 1
79 1
79 1
76 1
74 8
0 4
74 2
76 1
0 1
77 4
76 2
74 2
77 2
76 1
74 2
0 1
74 1
77 1
76 2
74 1
0 1
74 2
72 2
76 1
0 1
74 1
72 2
72 1
74 1
76 1
74 2
72 1
0 1
72 2
71 2
74 1
0 1
72 1
71 1
0 1
74 1
72 1
74 1
72 2
71 2
72 2
74 1
76 6
0 1
74 1
76 1
77 3
0 1
76 1
0 1
74 2
81 1
0 1
77 1
74 2
81 1
83 1
84 1
83 2
81 1
0 1
81 2
76 2
84 2
83 1
81 2
81 1
83 1
84 1
83 5
0 1
81 1
0 1
81 3
80 3
81 1
0 1
83 8
0 2
88 2
76 2
79 2
86 2
88 1
0 1
88 5
0 1
88 1
0 1
76 1
0 1
79 1
0 1
86 2
88 1
0 1
88 5
0 1
88 2
91 1
0 1
88 1
0 1
88 2
89 1
0 1
89 3
81 1
88 1
0 1
89 1
89 2
0 1
81 2
79 8
0 2
88 2
76 2
79 2
86 2
88 1
0 1
88 4
0 2
88 1
0 1
86 1
0 1
84 1
0 1
83 2
91 1
0 1
91 5
0 1
91 2
89 1
0 1
88 1
0 1
91 2
89 1
89 4
88 1
91 1
0 1
89 1
89 2
0 1
81 2
88 8
0 2
86 1
88 1
91 1
88 1
86 1
84 1
84 8
0 56
72 8
0 2
67 1
67 1
79 1
76 1
74 1
72 1
71 7
0 3
72 1
79 1
79 1
79 1
79 1
72 1
69 7
0 3
69 1
72 1
72 1
72 1
72 1
69 1
76 6
74 1
76 1
74 1
72 1
67 5
0 1
72 5
0 5
67 1
72 1
79 1
76 1
74 1
72 1
79 8
0 2
72 1
72 1
83 1
83 1
83 1
83 1
81 7
0 3
79 1
79 1
79 1
79 1
79 1
76 1
74 8
0 4
74 2
76 1
0 1
77 4
76 2
74 2
77 2
76 1
74 2
0 1
74 1
77 1
76 2
74 1
0 1
74 2
72 2
76 1
0 1
74 1
72 2
72 1
74 1
76 1
74 2
72 1
0 1
72 2
71 2
74 1
0 1
72 1
71 1
0 1
74 1
72 1
74 1
72 2
71 2
72 2
74 1
76 6
0 1
74 1
76 1
77 3
0 1
76 1
0 1
74 2
81 1
0 1
77 1
74 2
81 1
83 1
84 1
83 2
81 1
0 1
81 2
76 2
84 2
83 1
81 2
81 1
83 1
84 1
83 5
0 1
81 1
0 1
81 3
80 3
81 1
0 1
83 8
0 2
88 2
76 2
79 2
86 2
88 1
0 1
88 5
0 1
88 1
0 1
76 1
0 1
79 1
0 1
86 2
88 1
0 1
88 5
0 1
88 2
91 1
0 1
88 1
0 1
88 2
89 1
0 1
89 3
81 1
88 1
0 1
89 1
89 2
0 1
81 2
79 8
0 2
88 2
76 2
79 2
86 2
88 1
0 1
88 5
0 1
88 1
0 1
86 1
0 1
84 1
0 1
83 2
91 1
0 1
91 5
0 1
91 2
89 1
0 1
88 1
0 1
91 2
89 1
89 4
88 1
91 1
0 1
89 1
89 2
0 1
81 2
88 8
0 2
86 1
88 1
91 1
88 1
86 1
84 1
84 8
