C:min [0, 3, 7] 0 4 
Ab:maj [0, 3, 8] 8 4 
G:maj [2, 7, 11] 7 4 
C:min/5 [0, 3, 7] 7 8 
Ab:maj [0, 3, 8] 8 4 
G:maj [2, 7, 11] 7 4 
C:min/5 [0, 3, 7] 7 24 
Ab:maj [0, 3, 8] 8 2 
G:maj [2, 7, 11] 7 2 
C:min [0, 3, 7] 0 12 
Ab:maj [0, 3, 8] 8 2 
G:maj [2, 7, 11] 7 2 
C:min [0, 3, 7] 0 12 
Ab:maj [0, 3, 8] 8 2 
G:maj [2, 7, 11] 7 2 
C:min [0, 3, 7] 0 8 
Ab:maj [0, 3, 8] 8 4 
F:min [0, 5, 8] 5 2 
G:maj [2, 7, 11] 7 2 
C:min/5 [0, 3, 7] 7 4 
C:maj [0, 4, 7] 0 2 
C:min [0, 3, 7] 0 2 
F:min [0, 5, 8] 5 8 
Eb:maj [3, 7, 10] 3 4 
Bb:maj [2, 5, 10] 10 4 
F:min [0, 5, 8] 5 8 
Eb:maj [3, 7, 10] 3 4 
Bb:maj [2, 5, 10] 10 2 
E:min/b3 [4, 7, 11] 7 2 
C:min [0, 3, 7] 0 2 
G:maj [2, 7, 11] 7 2 
C:min [0, 3, 7] 0 2 
G:maj [2, 7, 11] 7 2 
C:min [0, 3, 7] 0 2 
G:maj [2, 7, 11] 7 2 
C:min/5 [0, 3, 7] 7 6 
G:maj [2, 7, 11] 7 2 
C:min [0, 3, 7] 0 2 
G:maj [2, 7, 11] 7 2 
C:min [0, 3, 7] 0 2 
G:maj [2, 7, 11] 7 2 
C:min/5 [0, 3, 7] 7 8 
Ab:maj [0, 3, 8] 8 4 
G:maj [2, 7, 11] 7 4 
C:min/5 [0, 3, 7] 7 8 
Ab:maj [0, 3, 8] 8 4 
G:maj [2, 7, 11] 7 4 
C:min/5 [0, 3, 7] 7 24 
Ab:maj [0, 3, 8] 8 2 
G:maj [2, 7, 11] 7 2 
C:min/5 [0, 3, 7] 7 8 
Ab:maj [0, 3, 8] 8 4 
F:min [0, 5, 8] 5 2 
G:maj [2, 7, 11] 7 2 
C:min/5 [0, 3, 7] 7 4 
C:maj [0, 4, 7] 0 2 
C:min [0, 3, 7] 0 2 
F:min [0, 5, 8] 5 8 
Eb:maj [3, 7, 10] 3 4 
Bb:maj [2, 5, 10] 10 4 
F:min [0, 5, 8] 5 8 
Eb:maj [3, 7, 10] 3 4 
Bb:maj [2, 5, 10] 10 2 
E:min/b3 [4, 7, 11] 7 2 
C:min [0, 3, 7] 0 2 
G:maj [2, 7, 11] 7 2 
C:min [0, 3, 7] 0 2 
G:maj [2, 7, 11] 7 2 
C:min [0, 3, 7] 0 2 
G:maj [2, 7, 11] 7 2 
C:min/5 [0, 3, 7] 7 6 
G:maj [2, 7, 11] 7 2 
C:min [0, 3, 7] 0 2 
G:maj [2, 7, 11] 7 2 
C:min [0, 3, 7] 0 2 
G:maj [2, 7, 11] 7 2 
C:min/5 [0, 3, 7] 7 8 
C:min [0, 3, 7] 0 2 
G:maj [2, 7, 11] 7 2 
C:min [0, 3, 7] 0 2 
G:maj [2, 7, 11] 7 6 
C:min [0, 3, 7] 0 2 
G:maj [2, 7, 11] 7 2 
C:min [0, 3, 7] 0 2 
G:maj [2, 7, 11] 7 2 
C:min [0, 3, 7] 0 2 
G:maj [2, 7, 11] 7 2 
C:maj [0, 4, 7] 0 2 
C:min [0, 3, 7] 0 2 
F:min [0, 5, 8] 5 8 
Eb:maj [3, 7, 10] 3 4 
Bb:maj [2, 5, 10] 10 4 
F:min [0, 5, 8] 5 8 
Eb:maj [3, 7, 10] 3 4 
Bb:maj [2, 5, 10] 10 2 
G:maj/3 [2, 7, 11] 11 2 
C:min [0, 3, 7] 0 2 
G:maj [2, 7, 11] 7 2 
C:min [0, 3, 7] 0 2 
G:maj [2, 7, 11] 7 2 
C:min [0, 3, 7] 0 2 
G:maj [2, 7, 11] 7 2 
C:min/5 [0, 3, 7] 7 6 
G:maj [2, 7, 11] 7 2 
C:min [0, 3, 7] 0 2 
G:maj [2, 7, 11] 7 2 
C:min [0, 3, 7] 0 2 
G:maj [2, 7, 11] 7 2 
C:min/5 [0, 3, 7] 7 6 
G:maj [2, 7, 11] 7 2 
C:min [0, 3, 7] 0 2 
G:maj [2, 7, 11] 7 2 
C:min [0, 3, 7] 0 2 
G:maj [2, 7, 11] 7 2 
C:min/5 [0, 3, 7] 7 6 
G:maj [2, 7, 11] 7 2 
C:min [0, 3, 7] 0 2 
G:maj [2, 7, 11] 7 2 
C:min [0, 3, 7] 0 2 
G:maj [2, 7, 11] 7 2 
C:min/5 [0, 3, 7] 7 8 
Ab:maj [0, 3, 8] 8 4 
G:maj [2, 7, 11] 7 4 
C:min/5 [0, 3, 7] 7 8 
Ab:maj [0, 3, 8] 8 4 
G:maj [2, 7, 11] 7 4 
C:min/5 [0, 3, 7] 7 8 
Ab:maj [0, 3, 8] 8 4 
G:maj [2, 7, 11] 7 4 
C:min/5 [0, 3, 7] 7 8 
Ab:maj [0, 3, 8] 8 4 
G:maj [2, 7, 11] 7 4 
