0 170
67 2
72 2
74 2
75 2
74 2
72 2
74 2
75 2
74 2
72 2
74 2
75 2
74 2
72 2
70 2
72 2
67 6
0 4
75 2
75 2
74 1
0 1
74 3
0 1
72 10
0 2
67 2
72 2
74 2
75 2
74 2
72 2
74 2
75 2
74 2
72 2
74 2
75 2
74 2
72 2
70 2
72 2
67 6
0 4
75 2
75 2
77 1
0 1
77 3
0 1
75 1
74 1
72 8
0 2
67 2
72 2
74 2
75 2
74 2
72 2
74 2
75 2
74 2
72 2
74 2
75 2
74 2
72 2
70 2
72 2
67 6
0 4
75 2
75 2
74 1
0 1
74 3
0 1
72 10
0 2
67 2
72 2
74 2
75 2
74 2
72 2
74 2
75 2
74 2
72 2
74 2
75 2
74 2
72 2
70 2
72 2
75 6
0 4
75 2
75 2
77 1
0 1
77 3
0 1
75 1
74 1
72 8
0 28
77 2
79 1
0 1
80 2
79 2
77 2
79 1
0 1
80 2
79 2
77 2
75 2
77 1
0 1
75 4
79 14
77 12
0 12
77 2
79 1
0 1
80 2
79 2
77 2
79 1
0 1
80 2
79 2
77 2
75 2
77 2
75 4
79 12
80 2
79 2
77 14
72 2
74 2
75 4
72 4
74 2
71 4
72 7
0 1
67 4
0 2
72 2
74 1
0 1
75 4
72 4
74 2
71 4
72 11
0 3
72 2
74 2
75 4
72 4
74 2
71 4
72 7
0 1
74 4
0 2
72 2
74 1
0 1
75 4
0 3
75 1
74 2
71 4
72 11
0 177
67 2
72 2
74 2
75 2
74 2
72 2
74 2
75 2
74 2
72 2
74 2
75 2
74 2
72 2
70 2
72 2
67 6
0 4
75 2
75 2
74 1
0 1
74 3
0 1
72 10
0 2
67 2
72 2
74 2
75 2
74 2
72 2
74 2
75 2
74 2
72 2
74 2
75 2
74 2
72 2
70 2
72 2
75 6
0 4
75 2
75 2
77 1
0 1
77 3
0 1
75 1
74 1
72 8
0 28
77 2
79 1
0 1
80 2
79 2
77 2
79 1
0 1
80 2
79 2
77 2
75 2
77 2
75 4
79 14
77 12
0 12
77 2
79 1
0 1
80 2
79 2
77 2
79 1
0 1
80 2
79 2
77 2
75 2
77 2
75 4
79 12
80 2
79 2
77 14
72 2
74 2
75 4
72 4
74 2
71 4
72 7
0 1
67 4
0 2
72 2
74 1
0 1
75 4
72 4
74 2
71 4
72 11
0 3
72 2
74 2
75 4
72 4
74 2
71 4
72 7
0 1
74 4
0 2
72 2
74 1
0 1
75 4
0 3
75 1
74 2
71 4
72 11
0 3
72 2
74 2
75 4
72 4
74 2
71 4
72 7
0 1
67 4
0 2
72 2
74 1
0 1
75 4
72 4
74 2
71 4
72 11
0 3
72 2
74 2
75 4
72 4
74 2
71 4
72 7
0 1
74 4
0 2
72 2
74 1
0 1
75 4
0 3
75 1
74 2
71 4
72 11
0 131
72 2
74 2
75 4
72 4
74 2
71 4
72 7
0 1
67 4
0 2
72 2
74 1
0 1
75 4
72 4
74 2
71 4
72 11
0 3
72 2
74 2
75 4
72 4
74 2
71 4
72 7
0 1
74 4
0 2
72 2
74 1
0 1
75 4
0 3
75 1
74 2
71 4
72 11
0 3
72 2
74 2
75 4
72 4
74 2
71 4
72 7
0 1
67 4
0 2
72 2
74 1
0 1
75 4
72 4
74 2
71 4
72 11
0 3
72 2
74 2
75 4
72 4
74 2
71 4
72 7
0 1
74 4
0 2
72 2
74 1
0 1
75 4
0 3
75 1
74 2
71 4
72 11
