0 82
70 1
0 1
70 2
70 2
70 2
68 1
67 2
0 1
67 1
68 1
70 1
0 1
70 1
0 1
70 1
0 1
68 1
67 4
0 1
67 1
75 2
75 1
72 2
70 1
72 2
75 2
0 1
74 2
72 1
72 2
74 3
70 8
0 2
67 2
68 2
70 2
72 4
67 3
65 5
65 2
74 1
0 1
70 3
0 1
68 2
0 1
67 5
0 2
67 2
68 2
67 2
68 2
67 2
68 3
0 1
70 2
65 10
0 10
70 1
0 1
70 2
70 2
70 2
68 1
67 2
0 1
67 1
68 1
70 1
0 1
70 1
0 1
70 1
0 1
68 1
68 2
67 2
0 1
67 1
75 2
0 1
72 2
70 1
72 2
75 2
0 1
74 2
72 1
72 2
74 3
70 8
0 2
67 2
68 2
70 2
72 4
79 3
77 5
74 2
72 1
0 1
70 3
0 1
80 2
0 1
79 5
0 2
67 2
68 2
70 2
72 2
74 2
75 5
0 1
77 2
75 10
0 4
74 1
75 1
82 2
75 2
75 3
0 1
74 2
75 1
77 2
75 1
77 1
75 1
82 2
74 1
74 2
0 2
70 1
70 1
74 1
0 1
75 2
0 1
72 1
74 1
75 2
68 1
68 3
75 1
77 1
75 2
70 1
70 3
0 1
70 1
80 3
82 3
77 1
79 3
0 3
75 1
77 1
75 1
82 2
75 2
75 3
0 1
74 2
75 1
77 2
75 1
77 1
75 1
82 2
74 1
74 2
0 2
70 1
70 1
74 1
0 1
75 2
0 1
72 1
74 1
75 2
68 1
68 3
0 1
75 1
74 2
75 1
75 3
77 1
77 3
75 11
0 53
70 1
0 1
70 2
70 2
70 2
68 1
67 2
0 1
67 1
68 1
70 1
0 1
70 1
0 1
70 1
0 1
68 1
67 4
0 1
67 1
75 2
75 1
72 2
70 1
72 2
75 2
0 1
74 2
72 1
72 2
74 3
70 8
0 2
67 2
68 2
70 2
72 4
67 3
65 5
65 2
74 1
0 1
70 3
0 1
68 2
0 1
67 5
0 2
67 2
68 2
67 2
68 2
67 2
68 3
0 1
70 2
65 10
0 10
70 1
0 1
70 2
70 2
70 2
68 1
67 2
0 1
67 1
68 1
70 1
0 1
70 1
0 1
70 1
0 1
68 1
68 2
67 2
0 1
67 1
75 2
0 1
72 2
70 1
72 2
75 2
0 1
74 2
72 1
72 2
74 3
70 8
0 2
67 2
68 2
70 2
72 4
79 3
77 5
74 2
72 1
0 1
70 3
0 1
80 2
0 1
79 5
0 2
67 2
68 2
70 2
72 2
74 2
75 5
0 1
77 2
75 10
0 4
74 1
75 1
82 2
75 2
75 3
0 1
74 2
75 1
77 2
75 1
77 1
75 1
82 2
74 1
74 2
0 2
70 1
70 1
74 1
0 1
75 2
0 1
72 1
74 1
75 2
68 1
68 3
75 1
77 1
75 2
70 1
70 3
0 1
70 1
80 3
82 3
77 1
79 3
0 3
75 1
77 1
75 1
82 2
75 2
75 3
0 1
74 2
75 1
77 2
75 1
77 1
75 1
82 2
74 1
74 2
0 2
70 1
70 1
74 1
0 1
75 2
0 1
72 1
74 1
75 2
68 1
68 3
0 1
75 1
74 2
75 1
75 3
77 1
77 3
75 14
0 1
70 1
70 1
70 1
70 1
67 1
70 1
0 1
70 1
70 1
70 1
70 1
70 1
67 1
70 1
0 2
70 1
70 1
70 1
70 1
70 1
70 1
70 1
70 1
70 1
70 1
70 1
70 1
67 1
70 2
0 1
70 1
70 1
70 1
70 1
72 1
0 1
70 1
0 1
70 1
70 1
70 1
70 1
72 2
70 9
0 9
70 1
70 1
70 1
70 1
67 1
70 1
0 1
70 1
70 1
70 1
70 1
70 1
67 1
70 1
0 2
70 1
70 1
70 1
70 1
70 1
70 1
70 1
70 1
70 1
70 1
70 1
70 1
67 1
70 2
0 1
70 1
70 1
70 1
70 1
72 1
0 1
70 1
0 1
70 1
70 1
70 1
70 1
77 2
75 9
0 6
74 1
75 1
82 2
75 2
75 3
0 1
74 2
75 1
77 2
75 1
77 1
75 1
82 2
74 1
74 2
0 2
70 1
70 1
74 1
0 1
75 2
0 1
72 1
74 1
75 2
68 1
68 3
75 1
77 1
75 2
70 1
70 3
0 1
70 1
80 3
82 3
77 1
79 3
0 3
75 1
77 1
75 1
82 2
75 2
75 3
0 1
74 2
75 1
77 2
75 1
77 1
75 1
82 2
74 1
74 2
0 2
70 1
70 1
74 1
0 1
75 2
0 1
72 1
74 1
75 2
68 1
68 3
0 1
75 1
74 2
75 1
75 3
77 1
77 3
75 11
