C:maj [0, 4, 7] 0 4 
E:min [4, 7, 11] 4 4 
F:maj [0, 5, 9] 5 4 
G:maj [2, 7, 11] 7 4 
C:sus2 [0, 2, 7] 0 4 
E:min [4, 7, 11] 4 4 
A:min [0, 4, 9] 9 4 
D:min [2, 5, 9] 2 4 
E:min [4, 7, 11] 4 4 
A:min [0, 4, 9] 9 4 
D:min [2, 5, 9] 2 4 
G:maj [2, 7, 11] 7 4 
C:sus2 [0, 2, 7] 0 4 
E:min [4, 7, 11] 4 4 
A:min [0, 4, 9] 9 4 
D:min [2, 5, 9] 2 4 
E:min [4, 7, 11] 4 4 
A:min [0, 4, 9] 9 4 
D:min [2, 5, 9] 2 4 
G:maj [2, 7, 11] 7 4 
C:maj [0, 4, 7] 0 4 
E:min [4, 7, 11] 4 4 
D:min7 [0, 2, 5, 9] 2 4 
G:maj [2, 7, 11] 7 4 
C:maj [0, 4, 7] 0 4 
E:min [4, 7, 11] 4 4 
F:maj [0, 5, 9] 5 4 
G:maj [2, 7, 11] 7 4 
C:maj [0, 4, 7] 0 4 
E:min7 [2, 4, 7, 11] 4 4 
A:min [0, 4, 9] 9 4 
G:maj [2, 7, 11] 7 4 
C:sus2 [0, 2, 7] 0 4 
E:min [4, 7, 11] 4 4 
A:min [0, 4, 9] 9 4 
D:min [2, 5, 9] 2 4 
E:min [4, 7, 11] 4 4 
A:min [0, 4, 9] 9 4 
D:min [2, 5, 9] 2 4 
G:maj [2, 7, 11] 7 4 
C:maj [0, 4, 7] 0 4 
E:min [4, 7, 11] 4 4 
D:min7 [0, 2, 5, 9] 2 4 
G:maj [2, 7, 11] 7 4 
C:maj [0, 4, 7] 0 4 
E:min [4, 7, 11] 4 4 
F:maj [0, 5, 9] 5 4 
G:maj [2, 7, 11] 7 4 
C:maj [0, 4, 7] 0 4 
E:min [4, 7, 11] 4 4 
D:min7 [0, 2, 5, 9] 2 4 
G:maj [2, 7, 11] 7 4 
C:maj [0, 4, 7] 0 4 
E:min [4, 7, 11] 4 4 
F:maj [0, 5, 9] 5 4 
G:maj [2, 7, 11] 7 4 
C:maj [0, 4, 7] 0 4 
C:maj7 [0, 4, 7, 10] 0 4 
C:maj [0, 4, 7] 0 4 
G:maj [2, 7, 11] 7 4 
C:maj [0, 4, 7] 0 4 
E:min [4, 7, 11] 4 4 
F:maj [0, 5, 9] 5 4 
G:maj [2, 7, 11] 7 4 
