Ab:9 [0, 3, 6, 8, 10] 8 4 
F#:sus2 [1, 6, 8] 6 2 
B:maj7/7 [3, 6, 9, 11] 10 4 
C#:maj [1, 5, 8] 1 2 
Eb:min [3, 6, 10] 3 4 
B:maj [3, 6, 11] 11 4 
Eb:min [3, 6, 10] 3 4 
Ab:min [3, 8, 11] 8 2 
Bb:maj [2, 5, 10] 10 2 
Eb:min [3, 6, 10] 3 4 
B:maj [3, 6, 11] 11 4 
Ab:maj [0, 3, 8] 8 2 
Bb:maj [2, 5, 10] 10 2 
Eb:min [3, 6, 10] 3 3 
C#:maj [1, 5, 8] 1 1 
F#:maj [1, 6, 10] 6 4 
C#:maj [1, 5, 8] 1 4 
Eb:min [3, 6, 10] 3 4 
Bb:min [1, 5, 10] 10 4 
B:maj [3, 6, 11] 11 4 
F#:maj [1, 6, 10] 6 4 
Ab:min [3, 8, 11] 8 2 
B:maj [3, 6, 11] 11 2 
C#:maj6 [1, 5, 8, 10] 1 3 
C#:maj/4 [1, 5, 8] 6 1 
F#:maj [1, 6, 10] 6 4 
C#:maj [1, 5, 8] 1 4 
Eb:min [3, 6, 10] 3 4 
Bb:min [1, 5, 10] 10 2 
F#:7 [1, 4, 6, 10] 6 2 
B:maj [3, 6, 11] 11 4 
F#:maj [1, 6, 10] 6 4 
Ab:min [3, 8, 11] 8 2 
B:maj [3, 6, 11] 11 2 
Eb:min [3, 6, 10] 3 4 
C#:maj [1, 5, 8] 1 4 
Ab:min [3, 8, 11] 8 2 
E:maj [4, 8, 11] 4 2 
Bb:sus4 [3, 5, 10] 10 4 
Eb:min [3, 6, 10] 3 4 
B:maj [3, 6, 11] 11 4 
Eb:min [3, 6, 10] 3 4 
Ab:min [3, 8, 11] 8 2 
Bb:maj [2, 5, 10] 10 2 
Eb:min [3, 6, 10] 3 4 
B:maj [3, 6, 11] 11 4 
Ab:maj [0, 3, 8] 8 2 
Bb:maj [2, 5, 10] 10 2 
Eb:min [3, 6, 10] 3 3 
C#:maj [1, 5, 8] 1 1 
F#:maj [1, 6, 10] 6 4 
C#:maj [1, 5, 8] 1 4 
Eb:min [3, 6, 10] 3 4 
Bb:min [1, 5, 10] 10 4 
B:maj [3, 6, 11] 11 4 
F#:maj [1, 6, 10] 6 4 
Ab:min [3, 8, 11] 8 2 
B:maj [3, 6, 11] 11 2 
C#:maj6 [1, 5, 8, 10] 1 3 
C#:maj [1, 5, 8] 1 1 
F#:maj [1, 6, 10] 6 4 
C#:maj [1, 5, 8] 1 4 
Eb:min [3, 6, 10] 3 4 
Bb:min [1, 5, 10] 10 2 
F#:7 [1, 4, 6, 10] 6 2 
B:maj [3, 6, 11] 11 4 
F#:maj [1, 6, 10] 6 4 
Ab:min [3, 8, 11] 8 2 
B:maj [3, 6, 11] 11 2 
Eb:min7/b7 [1, 3, 6, 10] 1 1 
B:maj6 [3, 6, 8, 11] 11 2 
C#:maj7 [1, 5, 8, 11] 1 1 
F#:maj [1, 6, 10] 6 4 
C#:maj [1, 5, 8] 1 4 
Eb:min [3, 6, 10] 3 4 
Bb:min [1, 5, 10] 10 2 
F#:7 [1, 4, 6, 10] 6 2 
B:maj [3, 6, 11] 11 4 
Eb:sus2 [3, 5, 10] 3 2 
Eb:maj [3, 7, 10] 3 2 
Ab:min [3, 8, 11] 8 2 
E:maj [4, 8, 11] 4 2 
C#:maj [1, 5, 8] 1 1 
Eb:min7/b7 [1, 3, 6, 10] 1 2 
C#:maj [1, 5, 8] 1 1 
F#:maj [1, 6, 10] 6 4 
C#:maj [1, 5, 8] 1 4 
Eb:min [3, 6, 10] 3 4 
Bb:min [1, 5, 10] 10 2 
F#:7 [1, 4, 6, 10] 6 2 
B:maj [3, 6, 11] 11 4 
F#:maj7/7 [1, 4, 6, 10] 5 2 
Eb:min [3, 6, 10] 3 2 
Ab:min [3, 8, 11] 8 2 
B:maj [3, 6, 11] 11 2 
Eb:min [3, 6, 10] 3 4 
B:maj [3, 6, 11] 11 4 
Bb:min [1, 5, 10] 10 2 
Eb:min [3, 6, 10] 3 2 
Ab:min [3, 8, 11] 8 2 
B:maj [3, 6, 11] 11 4 
C#:maj [1, 5, 8] 1 1 
Bb:min7 [1, 5, 8, 10] 10 3 
F#:maj [1, 6, 10] 6 1 
Ab:7 [0, 3, 6, 8] 8 3 
Ab:min7 [3, 6, 8, 11] 8 3 
C#:maj [1, 5, 8] 1 2 
Eb:min [3, 6, 10] 3 3 
