0 50
63 1
65 1
66 1
0 1
63 1
66 1
0 1
63 1
0 8
63 1
65 1
66 1
0 1
68 1
66 1
0 1
63 1
0 8
63 1
65 1
66 1
0 1
68 1
70 1
0 3
70 1
0 1
73 1
0 1
70 1
70 1
68 4
68 1
0 1
66 1
66 2
65 4
0 3
58 1
63 1
65 1
66 1
0 1
63 1
66 1
0 1
63 3
0 5
58 1
63 1
65 1
66 1
0 1
68 1
66 1
0 1
63 3
0 6
63 1
63 1
63 1
0 1
63 1
63 2
0 3
62 1
0 1
63 1
65 1
63 5
0 15
66 2
68 1
70 3
0 2
70 1
73 1
73 1
70 1
73 1
0 1
75 1
75 2
73 4
0 3
75 1
0 1
77 1
78 5
0 2
78 1
77 1
78 1
0 1
77 1
0 1
78 1
0 1
70 1
73 5
0 8
70 1
0 1
73 1
75 4
0 5
75 1
0 1
73 1
0 1
75 1
0 1
66 1
0 1
66 1
73 1
0 1
70 4
0 7
71 1
70 1
71 3
0 4
70 1
71 1
0 1
70 1
71 2
0 1
66 2
68 5
0 15
66 2
68 1
70 3
0 2
70 1
73 1
73 1
70 1
73 1
0 1
75 1
75 2
73 5
0 2
75 1
0 1
77 1
78 5
0 2
77 1
0 1
78 1
0 1
77 1
0 1
78 1
0 1
70 1
0 1
73 5
0 7
70 1
0 1
73 1
0 1
75 1
0 1
73 1
75 6
0 3
75 1
0 1
70 1
70 1
73 1
70 9
0 4
71 1
70 1
71 3
0 4
70 1
75 2
0 1
78 3
75 2
75 12
0 54
63 1
65 1
66 1
0 1
63 1
66 1
0 1
63 1
0 8
63 1
65 1
66 1
0 1
68 1
66 1
0 1
63 1
0 8
63 1
65 1
66 1
0 1
68 1
70 1
0 3
70 1
0 1
73 1
0 1
70 1
70 1
0 1
68 2
0 1
68 1
0 1
66 1
66 2
65 4
0 3
58 1
63 1
65 1
66 1
0 1
63 1
66 1
0 1
63 3
0 5
58 1
63 1
65 1
66 1
0 1
68 1
66 1
0 1
63 3
0 6
63 1
63 1
63 1
0 1
63 1
63 2
0 3
61 1
0 1
63 1
65 1
63 15
0 5
66 2
68 1
70 3
0 2
70 1
73 1
73 1
70 1
73 1
0 1
75 1
75 2
73 5
0 2
75 1
0 1
77 1
78 5
0 2
78 1
77 1
78 1
0 1
77 1
0 1
78 1
0 1
70 1
73 5
0 8
70 1
0 1
73 1
75 4
0 5
75 1
0 1
73 1
0 1
75 1
0 1
66 1
0 1
66 1
73 1
0 1
70 4
0 7
71 1
70 1
71 3
0 4
70 1
71 1
0 1
70 1
71 2
0 1
66 2
68 5
0 15
66 2
68 1
70 3
0 2
70 1
73 1
73 1
70 1
73 1
0 1
75 1
75 2
73 4
0 3
75 1
0 1
77 1
78 5
0 2
77 1
0 1
78 1
0 1
77 1
0 1
78 1
0 1
70 1
0 1
73 5
0 7
70 1
0 1
73 1
0 1
75 1
0 1
73 1
75 6
0 3
75 1
0 1
70 1
70 1
73 1
70 9
0 4
71 1
70 1
71 3
0 4
70 1
75 2
0 1
78 3
75 2
75 12
0 8
66 2
68 1
70 3
0 2
70 1
73 1
73 1
70 1
73 1
0 1
75 1
75 2
73 5
0 2
75 1
0 1
77 1
78 5
0 2
78 1
77 1
78 1
0 1
77 1
0 1
78 1
0 1
70 1
73 5
0 8
70 1
0 1
73 1
75 4
0 5
75 1
0 1
73 1
0 1
75 1
0 1
66 1
0 1
66 1
73 1
0 1
70 4
0 7
71 1
70 1
71 3
0 4
70 1
71 1
0 1
70 1
71 2
0 1
66 2
68 5
0 15
66 2
68 1
70 3
0 2
70 1
73 1
73 1
70 1
73 1
0 1
75 1
75 2
73 5
0 2
75 1
0 1
77 1
78 5
0 2
77 1
0 1
78 1
0 1
77 1
0 1
78 1
0 1
70 1
0 1
73 5
0 7
70 1
0 1
73 1
0 1
75 1
0 1
73 1
75 6
0 3
75 1
0 1
70 1
70 1
73 1
70 9
0 4
71 1
70 1
71 3
0 4
70 1
75 2
0 1
78 3
75 2
75 12
73 1
0 1
73 1
0 1
75 1
0 1
73 1
75 6
0 3
75 1
0 1
70 1
0 1
70 1
73 1
0 1
70 4
0 7
71 1
70 1
71 2
0 4
71 1
0 1
75 2
0 1
78 2
0 1
75 1
0 1
75 11
