B:min [2, 6, 11] 11 2 
G:maj [2, 7, 11] 7 2 
A:maj [1, 4, 9] 9 2 
D:maj [2, 6, 9] 2 2 
G:maj [2, 7, 11] 7 2 
A:maj [1, 4, 9] 9 2 
D:maj [2, 6, 9] 2 4 
G:maj [2, 7, 11] 7 2 
A:maj [1, 4, 9] 9 2 
F#:min [1, 6, 9] 6 2 
B:min [2, 6, 11] 11 2 
G:maj [2, 7, 11] 7 2 
A:maj [1, 4, 9] 9 2 
B:min [2, 6, 11] 11 6 
G:maj [2, 7, 11] 7 2 
A:maj [1, 4, 9] 9 2 
D:maj [2, 6, 9] 2 2 
G:maj [2, 7, 11] 7 2 
A:maj [1, 4, 9] 9 2 
D:maj [2, 6, 9] 2 2 
F#:maj [1, 6, 10] 6 2 
B:min [2, 6, 11] 11 2 
G:maj [2, 7, 11] 7 2 
A:maj [1, 4, 9] 9 2 
D:maj [2, 6, 9] 2 2 
G:maj [2, 7, 11] 7 2 
A:maj [1, 4, 9] 9 2 
D:maj [2, 6, 9] 2 4 
G:maj [2, 7, 11] 7 2 
A:maj [1, 4, 9] 9 2 
F#:min [1, 6, 9] 6 2 
B:min [2, 6, 11] 11 2 
G:maj [2, 7, 11] 7 2 
A:maj [1, 4, 9] 9 2 
B:min [2, 6, 11] 11 6 
G:maj [2, 7, 11] 7 2 
A:maj [1, 4, 9] 9 2 
D:maj [2, 6, 9] 2 2 
G:maj [2, 7, 11] 7 2 
A:maj [1, 4, 9] 9 2 
D:maj [2, 6, 9] 2 2 
F#:maj [1, 6, 10] 6 2 
B:min [2, 6, 11] 11 2 
G:maj [2, 7, 11] 7 2 
A:maj [1, 4, 9] 9 2 
D:maj [2, 6, 9] 2 2 
G:maj [2, 7, 11] 7 2 
A:maj [1, 4, 9] 9 2 
D:maj [2, 6, 9] 2 4 
G:maj [2, 7, 11] 7 2 
A:maj [1, 4, 9] 9 2 
F#:min [1, 6, 9] 6 2 
B:min [2, 6, 11] 11 2 
G:maj [2, 7, 11] 7 2 
A:maj [1, 4, 9] 9 2 
B:min [2, 6, 11] 11 4 
G:maj [2, 7, 11] 7 2 
A:maj [1, 4, 9] 9 2 
F#:min [1, 6, 9] 6 2 
B:min [2, 6, 11] 11 2 
G:maj [2, 7, 11] 7 2 
A:maj [1, 4, 9] 9 2 
D:maj [2, 6, 9] 2 2 
F#:min [1, 6, 9] 6 2 
G:maj [2, 7, 11] 7 2 
A:maj [1, 4, 9] 9 2 
F#:min [1, 6, 9] 6 2 
B:min [2, 6, 11] 11 2 
G:maj [2, 7, 11] 7 2 
A:maj [1, 4, 9] 9 2 
F#:min [1, 6, 9] 6 2 
B:min [2, 6, 11] 11 2 
G:maj [2, 7, 11] 7 2 
A:maj [1, 4, 9] 9 2 
F#:min [1, 6, 9] 6 2 
B:min [2, 6, 11] 11 2 
G:maj [2, 7, 11] 7 2 
A:maj [1, 4, 9] 9 2 
B:min [2, 6, 11] 11 6 
G:maj [2, 7, 11] 7 2 
A:maj [1, 4, 9] 9 2 
D:maj [2, 6, 9] 2 2 
G:maj [2, 7, 11] 7 2 
A:maj [1, 4, 9] 9 2 
D:maj [2, 6, 9] 2 2 
F#:maj [1, 6, 10] 6 2 
B:min [2, 6, 11] 11 2 
G:maj [2, 7, 11] 7 2 
A:maj [1, 4, 9] 9 2 
D:maj [2, 6, 9] 2 2 
G:maj [2, 7, 11] 7 2 
A:maj [1, 4, 9] 9 2 
D:maj [2, 6, 9] 2 4 
G:maj [2, 7, 11] 7 2 
A:maj [1, 4, 9] 9 2 
F#:min [1, 6, 9] 6 2 
B:min [2, 6, 11] 11 2 
G:maj [2, 7, 11] 7 2 
A:maj [1, 4, 9] 9 2 
B:min [2, 6, 11] 11 4 
G:maj [2, 7, 11] 7 2 
A:maj [1, 4, 9] 9 2 
F#:min [1, 6, 9] 6 2 
B:min [2, 6, 11] 11 2 
G:maj [2, 7, 11] 7 2 
A:maj [1, 4, 9] 9 2 
D:maj [2, 6, 9] 2 2 
F#:min [1, 6, 9] 6 2 
G:maj [2, 7, 11] 7 2 
A:maj [1, 4, 9] 9 2 
F#:min [1, 6, 9] 6 2 
B:min [2, 6, 11] 11 2 
G:maj [2, 7, 11] 7 2 
A:maj [1, 4, 9] 9 2 
F#:min [1, 6, 9] 6 2 
B:min [2, 6, 11] 11 2 
G:maj [2, 7, 11] 7 2 
A:maj [1, 4, 9] 9 2 
F#:min [1, 6, 9] 6 2 
B:min [2, 6, 11] 11 2 
E:min [4, 7, 11] 4 4 
D:maj [2, 6, 9] 2 4 
E:min [4, 7, 11] 4 4 
F#:maj [1, 6, 10] 6 4 
G:maj [2, 7, 11] 7 2 
A:maj [1, 4, 9] 9 2 
D:maj [2, 6, 9] 2 1 
C#:maj [1, 5, 8] 1 1 
B:min [2, 6, 11] 11 2 
G:maj [2, 7, 11] 7 2 
A:maj [1, 4, 9] 9 2 
B:min [2, 6, 11] 11 4 
G:maj [2, 7, 11] 7 3 
A:maj [1, 4, 9] 9 1 
F#:min [1, 6, 9] 6 2 
B:min [2, 6, 11] 11 2 
G:maj [2, 7, 11] 7 2 
A:maj [1, 4, 9] 9 2 
D:maj [2, 6, 9] 2 2 
F#:min [1, 6, 9] 6 2 
G:maj [2, 7, 11] 7 2 
A:maj [1, 4, 9] 9 2 
F#:min [1, 6, 9] 6 2 
B:min [2, 6, 11] 11 2 
G:maj [2, 7, 11] 7 2 
A:maj [1, 4, 9] 9 2 
F#:min [1, 6, 9] 6 2 
B:min [2, 6, 11] 11 2 
G:maj [2, 7, 11] 7 2 
A:maj [1, 4, 9] 9 2 
F#:min [1, 6, 9] 6 4 
G:maj [2, 7, 11] 7 2 
A:maj [1, 4, 9] 9 2 
D:maj [2, 6, 9] 2 2 
B:min [2, 6, 11] 11 2 
G:maj [2, 7, 11] 7 2 
A:maj [1, 4, 9] 9 2 
