0 68
71 2
70 2
71 2
70 1
0 1
68 2
66 1
70 3
71 1
70 2
0 1
66 1
63 6
0 3
66 1
66 1
66 1
0 2
68 2
59 5
0 4
66 2
66 1
66 2
67 2
67 3
66 1
64 5
0 4
71 2
70 1
71 3
70 1
68 3
66 2
73 2
73 1
73 2
0 1
68 2
66 6
0 2
66 1
0 1
66 1
66 2
75 2
73 2
71 2
0 3
68 1
70 1
71 1
0 1
71 1
71 2
73 2
71 4
0 5
70 2
70 1
70 2
71 2
73 5
71 2
70 1
71 2
0 1
71 1
71 2
73 2
75 4
0 3
71 1
0 1
78 2
75 1
76 3
75 2
73 2
75 1
71 3
0 1
66 1
78 2
76 1
76 3
75 1
75 2
73 6
0 9
0 6
66 2
78 4
75 4
73 2
71 2
0 2
78 5
0 9
75 1
76 1
78 1
78 3
76 1
76 2
75 2
73 3
75 1
71 3
0 1
66 1
78 2
76 1
76 3
75 1
75 3
73 4
0 1
66 1
78 4
75 4
73 2
71 4
78 7
0 7
75 1
76 1
78 1
78 3
76 1
76 3
75 1
73 3
75 1
71 3
0 1
66 1
78 1
0 1
76 1
76 2
75 1
0 1
76 1
73 3
0 1
73 2
71 1
71 11
0 23
73 2
0 1
73 2
0 2
73 2
71 3
0 1
73 4
75 4
73 7
0 7
71 2
70 2
71 2
70 1
0 1
68 2
66 1
70 3
71 1
70 2
0 1
66 1
63 6
0 2
66 1
66 1
66 1
66 1
0 2
68 2
59 5
0 3
66 1
66 2
66 1
66 1
0 1
67 2
67 2
66 2
64 5
0 4
71 2
70 1
71 3
70 1
68 3
66 1
73 3
73 1
73 2
68 2
66 6
0 3
66 1
0 1
66 1
66 2
75 2
73 2
71 2
0 3
68 1
70 1
71 1
0 1
71 1
71 2
73 2
71 2
73 2
0 5
70 2
70 1
70 2
71 2
73 1
71 1
73 3
71 2
70 1
71 2
0 1
71 1
71 2
73 2
75 4
0 3
71 1
0 1
78 2
76 1
76 3
75 2
73 2
75 1
71 3
0 1
66 1
78 2
76 1
76 3
75 1
75 2
73 6
0 1
78 4
75 4
73 2
71 2
0 2
78 5
0 9
75 1
76 1
78 1
78 3
76 1
76 2
75 2
73 3
75 1
71 3
0 1
66 1
78 2
76 1
76 3
75 1
75 3
73 4
66 2
78 4
75 4
73 2
71 3
78 7
0 8
75 1
76 1
78 1
78 3
76 1
76 3
75 1
73 3
75 1
71 3
0 1
66 1
78 1
0 1
76 1
76 3
78 1
73 5
0 2
66 2
78 4
75 4
73 2
71 2
0 2
78 5
0 9
75 1
76 1
78 1
78 3
76 1
76 2
75 2
73 3
75 1
71 3
0 1
66 1
78 2
76 1
76 3
78 1
73 6
0 1
66 2
78 4
75 4
73 2
71 4
80 1
0 1
80 2
78 4
0 6
75 1
76 1
78 1
78 3
76 1
76 3
75 1
73 3
75 1
71 3
0 1
66 1
78 1
0 1
76 1
76 3
75 1
0 1
73 1
75 1
73 7
0 143
78 3
75 4
73 2
71 3
0 1
78 6
80 2
0 1
78 6
75 1
76 1
78 1
78 3
76 1
75 2
0 1
75 1
73 3
75 1
73 4
66 1
78 1
0 1
76 1
76 3
78 1
71 3
83 3
0 1
66 1
80 4
78 2
0 1
75 2
80 1
0 1
80 2
78 2
82 9
0 1
78 4
75 1
76 1
78 1
78 3
76 1
76 3
75 1
73 3
75 1
73 3
66 1
0 1
78 1
0 1
76 1
76 3
75 1
75 3
73 12
0 2
