C#:maj [1, 5, 8] 1 8 
Bb:maj [2, 5, 10] 10 7 
F#:maj7 [1, 4, 6, 10] 6 9 
F#:maj(9) [1, 4, 6, 8, 10] 6 1 
Ab:maj [0, 3, 8] 8 7 
C#:maj [1, 5, 8] 1 4 
Bb:min [1, 5, 10] 10 4 
F#:maj [1, 6, 10] 6 4 
Ab:sus4(b7) [1, 3, 8] 8 4 
C#:maj [1, 5, 8] 1 4 
Bb:maj [2, 5, 10] 10 4 
F#:maj [1, 6, 10] 6 2 
Ab:maj [0, 3, 8] 8 6 
C#:maj [1, 5, 8] 1 4 
Bb:min [1, 5, 10] 10 3 
Bb:min7 [1, 5, 8, 10] 10 1 
F#:maj [1, 6, 10] 6 4 
Ab:sus4 [1, 3, 8] 8 4 
C#:maj [1, 5, 8] 1 1 
Ab:maj/3 [0, 3, 8] 0 1 
Bb:min [1, 5, 10] 10 6 
F#:maj [1, 6, 10] 6 2 
Ab:maj [0, 3, 8] 8 2 
C#:maj [1, 5, 8] 1 16 
F#:sus2 [1, 6, 8] 6 2 
F:min/b3 [0, 5, 8] 8 2 
C#:maj [1, 5, 8] 1 4 
F#:maj [1, 6, 10] 6 2 
F:min/b3 [0, 5, 8] 8 2 
F:min [0, 5, 8] 5 2 
Bb:min [1, 5, 10] 10 2 
Eb:maj [3, 7, 10] 3 4 
Ab:maj [0, 3, 8] 8 4 
C#:maj [1, 5, 8] 1 8 
F#:maj [1, 6, 10] 6 2 
Ab:maj [0, 3, 8] 8 2 
Bb:min [1, 5, 10] 10 3 
F#:maj [1, 6, 10] 6 3 
Ab:maj [0, 3, 8] 8 2 
F:min [0, 5, 8] 5 1 
Bb:min [1, 5, 10] 10 3 
Eb:min [3, 6, 10] 3 3 
Ab:sus2 [3, 8, 10] 8 5 
C#:maj(9) [1, 3, 5, 8, 11] 1 1 
C#:maj [1, 5, 8] 1 5 
Bb:min [1, 5, 10] 10 9 
F#:maj [1, 6, 10] 6 8 
Ab:sus4(b7) [1, 3, 8] 8 9 
Ab:sus4 [1, 3, 8] 8 1 
C#:maj [1, 5, 8] 1 3 
Bb:min [1, 5, 10] 10 3 
Bb:min7 [1, 5, 8, 10] 10 1 
F#:maj [1, 6, 10] 6 4 
Ab:sus4 [1, 3, 8] 8 4 
C#:maj [1, 5, 8] 1 2 
Bb:min [1, 5, 10] 10 6 
F#:maj [1, 6, 10] 6 2 
Ab:maj [0, 3, 8] 8 2 
C#:maj [1, 5, 8] 1 4 
C#:7 [1, 5, 8, 11] 1 4 
C#:maj [1, 5, 8] 1 8 
F#:sus2 [1, 6, 8] 6 2 
F:min/b3 [0, 5, 8] 8 2 
C#:maj [1, 5, 8] 1 4 
Eb:min/b3 [3, 6, 10] 6 2 
Ab:maj [0, 3, 8] 8 2 
F:min [0, 5, 8] 5 2 
Bb:min9 [0, 1, 5, 8, 10] 10 2 
Eb:maj [3, 7, 10] 3 4 
Ab:maj [0, 3, 8] 8 4 
C#:maj [1, 5, 8] 1 7 
C#:maj(9) [1, 3, 5, 8, 11] 1 1 
F#:maj [1, 6, 10] 6 2 
Ab:maj [0, 3, 8] 8 2 
Bb:min [1, 5, 10] 10 3 
F#:maj [1, 6, 10] 6 3 
Ab:maj [0, 3, 8] 8 2 
F:min [0, 5, 8] 5 1 
Bb:min [1, 5, 10] 10 3 
Eb:min [3, 6, 10] 3 3 
Ab:sus2 [3, 8, 10] 8 5 
C#:maj(9) [1, 3, 5, 8, 11] 1 1 
C#:maj [1, 5, 8] 1 7 
Eb:min [3, 6, 10] 3 3 
Ab:maj [0, 3, 8] 8 4 
Ab:7 [0, 3, 6, 8] 8 1 
F:min [0, 5, 8] 5 3 
Bb:min [1, 5, 10] 10 3 
Eb:min [3, 6, 10] 3 5 
F#:maj [1, 6, 10] 6 4 
Ab:maj [0, 3, 8] 8 14 
C#:maj [1, 5, 8] 1 5 
F#:maj [1, 6, 10] 6 4 
Ab:maj [0, 3, 8] 8 2 
C#:maj/5 [1, 5, 8] 8 4 
Eb:min/b3 [3, 6, 10] 6 2 
Ab:7 [0, 3, 6, 8] 8 2 
F:min [0, 5, 8] 5 2 
Bb:min7 [1, 5, 8, 10] 10 2 
Eb:maj [3, 7, 10] 3 4 
Ab:maj [0, 3, 8] 8 4 
C#:maj(9) [1, 3, 5, 8, 11] 1 1 
C#:maj [1, 5, 8] 1 6 
C#:maj(9) [1, 3, 5, 8, 11] 1 1 
F#:maj7 [1, 4, 6, 10] 6 1 
F#:maj(9) [1, 4, 6, 8, 10] 6 1 
Ab:maj [0, 3, 8] 8 2 
Bb:min [1, 5, 10] 10 3 
Bb:min7 [1, 5, 8, 10] 10 1 
F#:maj [1, 6, 10] 6 1 
F#:maj(9) [1, 4, 6, 8, 10] 6 1 
Ab:maj [0, 3, 8] 8 2 
F:min [0, 5, 8] 5 2 
Bb:min [1, 5, 10] 10 2 
Bb:sus4 [3, 5, 10] 10 1 
Eb:min [3, 6, 10] 3 2 
Ab:sus2 [3, 8, 10] 8 2 
Ab:maj [0, 3, 8] 8 3 
C#:maj [1, 5, 8] 1 8 
B:maj [3, 6, 11] 11 7 
F#:maj6 [1, 3, 6, 10] 6 9 
Ab:maj [0, 3, 8] 8 13 
C#:sus2 [1, 3, 8] 1 5 
