B:maj [3, 6, 11] 11 6 
F#:maj [1, 6, 10] 6 2 
B:maj [3, 6, 11] 11 4 
B:min [2, 6, 11] 11 4 
G:maj [2, 7, 11] 7 4 
C:maj [0, 4, 7] 0 4 
B:maj [3, 6, 11] 11 8 
C#:min [1, 4, 8] 1 4 
F#:maj [1, 6, 10] 6 4 
Bb:sus4 [3, 5, 10] 10 4 
Ab:min [3, 8, 11] 8 4 
C#:min [1, 4, 8] 1 4 
F#:maj [1, 6, 10] 6 4 
B:sus2 [1, 6, 11] 11 4 
Ab:sus4(b7) [1, 3, 8] 8 2 
Ab:maj [0, 3, 8] 8 2 
E:maj [4, 8, 11] 4 4 
F#:maj [1, 6, 10] 6 4 
B:maj [3, 6, 11] 11 4 
Ab:sus4 [1, 3, 8] 8 4 
E:maj [4, 8, 11] 4 4 
F#:maj [1, 6, 10] 6 4 
G:maj [2, 7, 11] 7 4 
F#:maj [1, 6, 10] 6 4 
B:maj [3, 6, 11] 11 8 
Ab:min [3, 8, 11] 8 8 
C#:min [1, 4, 8] 1 4 
E:min [4, 7, 11] 4 4 
Eb:maj [3, 7, 10] 3 2 
Ab:maj [0, 3, 8] 8 1 
F#:7 [1, 4, 6, 10] 6 1 
F#:maj [1, 6, 10] 6 4 
B:maj [3, 6, 11] 11 4 
Eb:min/5 [3, 6, 10] 10 2 
C:min/b3 [0, 3, 7] 3 2 
Ab:min [3, 8, 11] 8 4 
F#:maj [1, 6, 10] 6 4 
C#:min [1, 4, 8] 1 4 
E:min [4, 7, 11] 4 4 
Eb:min [3, 6, 10] 3 4 
Ab:maj [0, 3, 8] 8 4 
C#:min9 [1, 3, 4, 8, 11] 1 8 
G:maj [2, 7, 11] 7 4 
C#:min7 [1, 4, 8, 11] 1 4 
C#:min [1, 4, 8] 1 4 
F#:maj [1, 6, 10] 6 3 
Bb:min7/b7 [1, 5, 8, 10] 8 6 
Ab:7 [0, 3, 6, 8] 8 2 
C#:maj7/5 [1, 5, 8, 11] 8 1 
C#:min9 [1, 3, 4, 8, 11] 1 1 
C#:min [1, 4, 8] 1 3 
F#:maj [1, 6, 10] 6 4 
B:maj [3, 6, 11] 11 4 
Ab:9 [0, 3, 6, 8, 10] 8 2 
Ab:maj [0, 3, 8] 8 2 
E:maj [4, 8, 11] 4 4 
C#:min7 [1, 4, 8, 11] 1 4 
B:maj [3, 6, 11] 11 4 
Ab:sus4 [1, 3, 8] 8 1 
Ab:7 [0, 3, 6, 8] 8 3 
E:maj [4, 8, 11] 4 4 
F#:maj [1, 6, 10] 6 4 
G:maj [2, 7, 11] 7 4 
F#:maj [1, 6, 10] 6 4 
B:maj [3, 6, 11] 11 8 
Ab:min [3, 8, 11] 8 8 
C#:min [1, 4, 8] 1 4 
E:min [4, 7, 11] 4 4 
Eb:min [3, 6, 10] 3 2 
Ab:maj [0, 3, 8] 8 1 
F#:maj [1, 6, 10] 6 5 
B:maj [3, 6, 11] 11 4 
B:maj7 [3, 6, 9, 11] 11 1 
Eb:maj [3, 7, 10] 3 3 
Ab:min [3, 8, 11] 8 4 
F#:maj [1, 6, 10] 6 4 
C#:min [1, 4, 8] 1 4 
E:min [4, 7, 11] 4 4 
Eb:min [3, 6, 10] 3 4 
Ab:maj [0, 3, 8] 8 2 
E:maj7 [2, 4, 8, 11] 4 5 
G:maj [2, 7, 11] 7 1 
F#:7 [1, 4, 6, 10] 6 8 
E:maj [4, 8, 11] 4 8 
Eb:min [3, 6, 10] 3 4 
B:min7(13) [2, 3, 6, 9, 11] 11 4 
E:maj7 [2, 4, 8, 11] 4 4 
F#:maj [1, 6, 10] 6 6 
Ab:maj7 [0, 3, 6, 8] 8 4 
