Ab:maj [0, 3, 8] 8 4
C:min [0, 3, 7] 0 4
Ab:maj [0, 3, 8] 8 4
Eb:maj [3, 7, 10] 3 4
F:maj [0, 5, 9] 5 4
F:min [0, 5, 8] 5 4
C:min [0, 3, 7] 0 4
Ab:maj [0, 3, 8] 8 4
F:min [0, 5, 8] 5 12
Eb:sus2 [3, 5, 10] 3 3
Eb:maj/5 [3, 7, 10] 10 1
Ab:maj [0, 3, 8] 8 2
F:min [0, 5, 8] 5 2
C#:maj [1, 5, 8] 1 2
C#:maj7 [1, 5, 8, 11] 1 2
C#:maj6 [1, 5, 8, 10] 1 2
Bb:maj [2, 5, 10] 10 2
Eb:sus2 [3, 5, 10] 3 4
F:min [0, 5, 8] 5 12
Eb:sus2 [3, 5, 10] 3 4
Ab:maj [0, 3, 8] 8 2
F:min [0, 5, 8] 5 4
C#:maj [1, 5, 8] 1 2
Eb:maj [3, 7, 10] 3 2
F:min [0, 5, 8] 5 2
Ab:sus2 [3, 8, 10] 8 4
F:min [0, 5, 8] 5 2
C#:maj [1, 5, 8] 1 2
Eb:sus4 [3, 8, 10] 3 4
Eb:maj [3, 7, 10] 3 2
Bb:min [1, 5, 10] 10 2
Eb:maj [3, 7, 10] 3 4
Ab:maj [0, 3, 8] 8 2
F:min [0, 5, 8] 5 2
C#:maj [1, 5, 8] 1 2
Eb:maj [3, 7, 10] 3 2
F:min [0, 5, 8] 5 2
C#:maj7 [1, 5, 8, 11] 1 2
Eb:maj [3, 7, 10] 3 4
C#:maj [1, 5, 8] 1 2
Bb:maj [2, 5, 10] 10 2
Eb:sus2 [3, 5, 10] 3 4
Ab:maj [0, 3, 8] 8 2
F:min [0, 5, 8] 5 4
C#:maj [1, 5, 8] 1 3
C#:maj7 [1, 5, 8, 11] 1 1
Ab:sus2 [3, 8, 10] 8 4
F:min [0, 5, 8] 5 2
Ab:maj [0, 3, 8] 8 4
C:min [0, 3, 7] 0 2
C:min7 [0, 3, 7, 10] 0 2
Eb:maj [3, 7, 10] 3 4
F:maj [0, 5, 9] 5 8
C:min [0, 3, 7] 0 4
Ab:maj [0, 3, 8] 8 4
F:min [0, 5, 8] 5 12
Eb:sus2 [3, 5, 10] 3 3
Eb:maj/5 [3, 7, 10] 10 1
Ab:maj [0, 3, 8] 8 2
F:min [0, 5, 8] 5 2
C#:maj [1, 5, 8] 1 2
C#:maj7 [1, 5, 8, 11] 1 2
C#:maj6 [1, 5, 8, 10] 1 2
Bb:maj [2, 5, 10] 10 2
Eb:sus2 [3, 5, 10] 3 4
F:min [0, 5, 8] 5 12
Eb:sus2 [3, 5, 10] 3 3
Eb:maj/5 [3, 7, 10] 10 1
Ab:maj [0, 3, 8] 8 2
F:min [0, 5, 8] 5 4
C#:maj [1, 5, 8] 1 2
Bb:maj [2, 5, 10] 10 2
Eb:maj [3, 7, 10] 3 2
Ab:sus2 [3, 8, 10] 8 4
F:min [0, 5, 8] 5 2
C#:maj [1, 5, 8] 1 2
Eb:sus4 [3, 8, 10] 3 4
Bb:min [1, 5, 10] 10 4
Eb:maj [3, 7, 10] 3 4
Ab:maj [0, 3, 8] 8 2
F:min [0, 5, 8] 5 2
C#:maj [1, 5, 8] 1 2
Eb:maj [3, 7, 10] 3 2
F:min [0, 5, 8] 5 2
C#:maj7 [1, 5, 8, 11] 1 2
Eb:maj [3, 7, 10] 3 4
C#:maj [1, 5, 8] 1 2
Bb:maj [2, 5, 10] 10 2
Eb:sus2 [3, 5, 10] 3 4
Ab:maj [0, 3, 8] 8 2
F:min [0, 5, 8] 5 4
C#:maj [1, 5, 8] 1 3
C#:maj7 [1, 5, 8, 11] 1 1
Ab:sus2 [3, 8, 10] 8 2
F:min [0, 5, 8] 5 2
C#:maj [1, 5, 8] 1 2
Eb:sus4 [3, 8, 10] 3 4
Bb:min [1, 5, 10] 10 4
Eb:maj [3, 7, 10] 3 4
Ab:maj [0, 3, 8] 8 2
F:min [0, 5, 8] 5 2
C#:maj [1, 5, 8] 1 2
Eb:maj [3, 7, 10] 3 2
F:min [0, 5, 8] 5 2
C#:maj7 [1, 5, 8, 11] 1 2
Eb:maj [3, 7, 10] 3 4
C#:maj [1, 5, 8] 1 2
Bb:maj [2, 5, 10] 10 2
Eb:sus2 [3, 5, 10] 3 4
Ab:maj [0, 3, 8] 8 2
F:min [0, 5, 8] 5 4
C#:maj [1, 5, 8] 1 6
Ab:maj [0, 3, 8] 8 10
