0 124
68 2
67 2
65 6
63 2
60 2
63 2
65 2
67 2
65 11
0 1
68 2
67 2
65 5
0 1
63 2
60 2
63 2
65 2
60 2
58 10
0 2
58 2
60 2
63 5
0 1
60 2
65 2
67 2
65 2
63 2
65 2
63 2
60 2
58 2
56 4
65 1
0 1
68 1
0 1
70 1
0 1
70 3
0 1
67 2
65 1
0 1
60 2
67 2
65 2
63 11
0 1
68 2
67 2
65 6
63 2
60 2
63 2
65 2
67 2
65 11
0 1
68 2
67 2
65 5
0 1
63 2
60 2
63 2
65 2
60 2
58 10
0 2
58 2
60 2
63 5
0 1
60 2
65 2
67 2
65 2
63 2
65 2
63 2
60 2
58 2
56 4
65 1
0 1
68 1
0 1
70 1
0 1
70 2
70 2
67 2
65 2
60 2
63 2
65 2
68 11
0 1
65 3
0 1
72 12
65 4
63 11
0 1
60 4
68 10
0 2
60 4
58 11
0 1
58 2
60 2
63 5
0 1
65 2
68 2
68 3
0 1
67 2
65 1
0 1
60 2
67 2
65 1
0 1
63 4
63 2
65 2
72 11
0 1
65 2
67 2
63 10
0 2
60 3
0 1
68 12
60 4
58 11
0 1
58 2
60 2
63 5
0 1
65 2
68 4
60 5
0 3
65 4
72 11
0 1
65 4
68 16
0 8
0 108
68 2
67 2
65 6
63 2
60 2
63 2
65 2
67 2
65 11
0 1
68 2
67 2
65 5
0 1
63 2
60 2
63 2
65 2
60 2
58 10
0 2
58 2
60 2
63 5
0 1
60 2
65 2
67 2
65 2
63 2
65 2
63 2
60 2
58 2
56 4
65 1
0 1
68 1
0 1
70 1
0 1
70 3
0 1
67 2
65 1
0 1
60 2
67 2
65 2
63 11
0 1
68 2
67 2
65 6
63 2
60 2
63 2
65 2
67 2
65 11
0 1
68 2
67 2
65 5
0 1
63 2
60 2
63 2
65 2
60 2
58 10
0 2
58 2
60 2
63 5
0 1
60 2
65 2
67 2
65 2
63 2
65 2
63 2
60 2
58 2
56 4
65 1
0 1
68 1
0 1
70 1
0 1
70 2
70 2
67 2
65 2
60 2
63 2
65 2
68 11
0 1
65 3
0 1
72 12
65 4
63 11
0 1
60 4
68 10
0 2
60 4
58 11
0 1
58 2
60 2
63 5
0 1
65 2
68 2
68 3
0 1
67 2
65 1
0 1
60 2
67 2
65 1
0 1
63 4
63 2
65 2
72 11
0 1
65 2
67 2
63 10
0 2
60 3
0 1
68 12
60 4
58 11
0 1
58 2
60 2
63 5
0 1
65 2
68 4
60 5
0 3
65 4
72 11
0 1
65 4
68 8
72 12
65 4
63 11
0 1
60 4
68 10
0 2
60 4
58 11
0 1
58 2
60 2
63 5
0 1
65 2
68 2
68 3
0 1
67 2
65 1
0 1
60 2
67 2
65 1
0 1
63 4
63 2
65 2
72 11
0 1
65 2
67 2
63 10
0 2
60 3
0 1
68 12
60 4
58 11
0 1
58 2
60 2
63 5
0 1
65 2
68 4
60 5
0 3
65 4
72 11
0 4
65 2
68 2
65 6
0 2
68 18
