Ab:min [3, 8, 11] 8 4 
C#:min [1, 4, 8] 1 4 
F#:maj [1, 6, 10] 6 4 
Eb:min [3, 6, 10] 3 4 
Ab:min [3, 8, 11] 8 4 
C#:min [1, 4, 8] 1 2 
E:maj [4, 8, 11] 4 2 
Eb:min [3, 6, 10] 3 4 
Ab:min [3, 8, 11] 8 8 
F#:maj [1, 6, 10] 6 2 
Ab:min [3, 8, 11] 8 2 
E:maj [4, 8, 11] 4 2 
C#:maj [1, 5, 8] 1 2 
Eb:maj [3, 7, 10] 3 4 
Ab:min [3, 8, 11] 8 6 
C#:min [1, 4, 8] 1 4 
Eb:maj [3, 7, 10] 3 2 
Ab:min [3, 8, 11] 8 8 
F#:maj [1, 6, 10] 6 2 
Ab:min [3, 8, 11] 8 2 
E:maj [4, 8, 11] 4 2 
C#:maj [1, 5, 8] 1 2 
Eb:maj [3, 7, 10] 3 4 
Ab:min [3, 8, 11] 8 6 
C#:min [1, 4, 8] 1 4 
Eb:maj [3, 7, 10] 3 2 
Ab:min [3, 8, 11] 8 12 
E:maj [4, 8, 11] 4 2 
F#:maj [1, 6, 10] 6 2 
Eb:min [3, 6, 10] 3 4 
Ab:min [3, 8, 11] 8 4 
C#:min [1, 4, 8] 1 4 
Eb:min [3, 6, 10] 3 4 
Ab:min [3, 8, 11] 8 6 
Eb:min [3, 6, 10] 3 2 
Ab:min [3, 8, 11] 8 4 
E:maj [4, 8, 11] 4 2 
F#:maj [1, 6, 10] 6 2 
Eb:min [3, 6, 10] 3 4 
Ab:min [3, 8, 11] 8 4 
C#:min [1, 4, 8] 1 4 
Eb:min [3, 6, 10] 3 4 
Ab:min [3, 8, 11] 8 8 
C#:min [1, 4, 8] 1 4 
F#:maj [1, 6, 10] 6 4 
Eb:min [3, 6, 10] 3 4 
Ab:min [3, 8, 11] 8 4 
C#:min [1, 4, 8] 1 2 
E:maj [4, 8, 11] 4 2 
Eb:min [3, 6, 10] 3 4 
Ab:min [3, 8, 11] 8 8 
F#:maj [1, 6, 10] 6 2 
Ab:min [3, 8, 11] 8 2 
E:maj [4, 8, 11] 4 2 
C#:maj [1, 5, 8] 1 2 
Eb:maj [3, 7, 10] 3 4 
Ab:min [3, 8, 11] 8 6 
C#:min [1, 4, 8] 1 4 
Eb:maj [3, 7, 10] 3 2 
Ab:min [3, 8, 11] 8 8 
F#:maj [1, 6, 10] 6 2 
Ab:min [3, 8, 11] 8 2 
E:maj [4, 8, 11] 4 2 
C#:maj [1, 5, 8] 1 2 
Eb:maj [3, 7, 10] 3 4 
Ab:min [3, 8, 11] 8 6 
C#:min [1, 4, 8] 1 4 
Eb:maj [3, 7, 10] 3 2 
Ab:min [3, 8, 11] 8 6 
Eb:min [3, 6, 10] 3 2 
Ab:min [3, 8, 11] 8 4 
E:maj [4, 8, 11] 4 2 
F#:maj [1, 6, 10] 6 2 
Eb:min [3, 6, 10] 3 4 
Ab:min [3, 8, 11] 8 4 
C#:min [1, 4, 8] 1 4 
Eb:min [3, 6, 10] 3 4 
Ab:min [3, 8, 11] 8 6 
Eb:min [3, 6, 10] 3 2 
Ab:min [3, 8, 11] 8 4 
E:maj [4, 8, 11] 4 2 
F#:maj [1, 6, 10] 6 2 
Eb:min [3, 6, 10] 3 4 
Ab:min [3, 8, 11] 8 4 
C#:min [1, 4, 8] 1 4 
Eb:min [3, 6, 10] 3 4 
Ab:min [3, 8, 11] 8 8 
C#:min [1, 4, 8] 1 4 
Eb:min [3, 6, 10] 3 6 
Ab:min [3, 8, 11] 8 4 
C#:min [1, 4, 8] 1 4 
Eb:min [3, 6, 10] 3 4 
Ab:maj [0, 3, 8] 8 4 
