0 128
68 2
75 1
0 1
75 1
0 1
73 1
0 1
75 6
0 2
73 3
0 1
66 2
70 1
0 1
68 5
0 3
71 2
0 1
71 1
71 2
68 1
0 1
73 4
71 1
0 1
73 1
0 1
75 8
0 8
75 2
80 1
0 1
80 1
0 1
78 1
0 1
80 5
0 3
75 3
0 1
68 1
0 1
71 1
0 1
73 6
0 2
73 2
0 1
73 1
75 1
0 1
78 1
0 1
66 3
0 1
71 2
70 2
68 9
0 7
68 2
75 1
0 1
75 1
0 1
73 1
0 1
75 6
0 2
73 3
0 1
66 2
70 1
0 1
68 5
0 3
71 2
0 1
71 1
71 2
68 1
0 1
73 4
71 1
0 1
73 1
0 1
75 8
0 8
75 2
80 1
0 1
80 1
0 1
78 1
0 1
80 5
0 3
75 3
0 1
68 1
0 1
71 1
0 1
73 6
0 2
73 2
0 1
73 1
75 1
0 1
78 1
0 1
66 3
0 1
71 2
70 2
68 9
0 7
80 2
0 1
80 1
80 1
0 1
75 1
0 1
78 3
0 1
80 1
0 1
82 1
0 1
80 12
0 4
83 2
0 1
83 1
83 1
0 1
80 1
0 1
78 3
0 1
80 1
0 1
78 2
75 13
0 3
80 2
0 1
80 1
80 1
0 1
80 1
0 1
80 3
0 1
73 1
0 1
75 1
0 1
73 13
0 3
70 2
0 1
70 1
70 1
0 1
68 1
0 1
66 3
0 1
68 1
0 1
70 1
0 1
68 14
0 2
80 2
0 1
80 1
80 1
0 1
75 1
0 1
78 3
0 1
80 1
0 1
82 1
0 1
80 12
0 4
83 2
0 1
83 1
83 1
0 1
80 1
0 1
78 3
0 1
80 1
0 1
78 2
75 13
0 3
80 2
0 1
80 1
80 1
0 1
80 1
0 1
80 3
0 1
73 1
0 1
75 1
0 1
73 13
0 3
70 2
0 1
70 1
70 1
0 1
68 1
0 1
66 3
0 1
68 1
0 1
70 1
0 1
68 14
0 130
68 2
75 1
0 1
75 1
0 1
73 1
0 1
75 6
0 2
73 3
0 1
66 2
70 1
0 1
68 5
0 3
71 2
0 1
71 1
71 2
68 1
0 1
73 4
71 1
0 1
73 1
0 1
75 8
0 8
75 2
80 1
0 1
80 1
0 1
78 1
0 1
80 5
0 3
75 3
0 1
68 1
0 1
71 1
0 1
73 6
0 2
73 2
0 1
73 1
75 1
0 1
78 1
0 1
66 3
0 1
71 2
70 2
68 9
0 7
68 2
75 1
0 1
75 1
0 1
73 1
0 1
75 6
0 2
73 3
0 1
66 2
70 1
0 1
68 5
0 3
71 2
0 1
71 1
71 2
68 1
0 1
73 4
71 1
0 1
73 1
0 1
75 8
0 8
75 2
80 1
0 1
80 1
0 1
78 1
0 1
80 5
0 3
75 3
0 1
68 1
0 1
71 1
0 1
73 6
0 2
73 2
0 1
73 1
75 1
0 1
78 1
0 1
66 3
0 1
71 2
70 2
68 9
0 7
80 2
0 1
80 1
80 1
0 1
75 1
0 1
78 3
0 1
80 1
0 1
82 1
0 1
80 12
0 4
83 2
0 1
83 1
83 1
0 1
80 1
0 1
78 3
0 1
80 1
0 1
78 2
75 13
0 3
80 2
0 1
80 1
80 1
0 1
80 1
0 1
80 3
0 1
73 1
0 1
75 1
0 1
73 13
0 3
70 2
0 1
70 1
70 1
0 1
68 1
0 1
66 3
0 1
68 1
0 1
70 1
0 1
68 14
0 2
80 2
0 1
80 1
80 1
0 1
75 1
0 1
78 3
0 1
80 1
0 1
82 1
0 1
80 12
0 4
83 2
0 1
83 1
83 1
0 1
80 1
0 1
78 3
0 1
80 1
0 1
78 2
75 13
0 3
80 2
0 1
80 1
80 1
0 1
80 1
0 1
80 3
0 1
73 1
0 1
75 1
0 1
73 13
0 3
70 2
0 1
70 1
70 1
0 1
68 1
0 1
66 3
0 1
68 1
0 1
70 1
0 1
68 14
0 2
80 2
0 1
80 1
80 1
0 1
80 1
0 1
80 3
0 1
73 1
0 1
75 1
0 1
73 13
0 3
70 2
0 1
70 1
70 1
0 1
68 1
0 1
66 8
70 7
0 1
68 16
