Ab:min [3, 8, 11] 8 8
C#:min [1, 4, 8] 1 4
Eb:min [3, 6, 10] 3 4
Ab:maj [0, 3, 8] 8 4
C#:min [1, 4, 8] 1 4
Eb:min [3, 6, 10] 3 4
Ab:maj [0, 3, 8] 8 4
C#:min [1, 4, 8] 1 4
Eb:min [3, 6, 10] 3 4
Ab:min [3, 8, 11] 8 2
E:maj [4, 8, 11] 4 1
Eb:min/b3 [3, 6, 10] 6 1
C#:maj [1, 5, 8] 1 2
Eb:min [3, 6, 10] 3 2
Ab:maj [0, 3, 8] 8 4
C#:min [1, 4, 8] 1 2
Eb:min [3, 6, 10] 3 2
C#:min [1, 4, 8] 1 2
F#:maj [1, 6, 10] 6 4
Eb:min [3, 6, 10] 3 2
Ab:min [3, 8, 11] 8 2
C#:maj [1, 5, 8] 1 1
F#:maj [1, 6, 10] 6 1
Eb:min [3, 6, 10] 3 2
Ab:min [3, 8, 11] 8 2
C#:min [1, 4, 8] 1 4
Eb:min [3, 6, 10] 3 4
Ab:min [3, 8, 11] 8 2
E:maj [4, 8, 11] 4 1
Eb:min/b3 [3, 6, 10] 6 1
C#:maj [1, 5, 8] 1 2
Eb:min [3, 6, 10] 3 2
Ab:maj [0, 3, 8] 8 4
C#:min [1, 4, 8] 1 2
Eb:min [3, 6, 10] 3 2
C#:min [1, 4, 8] 1 2
F#:maj [1, 6, 10] 6 4
Eb:min [3, 6, 10] 3 2
Ab:min [3, 8, 11] 8 3
Ab:min [3, 8, 11] 8 1
B:maj [3, 6, 11] 11 4
F#:sus2 [1, 6, 8] 6 4
C#:maj [1, 5, 8] 1 4
Ab:min [3, 8, 11] 8 8
E:maj [4, 8, 11] 4 1
F#:maj [1, 6, 10] 6 1
B:maj7 [3, 6, 9, 11] 11 2
Ab:min [3, 8, 11] 8 2
E:maj [4, 8, 11] 4 2
C#:maj [1, 5, 8] 1 2
Eb:min [3, 6, 10] 3 2
Ab:min [3, 8, 11] 8 2
E:maj7 [2, 4, 8, 11] 4 2
C#:maj [1, 5, 8] 1 2
Eb:min [3, 6, 10] 3 6
Ab:min [3, 8, 11] 8 8
C#:min [1, 4, 8] 1 4
Eb:min [3, 6, 10] 3 4
Ab:maj [0, 3, 8] 8 4
C#:min [1, 4, 8] 1 4
Eb:min [3, 6, 10] 3 4
Ab:min [3, 8, 11] 8 2
E:maj [4, 8, 11] 4 1
Eb:min/b3 [3, 6, 10] 6 1
C#:maj [1, 5, 8] 1 2
Eb:min [3, 6, 10] 3 2
Ab:maj [0, 3, 8] 8 4
C#:min [1, 4, 8] 1 2
Eb:min [3, 6, 10] 3 2
C#:min [1, 4, 8] 1 2
F#:maj [1, 6, 10] 6 4
Eb:min [3, 6, 10] 3 2
Ab:min [3, 8, 11] 8 3
Ab:min [3, 8, 11] 8 1
B:maj [3, 6, 11] 11 4
F#:sus2 [1, 6, 8] 6 4
C#:maj [1, 5, 8] 1 4
Ab:min [3, 8, 11] 8 8
E:maj [4, 8, 11] 4 1
F#:maj [1, 6, 10] 6 1
B:maj7 [3, 6, 9, 11] 11 2
Ab:min [3, 8, 11] 8 2
E:maj [4, 8, 11] 4 2
C#:maj [1, 5, 8] 1 2
Eb:min [3, 6, 10] 3 2
Ab:min [3, 8, 11] 8 2
E:maj7 [2, 4, 8, 11] 4 2
C#:maj [1, 5, 8] 1 2
Eb:min [3, 6, 10] 3 6
Ab:min [3, 8, 11] 8 8
E:maj [4, 8, 11] 4 1
F#:maj [1, 6, 10] 6 1
B:maj7 [3, 6, 9, 11] 11 2
Ab:min [3, 8, 11] 8 2
E:maj [4, 8, 11] 4 2
C#:maj [1, 5, 8] 1 4
Eb:min [3, 6, 10] 3 4
Ab:min [3, 8, 11] 8 4
Eb:min [3, 6, 10] 3 7
C#:maj [1, 5, 8] 1 5
Ab:maj [0, 3, 8] 8 7
