0 128
72 3
72 1
72 1
70 3
68 4
0 4
72 2
0 1
72 1
72 1
70 1
68 1
75 2
0 5
72 1
75 1
80 1
80 1
0 1
80 1
80 1
0 1
80 1
79 1
0 1
77 3
0 1
77 1
75 1
77 1
79 1
79 1
79 1
79 1
0 2
70 1
72 4
0 5
72 2
0 1
72 1
72 1
70 2
68 5
0 4
72 2
0 1
72 1
72 1
70 1
68 1
75 2
0 5
72 1
75 1
80 1
80 1
0 1
80 1
80 1
0 1
80 1
79 1
0 1
77 3
0 3
77 1
75 1
75 1
75 1
77 1
79 1
0 1
70 1
72 5
0 4
72 3
72 1
72 1
70 3
68 4
0 4
72 2
0 1
72 1
72 1
70 1
68 1
75 4
0 3
72 1
75 1
80 1
80 1
0 1
80 1
80 1
0 1
80 1
79 1
0 1
77 3
0 1
77 1
75 1
77 1
79 1
0 1
79 2
0 3
79 1
79 1
0 1
79 1
0 1
80 1
79 3
77 6
0 9
84 1
85 1
0 1
85 1
0 1
85 1
84 2
0 1
82 4
0 1
75 1
75 1
75 1
84 1
84 1
84 1
84 1
84 1
0 1
82 1
0 1
80 6
0 2
82 1
82 1
82 1
82 1
82 1
82 1
0 1
80 1
79 2
79 2
0 3
79 1
80 1
79 1
80 1
79 1
80 1
82 1
0 1
84 5
0 4
85 1
0 1
85 1
0 1
85 1
84 2
0 1
82 4
0 2
75 1
75 1
84 1
0 1
84 1
0 1
84 1
84 1
82 1
0 1
80 6
0 1
80 1
82 1
0 1
82 1
82 1
82 2
80 1
0 2
79 2
0 6
79 1
79 1
79 1
80 1
79 2
0 1
77 1
0 1
77 11
0 155
72 2
0 1
72 1
72 1
70 2
68 5
0 4
72 2
0 1
72 1
72 1
70 1
68 1
75 2
0 5
72 1
75 1
80 1
80 1
0 1
80 1
80 1
0 1
80 1
79 1
0 1
77 3
0 3
77 1
75 1
75 1
75 1
77 1
79 1
0 1
70 1
72 5
0 4
72 3
72 1
72 1
70 3
68 4
0 4
72 2
0 1
72 1
72 1
70 1
68 1
75 4
0 3
72 1
75 1
80 1
80 1
0 1
80 1
80 1
0 1
80 1
79 1
0 1
77 3
0 1
77 1
75 1
77 1
79 1
0 1
79 2
0 3
79 1
79 1
0 1
79 1
0 1
80 1
79 3
77 13
0 2
84 1
85 1
0 1
85 1
0 1
85 1
84 2
0 1
82 4
0 1
75 1
75 1
75 1
84 1
84 1
84 1
84 1
84 1
0 1
82 1
0 1
80 6
0 2
82 1
82 1
82 1
82 1
82 1
82 1
0 1
80 1
79 2
79 2
0 3
79 1
80 1
79 1
80 1
79 1
80 1
82 1
0 1
84 5
0 4
85 1
0 1
85 1
0 1
85 1
84 2
0 1
82 4
0 2
75 1
75 1
84 1
0 1
84 1
0 1
84 1
84 1
82 1
0 1
80 6
0 1
80 1
82 1
0 1
82 1
82 1
82 2
80 1
0 1
79 3
0 6
79 1
79 1
79 1
80 1
79 2
0 1
77 1
0 1
77 5
0 1
79 7
0 1
80 5
80 1
0 1
80 1
79 4
0 4
77 8
79 7
0 1
80 5
80 1
0 1
80 1
79 5
79 1
0 1
79 1
77 12
