G:maj [2, 7, 11] 7 4
G:maj7/7 [2, 5, 7, 11] 6 3
G:maj/3 [2, 7, 11] 11 1
F:sus2 [0, 5, 7] 5 3
E:min7 [2, 4, 7, 11] 4 3
F:maj6 [0, 2, 5, 9] 5 2
G:sus2 [2, 7, 9] 7 3
G:maj(9) [2, 5, 7, 9, 11] 7 1
G:maj7/7 [2, 5, 7, 11] 6 4
F:sus2 [0, 5, 7] 5 4
F:maj(9) [0, 3, 5, 7, 9] 5 2
F:maj6 [0, 2, 5, 9] 5 2
G:maj(9) [2, 5, 7, 9, 11] 7 1
G:maj [2, 7, 11] 7 3
D:maj [2, 6, 9] 2 4
F:maj [0, 5, 9] 5 4
C:maj [0, 4, 7] 0 2
D:maj [2, 6, 9] 2 2
G:maj [2, 7, 11] 7 4
D:maj [2, 6, 9] 2 4
F:maj [0, 5, 9] 5 4
C:maj [0, 4, 7] 0 2
D:maj [2, 6, 9] 2 2
G:maj [2, 7, 11] 7 4
D:maj [2, 6, 9] 2 4
F:maj [0, 5, 9] 5 3
C:sus4 [0, 5, 7] 0 3
D:sus4 [2, 7, 9] 2 2
G:maj [2, 7, 11] 7 4
D:maj [2, 6, 9] 2 4
F:maj [0, 5, 9] 5 4
C:maj [0, 4, 7] 0 2
D:maj [2, 6, 9] 2 2
G:maj [2, 7, 11] 7 4
D:maj [2, 6, 9] 2 4
F:maj [0, 5, 9] 5 4
C:maj [0, 4, 7] 0 2
D:maj [2, 6, 9] 2 2
G:maj [2, 7, 11] 7 4
E:min [4, 7, 11] 4 2
D:maj/3 [2, 6, 9] 6 2
G:maj [2, 7, 11] 7 4
D:maj [2, 6, 9] 2 4
E:min [4, 7, 11] 4 4
B:min [2, 6, 11] 11 4
C:maj [0, 4, 7] 0 4
B:min [2, 6, 11] 11 2
E:min [4, 7, 11] 4 2
A:min [0, 4, 9] 9 4
D:maj [2, 6, 9] 2 4
G:maj [2, 7, 11] 7 4
D:maj [2, 6, 9] 2 4
E:min [4, 7, 11] 4 4
B:min [2, 6, 11] 11 4
C:maj [0, 4, 7] 0 4
B:min [2, 6, 11] 11 2
E:min [4, 7, 11] 4 2
F:maj [0, 5, 9] 5 4
C:maj [0, 4, 7] 0 2
D:maj [2, 6, 9] 2 2
G:maj [2, 7, 11] 7 4
B:min/5 [2, 6, 11] 6 4
F:maj [0, 5, 9] 5 4
C:maj [0, 4, 7] 0 2
D:maj [2, 6, 9] 2 2
G:maj [2, 7, 11] 7 4
B:min/5 [2, 6, 11] 6 3
F:maj [0, 5, 9] 5 5
C:maj [0, 4, 7] 0 2
D:maj [2, 6, 9] 2 2
G:maj [2, 7, 11] 7 4
D:min(9) [0, 2, 4, 5, 9] 2 2
D:maj [2, 6, 9] 2 2
C:maj [0, 4, 7] 0 4
Eb:maj [3, 7, 10] 3 4
F:maj [0, 5, 9] 5 4
G:maj [2, 7, 11] 7 4
D:maj [2, 6, 9] 2 4
F:maj [0, 5, 9] 5 4
C:maj [0, 4, 7] 0 2
D:maj [2, 6, 9] 2 2
G:maj [2, 7, 11] 7 4
D:maj [2, 6, 9] 2 4
F:maj [0, 5, 9] 5 4
C:maj [0, 4, 7] 0 2
D:maj [2, 6, 9] 2 2
G:maj [2, 7, 11] 7 4
E:min [4, 7, 11] 4 2
D:maj/3 [2, 6, 9] 6 2
G:maj [2, 7, 11] 7 4
D:maj [2, 6, 9] 2 4
E:min [4, 7, 11] 4 4
B:min [2, 6, 11] 11 4
C:maj [0, 4, 7] 0 4
B:min [2, 6, 11] 11 2
E:min [4, 7, 11] 4 2
A:min [0, 4, 9] 9 4
D:maj [2, 6, 9] 2 4
G:maj [2, 7, 11] 7 4
D:maj [2, 6, 9] 2 4
E:min [4, 7, 11] 4 4
B:min [2, 6, 11] 11 4
C:maj [0, 4, 7] 0 4
B:min [2, 6, 11] 11 2
E:min [4, 7, 11] 4 2
F:maj [0, 5, 9] 5 4
C:maj [0, 4, 7] 0 2
D:maj [2, 6, 9] 2 2
G:maj [2, 7, 11] 7 4
G:7/b7 [2, 5, 7, 11] 5 2
D:maj [2, 6, 9] 2 2
G:maj [2, 7, 11] 7 4
D:maj [2, 6, 9] 2 4
E:min [4, 7, 11] 4 4
B:min [2, 6, 11] 11 4
C:maj [0, 4, 7] 0 4
E:sus2 [4, 6, 11] 4 1
E:min [4, 7, 11] 4 3
A:min [0, 4, 9] 9 4
D:maj [2, 6, 9] 2 4
G:maj [2, 7, 11] 7 4
D:maj [2, 6, 9] 2 4
E:min [4, 7, 11] 4 4
B:min [2, 6, 11] 11 4
C:maj [0, 4, 7] 0 4
B:min [2, 6, 11] 11 2
E:min [4, 7, 11] 4 2
F:maj [0, 5, 9] 5 4
C:maj [0, 4, 7] 0 2
D:maj [2, 6, 9] 2 2
G:maj [2, 7, 11] 7 4
D:maj [2, 6, 9] 2 4
E:min [4, 7, 11] 4 4
C:maj [0, 4, 7] 0 2
D:maj [2, 6, 9] 2 2
G:maj [2, 7, 11] 7 4
D:maj [2, 6, 9] 2 4
E:min [4, 7, 11] 4 4
C:maj [0, 4, 7] 0 2
D:maj [2, 6, 9] 2 3
G:maj [2, 7, 11] 7 4
G:maj7/7 [2, 5, 7, 11] 6 3
G:maj/3 [2, 7, 11] 11 1
F:sus2 [0, 5, 7] 5 3
E:min7 [2, 4, 7, 11] 4 3
F:maj6 [0, 2, 5, 9] 5 2
G:sus2 [2, 7, 9] 7 4
G:maj7/7 [2, 5, 7, 11] 6 4
F:sus2 [0, 5, 7] 5 3
Eb:maj7 [1, 3, 7, 10] 3 3
F:maj [0, 5, 9] 5 2
G:sus4 [0, 2, 7] 7 1
