0 128
59 2
62 1
0 1
62 2
0 2
62 2
0 4
62 1
0 1
62 2
55 2
57 3
0 1
57 4
57 2
59 1
0 1
60 1
0 1
60 3
0 1
60 2
0 2
60 2
0 2
60 2
59 1
0 1
55 2
57 2
0 1
57 5
52 2
50 2
0 4
59 1
0 1
62 1
0 1
64 2
62 2
0 2
62 1
0 1
64 2
67 1
0 1
64 3
0 1
69 2
0 2
64 2
62 2
67 2
65 1
0 1
65 2
64 1
0 1
64 2
62 1
0 1
62 2
60 3
0 7
62 1
0 1
55 1
0 1
57 1
0 1
59 4
60 2
59 11
0 49
59 2
62 1
0 1
62 2
0 2
62 2
0 4
62 1
0 1
62 2
55 2
57 3
0 1
57 4
57 2
59 1
0 1
60 1
0 1
60 3
0 1
60 2
62 1
0 1
60 2
0 2
60 2
59 1
0 1
55 2
57 2
0 1
57 5
52 2
50 2
0 4
59 1
0 1
62 1
0 1
64 2
62 2
0 2
62 1
0 1
64 2
67 1
0 1
64 3
0 1
69 2
0 2
64 2
62 2
67 2
65 1
0 1
65 2
64 1
0 1
64 2
62 1
0 1
62 2
60 3
0 7
62 1
0 1
55 1
0 1
57 1
0 1
59 2
62 17
0 11
64 2
62 1
0 1
69 2
71 1
0 1
71 1
0 1
71 1
0 1
71 2
71 3
0 1
71 1
0 1
69 2
62 2
64 3
62 2
0 3
62 1
0 1
59 1
64 3
67 2
0 2
67 1
0 1
69 2
67 3
0 1
67 1
0 1
66 2
62 2
64 4
62 2
0 8
64 1
0 1
64 1
0 1
64 1
0 1
65 2
64 2
0 2
64 1
0 1
62 1
0 1
59 2
69 4
67 3
0 3
67 1
0 1
71 2
67 2
69 3
0 1
64 2
62 4
0 2
71 1
0 1
67 1
0 1
71 1
0 1
67 1
0 1
69 3
0 1
64 2
62 1
0 1
69 2
71 1
0 1
71 1
0 1
71 1
0 1
71 2
71 3
0 1
71 1
0 1
69 2
71 1
0 1
69 2
0 2
62 1
0 3
62 1
0 1
59 1
64 3
67 2
0 2
67 1
0 1
69 2
67 3
0 1
67 1
0 1
66 2
69 1
0 1
64 4
62 2
0 2
57 2
55 1
0 3
64 1
0 1
64 1
0 1
64 1
0 1
65 2
64 2
0 2
64 1
0 1
62 1
0 1
59 2
69 4
67 1
0 1
64 1
0 1
64 1
0 1
62 1
0 1
67 2
65 1
0 1
65 2
64 1
0 1
64 2
62 1
0 1
62 2
60 2
0 8
62 2
55 2
57 1
0 1
59 4
0 1
55 14
0 191
59 2
62 1
0 1
62 2
0 2
62 2
0 4
62 1
0 1
62 2
55 2
57 3
0 1
57 4
57 2
59 1
0 1
60 1
0 1
60 3
0 1
60 2
62 1
0 1
60 2
0 2
60 2
59 1
0 1
55 2
57 2
0 1
57 5
52 2
50 2
0 4
59 1
0 1
62 1
0 1
64 2
62 2
0 2
62 1
0 1
64 2
67 1
0 1
64 3
0 1
69 2
0 2
64 2
62 2
67 2
65 1
0 1
65 2
64 1
0 1
64 2
62 1
0 1
62 2
60 3
0 7
62 1
0 1
55 1
0 1
57 1
0 1
59 2
62 17
0 11
64 2
62 1
0 1
69 2
71 1
0 1
71 1
0 1
71 1
0 1
71 2
71 3
0 1
71 1
0 1
69 2
62 2
64 4
62 2
0 2
62 1
0 1
59 1
64 3
67 2
0 2
67 1
0 1
69 2
67 3
0 1
67 1
0 1
66 2
62 2
64 4
62 2
0 8
64 1
0 1
64 1
0 1
64 1
0 1
65 2
64 2
0 2
64 1
0 1
62 1
0 1
59 2
69 4
67 3
0 3
67 1
0 1
71 2
67 2
69 3
0 1
64 2
62 4
0 2
71 1
0 1
67 1
0 1
71 1
0 1
67 1
0 1
69 3
0 1
64 2
62 1
0 1
69 2
71 1
0 1
71 1
0 1
71 1
0 1
71 2
71 3
0 1
71 1
0 1
69 2
71 1
0 1
69 2
0 2
62 1
0 3
62 1
0 1
59 1
64 3
67 2
0 2
67 1
0 1
69 2
67 3
0 1
67 1
0 1
66 2
69 1
0 1
64 4
62 2
0 2
57 2
55 1
0 3
64 1
0 1
64 1
0 1
64 1
0 1
65 2
64 2
0 2
64 1
0 1
62 1
0 1
59 2
69 4
67 1
0 1
64 1
0 1
64 1
0 1
62 1
0 1
67 2
65 1
0 1
65 2
64 1
0 1
64 2
62 1
0 1
62 2
60 2
0 8
62 2
55 2
57 1
0 1
59 4
62 6
0 4
69 1
69 5
67 8
0 2
64 2
62 1
0 1
69 2
71 1
0 1
71 1
0 1
71 1
0 1
71 2
71 3
0 1
71 1
0 1
69 2
62 2
64 4
62 2
0 2
62 1
0 1
59 1
64 3
67 2
0 2
67 1
0 1
69 2
67 3
0 1
67 1
0 1
66 2
62 2
64 4
62 2
0 8
64 1
0 1
64 1
0 1
64 1
0 1
65 2
64 2
0 2
64 1
0 1
62 1
0 1
59 2
69 4
67 3
0 3
67 1
0 1
71 2
67 2
69 3
0 1
64 2
62 4
0 2
71 1
0 1
67 1
0 1
71 1
0 1
67 1
0 1
69 3
0 1
64 2
62 1
0 1
69 2
71 1
0 1
71 1
0 1
71 1
0 1
71 2
71 3
0 1
71 1
0 1
69 2
71 1
0 1
69 2
0 2
62 1
0 3
62 1
0 1
59 1
64 3
67 2
0 2
67 1
0 1
69 2
67 3
0 1
67 1
0 1
66 2
69 1
0 1
64 4
62 2
0 2
57 2
55 1
0 3
64 1
0 1
64 1
0 1
64 1
0 1
65 2
64 2
0 2
64 1
0 1
62 1
0 1
59 2
69 4
67 1
0 1
64 1
0 1
64 1
0 1
62 1
0 1
67 2
65 1
0 1
65 2
64 1
0 1
64 2
62 1
0 1
62 2
60 2
0 8
62 2
55 2
57 1
0 1
59 4
62 6
0 6
64 1
0 1
62 3
0 5
62 1
0 1
64 1
0 1
66 3
0 1
67 5
0 5
69 2
71 2
62 2
64 5
0 3
62 2
55 1
0 1
57 4
59 5
0 9
60 2
57 6
0 2
62 2
64 1
0 1
66 3
0 1
67 7
0 3
69 1
0 1
71 2
62 2
64 6
0 2
62 2
64 2
