0 79
65 1
70 1
0 1
69 1
0 1
70 1
0 1
72 1
72 5
0 3
69 1
70 2
69 1
0 1
67 1
0 1
65 1
65 5
0 4
67 1
0 1
69 1
70 2
0 1
72 1
65 2
0 1
70 1
70 2
0 2
65 1
75 2
74 1
0 1
72 1
0 1
70 1
72 7
0 1
65 1
70 2
69 1
0 1
70 1
0 1
72 1
72 6
0 2
69 1
70 2
69 2
70 1
0 1
79 1
0 1
79 1
0 1
77 1
77 2
0 2
74 1
0 1
75 6
67 1
75 2
74 1
0 1
67 2
69 1
70 9
0 5
70 1
75 1
77 1
79 2
0 2
79 1
0 1
79 1
79 1
0 2
77 1
72 2
0 1
72 2
74 2
77 1
0 1
72 2
77 1
0 1
70 5
70 1
75 1
77 1
79 3
0 1
79 1
0 1
79 1
79 1
0 2
77 1
0 1
72 1
0 1
77 1
0 1
74 6
0 7
70 1
75 1
77 1
79 3
0 1
78 1
0 1
79 1
81 2
0 1
74 1
0 1
74 1
0 1
81 1
0 1
82 4
81 3
0 1
79 5
0 2
79 1
77 1
0 1
70 1
70 2
0 2
79 1
77 2
74 2
72 1
0 1
70 1
0 1
72 10
0 2
70 1
0 1
72 1
0 1
74 2
0 1
74 1
74 1
75 1
74 1
72 3
77 1
77 3
0 2
82 2
0 1
82 1
82 1
84 1
82 1
81 1
0 2
77 1
77 1
0 4
79 2
0 1
79 1
79 1
81 1
79 1
77 1
0 2
70 1
70 1
0 3
67 1
75 1
0 2
75 1
75 1
77 1
74 2
72 2
0 2
70 1
0 1
72 1
0 1
74 2
0 1
74 1
74 1
75 1
74 1
72 3
77 1
77 3
0 2
82 3
82 1
84 1
0 1
82 1
81 2
0 1
77 1
77 2
0 2
70 1
0 1
79 3
0 3
70 1
77 6
0 1
74 1
75 1
0 1
74 1
0 1
72 1
0 1
70 1
0 1
67 1
0 3
70 2
0 1
70 1
70 9
0 54
65 1
70 1
0 1
69 1
0 1
70 1
0 1
72 1
72 5
0 3
69 1
70 2
69 1
0 1
67 1
0 1
65 1
65 5
0 4
67 1
0 1
69 1
70 2
0 1
72 1
65 2
0 1
70 1
70 2
0 2
65 1
75 2
74 1
0 1
72 1
0 1
70 1
72 7
0 1
65 1
70 2
69 1
0 1
70 1
0 1
72 1
72 6
0 2
69 1
70 2
69 2
70 1
0 1
79 1
0 1
79 1
0 1
77 1
77 2
0 2
74 1
0 1
75 6
67 1
75 2
74 1
0 1
67 2
69 1
70 9
0 5
70 1
75 1
77 1
79 2
0 2
79 1
0 1
79 1
79 1
0 2
77 1
72 2
0 1
72 2
74 2
77 1
0 1
72 2
77 1
0 1
70 5
70 1
75 1
77 1
79 3
0 1
79 1
0 1
79 1
79 1
0 2
77 1
0 1
72 1
0 1
77 1
0 1
74 6
0 7
70 1
75 1
77 1
79 3
0 1
78 1
0 1
79 1
81 2
0 1
74 1
0 1
74 1
0 1
81 1
0 1
82 4
81 3
0 1
79 5
0 2
79 1
77 1
0 1
70 1
70 2
0 2
79 1
77 2
74 2
72 1
0 1
70 1
0 1
72 10
0 2
70 1
0 1
72 1
0 1
74 2
0 1
74 1
74 1
75 1
74 1
72 3
77 1
77 3
0 2
82 2
0 1
82 1
82 1
84 1
82 1
81 1
0 2
77 1
77 1
0 4
79 2
0 1
79 1
79 1
81 1
79 1
77 1
0 2
70 1
70 1
0 3
67 1
75 1
0 2
75 1
75 1
77 1
74 2
72 2
0 2
70 1
0 1
72 1
0 1
74 2
0 1
74 1
74 1
75 1
74 1
72 3
77 1
77 3
0 2
82 3
82 1
84 1
0 1
82 1
81 2
0 1
77 1
77 2
0 2
70 1
0 1
79 3
0 3
70 1
77 6
0 1
74 1
75 1
0 1
74 1
0 1
72 1
0 1
70 1
0 1
67 1
0 3
70 2
0 1
70 1
0 124
70 1
0 1
72 1
0 1
74 2
0 1
74 1
74 1
75 1
74 1
72 3
77 1
77 3
0 2
82 2
0 1
82 1
82 1
84 1
82 1
81 1
0 2
77 1
77 1
0 4
79 2
0 1
79 1
79 1
81 1
79 1
77 1
0 2
70 1
70 1
0 3
67 1
75 1
0 2
75 1
75 1
77 1
74 2
72 2
0 2
71 1
0 1
73 1
0 1
75 2
0 1
75 1
75 1
76 1
75 1
73 3
78 1
78 3
0 2
83 3
83 1
85 1
0 1
83 1
82 2
0 1
78 1
78 2
0 2
71 1
0 1
80 3
0 3
71 1
78 6
0 1
75 1
76 1
0 1
75 1
0 1
73 1
0 1
71 1
0 1
68 1
0 3
70 1
0 1
72 1
0 1
75 2
0 1
75 1
75 1
76 1
75 1
73 3
78 1
78 3
0 2
83 2
0 1
83 1
83 1
85 1
83 1
82 1
0 2
78 1
78 1
0 4
80 2
0 1
80 1
80 1
82 1
80 1
78 1
0 2
71 1
71 1
0 3
68 1
76 1
0 2
76 1
76 1
78 1
75 2
73 2
0 2
71 1
0 1
73 1
0 1
75 2
0 1
75 1
75 1
76 1
75 1
73 3
78 1
78 3
0 2
83 3
83 1
85 1
0 1
83 1
82 2
0 1
78 1
78 2
0 2
71 1
0 1
80 3
0 3
71 1
78 6
0 1
75 1
76 1
0 1
75 1
0 1
73 1
0 1
71 1
0 1
68 1
0 3
71 2
0 2
71 2
71 17
0 11
75 1
0 1
76 2
75 2
73 2
71 1
68 10
0 5
71 3
0 1
71 1
0 1
71 25
