Eb:maj [3, 7, 10] 3 2 
F:maj [0, 5, 9] 5 2 
G:min [2, 7, 10] 7 4 
Eb:maj [3, 7, 10] 3 2 
F:maj [0, 5, 9] 5 2 
G:maj [2, 7, 11] 7 8 
Eb:maj [3, 7, 10] 3 3 
D:min/b3 [2, 5, 9] 5 1 
G:min [2, 7, 10] 7 4 
F:maj [0, 5, 9] 5 4 
Eb:maj [3, 7, 10] 3 4 
Bb:maj [2, 5, 10] 10 4 
C:min [0, 3, 7] 0 2 
F:maj [0, 5, 9] 5 2 
G:min [2, 7, 10] 7 8 
Eb:maj [3, 7, 10] 3 3 
D:min/b3 [2, 5, 9] 5 1 
G:min [2, 7, 10] 7 4 
F:maj [0, 5, 9] 5 4 
Eb:maj [3, 7, 10] 3 4 
Bb:maj [2, 5, 10] 10 4 
C:min [0, 3, 7] 0 2 
F:maj [0, 5, 9] 5 2 
G:min [2, 7, 10] 7 4 
Eb:maj [3, 7, 10] 3 4 
Bb:maj [2, 5, 10] 10 4 
Eb:maj [3, 7, 10] 3 2 
F:maj [0, 5, 9] 5 2 
Bb:maj [2, 5, 10] 10 4 
Eb:maj [3, 7, 10] 3 4 
D:min [2, 5, 9] 2 1 
G:min [2, 7, 10] 7 3 
C:min7 [0, 3, 7, 10] 0 2 
F:maj [0, 5, 9] 5 2 
G:min [2, 7, 10] 7 8 
Eb:maj [3, 7, 10] 3 3 
D:min/b3 [2, 5, 9] 5 1 
G:min [2, 7, 10] 7 4 
F:maj [0, 5, 9] 5 4 
Eb:maj [3, 7, 10] 3 4 
Bb:maj [2, 5, 10] 10 4 
C:min [0, 3, 7] 0 2 
F:maj [0, 5, 9] 5 2 
G:min [2, 7, 10] 7 4 
Eb:maj [3, 7, 10] 3 4 
Bb:maj [2, 5, 10] 10 4 
Eb:maj [3, 7, 10] 3 2 
F:maj [0, 5, 9] 5 2 
Bb:maj [2, 5, 10] 10 4 
Eb:maj [3, 7, 10] 3 4 
D:min [2, 5, 9] 2 1 
G:min [2, 7, 10] 7 3 
C:min7 [0, 3, 7, 10] 0 2 
F:maj [0, 5, 9] 5 2 
G:min [2, 7, 10] 7 4 
Eb:maj [3, 7, 10] 3 2 
F:maj [0, 5, 9] 5 2 
D:min [2, 5, 9] 2 2 
G:min [2, 7, 10] 7 2 
C:min [0, 3, 7] 0 2 
Ab:maj [0, 3, 8] 8 2 
D:maj [2, 6, 9] 2 4 
Eb:maj [3, 7, 10] 3 4 
Bb:maj [2, 5, 10] 10 2 
G:min [2, 7, 10] 7 2 
Eb:maj [3, 7, 10] 3 2 
F:maj [0, 5, 9] 5 2 
Bb:maj [2, 5, 10] 10 4 
Eb:maj [3, 7, 10] 3 4 
D:min [2, 5, 9] 2 1 
G:min [2, 7, 10] 7 3 
C:min7 [0, 3, 7, 10] 0 2 
F:maj [0, 5, 9] 5 2 
G:min [2, 7, 10] 7 4 
F:maj [0, 5, 9] 5 1 
Eb:maj [3, 7, 10] 3 1 
G:min [2, 7, 10] 7 2 
Bb:maj [2, 5, 10] 10 4 
Eb:maj [3, 7, 10] 3 2 
F:maj [0, 5, 9] 5 2 
Bb:maj [2, 5, 10] 10 4 
Eb:maj [3, 7, 10] 3 4 
D:min [2, 5, 9] 2 1 
G:min [2, 7, 10] 7 3 
C:min7 [0, 3, 7, 10] 0 2 
F:maj [0, 5, 9] 5 3 
G:min [2, 7, 10] 7 5 
Eb:maj [3, 7, 10] 3 2 
F:maj [0, 5, 9] 5 2 
G:maj [2, 7, 11] 7 2 
