0 66
67 1
70 1
0 1
70 1
70 1
67 1
74 1
0 1
74 1
0 1
74 3
67 1
70 1
67 3
0 14
67 1
70 1
0 1
70 1
70 1
74 2
0 1
74 1
74 1
74 2
70 1
0 1
72 6
0 8
65 1
65 1
0 1
67 1
70 1
70 1
70 1
0 1
70 1
70 1
74 1
0 1
74 1
74 1
79 1
0 1
79 1
79 1
77 2
74 1
74 8
0 2
74 1
72 1
70 1
67 2
72 1
0 1
72 3
0 7
67 1
70 1
67 6
0 12
67 1
70 1
0 1
70 1
70 1
67 1
74 1
0 1
74 1
0 1
74 3
67 1
70 1
67 3
0 14
67 1
70 1
0 1
70 1
70 1
70 1
74 1
0 1
74 1
67 1
74 2
70 1
0 1
72 6
0 8
65 1
65 1
0 1
67 1
70 1
70 1
70 1
0 1
70 1
70 1
74 1
0 1
74 1
74 1
79 1
0 1
79 1
79 1
77 2
74 1
74 8
0 2
74 1
72 1
70 1
67 2
72 1
0 1
72 3
0 7
67 1
70 1
67 6
0 4
67 1
0 1
70 1
0 1
74 2
79 9
0 2
67 1
67 2
79 1
77 9
0 4
67 1
0 1
70 2
79 5
0 1
79 1
82 1
81 2
77 1
77 3
72 2
74 10
67 1
0 1
70 2
74 2
79 8
0 3
67 1
67 2
79 1
79 3
77 4
74 5
0 1
74 1
72 2
70 1
72 9
0 1
65 1
65 1
70 2
69 1
70 1
67 16
0 2
67 1
70 1
0 1
70 1
70 1
67 1
74 1
0 1
74 1
0 1
74 3
67 1
70 1
67 3
0 14
67 1
70 1
0 1
70 1
70 1
70 1
74 1
0 1
74 1
74 1
77 2
70 1
0 1
72 6
0 8
65 1
65 1
0 1
67 1
70 1
70 1
70 1
0 1
70 1
70 1
74 1
0 1
74 1
74 1
79 1
0 1
79 1
79 1
77 2
74 1
74 8
0 2
74 1
72 1
70 1
67 2
72 1
0 1
72 3
0 7
67 1
70 1
67 6
0 4
67 1
0 1
70 1
0 1
74 2
79 9
0 2
67 1
67 2
79 1
77 9
0 4
67 1
0 1
70 2
79 5
0 1
79 1
82 1
81 2
77 1
77 3
72 2
74 10
67 1
0 1
70 2
74 2
79 8
0 3
67 1
67 2
79 1
79 3
77 4
74 5
0 1
74 1
72 2
70 1
72 9
0 1
77 1
77 1
82 2
81 1
82 1
79 16
0 58
67 1
0 1
70 1
0 1
74 2
79 9
0 2
67 1
67 2
79 1
77 9
0 4
67 1
0 1
70 2
79 5
0 1
79 1
82 1
81 2
77 1
77 3
72 2
74 10
67 1
0 1
70 2
74 2
79 8
0 3
67 1
67 2
79 1
79 3
77 4
74 5
0 1
74 1
72 2
70 1
72 9
0 1
77 1
77 1
82 2
81 1
82 1
0 2
79 7
0 1
67 1
0 1
70 1
0 1
74 2
79 9
0 2
82 1
82 2
77 1
79 3
77 6
0 4
67 1
0 1
70 2
79 5
0 1
79 1
82 1
81 2
77 1
77 3
72 2
74 1
72 1
74 5
0 3
67 1
0 1
70 2
74 2
79 8
0 3
67 1
67 2
79 1
79 3
77 4
74 5
0 1
74 1
72 2
70 1
72 9
0 1
65 1
65 1
0 1
70 2
69 8
0 1
70 4
0 1
67 13
