C:min [0, 3, 7] 0 18 
F:min [0, 5, 8] 5 2 
Bb:maj [2, 5, 10] 10 2 
Eb:maj [3, 7, 10] 3 2 
Ab:maj [0, 3, 8] 8 2 
Bb:maj [2, 5, 10] 10 2 
C:min [0, 3, 7] 0 6 
Bb:maj [2, 5, 10] 10 2 
C:sus2 [0, 2, 7] 0 4 
Ab:maj7 [0, 3, 6, 8] 8 2 
Bb:maj [2, 5, 10] 10 2 
Eb:maj [3, 7, 10] 3 4 
C:min [0, 3, 7] 0 4 
Bb:maj [2, 5, 10] 10 4 
G:min [2, 7, 10] 7 4 
C:min [0, 3, 7] 0 6 
Bb:maj [2, 5, 10] 10 2 
C:min [0, 3, 7] 0 4 
Ab:maj [0, 3, 8] 8 2 
C:min7/b7 [0, 3, 7, 10] 10 2 
Eb:maj [3, 7, 10] 3 4 
C:min [0, 3, 7] 0 4 
Bb:maj [2, 5, 10] 10 4 
G:min [2, 7, 10] 7 4 
C:min [0, 3, 7] 0 6 
Bb:maj [2, 5, 10] 10 2 
G:min [2, 7, 10] 7 2 
C:min [0, 3, 7] 0 2 
Ab:maj [0, 3, 8] 8 2 
Bb:maj [2, 5, 10] 10 2 
Eb:sus4 [3, 8, 10] 3 2 
G:maj [2, 7, 11] 7 2 
C:min [0, 3, 7] 0 2 
Bb:maj [2, 5, 10] 10 2 
G:min [2, 7, 10] 7 2 
C:min [0, 3, 7] 0 2 
Ab:maj [0, 3, 8] 8 2 
G:min [2, 7, 10] 7 4 
C:min [0, 3, 7] 0 14 
Ab:maj [0, 3, 8] 8 2 
Bb:maj [2, 5, 10] 10 2 
C:min [0, 3, 7] 0 2 
Bb:maj [2, 5, 10] 10 4 
C:min/b3 [0, 3, 7] 3 2 
Ab:maj [0, 3, 8] 8 2 
Bb:maj [2, 5, 10] 10 2 
C:min [0, 3, 7] 0 6 
Bb:maj [2, 5, 10] 10 2 
C:sus2 [0, 2, 7] 0 4 
Ab:maj7 [0, 3, 6, 8] 8 2 
Bb:maj [2, 5, 10] 10 2 
Eb:maj [3, 7, 10] 3 4 
C:min [0, 3, 7] 0 4 
Bb:maj [2, 5, 10] 10 4 
G:min [2, 7, 10] 7 4 
C:min [0, 3, 7] 0 6 
Bb:maj [2, 5, 10] 10 2 
C:min [0, 3, 7] 0 4 
Ab:maj [0, 3, 8] 8 2 
C:min7/b7 [0, 3, 7, 10] 10 2 
Eb:maj [3, 7, 10] 3 4 
C:min [0, 3, 7] 0 4 
Bb:maj [2, 5, 10] 10 4 
G:min [2, 7, 10] 7 4 
C:min [0, 3, 7] 0 6 
Bb:maj [2, 5, 10] 10 2 
G:min [2, 7, 10] 7 2 
C:min [0, 3, 7] 0 2 
Ab:maj [0, 3, 8] 8 2 
Bb:maj [2, 5, 10] 10 2 
Eb:sus4 [3, 8, 10] 3 2 
G:maj [2, 7, 11] 7 2 
C:min [0, 3, 7] 0 2 
Bb:maj [2, 5, 10] 10 2 
G:min [2, 7, 10] 7 2 
C:min [0, 3, 7] 0 2 
Ab:maj [0, 3, 8] 8 2 
Eb:maj7/5 [1, 3, 7, 10] 10 2 
G:min [2, 7, 10] 7 2 
C:min [0, 3, 7] 0 6 
Bb:maj [2, 5, 10] 10 2 
G:min [2, 7, 10] 7 3 
C:min [0, 3, 7] 0 1 
Ab:maj [0, 3, 8] 8 2 
Bb:maj [2, 5, 10] 10 2 
Eb:maj [3, 7, 10] 3 2 
G:maj [2, 7, 11] 7 2 
C:min [0, 3, 7] 0 2 
Bb:maj [2, 5, 10] 10 2 
Eb:maj/3 [3, 7, 10] 7 2 
C:min [0, 3, 7] 0 2 
Ab:maj [0, 3, 8] 8 2 
G:min/b3 [2, 7, 10] 10 2 
Eb:maj/3 [3, 7, 10] 7 2 
C:min [0, 3, 7] 0 2 
Ab:maj7 [0, 3, 6, 8] 8 2 
Bb:7 [2, 5, 8, 10] 10 2 
Eb:maj/3 [3, 7, 10] 7 4 
C:min [0, 3, 7] 0 16 
