0 128
72 1
0 1
72 1
0 1
72 1
0 1
72 2
70 2
67 1
0 1
67 2
70 1
0 1
70 1
72 2
0 13
72 1
0 1
72 1
74 1
72 1
0 1
70 1
0 1
72 2
75 2
72 2
70 2
67 1
70 1
67 5
0 9
72 1
0 1
72 1
0 1
72 2
67 1
0 1
67 2
70 2
72 1
0 1
75 1
0 1
77 1
0 1
77 1
0 1
77 2
75 2
77 2
0 6
74 1
0 1
74 1
0 1
74 2
72 2
70 2
67 2
70 2
72 1
0 1
72 2
0 14
72 1
0 1
72 1
0 1
72 1
0 1
72 2
70 2
67 1
0 1
67 2
70 1
0 1
72 1
70 1
72 2
0 12
72 1
0 1
72 1
0 1
72 2
70 1
0 1
72 2
75 2
72 2
70 2
67 3
0 13
72 1
0 1
72 1
0 1
72 2
67 1
0 1
72 2
72 2
72 1
0 1
75 1
0 1
77 1
0 1
77 1
0 1
77 2
75 2
75 1
77 3
0 3
67 1
74 1
0 1
74 1
74 1
74 2
72 2
70 2
67 2
70 2
72 1
0 1
72 2
0 12
72 1
72 1
79 1
0 1
79 1
79 1
79 1
0 1
72 1
0 1
79 1
0 1
77 1
0 1
77 1
0 1
70 1
70 1
77 1
0 1
77 1
77 1
77 1
0 1
70 1
0 1
75 1
0 1
75 1
0 1
75 1
0 1
72 1
72 1
75 1
0 1
75 1
0 1
75 1
0 1
75 1
79 1
77 1
0 1
77 1
0 1
77 1
0 3
77 1
0 1
77 1
0 1
75 1
0 1
77 1
0 1
79 2
0 4
72 1
72 1
79 1
0 1
79 1
79 1
79 1
0 1
72 1
0 1
79 1
0 1
77 1
0 1
77 1
0 1
70 1
70 1
77 1
0 1
77 1
77 1
77 1
0 1
70 1
0 1
75 1
0 1
75 1
0 1
75 1
0 1
72 1
72 1
75 1
0 1
75 1
0 1
75 1
0 1
75 1
79 1
77 1
0 1
77 1
0 1
77 1
0 3
74 1
0 1
74 1
0 1
70 1
0 1
72 1
0 1
72 2
0 134
72 1
0 1
72 1
0 1
72 1
0 1
72 2
70 2
67 1
0 1
67 2
70 1
0 1
70 1
72 2
0 13
72 1
0 1
72 1
0 1
72 2
70 1
0 1
72 2
75 2
72 2
70 2
67 1
65 1
67 2
0 12
72 1
0 1
72 1
0 1
72 2
67 1
0 1
67 2
70 2
72 1
0 1
75 1
0 1
77 1
0 1
77 1
0 1
77 2
75 2
75 1
0 1
77 4
0 2
74 1
0 1
74 1
0 1
74 2
72 2
70 2
67 2
70 2
72 1
0 1
72 2
0 14
72 1
0 1
72 1
0 1
72 1
0 1
72 2
70 2
67 1
0 1
67 2
70 1
0 1
72 1
70 1
72 3
0 11
72 1
0 1
72 1
0 1
72 2
70 1
0 1
72 2
75 2
72 2
70 2
70 1
67 3
0 12
72 1
0 1
72 1
0 1
72 2
67 1
0 1
72 2
72 2
72 1
0 1
75 1
0 1
77 1
0 1
77 1
0 1
77 2
75 2
77 1
75 1
77 1
0 4
67 1
74 1
0 1
74 1
74 1
74 2
72 2
70 2
67 2
70 2
72 1
0 1
72 2
0 12
72 1
72 1
79 1
0 1
79 1
79 1
79 1
0 1
72 1
0 1
79 1
0 1
77 1
0 1
77 1
0 1
70 1
70 1
77 1
0 1
77 1
77 1
77 1
0 1
70 1
0 1
75 1
0 1
75 1
0 1
75 1
0 1
72 1
72 1
75 1
0 1
75 1
0 1
75 1
0 1
75 1
79 1
77 1
0 1
77 1
0 1
77 1
0 3
77 1
0 1
77 1
0 1
75 1
0 1
77 1
0 1
79 2
0 4
72 1
72 1
79 1
0 1
79 1
79 1
79 1
0 1
72 1
0 1
79 1
0 1
77 1
0 1
77 1
0 1
70 1
70 1
77 1
0 1
77 1
77 1
77 1
0 1
70 1
0 1
75 1
0 1
75 1
0 1
75 1
0 1
72 1
72 1
75 1
0 1
75 1
0 1
75 1
0 1
75 1
79 1
77 1
0 1
77 1
0 1
77 1
0 3
74 1
0 1
74 1
0 1
70 1
0 1
72 1
0 1
72 2
0 12
72 1
72 1
79 1
0 1
79 1
79 1
79 1
0 1
72 1
0 1
79 1
0 1
77 1
0 1
77 1
0 1
70 1
70 1
77 1
0 1
77 1
77 1
77 1
0 1
70 1
0 1
75 1
0 1
75 1
0 1
75 1
0 1
72 1
72 1
75 1
0 1
75 1
0 1
75 1
0 1
75 1
79 1
77 1
0 1
77 1
0 1
77 1
0 3
77 1
0 1
77 1
0 1
75 1
0 1
77 1
0 1
79 2
0 4
72 1
72 1
79 1
0 1
79 1
79 1
79 1
0 1
72 1
0 1
79 1
0 1
77 1
0 1
77 1
0 1
70 1
70 1
77 1
0 1
77 1
77 1
77 1
0 1
82 1
0 1
77 1
0 1
75 1
0 1
75 1
0 1
72 1
72 1
75 1
0 1
75 1
0 1
75 1
0 1
75 1
79 1
77 1
0 1
77 1
0 1
77 1
0 3
74 1
0 1
74 1
0 1
70 1
0 1
72 1
0 1
72 2
0 12
75 1
0 1
79 2
77 7
0 7
70 2
0 2
72 2
0 2
72 2
