0 130
63 1
62 1
63 2
62 1
63 5
0 2
63 1
65 1
67 2
65 1
67 2
70 2
67 2
65 6
0 3
72 1
70 1
72 2
70 1
72 3
70 3
0 1
68 1
70 1
67 7
0 11
63 1
62 1
63 2
62 1
63 5
0 2
63 1
65 1
67 2
65 1
67 2
70 2
67 2
65 6
0 3
72 1
70 1
72 2
70 1
72 3
70 3
0 1
70 1
68 2
70 1
67 5
0 11
75 1
75 3
74 1
75 6
0 2
75 1
74 2
70 1
0 1
70 2
67 1
70 7
63 1
62 1
63 4
0 2
63 1
62 1
63 4
0 2
67 1
70 1
72 2
70 1
0 1
70 2
67 1
70 6
0 2
75 1
82 1
0 1
82 2
75 2
72 1
75 5
0 3
70 1
70 2
79 1
79 1
79 2
77 1
77 5
0 3
75 1
82 1
0 1
82 2
75 2
72 1
75 5
0 3
70 1
70 2
79 1
0 1
79 2
77 1
77 5
0 3
75 1
82 1
0 1
82 2
75 2
72 1
75 5
0 3
70 1
70 2
79 1
79 1
79 2
77 1
77 5
0 2
75 1
75 11
0 4
75 1
75 1
79 1
0 1
79 1
79 2
77 1
0 1
77 8
0 67
63 1
62 1
63 2
62 1
63 5
0 2
63 1
65 1
67 2
65 1
67 2
70 2
67 2
65 6
0 3
72 1
70 1
72 2
70 1
72 3
70 3
0 1
68 1
70 1
67 7
0 11
75 1
75 3
74 1
75 6
0 2
75 1
74 2
70 1
0 1
70 2
67 1
70 7
63 1
62 1
63 4
0 2
63 1
62 1
63 4
0 2
67 1
70 1
72 2
70 1
0 1
70 2
67 1
70 6
0 2
75 1
82 1
0 1
82 2
75 2
72 1
75 5
0 3
70 1
70 2
79 1
79 1
79 2
77 1
77 5
0 3
75 1
82 1
0 1
82 2
75 2
72 1
75 5
0 3
70 1
70 2
79 1
0 1
79 2
77 1
77 5
0 3
75 1
82 1
0 1
82 2
75 2
72 1
75 5
0 3
70 1
70 2
79 1
79 1
79 2
77 1
77 5
0 2
75 1
75 11
0 5
75 1
79 1
0 1
79 1
79 1
79 1
77 1
0 1
77 8
0 64
75 1
82 1
0 1
82 2
75 2
72 1
75 5
0 3
70 1
70 2
79 1
79 1
79 2
77 1
77 5
0 3
75 1
82 1
0 1
82 2
75 2
72 1
75 5
0 3
70 1
70 2
79 1
0 1
79 2
77 1
77 5
0 3
75 1
82 1
0 1
82 2
75 2
72 1
75 5
0 3
70 1
70 2
79 1
79 1
79 2
77 1
77 5
0 2
75 1
75 11
0 5
75 1
79 1
0 1
79 1
0 1
79 1
77 1
0 1
77 5
0 3
76 1
83 1
0 1
83 2
76 2
73 1
76 5
0 3
71 1
71 2
80 1
80 1
80 1
78 1
0 1
78 6
0 2
76 1
83 1
0 1
83 2
76 2
73 1
76 2
76 2
0 4
71 1
71 2
80 1
0 1
80 2
78 1
78 5
0 3
76 1
83 1
0 1
83 2
76 2
73 1
76 2
78 3
0 3
71 1
71 2
80 1
0 1
80 2
78 1
78 5
0 2
76 1
76 11
0 5
76 1
80 1
0 1
80 1
0 1
80 2
78 1
78 8
