Ab:maj [0, 3, 8] 8 8 
C:min7 [0, 3, 7, 10] 0 6 
C:min [0, 3, 7] 0 2 
C#:maj7 [1, 5, 8, 11] 1 16 
Ab:sus2 [3, 8, 10] 8 4 
Eb:sus4 [3, 8, 10] 3 12 
C#:maj [1, 5, 8] 1 8 
Ab:sus2 [3, 8, 10] 8 16 
Eb:maj [3, 7, 10] 3 8 
C#:maj [1, 5, 8] 1 8 
Ab:maj [0, 3, 8] 8 8 
C:min [0, 3, 7] 0 8 
F:min7 [0, 3, 5, 8] 5 8 
C#:maj [1, 5, 8] 1 8 
F:min7/b7 [0, 3, 5, 8] 3 8 
C:min7 [0, 3, 7, 10] 0 8 
F:maj [0, 5, 9] 5 8 
C#:maj [1, 5, 8] 1 8 
Eb:sus4 [3, 8, 10] 3 8 
Ab:maj [0, 3, 8] 8 8 
C:min7 [0, 3, 7, 10] 0 8 
C#:maj7 [1, 5, 8, 11] 1 8 
Eb:sus4 [3, 8, 10] 3 8 
Ab:maj [0, 3, 8] 8 7 
Ab:maj(9) [0, 3, 6, 8, 10] 8 1 
Eb:maj/3 [3, 7, 10] 7 8 
C#:maj [1, 5, 8] 1 8 
Eb:maj [3, 7, 10] 3 6 
Ab:maj/5 [0, 3, 8] 3 10 
Ab:sus2 [3, 8, 10] 8 4 
Ab:maj [0, 3, 8] 8 4 
Eb:maj [3, 7, 10] 3 8 
C#:maj [1, 5, 8] 1 8 
Ab:sus2 [3, 8, 10] 8 16 
Eb:maj [3, 7, 10] 3 8 
C#:maj [1, 5, 8] 1 8 
Ab:maj [0, 3, 8] 8 8 
C:min [0, 3, 7] 0 8 
F:min7 [0, 3, 5, 8] 5 8 
C#:sus2 [1, 3, 8] 1 4 
C#:maj [1, 5, 8] 1 4 
Eb:maj [3, 7, 10] 3 8 
C:min7 [0, 3, 7, 10] 0 8 
F:maj [0, 5, 9] 5 8 
C#:maj [1, 5, 8] 1 8 
F:min7/b7 [0, 3, 5, 8] 3 7 
Eb:maj [3, 7, 10] 3 1 
Eb:sus4 [3, 8, 10] 3 4 
Eb:maj [3, 7, 10] 3 4 
Ab:maj [0, 3, 8] 8 8 
C:min7 [0, 3, 7, 10] 0 8 
C#:maj7 [1, 5, 8, 11] 1 8 
Eb:maj [3, 7, 10] 3 8 
Ab:sus2 [3, 8, 10] 8 2 
Ab:maj [0, 3, 8] 8 2 
Ab:sus2 [3, 8, 10] 8 2 
Ab:maj [0, 3, 8] 8 2 
C:min7 [0, 3, 7, 10] 0 8 
C#:maj7 [1, 5, 8, 11] 1 8 
Eb:sus2 [3, 5, 10] 3 2 
Eb:maj [3, 7, 10] 3 2 
F:sus4(b7) [0, 5, 10] 5 4 
Bb:maj [2, 5, 10] 10 8 
D:min7 [0, 2, 5, 9] 2 8 
Eb:maj [3, 7, 10] 3 8 
F:sus4(b7) [0, 5, 10] 5 2 
F:maj [0, 5, 9] 5 2 
Bb:maj/5 [2, 5, 10] 5 4 
Bb:maj [2, 5, 10] 10 8 
D:min7 [0, 2, 5, 9] 2 6 
F:maj [0, 5, 9] 5 2 
Eb:maj [3, 7, 10] 3 8 
F:sus4(b7) [0, 5, 10] 5 8 
F:sus4 [0, 5, 10] 5 8 
F:maj [0, 5, 9] 5 8 
Eb:maj [3, 7, 10] 3 8 
