0 67
67 1
76 2
74 1
76 1
74 2
74 2
74 2
71 1
71 2
72 12
0 6
67 1
76 2
74 1
76 1
74 2
74 2
74 2
71 1
71 2
69 8
0 6
67 1
81 2
79 3
72 2
74 1
76 6
74 1
72 1
76 2
74 1
74 3
71 1
72 8
0 4
67 1
76 2
74 1
76 1
74 2
74 2
74 2
71 1
72 14
0 6
67 1
76 2
74 1
76 1
74 2
74 2
74 2
71 1
72 2
69 12
0 6
67 1
76 2
74 1
76 1
74 2
74 2
74 2
79 1
79 2
76 9
0 4
72 1
72 1
81 2
79 1
79 2
72 2
74 1
76 6
74 1
72 1
76 2
74 1
74 3
71 1
72 8
72 1
76 1
76 3
74 2
72 1
74 2
74 3
74 2
72 1
72 9
0 6
81 1
83 1
84 1
83 1
79 1
84 2
83 2
84 2
83 1
79 1
84 2
83 2
79 2
76 2
79 11
72 1
72 1
81 1
79 1
72 1
81 2
79 2
81 2
79 1
72 1
81 2
79 1
72 1
72 2
79 2
76 13
76 1
79 4
72 2
74 1
74 6
72 1
74 1
76 2
79 2
83 2
79 1
84 9
84 1
83 1
79 1
79 2
76 2
74 2
71 2
76 5
71 1
69 23
0 59
67 1
76 2
74 1
76 1
74 2
74 2
74 2
71 1
72 2
69 18
67 1
76 2
74 1
76 1
74 2
74 2
74 2
79 1
79 2
76 13
72 1
72 1
81 2
79 1
79 2
72 2
74 1
76 6
74 1
72 1
76 2
74 1
74 3
71 1
72 8
72 1
76 1
76 3
74 2
72 1
74 2
74 3
74 2
72 1
72 10
0 5
81 1
83 1
84 1
83 1
79 1
84 2
83 2
84 2
83 1
79 1
84 2
83 2
79 2
76 2
79 11
72 1
72 1
81 1
79 1
72 1
81 2
79 2
81 2
79 1
72 1
81 2
79 1
72 1
72 2
79 2
76 13
76 1
79 4
72 2
74 1
74 6
72 1
74 1
76 2
79 2
83 2
79 1
84 9
84 1
83 1
79 1
79 2
76 2
74 2
71 2
76 5
71 1
69 11
81 2
83 1
84 2
83 11
81 2
83 1
84 11
0 4
84 1
83 7
0 8
81 1
83 1
84 1
83 1
79 1
84 2
83 2
84 2
83 1
79 1
84 2
83 3
79 2
76 1
79 11
72 1
72 1
81 1
79 1
72 1
81 2
79 2
81 2
79 1
72 1
81 2
79 2
72 2
79 2
76 13
76 1
79 3
72 3
74 2
74 5
72 1
74 1
76 2
79 2
83 2
79 1
84 9
84 1
83 1
79 1
79 2
76 2
74 2
71 2
76 5
71 2
72 2
69 13
