Ab:maj [0, 3, 8] 8 4 
G:min [2, 7, 10] 7 4 
E:dim [4, 7, 10] 4 2 
C#:min [1, 4, 8] 1 2 
Bb:maj [2, 5, 10] 10 4 
Eb:maj [3, 7, 10] 3 4 
G:min/5 [2, 7, 10] 2 4 
C:min [0, 3, 7] 0 4 
Bb:maj [2, 5, 10] 10 4 
Ab:maj [0, 3, 8] 8 4 
G:min [2, 7, 10] 7 2 
C:min [0, 3, 7] 0 2 
F:min [0, 5, 8] 5 4 
Bb:maj [2, 5, 10] 10 4 
Eb:maj [3, 7, 10] 3 4 
G:min/5 [2, 7, 10] 2 4 
C:min [0, 3, 7] 0 2 
Eb:maj [3, 7, 10] 3 2 
Bb:maj [2, 5, 10] 10 4 
Ab:maj [0, 3, 8] 8 4 
G:min [2, 7, 10] 7 2 
C:min [0, 3, 7] 0 1 
F:min7/5 [0, 3, 5, 8] 0 1 
F:min [0, 5, 8] 5 4 
Bb:maj [2, 5, 10] 10 4 
Ab:maj [0, 3, 8] 8 4 
G:min7 [2, 5, 7, 10] 7 2 
C:min [0, 3, 7] 0 2 
F:min [0, 5, 8] 5 2 
Bb:maj [2, 5, 10] 10 2 
Eb:maj [3, 7, 10] 3 4 
C:min [0, 3, 7] 0 2 
Bb:maj [2, 5, 10] 10 2 
G:min [2, 7, 10] 7 2 
C:min [0, 3, 7] 0 4 
F:min [0, 5, 8] 5 2 
Bb:maj [2, 5, 10] 10 2 
Eb:maj [3, 7, 10] 3 4 
Ab:maj [0, 3, 8] 8 8 
C:min [0, 3, 7] 0 4 
F:min [0, 5, 8] 5 2 
Bb:maj [2, 5, 10] 10 4 
Eb:maj [3, 7, 10] 3 4 
G:min/5 [2, 7, 10] 2 4 
C:min [0, 3, 7] 0 4 
Bb:maj [2, 5, 10] 10 4 
Ab:maj [0, 3, 8] 8 4 
G:min [2, 7, 10] 7 2 
C:min [0, 3, 7] 0 1 
C:min7 [0, 3, 7, 10] 0 1 
F:min [0, 5, 8] 5 4 
Bb:maj [2, 5, 10] 10 4 
Ab:maj [0, 3, 8] 8 2 
Bb:7 [2, 5, 8, 10] 10 2 
G:min7 [2, 5, 7, 10] 7 2 
C:min [0, 3, 7] 0 2 
F:min [0, 5, 8] 5 2 
Bb:maj [2, 5, 10] 10 2 
Eb:maj [3, 7, 10] 3 3 
Eb:maj/5 [3, 7, 10] 10 1 
C:min [0, 3, 7] 0 2 
Bb:maj [2, 5, 10] 10 2 
G:min [2, 7, 10] 7 2 
C:min [0, 3, 7] 0 4 
F:min [0, 5, 8] 5 2 
Bb:maj [2, 5, 10] 10 2 
Eb:maj [3, 7, 10] 3 4 
Ab:maj [0, 3, 8] 8 2 
Bb:maj [2, 5, 10] 10 2 
G:min [2, 7, 10] 7 2 
C:min [0, 3, 7] 0 2 
F:min [0, 5, 8] 5 4 
Bb:maj [2, 5, 10] 10 8 
Ab:maj [0, 3, 8] 8 4 
G:min7 [2, 5, 7, 10] 7 2 
C:min7 [0, 3, 7, 10] 0 2 
F:min [0, 5, 8] 5 2 
Bb:maj [2, 5, 10] 10 2 
Eb:maj7/7 [1, 3, 7, 10] 2 2 
C:min [0, 3, 7] 0 2 
Ab:maj [0, 3, 8] 8 2 
Bb:maj [2, 5, 10] 10 2 
G:min7 [2, 5, 7, 10] 7 2 
F#:maj6 [1, 3, 6, 10] 6 6 
F:min [0, 5, 8] 5 2 
Bb:maj [2, 5, 10] 10 6 
Eb:maj [3, 7, 10] 3 4 
Ab:maj [0, 3, 8] 8 4 
G:min [2, 7, 10] 7 2 
Eb:maj/3 [3, 7, 10] 7 2 
C:maj [0, 4, 7] 0 1 
Bb:maj [2, 5, 10] 10 2 
Eb:maj [3, 7, 10] 3 3 
