F:maj7 [0, 3, 5, 9] 5 4 
G:7 [2, 5, 7, 11] 7 4 
C:7 [0, 4, 7, 10] 0 4 
F:sus2 [0, 5, 7] 5 8 
G:7 [2, 5, 7, 11] 7 4 
C:7 [0, 4, 7, 10] 0 4 
F:sus2 [0, 5, 7] 5 2 
F:maj7/7 [0, 3, 5, 9] 4 2 
D:min [2, 5, 9] 2 4 
G:maj [2, 7, 11] 7 4 
C:maj [0, 4, 7] 0 4 
F:maj [0, 5, 9] 5 8 
G:maj [2, 7, 11] 7 4 
C:maj [0, 4, 7] 0 4 
F:maj7/5 [0, 3, 5, 9] 0 3 
F:maj [0, 5, 9] 5 1 
D:min [2, 5, 9] 2 4 
G:maj [2, 7, 11] 7 3 
C:maj [0, 4, 7] 0 5 
F:maj7 [0, 3, 5, 9] 5 3 
F:maj [0, 5, 9] 5 1 
Bb:maj [2, 5, 10] 10 4 
C:maj [0, 4, 7] 0 3 
A:min7 [0, 4, 7, 9] 9 5 
A:sus4(b7) [2, 4, 9] 9 1 
D:sus2 [2, 4, 9] 2 3 
G:min [2, 7, 10] 7 8 
C:maj [0, 4, 7] 0 8 
F:maj [0, 5, 9] 5 4 
C:sus4 [0, 5, 7] 0 4 
D:min [2, 5, 9] 2 4 
A:min7 [0, 4, 7, 9] 9 3 
C:maj [0, 4, 7] 0 1 
Bb:maj [2, 5, 10] 10 4 
F:maj [0, 5, 9] 5 4 
G:maj [2, 7, 11] 7 4 
C:maj [0, 4, 7] 0 4 
F:sus2 [0, 5, 7] 5 4 
C:maj [0, 4, 7] 0 4 
D:min [2, 5, 9] 2 4 
A:sus4 [2, 4, 9] 9 4 
Bb:maj [2, 5, 10] 10 4 
F:maj [0, 5, 9] 5 4 
G:maj [2, 7, 11] 7 4 
C:maj [0, 4, 7] 0 4 
F:maj [0, 5, 9] 5 4 
G:maj [2, 7, 11] 7 4 
C:maj [0, 4, 7] 0 8 
C:sus4 [0, 5, 7] 0 1 
F:maj [0, 5, 9] 5 3 
G:maj [2, 7, 11] 7 4 
C:sus2 [0, 2, 7] 0 4 
F:maj [0, 5, 9] 5 8 
G:maj [2, 7, 11] 7 4 
C:maj [0, 4, 7] 0 4 
F:maj [0, 5, 9] 5 4 
Bb:maj7 [2, 5, 8, 10] 10 4 
C:maj [0, 4, 7] 0 4 
A:min [0, 4, 9] 9 4 
D:min [2, 5, 9] 2 4 
G:min [2, 7, 10] 7 8 
C:maj [0, 4, 7] 0 8 
F:maj [0, 5, 9] 5 4 
C:maj [0, 4, 7] 0 4 
D:min [2, 5, 9] 2 4 
A:min7 [0, 4, 7, 9] 9 4 
Bb:maj [2, 5, 10] 10 4 
F:maj [0, 5, 9] 5 4 
G:maj [2, 7, 11] 7 4 
C:maj [0, 4, 7] 0 4 
F:maj [0, 5, 9] 5 4 
C:maj [0, 4, 7] 0 4 
D:min [2, 5, 9] 2 4 
A:min [0, 4, 9] 9 4 
Bb:maj7 [2, 5, 8, 10] 10 4 
F:maj [0, 5, 9] 5 4 
G:maj [2, 7, 11] 7 4 
Bb:maj7 [2, 5, 8, 10] 10 4 
C:maj [0, 4, 7] 0 4 
F:sus2 [0, 5, 7] 5 4 
G:7/b7 [2, 5, 7, 11] 5 2 
C:maj [0, 4, 7] 0 7 
F:maj [0, 5, 9] 5 2 
