C:min [0, 3, 7] 0 2
F:min7 [0, 3, 5, 8] 5 2
Bb:maj [2, 5, 10] 10 2
C:sus2 [0, 2, 7] 0 1
C:min7 [0, 3, 7, 10] 0 1
F:sus2 [0, 5, 7] 5 2
C:min [0, 3, 7] 0 2
Bb:sus2 [0, 5, 10] 10 1
Bb:maj [2, 5, 10] 10 1
D:min7/b7 [0, 2, 5, 9] 0 1
C:min [0, 3, 7] 0 19
Bb:maj [2, 5, 10] 10 4
C:min [0, 3, 7] 0 4
Bb:maj [2, 5, 10] 10 4
C:min [0, 3, 7] 0 4
Bb:maj [2, 5, 10] 10 4
C:sus2 [0, 2, 7] 0 4
Bb:maj [2, 5, 10] 10 4
C:min [0, 3, 7] 0 6
F:min7 [0, 3, 5, 8] 5 2
Bb:maj [2, 5, 10] 10 2
C:sus2 [0, 2, 7] 0 2
F:min7 [0, 3, 5, 8] 5 2
C:min [0, 3, 7] 0 2
Bb:maj [2, 5, 10] 10 2
C:min [0, 3, 7] 0 4
F:min7 [0, 3, 5, 8] 5 2
Bb:sus4 [3, 5, 10] 10 2
C:min [0, 3, 7] 0 2
F:min7 [0, 3, 5, 8] 5 2
C:sus4 [0, 5, 7] 0 2
Bb:maj [2, 5, 10] 10 2
C:min [0, 3, 7] 0 6
F:min7 [0, 3, 5, 8] 5 2
Bb:maj [2, 5, 10] 10 2
C:sus2 [0, 2, 7] 0 1
C:min7 [0, 3, 7, 10] 0 1
F:sus2 [0, 5, 7] 5 2
C:min [0, 3, 7] 0 2
Bb:sus2 [0, 5, 10] 10 1
Bb:maj [2, 5, 10] 10 1
D:min7/b7 [0, 2, 5, 9] 0 1
C:min [0, 3, 7] 0 19
Bb:maj [2, 5, 10] 10 4
C:min [0, 3, 7] 0 4
Bb:maj [2, 5, 10] 10 4
C:min [0, 3, 7] 0 4
Bb:maj [2, 5, 10] 10 4
C:sus2 [0, 2, 7] 0 4
Bb:maj [2, 5, 10] 10 4
C:min [0, 3, 7] 0 6
F:min7 [0, 3, 5, 8] 5 2
Bb:maj [2, 5, 10] 10 2
C:sus2 [0, 2, 7] 0 2
F:min7 [0, 3, 5, 8] 5 2
C:min [0, 3, 7] 0 2
Bb:maj [2, 5, 10] 10 2
C:min [0, 3, 7] 0 4
F:min7 [0, 3, 5, 8] 5 2
Bb:sus4 [3, 5, 10] 10 2
C:min [0, 3, 7] 0 2
F:min7 [0, 3, 5, 8] 5 2
C:sus4 [0, 5, 7] 0 2
Bb:maj [2, 5, 10] 10 2
C:min [0, 3, 7] 0 2
C:min [0, 3, 7] 0 4
Bb:maj [2, 5, 10] 10 2
C:sus2 [0, 2, 7] 0 2
F:min7 [0, 3, 5, 8] 5 2
C:min [0, 3, 7] 0 2
Bb:maj [2, 5, 10] 10 2
C:min [0, 3, 7] 0 4
F:min7 [0, 3, 5, 8] 5 2
Bb:sus4 [3, 5, 10] 10 2
C:min [0, 3, 7] 0 2
F:min7 [0, 3, 5, 8] 5 2
C:sus4 [0, 5, 7] 0 2
Bb:maj [2, 5, 10] 10 2
C:min [0, 3, 7] 0 4
Bb:maj [2, 5, 10] 10 6
C:sus2 [0, 2, 7] 0 2
F:sus2 [0, 5, 7] 5 2
Bb:sus2 [0, 5, 10] 10 2
C:sus2 [0, 2, 7] 0 2
F:sus2 [0, 5, 7] 5 2
C:sus2 [0, 2, 7] 0 2
Bb:sus2 [0, 5, 10] 10 2
C:sus2 [0, 2, 7] 0 2
