0 128
79 1
79 1
79 1
84 1
84 4
86 1
86 1
84 1
82 1
82 4
77 1
77 1
77 1
75 1
77 1
77 1
77 1
82 1
79 1
75 1
77 1
79 1
79 4
79 1
79 1
79 1
84 1
84 4
86 1
86 1
86 1
89 1
89 4
82 1
82 1
82 1
79 1
79 1
86 2
87 1
86 1
84 1
84 1
82 1
84 4
79 1
79 1
79 1
84 1
84 4
86 1
86 1
84 1
82 1
82 4
77 1
77 1
77 1
75 1
77 1
77 1
77 1
82 1
79 1
75 1
77 1
79 1
79 4
79 1
79 1
79 1
84 1
84 4
86 1
86 1
86 1
89 1
89 4
82 1
82 1
82 1
79 1
79 1
86 2
87 1
89 1
89 1
87 1
86 1
84 4
0 6
79 1
82 1
84 2
84 1
84 1
84 2
84 1
91 1
91 1
89 1
89 1
91 1
89 4
86 2
86 1
84 1
82 1
82 1
84 1
86 1
86 1
84 1
84 1
82 1
84 4
89 1
89 1
89 1
87 1
89 4
91 1
91 1
87 1
86 1
84 4
82 1
82 1
82 1
84 1
86 1
86 1
86 1
87 1
89 1
89 1
87 1
86 1
84 2
79 1
82 1
84 2
84 1
84 1
84 2
84 1
91 1
91 1
89 1
89 1
91 1
89 4
86 2
86 1
84 1
82 1
82 1
84 1
86 1
86 1
84 1
84 1
82 1
84 4
89 1
89 1
89 1
87 1
89 4
89 1
91 1
87 1
86 1
84 4
82 1
82 1
82 1
84 1
86 1
86 1
86 1
87 1
89 1
89 1
87 1
86 1
84 4
0 136
79 1
79 1
79 1
84 1
84 4
86 1
86 1
84 1
82 1
82 4
77 1
77 1
77 1
75 1
77 1
77 1
77 1
82 1
79 1
75 1
77 1
79 1
79 4
79 1
79 1
79 1
84 1
84 4
86 1
86 1
86 1
89 1
89 4
82 1
82 1
82 1
79 1
79 1
86 2
87 1
86 1
84 1
84 1
82 1
84 4
79 1
79 1
79 1
84 1
84 4
86 1
86 1
84 1
82 1
82 4
77 1
77 1
77 1
75 1
77 1
77 1
77 1
82 1
79 1
75 1
77 1
79 1
79 4
79 1
79 1
79 1
84 1
84 4
86 1
86 1
86 1
89 1
89 4
82 1
82 1
82 1
79 1
79 1
86 2
87 1
89 1
89 1
87 1
86 1
84 4
0 6
79 1
82 1
84 2
84 1
84 1
84 2
84 1
91 1
91 1
89 1
89 1
91 1
89 4
86 2
86 1
84 1
82 1
82 1
84 1
86 1
86 1
84 1
84 1
82 1
84 4
89 1
89 1
89 1
87 1
89 4
91 1
91 1
87 1
86 1
84 4
82 1
82 1
82 1
84 1
86 1
86 1
86 1
87 1
89 1
89 1
87 1
86 1
84 2
79 1
82 1
84 2
84 1
84 1
84 2
84 1
91 1
91 1
89 1
89 1
91 1
89 4
86 2
86 1
84 1
82 1
82 1
84 1
86 1
86 1
84 1
84 1
82 1
84 4
89 1
89 1
89 1
87 1
89 4
89 1
91 1
87 1
86 1
84 4
82 1
82 1
82 1
84 1
86 1
86 1
86 1
87 1
89 1
89 1
87 1
86 1
84 4
0 6
79 1
82 1
84 2
84 1
84 1
84 2
84 1
91 1
91 1
89 1
89 1
91 1
89 4
86 2
86 1
84 1
82 1
82 1
84 1
86 1
86 1
84 1
84 1
82 1
84 4
89 1
89 1
89 1
87 1
89 4
91 1
91 1
87 1
86 1
84 4
82 1
82 1
82 1
84 1
86 1
86 1
86 1
87 1
89 1
89 1
87 1
86 1
84 2
79 1
82 1
84 2
84 1
84 1
84 2
84 1
91 1
91 1
89 1
89 1
91 1
89 4
86 2
86 1
84 1
82 1
82 1
84 1
86 1
86 1
84 1
84 1
82 1
84 4
89 1
89 1
89 1
87 1
89 4
89 1
91 1
87 1
86 1
84 4
82 1
82 1
82 1
84 1
86 1
86 1
86 1
87 1
89 1
89 1
87 1
86 1
84 4
0 8
70 1
70 1
0 1
70 1
72 1
74 1
74 1
0 1
74 1
75 1
77 1
0 1
77 1
75 1
0 1
74 5
0 2
72 4
