Eb:maj [3, 7, 10] 3 4 
A:dim [0, 3, 9] 9 2 
C:min [0, 3, 7] 0 2 
Eb:maj(9) [1, 3, 5, 7, 10] 3 2 
F:maj [0, 5, 9] 5 2 
Bb:sus4 [3, 5, 10] 10 4 
Eb:maj [3, 7, 10] 3 4 
Bb:maj [2, 5, 10] 10 4 
C:min [0, 3, 7] 0 4 
Bb:maj [2, 5, 10] 10 4 
Eb:maj [3, 7, 10] 3 4 
C:min [0, 3, 7] 0 4 
F:min [0, 5, 8] 5 4 
Bb:maj [2, 5, 10] 10 4 
Eb:maj [3, 7, 10] 3 4 
C:min [0, 3, 7] 0 4 
F:min [0, 5, 8] 5 4 
Bb:maj [2, 5, 10] 10 4 
Eb:maj [3, 7, 10] 3 4 
G:min [2, 7, 10] 7 2 
C:min [0, 3, 7] 0 4 
F:maj [0, 5, 9] 5 2 
Bb:sus4 [3, 5, 10] 10 4 
C:maj/3 [0, 4, 7] 4 2 
F:min [0, 5, 8] 5 2 
Bb:maj [2, 5, 10] 10 2 
Eb:maj [3, 7, 10] 3 2 
Bb:maj [2, 5, 10] 10 4 
C:min [0, 3, 7] 0 2 
F:maj [0, 5, 9] 5 2 
Bb:maj [2, 5, 10] 10 4 
C:min [0, 3, 7] 0 2 
F:sus4(b7) [0, 5, 10] 5 2 
C:min [0, 3, 7] 0 2 
Eb:maj7 [1, 3, 7, 10] 3 2 
C:min [0, 3, 7] 0 2 
Eb:maj [3, 7, 10] 3 2 
F:maj [0, 5, 9] 5 2 
Eb:maj7/5 [1, 3, 7, 10] 10 2 
Eb:maj [3, 7, 10] 3 4 
C:min [0, 3, 7] 0 8 
F:min [0, 5, 8] 5 4 
Eb:maj [3, 7, 10] 3 4 
C:min [0, 3, 7] 0 4 
Bb:maj [2, 5, 10] 10 2 
F:maj [0, 5, 9] 5 2 
Bb:maj [2, 5, 10] 10 4 
Eb:maj [3, 7, 10] 3 4 
Bb:maj [2, 5, 10] 10 4 
C:min [0, 3, 7] 0 4 
Bb:maj [2, 5, 10] 10 4 
Eb:maj [3, 7, 10] 3 4 
C:min [0, 3, 7] 0 4 
F:min [0, 5, 8] 5 4 
Bb:maj [2, 5, 10] 10 4 
Eb:maj [3, 7, 10] 3 4 
C:min [0, 3, 7] 0 4 
F:min [0, 5, 8] 5 4 
Bb:maj [2, 5, 10] 10 4 
Eb:maj [3, 7, 10] 3 4 
G:min [2, 7, 10] 7 2 
C:min [0, 3, 7] 0 4 
F:maj [0, 5, 9] 5 2 
Bb:sus4 [3, 5, 10] 10 4 
C:maj/3 [0, 4, 7] 4 2 
F:min [0, 5, 8] 5 2 
Bb:maj [2, 5, 10] 10 2 
Eb:maj [3, 7, 10] 3 2 
Bb:maj [2, 5, 10] 10 4 
C:min [0, 3, 7] 0 2 
F:maj [0, 5, 9] 5 2 
Bb:maj [2, 5, 10] 10 4 
C:min [0, 3, 7] 0 2 
F:sus4(b7) [0, 5, 10] 5 2 
C:min [0, 3, 7] 0 2 
Eb:maj7 [1, 3, 7, 10] 3 2 
C:min [0, 3, 7] 0 2 
Eb:maj [3, 7, 10] 3 2 
F:maj [0, 5, 9] 5 2 
Eb:maj7/5 [1, 3, 7, 10] 10 2 
C:7 [0, 4, 7, 10] 0 2 
F:min [0, 5, 8] 5 2 
Bb:sus4 [3, 5, 10] 10 2 
Eb:maj [3, 7, 10] 3 2 
F:min [0, 5, 8] 5 4 
Bb:maj [2, 5, 10] 10 10 
