0 64
70 2
70 3
0 1
67 2
65 2
0 1
70 1
65 2
63 2
65 2
65 2
60 2
58 2
58 7
0 1
63 2
63 3
0 1
63 1
60 1
63 3
70 1
70 1
60 1
63 2
67 2
65 1
65 1
65 8
0 4
70 1
0 1
70 4
67 2
72 2
0 1
72 1
72 1
0 1
70 1
0 1
72 1
0 1
67 2
67 2
65 2
65 2
63 1
62 1
60 3
0 1
65 3
65 1
65 2
65 2
65 2
70 5
0 1
60 2
58 11
0 3
67 3
65 1
67 2
65 2
67 4
0 4
60 2
67 5
60 1
63 2
63 5
0 1
65 3
63 1
65 2
65 2
63 2
70 4
67 2
70 2
65 12
0 2
67 4
67 3
0 1
67 2
67 3
0 1
67 2
67 2
70 4
62 2
60 2
58 2
60 3
0 3
60 2
60 2
60 1
0 1
65 3
0 1
65 4
58 2
58 2
58 2
60 1
0 1
58 6
0 2
72 2
70 4
67 1
65 1
65 2
63 5
0 1
72 1
0 1
70 4
67 1
65 1
65 2
63 5
0 3
65 1
0 1
65 1
0 1
65 1
0 1
70 3
67 1
70 3
0 1
63 2
63 2
60 2
63 1
63 1
65 2
67 2
65 3
0 3
65 1
0 1
65 1
0 1
65 1
0 1
70 3
67 1
70 3
0 1
67 2
75 2
72 2
70 1
67 1
70 2
65 4
0 4
67 2
67 1
0 1
67 1
0 1
67 1
0 1
70 2
58 4
60 2
0 1
60 1
60 1
0 1
60 1
0 1
60 2
0 1
60 1
60 2
60 2
60 2
65 2
0 1
60 1
0 1
60 1
58 7
0 129
70 2
70 3
0 1
67 2
65 2
0 1
70 1
65 2
63 2
65 2
65 2
60 2
58 2
58 7
0 1
63 2
63 3
0 1
63 1
60 1
63 3
70 1
70 1
60 1
63 2
67 2
65 1
65 1
65 8
0 4
70 1
0 1
70 4
67 2
72 2
0 1
72 1
72 1
0 1
70 1
0 1
72 1
67 2
70 1
67 1
70 1
65 2
65 2
63 1
62 1
60 3
0 1
65 3
65 1
65 2
65 2
65 2
67 1
70 3
60 2
60 1
0 1
58 11
0 3
67 3
65 1
67 2
65 2
67 4
0 4
60 2
67 3
60 1
0 1
60 1
63 2
63 5
0 1
65 3
65 1
65 2
65 1
65 1
63 2
70 4
67 2
70 2
65 12
0 2
67 4
67 3
0 1
67 2
67 3
0 3
67 2
70 4
62 2
60 2
58 2
60 3
0 3
60 2
60 2
60 1
0 1
65 3
0 1
65 4
58 2
58 2
58 2
60 1
0 1
58 6
0 2
72 2
70 4
67 1
65 1
65 2
63 4
60 1
58 1
72 1
0 1
70 4
67 1
65 1
65 2
63 5
0 3
65 1
0 1
65 1
0 1
65 1
0 1
70 3
67 1
70 3
0 1
63 2
63 2
60 2
63 1
63 1
65 2
67 1
65 4
0 3
65 1
0 1
65 1
0 1
65 1
0 1
70 3
67 1
70 3
0 1
67 2
75 2
72 2
70 1
70 1
70 2
65 4
0 4
67 2
67 1
0 1
67 1
0 1
67 1
0 1
70 2
58 4
60 2
0 1
60 1
60 1
0 1
60 1
0 1
60 2
0 1
60 1
60 2
60 2
60 2
65 2
0 1
60 1
0 1
60 1
60 1
0 1
58 5
0 1
72 2
70 4
67 1
65 1
65 2
63 4
60 1
58 1
72 1
0 1
70 4
67 1
65 1
65 2
63 5
0 1
65 15
0 1
70 29
