B:sus2 [1, 6, 11] 11 8 
Ab:min [3, 8, 11] 8 8 
B:maj [3, 6, 11] 11 7 
B:maj(9) [1, 3, 6, 9, 11] 11 5 
F#:sus4(b7,9) [1, 4, 6, 8, 10] 6 4 
B:sus2 [1, 6, 11] 11 4 
Eb:min/5 [3, 6, 10] 10 4 
Ab:min [3, 8, 11] 8 4 
F#:maj [1, 6, 10] 6 3 
E:maj [4, 8, 11] 4 5 
Eb:min [3, 6, 10] 3 1 
Ab:min [3, 8, 11] 8 3 
C#:min [1, 4, 8] 1 4 
F#:maj [1, 6, 10] 6 8 
B:maj [3, 6, 11] 11 4 
F#:maj [1, 6, 10] 6 4 
Ab:min [3, 8, 11] 8 2 
F#:maj [1, 6, 10] 6 6 
E:maj [4, 8, 11] 4 3 
E:maj7 [2, 4, 8, 11] 4 1 
Eb:min [3, 6, 10] 3 2 
Ab:min [3, 8, 11] 8 2 
C#:min [1, 4, 8] 1 3 
F#:sus2 [1, 6, 8] 6 9 
B:maj [3, 6, 11] 11 4 
Eb:min/5 [3, 6, 10] 10 3 
Ab:min [3, 8, 11] 8 5 
F#:maj [1, 6, 10] 6 4 
E:maj [4, 8, 11] 4 4 
Eb:min [3, 6, 10] 3 1 
Eb:min7 [1, 3, 6, 10] 3 2 
C#:min [1, 4, 8] 1 5 
F#:maj [1, 6, 10] 6 4 
B:maj [3, 6, 11] 11 4 
Eb:min/5 [3, 6, 10] 10 3 
Ab:min [3, 8, 11] 8 5 
F#:maj [1, 6, 10] 6 4 
E:maj [4, 8, 11] 4 4 
Eb:min [3, 6, 10] 3 1 
Ab:min [3, 8, 11] 8 2 
C#:min [1, 4, 8] 1 5 
F#:maj [1, 6, 10] 6 4 
E:maj [4, 8, 11] 4 7 
E:maj9 [2, 4, 6, 8, 11] 4 1 
Eb:min [3, 6, 10] 3 4 
Ab:min [3, 8, 11] 8 4 
C#:min [1, 4, 8] 1 2 
C#:min9 [1, 3, 4, 8, 11] 1 2 
F#:sus4(b7) [1, 6, 11] 6 2 
B:maj [3, 6, 11] 11 7 
B:9 [1, 3, 6, 9, 11] 11 1 
B:maj [3, 6, 11] 11 1 
E:sus2 [4, 6, 11] 4 9 
Eb:min [3, 6, 10] 3 2 
Ab:sus2 [3, 8, 10] 8 6 
E:maj [4, 8, 11] 4 8 
F#:maj [1, 6, 10] 6 8 
B:maj [3, 6, 11] 11 4 
F#:maj [1, 6, 10] 6 4 
Ab:min [3, 8, 11] 8 2 
F#:maj [1, 6, 10] 6 6 
E:maj [4, 8, 11] 4 3 
E:maj7 [2, 4, 8, 11] 4 1 
Eb:min [3, 6, 10] 3 2 
Ab:min [3, 8, 11] 8 2 
C#:min [1, 4, 8] 1 3 
F#:sus2 [1, 6, 8] 6 9 
B:maj [3, 6, 11] 11 4 
Eb:min/5 [3, 6, 10] 10 3 
Ab:min [3, 8, 11] 8 5 
F#:maj [1, 6, 10] 6 4 
E:maj [4, 8, 11] 4 4 
Eb:min [3, 6, 10] 3 1 
Ab:min [3, 8, 11] 8 2 
C#:min [1, 4, 8] 1 5 
F#:maj [1, 6, 10] 6 4 
B:maj [3, 6, 11] 11 8 
E:maj7 [2, 4, 8, 11] 4 8 
Eb:min [3, 6, 10] 3 3 
Ab:sus2 [3, 8, 10] 8 4 
C#:min [1, 4, 8] 1 4 
Eb:min [3, 6, 10] 3 4 
C#:maj [1, 5, 8] 1 3 
F#:maj [1, 6, 10] 6 10 
B:maj [3, 6, 11] 11 4 
Eb:min/5 [3, 6, 10] 10 3 
Ab:min [3, 8, 11] 8 5 
F#:maj [1, 6, 10] 6 4 
E:maj [4, 8, 11] 4 4 
Eb:min [3, 6, 10] 3 1 
B:maj/3 [3, 6, 11] 3 2 
C#:min [1, 4, 8] 1 5 
F#:maj [1, 6, 10] 6 4 
B:maj [3, 6, 11] 11 4 
Eb:min/5 [3, 6, 10] 10 3 
Ab:min [3, 8, 11] 8 5 
F#:maj [1, 6, 10] 6 4 
E:maj [4, 8, 11] 4 4 
Eb:min [3, 6, 10] 3 1 
Ab:min [3, 8, 11] 8 2 
C#:min [1, 4, 8] 1 5 
F#:maj [1, 6, 10] 6 4 
B:maj [3, 6, 11] 11 8 
E:maj [4, 8, 11] 4 4 
Eb:sus4 [3, 8, 10] 3 3 
Ab:min [3, 8, 11] 8 2 
C#:min [1, 4, 8] 1 4 
F#:maj [1, 6, 10] 6 8 
F#:sus4 [1, 6, 11] 6 1 
B:maj [3, 6, 11] 11 6 
