0 124
59 1
0 1
61 1
0 1
63 1
0 1
63 1
0 1
63 1
0 1
63 1
0 1
63 1
0 1
61 2
66 4
61 9
0 3
59 1
0 1
59 2
71 1
0 1
71 3
0 1
71 2
68 1
0 1
63 1
0 1
68 2
66 11
0 3
66 1
0 1
66 1
0 1
68 3
0 1
63 1
0 1
63 3
0 1
63 1
0 1
63 2
68 1
0 1
66 1
0 1
66 1
0 1
68 3
0 1
59 4
0 2
63 1
0 1
63 1
0 1
64 1
0 1
63 1
0 1
64 2
63 3
0 1
59 1
0 1
56 5
0 1
63 2
61 11
0 11
59 2
61 1
0 1
63 1
0 1
63 1
0 1
63 1
0 1
64 1
0 1
63 1
0 1
61 1
0 1
66 4
61 9
0 3
59 1
0 1
59 1
0 1
71 1
0 1
71 1
0 1
71 1
0 1
71 1
0 1
68 2
63 2
68 2
66 11
0 3
66 1
0 1
66 1
0 1
68 4
71 3
0 1
71 3
0 3
68 2
66 3
0 1
70 4
71 4
68 2
66 2
75 1
0 1
75 1
0 1
75 1
0 1
76 1
0 1
75 1
0 1
73 1
0 1
71 4
73 24
0 4
71 1
0 1
73 2
75 1
0 1
75 1
0 1
75 1
0 1
76 1
0 1
75 1
0 1
73 1
0 1
73 1
0 1
71 2
73 3
0 1
73 1
0 1
78 1
0 1
73 3
0 1
71 2
70 1
0 1
71 1
0 1
71 1
0 1
71 1
0 1
75 1
0 1
75 1
0 1
71 1
0 1
71 2
68 2
70 4
70 1
0 1
75 1
0 1
70 2
0 2
68 2
66 2
68 3
0 1
68 1
0 1
68 2
76 5
0 1
76 2
75 3
0 1
78 1
0 1
71 4
0 2
68 1
0 1
66 2
68 1
0 1
68 1
0 1
68 1
0 1
76 1
0 1
76 1
0 1
71 1
0 1
71 1
0 1
68 2
73 8
0 2
71 2
71 1
0 1
73 2
75 1
0 1
75 1
0 1
75 1
0 1
76 1
0 1
75 1
0 1
73 1
0 1
73 1
0 1
71 2
73 3
0 1
73 1
0 1
78 1
0 1
73 3
0 1
71 2
70 1
0 1
71 1
0 1
71 1
0 1
71 1
0 1
75 1
0 1
75 1
0 1
71 1
0 1
71 2
68 2
70 4
70 1
0 1
75 1
0 1
70 2
0 2
68 2
66 2
68 3
0 1
68 4
76 5
0 1
76 2
75 3
0 1
78 1
0 1
71 4
0 2
68 1
0 1
66 2
68 1
0 1
68 1
0 1
68 1
0 1
76 1
0 1
76 2
71 3
0 1
71 2
71 10
0 1
70 3
0 2
71 23
0 229
59 2
61 1
0 1
63 1
0 1
63 1
0 1
63 1
0 1
64 1
0 1
63 1
0 1
61 1
0 1
66 4
61 9
0 3
59 1
0 1
59 1
0 1
71 1
0 1
71 1
0 1
71 1
0 1
71 1
0 1
68 2
63 2
68 2
66 11
0 3
66 1
0 1
66 1
0 1
68 4
71 3
0 1
71 3
0 3
68 2
66 3
0 1
70 4
71 4
68 2
66 2
75 1
0 1
75 1
0 1
75 1
0 1
76 1
0 1
75 1
0 1
73 1
0 1
71 4
73 24
0 4
71 1
0 1
73 2
75 1
0 1
75 1
0 1
75 1
0 1
76 1
0 1
75 1
0 1
73 1
0 1
73 1
0 1
71 2
73 3
0 1
73 1
0 1
78 1
0 1
73 3
0 1
71 2
70 1
0 1
71 1
0 1
71 1
0 1
71 1
0 1
75 1
0 1
75 1
0 1
71 1
0 1
71 2
68 2
70 4
70 1
0 1
75 1
0 1
70 2
0 2
68 2
66 2
68 3
0 1
68 1
0 1
68 2
76 5
0 1
76 2
75 3
0 1
78 1
0 1
71 4
0 2
68 1
0 1
66 2
68 1
0 1
68 1
0 1
68 1
0 1
76 1
0 1
76 1
0 1
71 3
0 1
71 1
0 1
71 10
0 1
70 3
0 1
71 25
0 4
71 1
0 1
73 1
0 1
75 1
0 1
71 1
0 1
71 1
0 1
68 1
0 1
71 3
0 1
68 3
0 1
71 3
0 1
73 1
0 1
71 4
0 2
71 1
0 1
73 1
0 1
70 2
66 1
0 1
66 1
0 1
66 2
73 2
75 4
73 4
71 8
0 2
71 1
0 1
73 1
0 1
75 1
0 1
71 1
0 1
71 2
68 2
71 3
0 1
71 1
0 1
73 1
0 1
75 1
0 1
71 1
0 1
71 2
68 2
71 3
0 1
71 2
73 2
75 1
0 1
75 1
0 1
75 1
0 1
75 1
0 1
75 3
0 1
76 4
75 3
73 18
0 7
71 1
0 1
73 2
75 1
0 1
75 1
0 1
75 1
0 1
76 1
0 1
75 1
0 1
73 1
0 1
73 1
0 1
71 2
73 3
0 1
73 1
0 1
78 1
0 1
73 3
0 1
71 2
70 1
0 1
71 1
0 1
71 1
0 1
71 1
0 1
75 1
0 1
75 1
0 1
71 1
0 1
71 2
68 2
70 4
70 1
0 1
75 1
0 1
70 2
0 2
68 2
66 2
68 3
0 1
68 1
0 1
68 2
76 5
0 1
76 2
75 3
0 1
78 1
0 1
71 4
0 2
68 1
0 1
66 2
68 1
0 1
68 1
0 1
68 1
0 1
76 1
0 1
76 1
0 1
71 1
0 1
71 1
0 1
68 2
73 8
0 2
71 2
71 1
0 1
73 2
75 1
0 1
75 1
0 1
75 1
0 1
76 1
0 1
75 1
0 1
73 1
0 1
73 1
0 1
71 2
73 3
0 1
73 1
0 1
78 1
0 1
73 3
0 1
71 2
70 1
0 1
71 1
0 1
71 1
0 1
71 1
0 1
75 1
0 1
75 1
0 1
71 1
0 1
71 2
68 2
70 4
70 1
0 1
75 1
0 1
70 2
0 2
68 2
66 2
68 3
0 1
68 4
76 5
0 1
76 2
75 3
0 1
78 1
0 1
71 4
0 2
68 1
0 1
66 2
68 1
0 1
68 1
0 1
68 1
0 1
76 1
0 1
76 2
71 3
0 1
71 2
71 10
0 1
70 3
0 2
71 23
0 5
68 2
66 2
68 2
68 2
0 1
68 5
76 4
0 1
76 2
75 4
78 4
71 5
68 2
66 2
68 2
0 1
68 2
68 2
0 1
76 2
76 2
0 1
75 3
0 1
71 4
71 12
0 5
70 11
71 16
