A:sus2 [4, 9, 11] 9 6
C#:min [1, 4, 8] 1 2
D:maj [2, 6, 9] 2 2
E:maj [4, 8, 11] 4 2
A:maj [1, 4, 9] 9 2
C#:min [1, 4, 8] 1 2
D:maj [2, 6, 9] 2 2
E:maj [4, 8, 11] 4 2
F#:min [1, 6, 9] 6 4
D:sus2 [2, 4, 9] 2 2
E:sus2 [4, 6, 11] 4 2
A:sus2 [4, 9, 11] 9 2
Bb:dim [1, 4, 10] 10 2
B:min [2, 6, 11] 11 2
E:sus2 [4, 6, 11] 4 2
A:maj [1, 4, 9] 9 4
F#:min [1, 6, 9] 6 3
C#:min/b3 [1, 4, 8] 4 1
D:sus2 [2, 4, 9] 2 2
E:maj [4, 8, 11] 4 2
A:maj [1, 4, 9] 9 2
B:min [2, 6, 11] 11 1
C#:min [1, 4, 8] 1 1
D:maj [2, 6, 9] 2 4
A:maj [1, 4, 9] 9 2
Eb:dim [3, 6, 9] 3 2
E:sus4 [4, 9, 11] 4 4
A:maj [1, 4, 9] 9 6
C#:min [1, 4, 8] 1 2
D:maj [2, 6, 9] 2 2
E:maj [4, 8, 11] 4 2
A:maj [1, 4, 9] 9 2
C#:min [1, 4, 8] 1 2
D:maj [2, 6, 9] 2 2
E:maj [4, 8, 11] 4 2
F#:min [1, 6, 9] 6 4
D:sus2 [2, 4, 9] 2 2
E:sus2 [4, 6, 11] 4 2
A:sus2 [4, 9, 11] 9 2
Bb:dim [1, 4, 10] 10 2
B:min [2, 6, 11] 11 2
E:sus2 [4, 6, 11] 4 4
A:maj [1, 4, 9] 9 4
F#:min [1, 6, 9] 6 3
C#:min/b3 [1, 4, 8] 4 1
D:sus2 [2, 4, 9] 2 2
E:maj [4, 8, 11] 4 2
A:maj [1, 4, 9] 9 2
B:min [2, 6, 11] 11 1
C#:min [1, 4, 8] 1 1
D:maj [2, 6, 9] 2 4
A:maj [1, 4, 9] 9 2
Eb:dim [3, 6, 9] 3 2
E:sus4 [4, 9, 11] 4 4
A:maj [1, 4, 9] 9 2
B:min [2, 6, 11] 11 2
C#:min [1, 4, 8] 1 2
D:sus2 [2, 4, 9] 2 2
A:maj [1, 4, 9] 9 2
B:min [2, 6, 11] 11 2
C#:min [1, 4, 8] 1 2
D:sus2 [2, 4, 9] 2 2
A:maj [1, 4, 9] 9 2
B:min [2, 6, 11] 11 2
C#:min [1, 4, 8] 1 2
D:sus2 [2, 4, 9] 2 2
G:maj6 [2, 4, 7, 11] 7 2
E:maj [4, 8, 11] 4 2
E:sus2 [4, 6, 11] 4 2
A:maj [1, 4, 9] 9 4
F#:min [1, 6, 9] 6 3
F#:min7 [1, 4, 6, 9] 6 1
D:sus2 [2, 4, 9] 2 2
E:maj [4, 8, 11] 4 2
A:maj [1, 4, 9] 9 2
B:min [2, 6, 11] 11 1
C#:min [1, 4, 8] 1 1
D:maj [2, 6, 9] 2 4
A:maj [1, 4, 9] 9 2
Eb:dim [3, 6, 9] 3 2
E:sus4 [4, 9, 11] 4 4
A:maj [1, 4, 9] 9 2
D:maj/3 [2, 6, 9] 6 1
C#:min [1, 4, 8] 1 1
A:maj [1, 4, 9] 9 4
F#:min [1, 6, 9] 6 3
C#:min/b3 [1, 4, 8] 4 1
D:sus2 [2, 4, 9] 2 2
E:maj [4, 8, 11] 4 2
A:maj [1, 4, 9] 9 2
B:min [2, 6, 11] 11 1
C#:min [1, 4, 8] 1 1
D:maj [2, 6, 9] 2 4
A:maj [1, 4, 9] 9 2
F#:min6 [1, 3, 6, 9] 6 2
E:sus4 [4, 9, 11] 4 4
A:maj [1, 4, 9] 9 4
D:maj [2, 6, 9] 2 4
A:sus2 [4, 9, 11] 9 2
Eb:min [3, 6, 10] 3 2
E:sus4 [4, 9, 11] 4 6
A:sus4 [2, 4, 9] 9 4
A:maj [1, 4, 9] 9 3
D:maj [2, 6, 9] 2 1
