0 15
71 1
0 1
73 1
73 1
73 1
73 1
71 1
71 1
69 1
0 1
69 3
0 2
66 1
64 1
66 1
69 1
69 1
69 1
69 1
66 1
66 1
64 5
0 4
73 1
76 1
76 1
76 1
0 1
76 1
76 1
78 1
76 1
73 3
0 3
64 1
66 1
69 1
69 1
69 1
0 1
66 1
66 1
71 4
0 5
73 1
73 1
73 1
73 1
71 1
69 1
66 1
69 3
0 4
66 1
64 1
66 1
69 1
69 1
69 1
0 1
66 1
66 1
64 5
0 4
73 1
76 1
76 1
76 1
0 1
76 1
76 1
78 1
76 1
73 3
0 2
66 1
64 1
66 1
69 1
69 1
69 1
0 1
66 1
66 1
71 5
0 4
0 2
78 1
76 1
78 1
0 1
78 1
76 3
0 1
64 1
76 1
0 1
73 1
71 2
69 6
0 11
78 1
76 1
78 1
0 1
78 1
76 1
78 3
0 2
76 1
0 1
73 1
76 1
0 1
73 8
0 7
64 1
73 1
73 1
74 1
74 2
0 5
78 1
0 1
76 1
73 1
76 4
0 2
73 6
0 2
66 1
69 1
73 2
71 5
0 5
66 1
69 2
0 1
69 9
0 5
69 1
71 1
71 1
73 1
73 1
73 1
0 1
71 1
71 1
69 4
0 4
64 1
66 1
69 1
69 1
69 1
0 1
66 1
66 1
66 1
0 1
64 6
0 1
73 1
76 1
76 1
76 1
0 1
76 1
76 1
78 1
76 1
0 1
73 2
0 3
64 1
66 1
69 1
69 1
69 1
0 1
66 1
73 1
71 6
0 1
69 1
71 1
71 1
73 1
73 1
73 1
0 1
71 1
71 1
69 5
0 2
66 1
64 1
66 1
69 1
69 1
69 1
0 1
66 1
66 1
64 5
0 4
73 1
76 1
76 1
76 1
76 1
76 1
76 1
78 1
76 1
73 3
0 2
66 1
64 1
66 1
69 1
69 1
69 1
0 1
66 1
66 1
71 17
0 2
78 1
76 1
78 1
0 1
78 1
76 3
0 1
64 1
76 1
0 1
73 1
71 2
69 6
0 11
78 1
76 1
78 1
0 1
78 1
76 1
78 3
0 2
76 1
0 1
73 1
76 1
0 1
73 8
0 7
64 1
73 1
73 1
74 1
74 2
0 5
78 1
0 1
76 1
73 1
76 4
0 2
73 6
0 2
66 1
69 1
73 2
71 5
0 5
66 1
69 2
0 1
69 9
0 111
0 2
78 1
76 1
78 1
0 1
78 1
76 3
0 1
64 1
76 1
0 1
73 1
71 2
69 6
0 11
78 1
76 1
78 1
0 1
78 1
76 1
78 3
0 2
76 1
0 1
73 1
76 1
0 1
73 8
0 7
64 1
73 1
73 1
74 1
74 2
0 5
78 1
0 1
76 1
73 1
76 4
0 2
73 6
0 2
66 1
69 1
73 2
71 5
0 5
66 1
69 2
0 1
69 9
0 9
78 1
76 1
78 1
0 1
78 1
76 3
0 1
64 1
76 1
0 1
73 1
71 2
69 6
0 11
78 1
76 1
78 1
0 1
78 1
76 1
78 3
0 2
76 1
0 1
73 1
76 1
0 1
73 8
0 7
64 1
73 1
73 1
74 1
74 2
0 5
78 1
0 1
76 1
73 1
76 4
0 2
73 6
0 2
66 1
69 1
73 2
71 5
0 5
66 1
69 2
0 1
69 9
0 9
74 1
73 1
74 1
74 6
0 1
78 2
76 1
73 1
76 4
0 2
73 6
0 2
66 1
69 1
73 2
71 11
0 7
66 1
69 2
0 1
69 13
