Eb:maj [3, 7, 10] 3 4
C:min [0, 3, 7] 0 4
Ab:maj [0, 3, 8] 8 4
Bb:maj [2, 5, 10] 10 4
Eb:maj [3, 7, 10] 3 4
F:min7 [0, 3, 5, 8] 5 4
Bb:maj [2, 5, 10] 10 4
Eb:sus2 [3, 5, 10] 3 8
G:min [2, 7, 10] 7 2
C:min [0, 3, 7] 0 2
Ab:maj [0, 3, 8] 8 2
Eb:maj [3, 7, 10] 3 2
Ab:maj [0, 3, 8] 8 2
Bb:maj [2, 5, 10] 10 2
Ab:maj [0, 3, 8] 8 2
Bb:maj [2, 5, 10] 10 2
G:min [2, 7, 10] 7 2
C:min [0, 3, 7] 0 2
F:min [0, 5, 8] 5 2
G:min [2, 7, 10] 7 2
Ab:maj [0, 3, 8] 8 2
Bb:maj [2, 5, 10] 10 2
Eb:maj [3, 7, 10] 3 4
G:min [2, 7, 10] 7 2
C:min [0, 3, 7] 0 2
Ab:maj [0, 3, 8] 8 2
Eb:maj [3, 7, 10] 3 2
Ab:maj [0, 3, 8] 8 2
Bb:maj [2, 5, 10] 10 2
Ab:maj [0, 3, 8] 8 2
Bb:maj [2, 5, 10] 10 2
G:min [2, 7, 10] 7 2
C:min [0, 3, 7] 0 2
F:min [0, 5, 8] 5 2
G:min [2, 7, 10] 7 2
F:min [0, 5, 8] 5 2
Bb:maj [2, 5, 10] 10 4
Ab:maj [0, 3, 8] 8 2
Bb:maj [2, 5, 10] 10 2
G:min [2, 7, 10] 7 2
C:min [0, 3, 7] 0 2
Ab:maj [0, 3, 8] 8 2
G:min [2, 7, 10] 7 2
F:min [0, 5, 8] 5 2
Bb:maj [2, 5, 10] 10 2
Ab:maj [0, 3, 8] 8 2
Bb:maj [2, 5, 10] 10 2
G:min [2, 7, 10] 7 2
C:min7 [0, 3, 7, 10] 0 2
F:min [0, 5, 8] 5 2
Ab:maj [0, 3, 8] 8 2
Bb:maj [2, 5, 10] 10 4
Ab:maj [0, 3, 8] 8 2
Bb:maj [2, 5, 10] 10 2
G:min [2, 7, 10] 7 2
C:min [0, 3, 7] 0 2
Ab:maj [0, 3, 8] 8 2
Eb:maj [3, 7, 10] 3 2
F:min [0, 5, 8] 5 2
Bb:maj [2, 5, 10] 10 2
Ab:maj [0, 3, 8] 8 2
Bb:maj [2, 5, 10] 10 2
G:min [2, 7, 10] 7 2
C:min7 [0, 3, 7, 10] 0 2
Ab:maj [0, 3, 8] 8 2
Bb:maj [2, 5, 10] 10 2
Eb:maj [3, 7, 10] 3 8
C:min [0, 3, 7] 0 4
Ab:maj [0, 3, 8] 8 4
Bb:maj [2, 5, 10] 10 4
Eb:maj [3, 7, 10] 3 4
Ab:maj [0, 3, 8] 8 4
Bb:maj [2, 5, 10] 10 4
Eb:sus2 [3, 5, 10] 3 2
Eb:sus2 [3, 5, 10] 3 4
G:min [2, 7, 10] 7 2
C:min [0, 3, 7] 0 2
Ab:maj [0, 3, 8] 8 2
Eb:maj [3, 7, 10] 3 2
Ab:maj [0, 3, 8] 8 2
Bb:maj [2, 5, 10] 10 2
Ab:maj [0, 3, 8] 8 2
Bb:maj [2, 5, 10] 10 2
G:min [2, 7, 10] 7 2
C:min [0, 3, 7] 0 2
F:min [0, 5, 8] 5 2
G:min [2, 7, 10] 7 2
Ab:maj [0, 3, 8] 8 2
Bb:maj [2, 5, 10] 10 4
Ab:maj [0, 3, 8] 8 2
Bb:maj [2, 5, 10] 10 2
G:min [2, 7, 10] 7 2
C:min [0, 3, 7] 0 2
Ab:maj [0, 3, 8] 8 2
G:min [2, 7, 10] 7 2
F:min [0, 5, 8] 5 2
Bb:maj [2, 5, 10] 10 2
Ab:maj [0, 3, 8] 8 2
Bb:maj [2, 5, 10] 10 2
G:min [2, 7, 10] 7 2
C:min7 [0, 3, 7, 10] 0 2
F:min [0, 5, 8] 5 2
Ab:maj [0, 3, 8] 8 2
Bb:maj [2, 5, 10] 10 4
Ab:maj [0, 3, 8] 8 2
Bb:maj [2, 5, 10] 10 2
G:min [2, 7, 10] 7 2
C:min [0, 3, 7] 0 2
Ab:maj [0, 3, 8] 8 2
G:min [2, 7, 10] 7 2
F:min [0, 5, 8] 5 2
Bb:maj [2, 5, 10] 10 2
Ab:maj [0, 3, 8] 8 2
Bb:maj [2, 5, 10] 10 2
G:min [2, 7, 10] 7 2
C:min7 [0, 3, 7, 10] 0 2
Ab:maj [0, 3, 8] 8 2
Bb:maj [2, 5, 10] 10 2
Eb:maj [3, 7, 10] 3 4
Ab:maj [0, 3, 8] 8 2
Bb:maj [2, 5, 10] 10 2
G:min [2, 7, 10] 7 2
C:min [0, 3, 7] 0 2
Ab:maj [0, 3, 8] 8 2
Eb:maj [3, 7, 10] 3 2
F:min9 [0, 3, 5, 7, 8] 5 2
Bb:maj [2, 5, 10] 10 2
Ab:maj [0, 3, 8] 8 2
Bb:maj [2, 5, 10] 10 2
G:min [2, 7, 10] 7 2
C:min [0, 3, 7] 0 2
Ab:maj [0, 3, 8] 8 2
Bb:maj [2, 5, 10] 10 2
Eb:sus2 [3, 5, 10] 3 4
Ab:maj [0, 3, 8] 8 2
Bb:maj [2, 5, 10] 10 2
Eb:sus2 [3, 5, 10] 3 8
C:min [0, 3, 7] 0 4
Ab:maj [0, 3, 8] 8 3
Bb:maj [2, 5, 10] 10 5
