E:maj [4, 8, 11] 4 2
A:maj [1, 4, 9] 9 2
E:maj6 [1, 4, 8, 11] 4 2
Ab:min [3, 8, 11] 8 2
C#:min [1, 4, 8] 1 1
B:maj [3, 6, 11] 11 1
A:maj [1, 4, 9] 9 1
Ab:min [3, 8, 11] 8 1
F#:min [1, 6, 9] 6 4
E:maj [4, 8, 11] 4 2
A:maj(9)/5 [1, 4, 7, 9, 11] 4 2
E:maj6 [1, 4, 8, 11] 4 2
A:maj/3 [1, 4, 9] 1 2
B:maj [3, 6, 11] 11 2
Ab:min [3, 8, 11] 8 2
A:maj [1, 4, 9] 9 2
E:maj [4, 8, 11] 4 2
F#:min [1, 6, 9] 6 2
A:min [0, 4, 9] 9 2
A:maj [1, 4, 9] 9 2
B:maj [3, 6, 11] 11 2
E:maj [4, 8, 11] 4 2
Ab:min [3, 8, 11] 8 2
A:maj [1, 4, 9] 9 2
E:maj [4, 8, 11] 4 2
F#:min [1, 6, 9] 6 2
A:min [0, 4, 9] 9 2
C#:min7/b7 [1, 4, 8, 11] 11 4
E:maj [4, 8, 11] 4 2
Ab:min [3, 8, 11] 8 2
A:maj [1, 4, 9] 9 2
B:maj [3, 6, 11] 11 2
A:maj [1, 4, 9] 9 2
Ab:min [3, 8, 11] 8 1
C#:min [1, 4, 8] 1 1
F#:min [1, 6, 9] 6 2
B:maj [3, 6, 11] 11 2
E:maj [4, 8, 11] 4 2
Ab:min [3, 8, 11] 8 2
A:maj [1, 4, 9] 9 2
B:maj [3, 6, 11] 11 2
A:maj [1, 4, 9] 9 2
Ab:min [3, 8, 11] 8 1
C#:min [1, 4, 8] 1 1
F#:min [1, 6, 9] 6 2
B:maj [3, 6, 11] 11 6
E:maj [4, 8, 11] 4 2
A:maj [1, 4, 9] 9 2
E:maj [4, 8, 11] 4 2
Ab:min [3, 8, 11] 8 2
C#:min [1, 4, 8] 1 1
Ab:min [3, 8, 11] 8 1
F#:min [1, 6, 9] 6 1
B:maj [3, 6, 11] 11 1
E:sus4 [4, 9, 11] 4 6
Ab:min [3, 8, 11] 8 2
A:maj [1, 4, 9] 9 2
E:maj6 [1, 4, 8, 11] 4 2
F#:min [1, 6, 9] 6 2
A:min [0, 4, 9] 9 2
A:maj [1, 4, 9] 9 2
B:maj [3, 6, 11] 11 2
E:maj [4, 8, 11] 4 2
Ab:min [3, 8, 11] 8 2
A:maj [1, 4, 9] 9 2
B:maj [3, 6, 11] 11 2
A:maj [1, 4, 9] 9 2
Ab:min [3, 8, 11] 8 1
C#:min [1, 4, 8] 1 1
F#:min [1, 6, 9] 6 2
B:maj [3, 6, 11] 11 2
E:maj [4, 8, 11] 4 2
Ab:min [3, 8, 11] 8 2
A:maj [1, 4, 9] 9 2
B:maj [3, 6, 11] 11 2
A:maj [1, 4, 9] 9 2
Ab:min [3, 8, 11] 8 1
C#:min [1, 4, 8] 1 1
F#:min [1, 6, 9] 6 2
B:maj [3, 6, 11] 11 2
E:maj7/7 [2, 4, 8, 11] 3 1
E:maj [4, 8, 11] 4 3
Ab:min [3, 8, 11] 8 2
C#:min [1, 4, 8] 1 2
Ab:min [3, 8, 11] 8 2
C#:min [1, 4, 8] 1 2
A:maj [1, 4, 9] 9 4
F#:min [1, 6, 9] 6 2
B:maj [3, 6, 11] 11 2
E:maj [4, 8, 11] 4 1
F#:min [1, 6, 9] 6 1
Ab:min [3, 8, 11] 8 2
A:maj [1, 4, 9] 9 2
B:maj [3, 6, 11] 11 2
A:maj [1, 4, 9] 9 2
Ab:min [3, 8, 11] 8 1
C#:min [1, 4, 8] 1 1
F#:min [1, 6, 9] 6 2
B:maj [3, 6, 11] 11 2
E:maj [4, 8, 11] 4 2
Ab:min [3, 8, 11] 8 2
A:maj [1, 4, 9] 9 2
B:maj [3, 6, 11] 11 2
A:maj [1, 4, 9] 9 2
Ab:min [3, 8, 11] 8 1
C#:min [1, 4, 8] 1 1
F#:min [1, 6, 9] 6 2
F#:min7 [1, 4, 6, 9] 6 1
B:maj [3, 6, 11] 11 5
E:maj [4, 8, 11] 4 2
A:maj [1, 4, 9] 9 2
E:maj6 [1, 4, 8, 11] 4 2
