0 188
56 2
58 2
65 3
0 1
65 2
63 2
65 2
0 2
63 2
65 2
68 2
65 2
68 2
70 2
68 3
0 5
70 3
0 1
70 2
68 2
65 2
63 1
0 1
63 2
61 2
63 10
0 2
63 2
65 2
68 1
0 1
68 1
0 1
68 2
70 2
68 2
0 2
70 2
68 2
65 1
0 1
65 1
0 1
65 2
63 1
65 1
61 3
0 5
63 1
0 1
63 1
0 1
63 2
61 2
58 3
0 1
58 2
65 1
0 1
65 1
63 11
56 2
58 2
65 1
0 1
65 1
0 1
65 2
63 2
65 2
0 2
63 2
65 2
68 2
65 2
68 2
70 2
68 2
0 6
70 2
70 1
0 1
70 2
68 2
65 3
0 3
61 2
63 9
0 3
63 2
65 2
68 1
0 1
68 1
0 1
68 2
70 2
68 2
0 6
65 2
65 1
0 1
65 2
63 2
61 4
0 4
63 2
63 1
63 1
63 2
70 2
68 2
0 2
65 2
63 4
61 8
0 2
68 2
70 2
73 1
0 1
73 1
73 1
73 2
73 1
75 1
77 2
75 2
73 2
77 2
70 5
0 11
63 1
0 1
63 1
63 1
63 1
0 1
63 1
65 1
63 2
61 1
0 1
61 2
58 2
56 9
0 3
51 2
53 2
56 1
0 1
56 1
0 1
56 2
53 2
56 2
0 2
73 2
75 2
70 8
0 8
75 1
0 1
75 1
75 1
75 2
77 2
75 2
73 2
70 2
73 2
75 12
0 4
73 2
73 1
73 1
73 1
0 1
73 1
75 1
77 2
75 2
73 2
77 2
70 6
0 10
75 1
0 1
75 1
75 1
75 1
0 1
75 1
77 1
75 2
73 1
0 1
73 2
70 2
68 9
0 3
63 2
65 2
68 2
68 2
68 2
65 2
68 2
0 2
73 2
75 2
70 10
0 6
75 2
0 1
75 1
75 1
0 1
75 1
77 1
75 2
73 2
70 2
73 3
0 1
73 6
0 132
56 2
58 2
65 2
65 1
0 1
65 2
63 2
65 2
0 2
63 2
65 2
68 2
65 2
68 2
70 2
68 3
0 5
70 2
70 2
70 2
68 2
65 2
0 4
61 2
63 9
0 3
63 2
65 2
68 1
0 1
68 1
0 1
68 2
70 2
68 2
0 6
65 1
0 1
65 1
0 1
65 2
63 2
61 3
0 5
63 2
63 1
63 1
63 2
70 2
68 2
0 2
65 2
63 4
61 8
0 2
68 2
70 2
73 1
0 1
73 1
73 1
73 1
0 1
73 1
75 1
77 2
75 2
73 2
77 2
70 5
0 11
75 1
0 1
75 1
75 1
75 1
0 1
75 1
77 1
75 2
73 1
0 1
73 1
0 1
70 2
68 9
0 3
63 2
65 2
68 1
0 1
68 1
0 1
68 2
65 2
68 2
0 2
73 2
75 2
70 8
0 8
75 2
0 1
75 1
75 2
77 2
75 2
73 2
70 2
73 2
75 12
0 4
73 2
73 1
73 1
73 1
0 1
73 1
75 1
77 2
75 2
73 2
77 2
70 6
0 10
75 1
0 1
75 1
75 1
75 1
0 1
75 1
77 1
75 2
73 1
0 1
73 2
70 2
68 9
0 3
63 2
65 2
68 2
68 2
68 2
65 2
68 2
0 2
73 2
75 2
70 10
0 6
75 2
0 1
75 1
75 1
0 1
75 1
77 1
75 2
73 2
70 2
73 3
0 1
73 6
0 8
73 1
0 1
73 1
73 1
73 1
0 1
73 1
75 1
77 2
75 2
73 2
77 2
70 5
0 11
75 1
0 1
75 1
75 1
75 1
0 1
75 1
77 1
75 2
73 1
0 1
73 1
0 1
70 2
68 9
0 3
63 2
65 2
68 1
0 1
68 1
0 1
68 2
65 2
68 2
0 2
73 2
75 2
70 8
0 8
75 2
0 1
75 1
75 2
77 2
75 2
73 2
70 2
73 2
75 12
0 4
73 2
73 1
73 1
73 1
0 1
73 1
75 1
77 2
75 2
73 2
77 2
70 6
0 10
75 1
0 1
75 1
75 1
75 1
0 1
75 1
77 1
75 2
73 1
0 1
73 2
70 2
68 9
0 3
63 2
65 2
68 2
68 2
68 2
65 2
68 2
0 2
73 2
75 2
70 10
0 6
75 2
0 1
75 1
75 1
0 1
75 1
77 1
75 2
73 2
70 2
73 3
0 1
73 6
0 8
75 2
0 1
75 1
75 2
77 2
75 2
73 3
70 3
73 12
0 4
73 22
