C#:min [1, 4, 8] 1 19 
A:maj [1, 4, 9] 9 5 
A:maj7 [1, 4, 7, 9] 9 1 
C#:min [1, 4, 8] 1 2 
A:maj [1, 4, 9] 9 5 
Ab:sus4 [1, 3, 8] 8 8 
C#:min [1, 4, 8] 1 4 
Ab:sus4 [1, 3, 8] 8 4 
C#:min [1, 4, 8] 1 3 
Ab:sus4 [1, 3, 8] 8 5 
C#:min [1, 4, 8] 1 4 
Ab:min [3, 8, 11] 8 3 
F#:sus2 [1, 6, 8] 6 5 
Ab:maj [0, 3, 8] 8 4 
C#:min [1, 4, 8] 1 4 
B:maj [3, 6, 11] 11 4 
A:maj [1, 4, 9] 9 4 
Ab:maj [0, 3, 8] 8 4 
C#:min [1, 4, 8] 1 4 
B:maj [3, 6, 11] 11 4 
A:maj [1, 4, 9] 9 4 
Ab:maj [0, 3, 8] 8 4 
C#:min [1, 4, 8] 1 20 
Ab:sus4 [1, 3, 8] 8 4 
C#:min [1, 4, 8] 1 4 
Ab:sus4 [1, 3, 8] 8 4 
C#:min [1, 4, 8] 1 4 
Ab:min [3, 8, 11] 8 3 
F#:sus2 [1, 6, 8] 6 5 
Ab:maj [0, 3, 8] 8 4 
C#:min [1, 4, 8] 1 4 
B:maj [3, 6, 11] 11 4 
A:maj [1, 4, 9] 9 4 
Ab:maj [0, 3, 8] 8 4 
C#:min [1, 4, 8] 1 4 
B:maj [3, 6, 11] 11 4 
A:maj [1, 4, 9] 9 4 
Ab:maj [0, 3, 8] 8 4 
Ab:sus4 [1, 3, 8] 8 1 
C#:min [1, 4, 8] 1 2 
A:maj [1, 4, 9] 9 4 
C#:min [1, 4, 8] 1 4 
A:maj [1, 4, 9] 9 5 
Ab:sus4 [1, 3, 8] 8 8 
C#:min [1, 4, 8] 1 4 
Ab:sus4 [1, 3, 8] 8 4 
C#:min [1, 4, 8] 1 4 
Ab:sus4 [1, 3, 8] 8 4 
C#:min [1, 4, 8] 1 4 
Ab:min [3, 8, 11] 8 3 
F#:sus2 [1, 6, 8] 6 5 
Ab:maj [0, 3, 8] 8 4 
C#:min [1, 4, 8] 1 4 
B:maj [3, 6, 11] 11 4 
A:maj [1, 4, 9] 9 4 
Ab:maj [0, 3, 8] 8 4 
C#:min [1, 4, 8] 1 4 
B:maj [3, 6, 11] 11 4 
A:maj [1, 4, 9] 9 4 
Ab:maj [0, 3, 8] 8 4 
C#:min [1, 4, 8] 1 20 
Ab:sus4 [1, 3, 8] 8 4 
C#:min [1, 4, 8] 1 4 
Ab:sus4 [1, 3, 8] 8 4 
C#:min [1, 4, 8] 1 4 
Ab:min [3, 8, 11] 8 3 
F#:sus2 [1, 6, 8] 6 5 
Ab:maj [0, 3, 8] 8 4 
C#:min [1, 4, 8] 1 4 
B:maj [3, 6, 11] 11 4 
A:maj [1, 4, 9] 9 4 
Ab:maj [0, 3, 8] 8 4 
C#:min [1, 4, 8] 1 4 
B:maj [3, 6, 11] 11 4 
A:maj [1, 4, 9] 9 4 
Ab:maj [0, 3, 8] 8 3 
Ab:min7 [3, 6, 8, 11] 8 1 
C#:sus2 [1, 3, 8] 1 2 
Ab:min7 [3, 6, 8, 11] 8 2 
C#:min [1, 4, 8] 1 4 
B:maj [3, 6, 11] 11 4 
A:maj [1, 4, 9] 9 4 
Ab:maj [0, 3, 8] 8 4 
C#:min [1, 4, 8] 1 4 
B:maj [3, 6, 11] 11 4 
A:maj [1, 4, 9] 9 4 
Ab:maj [0, 3, 8] 8 4 
Ab:sus4 [1, 3, 8] 8 1 
C#:min [1, 4, 8] 1 2 
A:maj [1, 4, 9] 9 4 
C#:min [1, 4, 8] 1 4 
A:maj [1, 4, 9] 9 5 
Ab:sus4 [1, 3, 8] 8 12 
C#:min [1, 4, 8] 1 1 
