0 160
76 1
0 1
73 1
0 1
76 1
0 1
73 1
0 1
76 1
0 1
76 2
0 4
75 1
0 1
75 1
0 1
75 1
0 1
76 1
0 1
75 4
0 4
76 1
0 1
73 1
0 1
76 1
0 1
73 1
0 1
76 6
0 2
75 1
0 1
75 1
0 1
75 1
0 1
76 1
0 1
75 5
0 3
76 1
0 1
73 1
0 1
76 1
0 1
73 1
0 1
76 2
76 4
0 2
80 1
0 1
80 1
0 1
80 1
0 1
78 1
0 1
75 4
73 1
0 1
71 1
0 1
73 3
0 1
76 3
0 1
76 1
0 1
76 6
80 1
0 1
80 1
0 1
80 1
0 1
83 1
0 1
80 3
0 1
76 1
0 1
78 1
0 1
80 1
0 3
80 2
0 2
80 2
0 2
78 1
0 1
76 1
0 1
78 1
0 3
78 1
0 1
80 1
0 1
78 2
0 2
76 1
0 1
78 1
0 1
80 1
0 1
73 1
0 1
73 1
0 1
80 1
0 1
80 1
0 1
73 1
0 1
73 1
0 3
80 1
0 1
80 1
0 1
80 1
0 1
83 1
0 1
80 3
0 1
76 1
0 1
78 1
0 1
80 1
0 3
80 1
0 3
80 2
0 2
78 1
0 1
76 1
0 1
78 4
78 1
0 1
80 1
0 1
78 2
0 2
76 1
0 1
78 1
0 1
80 1
0 1
73 1
0 1
73 1
0 1
80 1
0 1
80 1
0 1
73 2
0 4
80 3
0 1
80 1
0 1
78 1
0 1
80 8
0 64
76 1
0 1
73 1
0 1
76 1
0 1
73 1
0 1
76 1
0 1
73 1
0 1
76 1
0 1
78 1
0 1
75 1
0 1
75 1
0 1
75 1
0 1
76 1
0 1
75 4
0 4
76 1
0 1
73 1
0 1
76 1
0 1
73 1
0 1
76 6
76 2
75 1
0 1
75 1
0 1
75 1
0 1
76 1
0 1
75 4
73 1
0 1
71 1
0 1
73 4
76 3
0 1
76 1
0 1
76 4
0 2
80 4
0 2
78 1
0 1
75 4
73 1
0 1
71 1
0 1
73 3
0 1
76 3
0 1
76 1
0 1
76 6
80 1
0 1
80 1
0 1
80 1
0 1
83 1
0 1
80 3
0 1
76 1
0 1
78 1
0 1
80 1
0 3
80 2
0 2
80 2
0 2
78 1
0 1
76 1
0 1
78 1
0 3
78 1
0 1
80 1
0 1
78 2
0 2
76 1
0 1
78 1
0 1
80 1
0 1
73 1
0 1
73 1
0 1
80 1
0 1
80 1
0 1
73 1
0 1
73 1
0 3
80 1
0 1
80 1
0 1
80 1
0 1
83 1
0 1
80 3
0 1
76 1
0 1
78 1
0 1
80 1
0 3
80 1
0 3
80 2
0 2
78 1
0 1
76 1
0 1
78 4
78 1
0 1
80 1
0 1
78 2
0 2
76 1
0 1
78 1
0 1
80 1
0 1
73 1
0 1
73 1
0 1
80 1
0 1
80 1
0 1
73 2
0 4
80 3
0 1
80 1
0 1
78 1
0 1
75 4
63 2
64 1
63 1
61 10
0 86
76 1
0 1
73 1
0 1
76 1
0 1
73 1
0 1
76 1
0 1
76 2
0 4
75 1
0 1
75 1
0 1
75 1
0 1
76 1
0 1
75 4
0 4
76 1
0 1
73 1
0 1
76 1
0 1
73 1
0 1
76 6
0 2
75 1
0 1
75 1
0 1
75 1
0 1
76 1
0 1
75 5
0 3
76 1
0 1
73 1
0 1
76 1
0 1
73 1
0 1
76 2
76 4
0 2
80 1
0 1
80 1
0 1
80 1
0 1
78 1
0 1
75 4
73 1
0 1
71 1
0 1
73 3
0 1
76 3
0 1
76 1
0 1
76 6
80 1
0 1
80 1
0 1
80 1
0 1
83 1
0 1
80 3
0 1
76 1
0 1
78 1
0 1
80 1
0 3
80 2
0 2
80 2
0 2
78 1
0 1
76 1
0 1
78 1
0 3
78 1
0 1
80 1
0 1
78 2
0 2
76 1
0 1
78 1
0 1
80 1
0 1
73 1
0 1
73 1
0 1
80 1
0 1
80 1
0 1
73 1
0 1
73 1
0 3
80 1
0 1
80 1
0 1
80 1
0 1
83 1
0 1
80 3
0 1
76 1
0 1
78 1
0 1
80 1
0 3
80 1
0 3
80 2
0 2
78 1
0 1
76 1
0 1
78 4
78 1
0 1
80 1
0 1
78 2
0 2
76 1
0 1
78 1
0 1
80 1
0 1
73 1
0 1
73 1
0 1
80 1
0 1
80 1
0 1
73 2
0 4
80 3
0 1
80 1
0 1
78 1
0 1
80 8
0 64
76 1
0 1
73 1
0 1
76 1
0 1
73 1
0 1
76 1
0 1
73 1
0 1
76 1
0 1
78 1
0 1
75 1
0 1
75 1
0 1
75 1
0 1
76 1
0 1
75 4
0 4
76 1
0 1
73 1
0 1
76 1
0 1
73 1
0 1
76 6
76 2
75 1
0 1
75 1
0 1
75 1
0 1
76 1
0 1
75 4
73 1
0 1
71 1
0 1
73 4
76 3
0 1
76 1
0 1
76 4
0 2
80 4
0 2
78 1
0 1
75 4
73 1
0 1
71 1
0 1
73 3
0 1
76 3
0 1
76 1
0 1
76 6
80 1
0 1
80 1
0 1
80 1
0 1
83 1
0 1
80 3
0 1
76 1
0 1
78 1
0 1
80 1
0 3
80 2
0 2
80 2
0 2
78 1
0 1
76 1
0 1
78 1
0 3
78 1
0 1
80 1
0 1
78 2
0 2
76 1
0 1
78 1
0 1
80 1
0 1
73 1
0 1
73 1
0 1
80 1
0 1
80 1
0 1
73 1
0 1
73 1
0 3
80 1
0 1
80 1
0 1
80 1
0 1
83 1
0 1
80 3
0 1
76 1
0 1
78 1
0 1
80 1
0 3
80 1
0 3
80 2
0 2
78 1
0 1
76 1
0 1
78 4
78 1
0 1
80 1
0 1
78 2
0 2
76 1
0 1
78 1
0 1
80 1
0 1
73 1
0 1
73 1
0 1
80 1
0 1
80 1
0 1
73 2
0 4
80 3
0 1
80 1
0 1
78 1
0 1
75 4
63 2
64 1
63 1
61 10
0 2
76 1
0 1
78 1
0 1
80 1
0 3
80 2
0 2
80 2
0 2
78 1
0 1
76 1
0 1
78 1
0 3
78 1
0 1
80 1
0 1
78 2
0 2
76 1
0 1
78 1
0 1
80 1
0 1
73 1
0 1
73 1
0 1
80 1
0 1
80 1
0 1
73 1
0 1
73 1
0 3
80 1
0 1
80 1
0 1
80 1
0 1
83 1
0 1
80 3
0 1
76 1
0 1
78 1
0 1
80 1
0 3
80 1
0 3
80 2
0 2
78 1
0 1
76 1
0 1
78 4
78 1
0 1
80 1
0 1
78 2
0 2
76 1
0 1
78 1
0 1
80 1
0 1
73 1
0 1
73 1
0 1
80 1
0 1
80 1
0 1
73 2
0 4
80 3
0 1
80 1
0 1
78 1
0 1
75 4
63 2
64 1
63 1
61 10
