F#:maj [1, 6, 10] 6 2
C#:maj [1, 5, 8] 1 2
B:maj [3, 6, 11] 11 4
Eb:min [3, 6, 10] 3 2
Bb:min [1, 5, 10] 10 2
C#:min [1, 4, 8] 1 2
B:maj [3, 6, 11] 11 2
F#:maj [1, 6, 10] 6 6
C#:maj [1, 5, 8] 1 2
B:maj/3 [3, 6, 11] 3 2
C#:maj6 [1, 5, 8, 10] 1 2
B:maj [3, 6, 11] 11 2
Bb:min [1, 5, 10] 10 1
Eb:min [3, 6, 10] 3 1
Ab:min [3, 8, 11] 8 2
C#:maj [1, 5, 8] 1 2
F#:maj [1, 6, 10] 6 2
C#:maj [1, 5, 8] 1 2
B:maj [3, 6, 11] 11 2
F#:sus2 [1, 6, 8] 6 2
B:maj [3, 6, 11] 11 2
Bb:min7 [1, 5, 8, 10] 10 1
Eb:maj [3, 7, 10] 3 1
E:maj(9) [2, 4, 6, 8, 11] 4 2
C#:sus4 [1, 6, 8] 1 2
F#:maj [1, 6, 10] 6 3
F#:maj7/7 [1, 4, 6, 10] 5 1
Eb:min7 [1, 3, 6, 10] 3 4
B:maj [3, 6, 11] 11 2
Bb:sus4 [3, 5, 10] 10 2
Ab:min [3, 8, 11] 8 2
C#:maj [1, 5, 8] 1 2
F#:maj [1, 6, 10] 6 4
Eb:min [3, 6, 10] 3 4
B:maj [3, 6, 11] 11 2
Bb:min7 [1, 5, 8, 10] 10 1
Eb:min [3, 6, 10] 3 1
Ab:min [3, 8, 11] 8 2
C#:maj [1, 5, 8] 1 2
F#:sus4 [1, 6, 11] 6 4
B:maj [3, 6, 11] 11 1
F#:maj/3 [1, 6, 10] 10 3
Eb:dim [3, 6, 9] 3 4
C#:maj [1, 5, 8] 1 2
Bb:min [1, 5, 10] 10 2
Eb:min [3, 6, 10] 3 2
B:sus2 [1, 6, 11] 11 2
F#:maj [1, 6, 10] 6 2
C#:maj [1, 5, 8] 1 2
B:maj/3 [3, 6, 11] 3 2
F#:maj [1, 6, 10] 6 2
B:maj [3, 6, 11] 11 2
Bb:min [1, 5, 10] 10 1
Eb:min [3, 6, 10] 3 1
Ab:min [3, 8, 11] 8 2
C#:maj [1, 5, 8] 1 2
F#:maj [1, 6, 10] 6 2
C#:maj [1, 5, 8] 1 2
B:maj [3, 6, 11] 11 2
F#:maj/5 [1, 6, 10] 1 2
B:maj [3, 6, 11] 11 2
Bb:min7 [1, 5, 8, 10] 10 1
Eb:maj [3, 7, 10] 3 1
E:maj [4, 8, 11] 4 2
C#:sus4 [1, 6, 8] 1 2
F#:maj [1, 6, 10] 6 3
F#:maj7/7 [1, 4, 6, 10] 5 1
Eb:min7 [1, 3, 6, 10] 3 4
B:maj [3, 6, 11] 11 2
Bb:sus4 [3, 5, 10] 10 2
Ab:min [3, 8, 11] 8 2
C#:maj [1, 5, 8] 1 2
F#:maj [1, 6, 10] 6 3
F#:maj7 [1, 4, 6, 10] 6 1
Eb:min [3, 6, 10] 3 3
Eb:min7/b7 [1, 3, 6, 10] 1 1
B:maj [3, 6, 11] 11 2
Bb:min7 [1, 5, 8, 10] 10 1
Eb:min [3, 6, 10] 3 1
B:maj [3, 6, 11] 11 1
C#:maj [1, 5, 8] 1 1
F#:maj [1, 6, 10] 6 2
C#:maj/3 [1, 5, 8] 5 2
F#:maj [1, 6, 10] 6 4
B:maj [3, 6, 11] 11 2
C#:maj [1, 5, 8] 1 2
F#:maj [1, 6, 10] 6 4
A:maj [1, 4, 9] 9 2
E:maj [4, 8, 11] 4 2
F#:min [1, 6, 9] 6 1
C#:min [1, 4, 8] 1 1
F#:sus2 [1, 6, 8] 6 2
D:maj [2, 6, 9] 2 4
C#:maj [1, 5, 8] 1 1
D:maj [2, 6, 9] 2 5
G:maj [2, 7, 11] 7 3
G:maj7/7 [2, 5, 7, 11] 6 1
E:min [4, 7, 11] 4 3
E:min7/b7 [2, 4, 7, 11] 2 1
C:maj [0, 4, 7] 0 2
B:min [2, 6, 11] 11 1
E:min [4, 7, 11] 4 1
A:min [0, 4, 9] 9 2
D:maj [2, 6, 9] 2 2
G:maj [2, 7, 11] 7 3
G:maj7/7 [2, 5, 7, 11] 6 1
E:min [4, 7, 11] 4 3
E:min7/b7 [2, 4, 7, 11] 2 1
C:maj [0, 4, 7] 0 2
B:min [2, 6, 11] 11 1
E:min7 [2, 4, 7, 11] 4 1
A:min7 [0, 4, 7, 9] 9 4
D:maj [2, 6, 9] 2 2
G:maj [2, 7, 11] 7 4
