0 78
71 2
70 3
70 1
70 1
71 1
73 1
73 3
68 1
68 2
73 2
71 4
71 1
71 1
73 1
71 1
71 2
70 5
66 2
75 3
75 1
75 1
73 1
71 1
73 3
73 1
66 2
68 1
70 1
71 5
71 1
73 2
71 1
70 2
68 4
71 2
70 3
70 1
70 1
71 1
73 1
73 3
68 1
68 2
73 2
71 4
71 1
71 1
73 1
71 1
71 2
70 5
66 2
75 3
75 1
75 1
73 1
71 1
73 2
75 1
77 1
78 2
80 1
82 1
83 4
83 1
83 1
82 2
78 1
80 2
73 2
83 2
82 1
82 2
73 2
73 1
73 1
70 1
73 1
80 2
78 2
83 3
82 1
82 3
73 1
73 2
70 1
73 1
80 2
78 2
78 2
73 2
75 4
75 1
75 1
77 1
78 1
80 2
73 1
80 1
78 2
78 1
80 1
82 1
82 2
80 1
80 2
78 2
82 2
83 1
82 1
80 3
83 2
82 2
73 1
73 2
70 1
73 1
80 2
78 2
83 3
82 1
82 3
73 1
73 2
70 1
73 1
80 2
78 1
78 1
78 1
78 2
73 1
75 4
75 1
75 1
77 1
78 1
80 2
73 2
83 2
82 2
82 1
80 2
75 9
78 2
0 1
77 2
78 2
0 78
70 3
70 1
70 1
71 1
73 1
73 3
68 1
68 2
73 2
71 4
71 1
71 1
73 1
71 1
71 2
70 5
66 2
75 3
75 1
75 1
73 1
71 1
73 3
73 1
66 2
68 1
70 1
71 5
71 1
73 2
71 1
70 2
68 4
71 2
70 3
70 1
70 1
71 1
73 1
73 3
68 1
68 2
73 2
71 4
71 1
71 1
73 1
71 1
71 2
70 5
66 2
75 3
75 1
75 1
73 1
71 1
73 2
75 1
77 1
78 2
80 1
82 1
83 4
83 1
83 1
82 2
78 1
80 2
73 2
83 2
82 1
82 2
73 2
73 1
73 1
70 1
73 1
80 2
78 2
83 3
82 1
82 3
73 1
73 2
70 1
73 1
80 2
78 2
78 2
73 2
75 4
75 1
75 1
77 1
78 1
80 2
73 1
80 1
78 2
78 1
80 1
82 1
82 2
80 1
80 2
78 2
82 2
83 1
82 1
80 3
83 2
82 2
73 1
73 2
70 1
73 1
80 2
78 2
83 3
82 1
82 3
73 1
73 2
70 1
73 1
80 2
78 1
78 1
78 1
78 2
73 1
75 4
75 1
75 1
77 1
78 1
80 2
73 2
83 2
82 2
82 1
80 2
75 2
78 2
77 1
78 7
77 1
78 1
80 2
80 1
80 5
78 2
78 1
80 2
82 9
78 1
77 1
78 2
78 1
78 5
80 2
80 1
80 1
80 2
78 1
85 2
82 13
78 1
80 1
81 2
76 1
76 4
81 1
83 2
76 1
76 3
83 1
85 1
86 2
86 1
85 2
83 2
85 2
81 3
80 2
81 1
78 12
78 1
85 1
83 2
81 1
85 5
83 1
85 1
86 2
0 9
74 2
84 2
83 1
83 2
74 2
74 1
74 1
71 1
74 1
81 2
79 2
84 3
83 1
83 3
74 1
74 2
71 1
74 1
81 2
79 2
79 2
74 2
76 4
76 1
76 1
78 1
79 1
81 2
74 1
81 1
79 2
79 1
81 1
83 1
83 2
81 1
81 2
79 2
83 2
84 1
83 1
81 3
84 2
83 2
74 1
74 2
71 1
74 1
81 2
79 2
84 3
83 1
83 3
74 1
74 2
71 1
74 1
81 2
79 1
79 1
79 1
79 2
74 1
76 4
76 1
76 1
78 1
79 1
81 2
74 2
84 2
83 2
83 1
81 2
76 15
79 5
78 5
