E:maj7 [2, 4, 8, 11] 4 4 
Eb:min7 [1, 3, 6, 10] 3 4 
Ab:min [3, 8, 11] 8 8 
E:maj7 [2, 4, 8, 11] 4 4 
Eb:min [3, 6, 10] 3 4 
Ab:sus4 [1, 3, 8] 8 12 
C#:min [1, 4, 8] 1 1 
C#:min7 [1, 4, 8, 11] 1 3 
F#:maj [1, 6, 10] 6 4 
B:maj7/7 [3, 6, 9, 11] 10 4 
Ab:min [3, 8, 11] 8 4 
C#:min7 [1, 4, 8, 11] 1 4 
Eb:sus4 [3, 8, 10] 3 8 
Ab:min [3, 8, 11] 8 4 
C#:min [1, 4, 8] 1 4 
F#:maj [1, 6, 10] 6 4 
B:maj [3, 6, 11] 11 4 
C#:min7 [1, 4, 8, 11] 1 5 
Ab:min [3, 8, 11] 8 3 
E:maj [4, 8, 11] 4 4 
Eb:sus4 [3, 8, 10] 3 4 
Ab:min [3, 8, 11] 8 4 
C#:min [1, 4, 8] 1 4 
F#:maj [1, 6, 10] 6 4 
B:maj7 [3, 6, 9, 11] 11 4 
C#:min7 [1, 4, 8, 11] 1 4 
Ab:min [3, 8, 11] 8 4 
E:maj [4, 8, 11] 4 2 
F#:maj [1, 6, 10] 6 2 
Ab:min [3, 8, 11] 8 8 
F#:maj [1, 6, 10] 6 4 
E:maj [4, 8, 11] 4 4 
B:maj [3, 6, 11] 11 4 
C#:min [1, 4, 8] 1 4 
C#:min7 [1, 4, 8, 11] 1 1 
Ab:min7 [3, 6, 8, 11] 8 2 
Ab:min [3, 8, 11] 8 1 
E:maj [4, 8, 11] 4 2 
C#:min [1, 4, 8] 1 2 
E:maj [4, 8, 11] 4 4 
F#:maj [1, 6, 10] 6 3 
F#:sus2 [1, 6, 8] 6 5 
B:maj [3, 6, 11] 11 4 
F#:maj/3 [1, 6, 10] 10 4 
Ab:min7 [3, 6, 8, 11] 8 2 
Ab:min [3, 8, 11] 8 1 
Ab:sus2 [3, 8, 10] 8 1 
Eb:min7 [1, 3, 6, 10] 3 4 
E:maj [4, 8, 11] 4 4 
Eb:min7 [1, 3, 6, 10] 3 4 
C#:min [1, 4, 8] 1 2 
C#:min7 [1, 4, 8, 11] 1 2 
F#:maj [1, 6, 10] 6 4 
B:maj [3, 6, 11] 11 4 
Eb:min7 [1, 3, 6, 10] 3 4 
Ab:min [3, 8, 11] 8 4 
Eb:min/b3 [3, 6, 10] 6 2 
F:maj7 [0, 3, 5, 9] 5 2 
E:maj [4, 8, 11] 4 4 
Eb:min7 [1, 3, 6, 10] 3 1 
F#:maj [1, 6, 10] 6 3 
C#:min [1, 4, 8] 1 4 
F#:sus4(b7) [1, 6, 11] 6 2 
F#:7 [1, 4, 6, 10] 6 2 
B:maj [3, 6, 11] 11 8 
E:maj7 [2, 4, 8, 11] 4 4 
Eb:min7 [1, 3, 6, 10] 3 4 
C#:sus4(b7) [1, 6, 8] 1 4 
B:sus2 [1, 6, 11] 11 4 
A:maj [1, 4, 9] 9 8 
F#:sus4(b7) [1, 6, 11] 6 8 
Ab:min [3, 8, 11] 8 3 
Ab:min7 [3, 6, 8, 11] 8 1 
C#:min [1, 4, 8] 1 4 
F#:maj [1, 6, 10] 6 4 
B:maj [3, 6, 11] 11 4 
C#:min7 [1, 4, 8, 11] 1 4 
Ab:sus2 [3, 8, 10] 8 4 
E:maj [4, 8, 11] 4 4 
Eb:sus4 [3, 8, 10] 3 4 
Ab:min [3, 8, 11] 8 4 
C#:min [1, 4, 8] 1 4 
F#:maj [1, 6, 10] 6 4 
B:maj7 [3, 6, 9, 11] 11 4 
C#:min7 [1, 4, 8, 11] 1 4 
Ab:min [3, 8, 11] 8 4 
E:maj [4, 8, 11] 4 2 
F#:maj [1, 6, 10] 6 2 
Ab:min [3, 8, 11] 8 8 
F#:maj [1, 6, 10] 6 4 
E:maj [4, 8, 11] 4 4 
B:maj [3, 6, 11] 11 4 
C#:min [1, 4, 8] 1 4 
C#:min7 [1, 4, 8, 11] 1 1 
Ab:min7 [3, 6, 8, 11] 8 2 
Ab:min [3, 8, 11] 8 1 
E:maj [4, 8, 11] 4 2 
C#:min [1, 4, 8] 1 2 
E:maj [4, 8, 11] 4 4 
F#:maj [1, 6, 10] 6 3 
F#:sus2 [1, 6, 8] 6 5 
B:maj [3, 6, 11] 11 4 
F#:maj/3 [1, 6, 10] 10 4 
Ab:min7 [3, 6, 8, 11] 8 4 
F#:maj [1, 6, 10] 6 4 
E:maj [4, 8, 11] 4 4 
Eb:min7 [1, 3, 6, 10] 3 4 
C#:min [1, 4, 8] 1 2 
C#:min7 [1, 4, 8, 11] 1 2 
F#:maj [1, 6, 10] 6 4 
B:maj [3, 6, 11] 11 4 
F#:maj/3 [1, 6, 10] 10 4 
Ab:min [3, 8, 11] 8 4 
Ab:min7/5 [3, 6, 8, 11] 3 2 
Ab:min7/b7 [3, 6, 8, 11] 6 2 
E:maj [4, 8, 11] 4 4 
Eb:min7 [1, 3, 6, 10] 3 4 
C#:min [1, 4, 8] 1 4 
F#:sus4 [1, 6, 11] 6 2 
F#:maj [1, 6, 10] 6 2 
B:maj [3, 6, 11] 11 12 
F#:maj/3 [1, 6, 10] 10 4 
Ab:min7 [3, 6, 8, 11] 8 4 
Eb:min [3, 6, 10] 3 4 
E:maj [4, 8, 11] 4 4 
Eb:min7 [1, 3, 6, 10] 3 4 
C#:min [1, 4, 8] 1 4 
F#:maj6 [1, 3, 6, 10] 6 4 
B:maj [3, 6, 11] 11 4 
F#:maj/3 [1, 6, 10] 10 4 
Ab:min [3, 8, 11] 8 4 
Ab:min7/5 [3, 6, 8, 11] 3 2 
Ab:min7/b7 [3, 6, 8, 11] 6 2 
E:maj [4, 8, 11] 4 4 
Eb:min7 [1, 3, 6, 10] 3 4 
C#:min7 [1, 4, 8, 11] 1 4 
F#:sus4(b7) [1, 6, 11] 6 4 
B:maj [3, 6, 11] 11 10 
E:maj [4, 8, 11] 4 2 
Eb:min7 [1, 3, 6, 10] 3 4 
C#:min7 [1, 4, 8, 11] 1 5 
F#:sus4(b7) [1, 6, 11] 6 9 
E:maj [4, 8, 11] 4 4 
Eb:min7 [1, 3, 6, 10] 3 4 
C#:min7 [1, 4, 8, 11] 1 4 
C:maj/3 [0, 4, 7] 4 10 
B:maj7 [3, 6, 9, 11] 11 7 
