C#:min [1, 4, 8] 1 4
E:maj [4, 8, 11] 4 3
C#:min [1, 4, 8] 1 1
F#:maj [1, 6, 10] 6 8
Ab:min [3, 8, 11] 8 6
E:maj [4, 8, 11] 4 2
Ab:min [3, 8, 11] 8 2
F#:maj [1, 6, 10] 6 2
Ab:min [3, 8, 11] 8 2
Ab:min7 [3, 6, 8, 11] 8 1
C#:maj [1, 5, 8] 1 1
Eb:min [3, 6, 10] 3 2
Ab:min [3, 8, 11] 8 2
E:maj [4, 8, 11] 4 2
C#:min [1, 4, 8] 1 2
C#:min7 [1, 4, 8, 11] 1 2
F#:maj [1, 6, 10] 6 2
B:maj [3, 6, 11] 11 2
E:maj6 [1, 4, 8, 11] 4 2
C#:sus2 [1, 3, 8] 1 2
F#:maj [1, 6, 10] 6 2
E:maj7 [2, 4, 8, 11] 4 2
E:maj [4, 8, 11] 4 2
C#:maj [1, 5, 8] 1 2
F#:maj [1, 6, 10] 6 2
B:maj [3, 6, 11] 11 2
E:maj [4, 8, 11] 4 2
Eb:min [3, 6, 10] 3 1
C#:min [1, 4, 8] 1 1
F#:maj [1, 6, 10] 6 4
B:maj [3, 6, 11] 11 2
C#:maj [1, 5, 8] 1 2
F#:maj [1, 6, 10] 6 2
B:maj [3, 6, 11] 11 2
E:maj [4, 8, 11] 4 2
C#:min [1, 4, 8] 1 2
A:maj [1, 4, 9] 9 2
C#:min [1, 4, 8] 1 5
E:maj [4, 8, 11] 4 2
C#:min [1, 4, 8] 1 1
F#:maj [1, 6, 10] 6 8
Ab:min [3, 8, 11] 8 6
E:maj [4, 8, 11] 4 2
Ab:min [3, 8, 11] 8 2
F#:maj [1, 6, 10] 6 2
Ab:min [3, 8, 11] 8 2
Ab:min7 [3, 6, 8, 11] 8 1
C#:maj [1, 5, 8] 1 1
Eb:min [3, 6, 10] 3 2
Ab:min [3, 8, 11] 8 2
E:maj [4, 8, 11] 4 2
C#:min [1, 4, 8] 1 2
C#:min7 [1, 4, 8, 11] 1 2
F#:maj [1, 6, 10] 6 2
B:maj [3, 6, 11] 11 2
E:maj6 [1, 4, 8, 11] 4 2
C#:sus2 [1, 3, 8] 1 2
F#:maj [1, 6, 10] 6 2
E:maj7 [2, 4, 8, 11] 4 2
E:maj [4, 8, 11] 4 2
C#:maj [1, 5, 8] 1 2
F#:maj [1, 6, 10] 6 2
B:maj [3, 6, 11] 11 2
E:maj [4, 8, 11] 4 2
Eb:min [3, 6, 10] 3 1
C#:min [1, 4, 8] 1 1
F#:maj [1, 6, 10] 6 2
F#:sus2 [1, 6, 8] 6 2
E:maj [4, 8, 11] 4 2
C#:maj [1, 5, 8] 1 2
F#:maj [1, 6, 10] 6 2
B:maj [3, 6, 11] 11 2
E:maj6 [1, 4, 8, 11] 4 2
C#:sus2 [1, 3, 8] 1 2
F#:maj [1, 6, 10] 6 2
E:maj7 [2, 4, 8, 11] 4 2
E:maj [4, 8, 11] 4 2
C#:maj [1, 5, 8] 1 2
F#:maj [1, 6, 10] 6 2
B:maj [3, 6, 11] 11 2
E:maj [4, 8, 11] 4 2
Eb:min [3, 6, 10] 3 1
C#:min [1, 4, 8] 1 1
F#:maj [1, 6, 10] 6 2
F#:sus2 [1, 6, 8] 6 2
E:maj6 [1, 4, 8, 11] 4 2
Ab:min [3, 8, 11] 8 2
F#:maj [1, 6, 10] 6 2
Ab:min [3, 8, 11] 8 2
E:maj [4, 8, 11] 4 2
C#:maj [1, 5, 8] 1 3
Ab:min [3, 8, 11] 8 5
F#:maj [1, 6, 10] 6 6
