0 48
73 1
0 1
73 1
0 1
75 1
0 1
73 1
71 1
73 7
0 1
78 2
73 1
75 1
71 2
71 1
68 1
73 3
0 5
68 2
0 1
68 1
68 1
0 1
71 1
0 1
73 2
75 1
0 1
73 2
71 1
0 1
68 1
0 1
68 1
0 1
71 2
68 1
66 1
66 8
71 1
0 1
71 1
71 1
71 2
68 1
66 1
73 5
0 3
75 1
0 1
73 1
75 1
73 1
0 1
71 1
73 1
68 5
0 3
71 2
0 1
71 1
68 2
71 1
0 1
73 2
73 1
75 1
73 2
71 2
68 1
0 1
68 1
0 1
71 2
68 1
66 1
66 6
0 2
78 2
80 2
78 1
0 1
75 1
73 1
73 6
0 2
80 2
78 1
0 1
78 2
75 1
73 1
73 8
75 2
0 1
75 1
73 1
0 1
73 1
75 1
73 3
71 1
68 1
0 1
68 1
71 1
73 2
0 1
71 1
73 2
78 1
0 1
78 7
0 1
78 1
0 1
80 2
78 1
0 1
75 1
73 1
73 6
0 2
80 2
78 1
0 1
78 1
0 1
75 1
73 1
73 3
0 5
75 2
0 1
75 1
73 1
0 1
73 1
75 1
71 1
73 2
71 1
68 2
0 2
68 1
0 1
68 1
68 1
71 2
0 1
68 1
66 3
0 5
0 80
73 1
0 1
73 1
73 1
75 1
0 1
73 1
71 1
73 7
0 1
78 2
73 1
75 1
71 2
71 1
68 1
73 6
0 2
68 2
0 1
68 1
68 1
0 1
71 1
0 1
73 2
75 1
0 1
73 2
71 1
0 1
68 1
0 1
68 1
0 1
71 2
68 1
66 1
66 8
71 1
0 1
71 1
71 1
71 2
68 1
66 1
73 5
0 3
75 1
0 1
73 1
75 1
73 1
0 1
71 1
73 1
68 5
0 3
71 2
0 1
71 1
68 2
71 1
0 1
73 1
0 1
73 1
75 1
73 2
71 2
68 1
0 1
68 1
0 1
71 2
68 1
66 1
66 6
0 2
78 2
80 2
78 1
0 1
75 1
73 1
73 6
0 2
80 2
78 1
0 1
78 2
75 1
73 1
73 8
75 2
0 1
75 1
73 1
0 1
73 1
75 1
73 3
71 1
68 1
0 1
68 1
71 1
73 2
0 1
71 1
73 2
78 1
0 1
78 7
0 1
78 1
0 1
80 2
78 1
0 1
75 1
73 1
73 6
0 2
80 2
78 1
0 1
78 1
0 1
75 1
73 1
73 3
0 5
75 2
0 1
75 1
73 1
0 1
73 1
75 1
71 1
73 2
71 1
68 2
0 2
68 1
0 1
68 1
68 1
71 2
0 1
68 1
66 3
0 5
78 2
80 2
78 1
0 1
75 1
73 1
73 6
0 2
80 2
78 1
0 1
78 2
75 1
73 1
73 8
75 2
0 1
75 1
73 1
0 1
73 1
75 1
73 3
71 1
68 1
0 1
68 1
71 1
73 2
0 1
71 1
73 2
78 1
0 1
78 7
0 1
78 1
0 1
80 2
78 1
0 1
75 1
73 1
73 6
0 2
80 2
78 1
0 1
78 1
0 1
75 1
73 1
73 3
0 5
75 2
0 1
75 1
73 1
0 1
73 1
75 1
71 1
73 2
71 1
68 2
0 2
68 1
0 1
68 1
68 1
71 2
0 1
68 1
66 3
0 5
75 2
0 1
75 1
73 1
0 1
73 1
75 1
71 1
73 2
71 1
68 2
0 2
73 1
0 1
73 3
0 1
71 2
73 4
80 20
78 21
