66 2
63 2
0 2
66 1
0 1
63 2
0 2
70 3
0 1
68 6
0 10
68 1
0 1
61 2
0 2
68 1
0 1
61 2
0 2
71 2
0 2
70 6
0 10
66 2
63 2
0 2
66 1
0 1
63 2
0 2
70 3
0 1
68 6
0 6
68 1
0 1
66 1
0 1
65 1
0 1
65 3
0 1
65 1
0 1
66 3
0 1
65 3
0 1
63 5
0 11
66 1
0 1
66 1
0 1
66 1
0 1
66 1
0 1
66 3
0 1
63 3
0 1
66 4
0 12
61 1
0 1
61 1
0 1
61 1
0 1
61 1
0 1
61 2
0 2
63 2
0 2
61 6
0 10
56 1
0 1
56 1
0 1
56 1
0 1
56 1
0 1
56 3
0 1
58 3
0 1
56 4
0 12
56 1
0 1
56 2
0 2
56 1
0 1
61 3
0 1
59 3
0 1
58 8
0 6
58 2
66 1
0 1
66 1
0 1
66 1
0 1
66 1
0 1
66 3
0 1
63 3
0 1
66 4
0 12
61 1
0 1
61 1
0 1
61 1
0 1
61 1
0 1
61 2
0 2
63 2
0 2
61 6
0 10
56 1
0 1
56 1
0 1
56 1
0 1
56 1
0 1
56 3
0 1
58 3
0 1
56 4
0 12
58 1
0 1
58 1
0 1
58 1
0 1
58 1
0 1
66 2
0 2
65 3
0 1
63 17
0 15
63 1
0 1
63 2
0 2
63 1
0 1
63 3
0 1
70 3
0 1
68 5
0 11
68 1
0 1
68 1
0 1
68 1
0 1
68 1
0 1
73 3
0 1
71 3
0 1
70 7
0 9
63 1
0 1
63 1
0 1
63 1
0 1
63 1
0 1
63 3
0 1
70 3
0 1
68 6
0 10
68 1
0 1
68 1
0 1
68 1
0 1
66 1
0 1
68 2
0 2
71 3
0 1
70 8
0 8
70 1
0 1
70 2
0 2
70 1
0 1
70 3
0 1
73 3
0 1
68 12
0 4
68 1
0 1
68 1
0 1
68 1
0 1
68 1
0 1
73 3
0 1
68 3
0 1
70 5
0 11
63 1
0 1
63 1
0 1
63 1
0 1
63 1
0 1
63 3
0 1
70 3
0 1
68 5
0 7
68 1
0 1
66 1
0 1
65 1
0 1
65 5
0 1
66 3
0 1
65 3
0 1
63 16
0 128
66 2
63 2
0 2
66 1
0 1
63 2
0 2
70 3
0 1
68 6
0 10
68 1
0 1
61 2
0 2
68 1
0 1
61 2
0 2
71 2
0 2
70 6
0 10
66 2
63 2
0 2
66 1
0 1
63 2
0 2
70 3
0 1
68 6
0 6
68 1
0 1
66 1
0 1
65 1
0 1
65 3
0 1
65 1
0 1
66 3
0 1
65 3
0 1
63 5
0 11
66 1
0 1
66 1
0 1
66 1
0 1
66 1
0 1
66 3
0 1
63 3
0 1
66 4
0 12
61 1
0 1
61 1
0 1
61 1
0 1
61 1
0 1
61 2
0 2
63 2
0 2
61 6
0 10
56 1
0 1
56 1
0 1
56 1
0 1
56 1
0 1
56 3
0 1
58 3
0 1
56 4
0 12
56 1
0 1
56 2
0 2
56 1
0 1
61 3
0 1
59 3
0 1
58 8
0 6
58 2
66 1
0 1
66 1
0 1
66 1
0 1
66 1
0 1
66 3
0 1
63 3
0 1
66 4
0 12
61 1
0 1
61 1
0 1
61 1
0 1
61 1
0 1
61 2
0 2
63 2
0 2
61 6
0 10
56 1
0 1
56 1
0 1
56 1
0 1
56 1
0 1
56 3
0 1
58 3
0 1
56 4
0 12
58 1
0 1
58 1
0 1
58 1
0 1
58 1
0 1
66 2
0 2
65 3
0 1
63 17
0 15
63 1
0 1
63 2
0 2
63 1
0 1
63 3
0 1
70 3
0 1
68 5
0 11
68 1
0 1
68 1
0 1
68 1
0 1
68 1
0 1
73 3
0 1
71 3
0 1
70 7
0 9
63 1
0 1
63 1
0 1
63 1
0 1
63 1
0 1
63 3
0 1
70 3
0 1
68 6
0 10
68 1
0 1
68 1
0 1
68 1
0 1
66 1
0 1
68 2
0 2
71 3
0 1
70 8
0 8
70 1
0 1
70 2
0 2
70 1
0 1
70 3
0 1
73 3
0 1
68 12
0 4
68 1
0 1
68 1
0 1
68 1
0 1
68 1
0 1
73 3
0 1
68 3
0 1
70 5
0 11
63 1
0 1
63 1
0 1
63 1
0 1
63 1
0 1
63 3
0 1
70 3
0 1
68 5
0 7
68 1
0 1
66 1
0 1
65 1
0 1
65 5
0 1
66 3
0 1
65 3
0 1
63 16
63 1
0 1
63 2
0 2
63 1
0 1
63 3
0 1
70 3
0 1
68 5
0 11
68 1
0 1
68 1
0 1
68 1
0 1
68 1
0 1
73 3
0 1
71 3
0 1
70 7
0 9
63 1
0 1
63 1
0 1
63 1
0 1
63 1
0 1
63 3
0 1
70 3
0 1
68 6
0 10
68 1
0 1
68 1
0 1
68 1
0 1
66 1
0 1
68 2
0 2
71 3
0 1
70 8
0 8
70 1
0 1
70 2
0 2
70 1
0 1
70 3
0 1
73 3
0 1
68 12
0 4
68 1
0 1
68 1
0 1
68 1
0 1
68 1
0 1
73 3
0 1
68 3
0 1
70 5
0 11
63 1
0 1
63 1
0 1
63 1
0 1
63 1
0 1
63 3
0 1
70 3
0 1
68 5
0 7
68 1
0 1
66 1
0 1
65 1
0 1
65 5
0 1
66 3
0 1
65 3
0 1
63 16
63 10
0 2
70 3
0 1
68 5
0 7
63 1
0 1
66 1
0 1
68 3
0 1
68 2
0 2
73 2
0 2
68 3
0 1
70 8
0 8
63 10
0 2
70 3
0 1
68 10
0 2
68 1
0 1
66 1
0 1
65 1
0 1
65 15
0 8
66 5
0 1
65 5
0 2
63 25
