Ab:maj [0, 3, 8] 8 4 
Eb:7 [1, 3, 7, 10] 3 4 
F:maj [0, 5, 9] 5 4 
Eb:7 [1, 3, 7, 10] 3 1 
Eb:maj [3, 7, 10] 3 2 
Eb:7 [1, 3, 7, 10] 3 1 
C#:sus2 [1, 3, 8] 1 3 
C#:maj9 [1, 3, 5, 8, 11] 1 1 
C:min [0, 3, 7] 0 2 
F:maj [0, 5, 9] 5 1 
Bb:min7 [1, 5, 8, 10] 10 4 
Eb:sus4(b7) [3, 8, 10] 3 5 
Ab:maj7/5 [0, 3, 6, 8] 3 1 
Ab:sus2 [3, 8, 10] 8 2 
Ab:maj [0, 3, 8] 8 1 
C:min/5 [0, 3, 7] 7 4 
F:min [0, 5, 8] 5 3 
F:min7 [0, 3, 5, 8] 5 1 
Ab:maj7/3 [0, 3, 6, 8] 0 4 
C#:maj [1, 5, 8] 1 4 
C:min [0, 3, 7] 0 2 
C:sus4 [0, 5, 7] 0 1 
Bb:min7 [1, 5, 8, 10] 10 5 
Eb:sus4(b7) [3, 8, 10] 3 3 
Ab:maj [0, 3, 8] 8 5 
Eb:maj/3 [3, 7, 10] 7 4 
F:min [0, 5, 8] 5 4 
C:min [0, 3, 7] 0 3 
C:min7 [0, 3, 7, 10] 0 1 
C#:maj [1, 5, 8] 1 4 
C:min [0, 3, 7] 0 2 
F:min [0, 5, 8] 5 2 
Bb:min [1, 5, 10] 10 1 
Bb:min7 [1, 5, 8, 10] 10 3 
Eb:maj [3, 7, 10] 3 4 
Ab:sus4 [1, 3, 8] 8 4 
Eb:maj/3 [3, 7, 10] 7 4 
F:min [0, 5, 8] 5 4 
Eb:maj [3, 7, 10] 3 4 
C#:maj9 [1, 3, 5, 8, 11] 1 4 
C:min7 [0, 3, 7, 10] 0 2 
F:maj [0, 5, 9] 5 1 
Bb:min7 [1, 5, 8, 10] 10 5 
Eb:sus4(b7,9) [1, 3, 5, 7, 10] 3 1 
Eb:maj [3, 7, 10] 3 2 
Eb:7 [1, 3, 7, 10] 3 1 
Ab:sus2 [3, 8, 10] 8 4 
Eb:maj/3 [3, 7, 10] 7 4 
F:maj [0, 5, 9] 5 4 
F:sus4(b7) [0, 5, 10] 5 1 
Eb:maj [3, 7, 10] 3 2 
C#:sus2 [1, 3, 8] 1 4 
C#:maj9 [1, 3, 5, 8, 11] 1 1 
C:min [0, 3, 7] 0 2 
F:maj [0, 5, 9] 5 1 
Bb:min7 [1, 5, 8, 10] 10 4 
Eb:sus4(b7) [3, 8, 10] 3 5 
Ab:maj/5 [0, 3, 8] 3 4 
Eb:maj/3 [3, 7, 10] 7 4 
F:min [0, 5, 8] 5 4 
C:min [0, 3, 7] 0 3 
C:min7 [0, 3, 7, 10] 0 1 
C#:maj [1, 5, 8] 1 4 
C:min [0, 3, 7] 0 2 
F:min [0, 5, 8] 5 2 
Bb:min [1, 5, 10] 10 4 
Eb:maj [3, 7, 10] 3 3 
Ab:maj [0, 3, 8] 8 5 
Eb:maj/3 [3, 7, 10] 7 4 
F:min [0, 5, 8] 5 4 
Eb:maj [3, 7, 10] 3 4 
C#:maj [1, 5, 8] 1 4 
C:min [0, 3, 7] 0 2 
F:min [0, 5, 8] 5 2 
Bb:min [1, 5, 10] 10 4 
Eb:7 [1, 3, 7, 10] 3 4 
Ab:maj [0, 3, 8] 8 4 
Eb:maj/3 [3, 7, 10] 7 4 
F:min [0, 5, 8] 5 4 
Eb:maj [3, 7, 10] 3 4 
C#:maj [1, 5, 8] 1 4 
C:min [0, 3, 7] 0 2 
F:min [0, 5, 8] 5 2 
Bb:min [1, 5, 10] 10 4 
Eb:7 [1, 3, 7, 10] 3 4 
C#:maj/3 [1, 5, 8] 5 2 
C:min/b3 [0, 3, 7] 3 2 
E:maj [4, 8, 11] 4 5 
A:maj [1, 4, 9] 9 4 
E:maj/3 [4, 8, 11] 8 4 
F#:min [1, 6, 9] 6 4 
E:maj [4, 8, 11] 4 4 
D:maj [2, 6, 9] 2 4 
C#:min [1, 4, 8] 1 2 
F#:min [1, 6, 9] 6 2 
B:min [2, 6, 11] 11 4 
E:7 [2, 4, 8, 11] 4 4 
A:maj [1, 4, 9] 9 4 
E:maj/3 [4, 8, 11] 8 4 
F#:min [1, 6, 9] 6 4 
E:maj [4, 8, 11] 4 4 
D:maj [2, 6, 9] 2 4 
C#:min [1, 4, 8] 1 2 
F#:min [1, 6, 9] 6 2 
B:min [2, 6, 11] 11 4 
E:maj [4, 8, 11] 4 6 
A:maj/5 [1, 4, 9] 4 4 
E:maj/3 [4, 8, 11] 8 4 
F#:maj [1, 6, 10] 6 4 
F#:sus4(b7) [1, 6, 11] 6 1 
E:maj [4, 8, 11] 4 2 
E:7 [2, 4, 8, 11] 4 1 
D:sus2 [2, 4, 9] 2 3 
D:maj9 [0, 2, 4, 6, 9] 2 1 
C#:min [1, 4, 8] 1 2 
F#:maj [1, 6, 10] 6 1 
B:min7 [2, 6, 9, 11] 11 4 
E:sus4(b7) [4, 9, 11] 4 5 
G:maj [2, 7, 11] 7 6 
G:maj9 [2, 5, 7, 9, 11] 7 1 
