0 130
63 2
63 2
68 2
68 2
70 2
70 2
72 1
0 1
72 2
70 2
68 2
70 3
0 1
63 1
0 1
65 1
67 2
68 6
0 3
68 2
67 2
65 2
63 10
0 2
56 2
67 3
68 1
65 5
0 3
65 2
63 2
61 2
63 4
0 6
63 1
0 1
61 2
60 2
63 3
0 1
61 3
0 2
53 1
61 2
60 1
0 1
60 2
58 10
0 10
63 2
63 2
68 2
68 2
70 2
70 2
72 1
0 1
72 2
70 2
68 2
70 3
0 1
63 1
0 1
65 1
67 2
68 6
0 1
68 2
68 2
67 2
65 2
63 10
0 2
56 2
67 3
68 1
65 5
0 3
65 2
67 2
68 1
0 1
70 1
0 1
70 2
68 4
63 4
63 2
72 1
0 1
73 4
70 5
63 1
72 1
0 1
73 2
72 2
70 18
0 2
72 1
0 1
72 2
72 1
73 1
73 2
72 1
0 1
70 2
72 2
0 2
72 1
0 1
72 1
0 1
73 1
0 1
73 2
72 2
70 2
72 3
0 1
72 1
0 1
72 1
0 1
73 1
0 1
75 1
0 1
68 2
67 1
0 1
68 2
70 2
68 1
0 1
70 1
0 1
72 1
0 1
73 1
0 1
72 1
0 1
70 1
0 1
68 2
0 2
65 1
0 1
65 2
75 1
0 1
75 1
0 1
73 2
72 2
73 2
0 2
63 1
0 1
63 2
75 1
0 1
73 2
72 1
0 1
70 1
0 1
72 2
0 2
65 1
0 1
65 2
70 2
70 2
72 1
0 1
72 2
73 3
0 1
65 2
70 1
0 1
72 2
73 2
72 2
70 2
68 13
0 119
63 2
63 2
68 2
68 2
70 2
70 2
72 1
0 1
72 2
70 2
68 2
70 3
0 1
63 1
0 1
65 1
67 2
68 6
0 1
68 2
68 2
67 2
65 2
63 10
0 2
56 2
67 3
68 1
65 5
0 3
65 2
67 2
68 1
0 1
70 1
0 1
70 2
68 4
63 4
63 2
72 1
0 1
73 4
70 5
63 1
72 1
0 1
73 2
72 2
70 18
0 2
72 1
0 1
72 2
72 1
73 1
73 2
72 1
0 1
70 2
72 2
0 2
72 1
0 1
72 1
0 1
73 1
0 1
73 2
72 2
70 2
72 3
0 1
72 1
0 1
72 1
0 1
73 1
0 1
75 1
0 1
68 2
67 2
68 2
70 2
68 1
0 1
70 1
0 1
72 1
0 1
73 1
0 1
72 1
0 1
70 1
0 1
68 2
0 2
65 1
0 1
65 2
75 1
0 1
75 1
0 1
73 2
72 2
73 2
0 2
63 1
0 1
63 2
75 1
0 1
73 2
72 1
0 1
70 1
0 1
72 2
0 2
65 1
0 1
65 2
70 2
70 2
72 1
0 1
72 2
73 3
0 1
65 2
70 1
0 1
72 1
0 1
73 2
72 2
70 2
68 4
72 1
0 1
72 2
72 1
73 1
73 2
72 1
0 1
70 2
72 2
0 2
72 1
0 1
72 1
0 1
73 1
0 1
73 2
72 2
70 2
72 3
0 1
72 1
0 1
72 1
0 1
73 1
0 1
75 1
0 1
68 2
67 2
68 2
70 2
68 1
0 1
70 1
0 1
72 1
0 1
73 1
0 1
72 1
0 1
70 1
0 1
68 2
0 2
65 1
0 1
65 2
75 1
0 1
75 1
0 1
73 2
72 2
73 2
0 2
63 1
0 1
63 2
75 1
0 1
73 2
72 1
0 1
70 1
0 1
72 2
0 2
65 1
0 1
65 2
70 2
70 2
72 1
0 1
72 2
73 3
0 1
65 2
70 1
0 1
72 2
73 2
72 2
70 2
68 13
0 27
73 1
0 1
73 2
73 1
74 1
74 2
73 1
0 1
71 2
73 2
0 2
73 1
0 1
73 1
0 1
74 1
0 1
74 2
73 2
71 2
73 3
0 1
73 1
0 1
73 1
0 1
74 1
0 1
76 1
0 1
69 2
68 2
69 2
71 2
69 1
0 1
71 1
0 1
73 1
0 1
74 1
0 1
73 1
0 1
71 1
0 1
69 2
0 2
66 1
0 1
66 2
76 1
0 1
76 1
0 1
74 2
73 2
74 2
0 2
64 1
0 1
64 2
76 1
0 1
74 2
73 1
0 1
71 1
0 1
73 2
0 2
66 1
0 1
66 2
71 2
71 2
73 1
0 1
73 2
74 3
0 1
66 2
71 1
0 1
73 2
74 2
73 2
71 2
69 4
73 1
0 1
73 2
73 1
74 1
74 2
73 1
0 1
71 2
73 2
0 2
73 1
0 1
73 1
0 1
74 1
0 1
74 2
73 2
71 2
73 3
0 1
73 1
0 1
73 1
0 1
74 1
0 1
76 1
0 1
69 2
68 2
69 2
71 2
69 1
0 1
71 1
0 1
73 1
0 1
74 1
0 1
73 1
0 1
71 1
0 1
69 2
0 2
66 1
0 1
66 2
76 1
0 1
76 1
0 1
74 2
73 2
74 2
0 2
64 1
0 1
64 2
76 1
0 1
74 2
73 1
0 1
71 1
0 1
73 2
0 2
66 1
0 1
66 2
71 2
71 2
73 1
0 1
73 2
74 3
0 1
66 2
74 1
0 1
73 2
71 2
69 5
0 3
68 2
69 12
