Eb:maj [3, 7, 10] 3 7 
Ab:sus2 [3, 8, 10] 8 9 
Ab:maj/5 [0, 3, 8] 3 16 
Ab:maj [0, 3, 8] 8 16 
Ab:maj/5 [0, 3, 8] 3 16 
Ab:maj [0, 3, 8] 8 17 
C:min [0, 3, 7] 0 3 
Bb:maj [2, 5, 10] 10 4 
G:min [2, 7, 10] 7 4 
C:min [0, 3, 7] 0 4 
Ab:maj [0, 3, 8] 8 8 
Eb:maj [3, 7, 10] 3 8 
Ab:maj [0, 3, 8] 8 8 
Bb:maj [2, 5, 10] 10 4 
C:min [0, 3, 7] 0 3 
Ab:maj7 [0, 3, 6, 8] 8 1 
F:min7 [0, 3, 5, 8] 5 4 
Bb:maj [2, 5, 10] 10 4 
Eb:maj [3, 7, 10] 3 8 
Ab:maj(9) [0, 3, 6, 8, 10] 8 1 
Ab:maj [0, 3, 8] 8 11 
C#:maj [1, 5, 8] 1 4 
F#:maj [1, 6, 10] 6 4 
B:maj [3, 6, 11] 11 4 
E:maj [4, 8, 11] 4 4 
A:maj [1, 4, 9] 9 4 
Bb:maj [2, 5, 10] 10 8 
Eb:maj [3, 7, 10] 3 16 
Eb:sus4 [3, 8, 10] 3 1 
Ab:maj [0, 3, 8] 8 15 
Ab:maj/5 [0, 3, 8] 3 16 
Ab:maj(9) [0, 3, 6, 8, 10] 8 1 
Ab:maj [0, 3, 8] 8 15 
C:min [0, 3, 7] 0 4 
Ab:maj [0, 3, 8] 8 4 
Bb:maj [2, 5, 10] 10 4 
C:min [0, 3, 7] 0 4 
Ab:maj [0, 3, 8] 8 4 
Bb:maj [2, 5, 10] 10 4 
Eb:maj [3, 7, 10] 3 8 
Ab:maj [0, 3, 8] 8 8 
Bb:maj [2, 5, 10] 10 4 
Eb:maj [3, 7, 10] 3 3 
Ab:sus2 [3, 8, 10] 8 5 
Bb:maj [2, 5, 10] 10 3 
Ab:maj(9) [0, 3, 6, 8, 10] 8 17 
F:min [0, 5, 8] 5 4 
Ab:maj [0, 3, 8] 8 4 
F:min7(11) [0, 3, 5, 7, 8, 10] 5 3 
Bb:sus4 [3, 5, 10] 10 2 
Bb:maj [2, 5, 10] 10 2 
Ab:maj [0, 3, 8] 8 8 
C:min/5 [0, 3, 7] 7 4 
C:min9 [0, 2, 3, 7, 10] 0 1 
C:min [0, 3, 7] 0 12 
Eb:maj [3, 7, 10] 3 8 
Ab:maj [0, 3, 8] 8 8 
Bb:maj [2, 5, 10] 10 4 
C:min [0, 3, 7] 0 3 
Ab:maj7 [0, 3, 6, 8] 8 1 
F:min7 [0, 3, 5, 8] 5 4 
Bb:maj [2, 5, 10] 10 3 
Eb:maj [3, 7, 10] 3 8 
Eb:sus4 [3, 8, 10] 3 1 
Ab:maj [0, 3, 8] 8 4 
