B:maj [3, 6, 11] 11 8 
E:maj7/3 [2, 4, 8, 11] 8 2 
F#:sus4 [1, 6, 11] 6 2 
F#:maj [1, 6, 10] 6 4 
E:maj [4, 8, 11] 4 4 
Eb:maj [3, 7, 10] 3 4 
Eb:sus4(b7) [3, 8, 10] 3 2 
F#:sus4(b7) [1, 6, 11] 6 6 
F#:sus4 [1, 6, 11] 6 1 
B:sus2 [1, 6, 11] 11 11 
B:maj(9) [1, 3, 6, 9, 11] 11 4 
B:maj [3, 6, 11] 11 7 
Eb:maj [3, 7, 10] 3 1 
E:maj [4, 8, 11] 4 4 
Ab:min7 [3, 6, 8, 11] 8 1 
Ab:min [3, 8, 11] 8 3 
Ab:sus4 [1, 3, 8] 8 1 
C#:min [1, 4, 8] 1 2 
F#:maj [1, 6, 10] 6 5 
F#:sus4 [1, 6, 11] 6 1 
B:maj [3, 6, 11] 11 3 
Ab:min [3, 8, 11] 8 4 
B:maj [3, 6, 11] 11 7 
Eb:maj [3, 7, 10] 3 1 
E:maj [4, 8, 11] 4 4 
Eb:min [3, 6, 10] 3 1 
Ab:min [3, 8, 11] 8 3 
C#:min7 [1, 4, 8, 11] 1 1 
C#:min [1, 4, 8] 1 2 
F#:maj [1, 6, 10] 6 5 
B:maj [3, 6, 11] 11 4 
Eb:min [3, 6, 10] 3 3 
Eb:min7 [1, 3, 6, 10] 3 1 
E:maj [4, 8, 11] 4 2 
F#:maj [1, 6, 10] 6 2 
B:maj [3, 6, 11] 11 4 
Eb:min [3, 6, 10] 3 3 
Ab:min [3, 8, 11] 8 5 
C#:min [1, 4, 8] 1 3 
F#:maj [1, 6, 10] 6 5 
B:sus2 [1, 6, 11] 11 3 
Eb:min [3, 6, 10] 3 4 
Eb:min7 [1, 3, 6, 10] 3 1 
E:maj [4, 8, 11] 4 2 
F#:maj [1, 6, 10] 6 2 
B:maj [3, 6, 11] 11 4 
Eb:min [3, 6, 10] 3 3 
Ab:min [3, 8, 11] 8 5 
C#:min [1, 4, 8] 1 2 
F#:maj [1, 6, 10] 6 2 
B:maj [3, 6, 11] 11 4 
Ab:min [3, 8, 11] 8 4 
F#:maj [1, 6, 10] 6 4 
E:maj [4, 8, 11] 4 3 
B:maj [3, 6, 11] 11 4 
Ab:min [3, 8, 11] 8 5 
F#:maj [1, 6, 10] 6 4 
E:maj [4, 8, 11] 4 2 
C#:maj [1, 5, 8] 1 2 
F#:maj [1, 6, 10] 6 8 
B:maj [3, 6, 11] 11 4 
Ab:min [3, 8, 11] 8 4 
B:maj [3, 6, 11] 11 4 
Eb:min [3, 6, 10] 3 4 
E:maj [4, 8, 11] 4 4 
Eb:min [3, 6, 10] 3 2 
Ab:min [3, 8, 11] 8 2 
C#:min [1, 4, 8] 1 4 
F#:maj [1, 6, 10] 6 4 
B:sus2 [1, 6, 11] 11 4 
Eb:min [3, 6, 10] 3 4 
E:maj [4, 8, 11] 4 2 
F#:maj [1, 6, 10] 6 2 
B:maj [3, 6, 11] 11 4 
Eb:min [3, 6, 10] 3 4 
Ab:min [3, 8, 11] 8 4 
C#:min [1, 4, 8] 1 4 
F#:maj [1, 6, 10] 6 4 
B:sus2 [1, 6, 11] 11 4 
Eb:min [3, 6, 10] 3 4 
E:maj [4, 8, 11] 4 2 
F#:maj [1, 6, 10] 6 2 
B:maj [3, 6, 11] 11 4 
Eb:min [3, 6, 10] 3 4 
Ab:min [3, 8, 11] 8 4 
C#:min [1, 4, 8] 1 2 
F#:maj [1, 6, 10] 6 2 
B:sus2 [1, 6, 11] 11 4 
G:maj [2, 7, 11] 7 8 
C:sus2 [0, 2, 7] 0 4 
E:min [4, 7, 11] 4 4 
F:maj [0, 5, 9] 5 2 
G:maj [2, 7, 11] 7 2 
C:maj [0, 4, 7] 0 4 
E:min [4, 7, 11] 4 4 
A:min [0, 4, 9] 9 4 
D:min [2, 5, 9] 2 4 
G:maj [2, 7, 11] 7 4 
C:sus2 [0, 2, 7] 0 4 
E:min [4, 7, 11] 4 4 
F:maj [0, 5, 9] 5 2 
G:maj [2, 7, 11] 7 2 
C:maj [0, 4, 7] 0 4 
E:min [4, 7, 11] 4 4 
A:min [0, 4, 9] 9 4 
D:min [2, 5, 9] 2 2 
G:maj [2, 7, 11] 7 2 
F:maj [0, 5, 9] 5 4 
E:min [4, 7, 11] 4 4 
D:sus4 [2, 7, 9] 2 4 
G:maj [2, 7, 11] 7 4 
C:sus2 [0, 2, 7] 0 4 
