0 160
75 2
73 2
75 2
78 5
0 1
73 2
0 1
75 1
73 2
71 9
0 5
75 2
73 2
75 2
78 5
0 1
75 2
78 2
80 8
78 5
0 1
75 2
73 1
0 1
75 1
0 1
73 1
0 1
71 2
68 4
0 2
80 1
0 1
78 2
75 7
0 5
75 1
0 1
73 1
0 1
73 1
0 1
73 1
0 1
71 2
68 5
0 1
78 4
73 10
0 4
75 2
73 2
75 2
78 5
0 1
73 2
0 1
75 1
73 2
71 9
0 5
75 2
73 2
75 2
78 5
0 1
75 2
78 2
80 8
78 5
0 1
75 2
73 1
0 1
75 1
0 1
73 1
0 1
71 2
68 4
0 2
80 1
0 1
78 2
75 7
0 5
75 1
0 1
73 1
0 1
73 1
0 1
73 1
0 1
71 2
68 4
80 4
78 6
78 2
83 2
82 2
78 2
73 2
75 2
75 1
0 1
75 2
73 2
75 5
0 1
78 3
0 1
78 3
0 5
75 1
0 1
75 1
0 1
78 2
83 2
82 1
0 1
80 1
0 1
78 2
75 5
0 1
73 2
75 6
0 6
75 2
73 1
0 1
75 2
78 8
0 2
75 2
0 1
75 1
73 2
71 9
0 3
71 2
80 3
0 1
80 1
0 1
78 1
0 1
80 1
0 1
78 3
0 1
75 1
0 1
73 5
0 1
78 2
83 2
82 2
78 2
73 2
75 2
75 1
0 1
75 2
73 2
75 5
0 1
78 3
0 1
78 3
0 5
75 1
0 1
75 1
0 1
78 2
83 2
82 1
0 1
80 1
0 1
78 2
75 5
0 1
73 2
75 6
0 6
75 2
73 1
0 1
75 2
78 8
0 2
73 2
0 1
75 1
73 2
71 9
0 3
71 2
68 3
0 1
71 2
80 2
78 4
75 2
73 2
71 8
0 152
75 2
73 2
75 2
78 5
0 1
73 2
0 1
75 1
73 2
71 9
0 5
75 2
73 2
75 2
78 5
0 1
75 2
78 2
80 8
78 5
0 1
75 2
73 1
0 1
75 1
0 1
73 1
0 1
71 2
68 4
0 2
80 1
0 1
78 2
75 7
0 5
75 1
0 1
73 1
0 1
73 1
0 1
73 1
0 1
71 2
68 4
80 4
78 6
78 2
83 2
82 2
78 2
73 2
75 2
75 1
0 1
75 2
73 2
75 5
0 1
78 3
0 1
78 3
0 5
75 1
0 1
75 1
0 1
78 2
83 2
82 1
0 1
80 1
0 1
78 2
75 5
0 1
73 2
75 6
0 6
75 2
73 1
0 1
75 2
78 8
0 2
73 2
0 1
75 1
73 2
71 9
0 3
71 2
80 3
0 1
80 1
0 1
78 1
0 1
80 1
0 1
78 3
0 1
75 1
0 1
73 5
0 1
78 2
83 2
82 2
78 2
73 2
75 2
75 1
0 1
75 2
73 2
75 5
0 1
78 3
0 1
78 3
0 5
75 1
0 1
75 1
0 1
78 2
83 2
82 1
0 1
80 1
0 1
78 2
75 5
0 1
73 2
75 6
0 6
75 2
73 1
0 1
75 2
78 8
0 2
73 2
0 1
75 1
73 2
71 9
0 3
71 2
68 3
0 1
71 2
80 2
78 4
75 2
73 2
71 8
0 30
79 2
84 2
83 2
79 2
74 2
76 2
76 1
0 1
76 2
74 2
76 5
0 1
79 3
0 1
79 3
0 5
76 1
0 1
76 1
0 1
79 2
84 2
83 1
0 1
81 1
0 1
79 2
76 5
0 1
74 2
76 6
0 6
76 2
74 1
0 1
76 2
79 8
0 2
74 2
0 1
76 1
74 2
72 9
0 3
72 2
81 3
0 1
81 1
0 1
79 1
0 1
81 1
0 1
79 3
0 1
76 1
0 1
74 5
0 1
79 2
84 2
83 2
79 2
74 2
76 2
76 1
0 1
76 2
74 2
76 5
0 1
79 3
0 1
79 3
0 5
76 1
0 1
76 1
0 1
79 2
84 2
83 1
0 1
81 1
0 1
79 2
76 5
0 1
74 2
76 6
0 6
76 2
74 1
0 1
76 2
79 8
0 2
74 2
0 1
76 1
74 2
72 9
0 3
72 2
69 3
0 1
72 2
81 2
79 4
76 2
74 2
72 8
