C:min [0, 3, 7] 0 2
G:min [2, 7, 10] 7 2
Ab:sus2 [3, 8, 10] 8 1
Bb:maj [2, 5, 10] 10 1
Eb:maj [3, 7, 10] 3 1
Bb:maj/3 [2, 5, 10] 2 1
C:min [0, 3, 7] 0 2
G:min [2, 7, 10] 7 2
Ab:sus2 [3, 8, 10] 8 4
C:min [0, 3, 7] 0 2
G:min [2, 7, 10] 7 2
Ab:sus2 [3, 8, 10] 8 2
Eb:maj7/7 [1, 3, 7, 10] 2 2
C:min [0, 3, 7] 0 2
G:min [2, 7, 10] 7 2
Ab:sus2 [3, 8, 10] 8 4
C:min [0, 3, 7] 0 2
G:min [2, 7, 10] 7 2
Ab:sus2 [3, 8, 10] 8 1
Bb:maj [2, 5, 10] 10 3
C:min [0, 3, 7] 0 2
G:min [2, 7, 10] 7 2
Ab:maj [0, 3, 8] 8 4
Bb:maj [2, 5, 10] 10 2
Bb:maj [2, 5, 10] 10 2
Ab:maj6 [0, 3, 5, 8] 8 4
G:min [2, 7, 10] 7 2
C:min [0, 3, 7] 0 2
F:min [0, 5, 8] 5 2
Bb:maj [2, 5, 10] 10 2
Eb:maj [3, 7, 10] 3 4
Ab:maj [0, 3, 8] 8 4
G:maj [2, 7, 11] 7 2
C:min [0, 3, 7] 0 2
F:min [0, 5, 8] 5 2
G:min [2, 7, 10] 7 2
Ab:maj [0, 3, 8] 8 2
Bb:maj [2, 5, 10] 10 2
Eb:maj [3, 7, 10] 3 4
C:min [0, 3, 7] 0 2
G:min [2, 7, 10] 7 2
Ab:sus2 [3, 8, 10] 8 2
Eb:maj7/7 [1, 3, 7, 10] 2 2
C:min [0, 3, 7] 0 2
G:min [2, 7, 10] 7 2
Ab:maj [0, 3, 8] 8 3
Bb:sus4 [3, 5, 10] 10 1
C:min [0, 3, 7] 0 2
G:min [2, 7, 10] 7 2
Ab:sus2 [3, 8, 10] 8 1
Bb:7 [2, 5, 8, 10] 10 1
Eb:maj7/7 [1, 3, 7, 10] 2 2
C:min [0, 3, 7] 0 2
G:maj [2, 7, 11] 7 2
Ab:maj [0, 3, 8] 8 2
Ab:min [3, 8, 11] 8 1
Ab:maj [0, 3, 8] 8 1
Bb:maj [2, 5, 10] 10 4
Ab:maj [0, 3, 8] 8 4
G:min [2, 7, 10] 7 2
C:min [0, 3, 7] 0 2
F:min [0, 5, 8] 5 2
Bb:maj [2, 5, 10] 10 2
Eb:maj [3, 7, 10] 3 4
Ab:maj [0, 3, 8] 8 4
G:min [2, 7, 10] 7 1
G:min7 [2, 5, 7, 10] 7 1
C:min [0, 3, 7] 0 2
F:min [0, 5, 8] 5 2
G:min [2, 7, 10] 7 2
Ab:maj [0, 3, 8] 8 2
Bb:maj [2, 5, 10] 10 2
Eb:maj [3, 7, 10] 3 4
Ab:maj [0, 3, 8] 8 2
Bb:maj [2, 5, 10] 10 2
G:min [2, 7, 10] 7 2
C:min [0, 3, 7] 0 2
F:min [0, 5, 8] 5 2
Ab:maj [0, 3, 8] 8 2
C#:maj(9) [1, 3, 5, 8, 11] 1 2
Bb:maj [2, 5, 10] 10 2
Ab:maj [0, 3, 8] 8 4
G:min [2, 7, 10] 7 2
C:min [0, 3, 7] 0 2
F:min [0, 5, 8] 5 2
Bb:maj [2, 5, 10] 10 2
Eb:maj [3, 7, 10] 3 4
F:7 [0, 3, 5, 9] 5 2
Ab:maj [0, 3, 8] 8 2
G:min [2, 7, 10] 7 2
C:min [0, 3, 7] 0 2
F:min [0, 5, 8] 5 2
G:min [2, 7, 10] 7 2
Ab:maj [0, 3, 8] 8 2
Bb:maj [2, 5, 10] 10 2
Eb:maj [3, 7, 10] 3 8
F:min7 [0, 3, 5, 8] 5 2
Bb:maj [2, 5, 10] 10 7
C:min/5 [0, 3, 7] 7 2
Bb:maj [2, 5, 10] 10 5
Bb:maj/3 [2, 5, 10] 2 1
C:sus2 [0, 2, 7] 0 1
C:min7/b7 [0, 3, 7, 10] 10 1
G:min/b3 [2, 7, 10] 10 2
Ab:maj [0, 3, 8] 8 1
