71 2
71 1
71 1
0 2
71 1
71 1
0 2
71 2
75 2
0 1
76 2
0 1
76 6
0 6
80 1
80 1
80 2
81 1
76 3
0 1
73 1
72 1
0 1
72 1
0 1
78 1
0 1
80 1
80 9
0 5
71 1
80 1
80 1
80 2
81 1
83 2
0 1
76 1
78 7
0 2
80 1
0 1
81 1
83 2
0 1
71 1
77 4
0 1
80 1
81 1
83 1
78 2
76 1
0 2
80 1
81 1
83 1
78 2
76 1
0 2
80 1
81 1
83 1
78 2
0 1
76 12
0 2
71 1
0 1
71 1
71 2
0 1
71 1
71 2
0 1
71 1
78 2
0 1
75 1
0 1
76 8
0 6
80 1
80 1
80 1
0 1
81 1
76 2
0 2
73 1
72 1
0 1
72 1
0 1
78 1
0 1
80 1
80 9
0 5
71 1
80 1
80 1
80 1
0 1
81 1
83 2
0 1
76 1
0 1
78 5
0 3
80 1
0 1
81 1
83 2
0 1
71 2
77 4
80 1
81 1
83 1
78 2
76 1
0 2
80 1
81 1
83 1
78 2
76 1
0 2
80 1
81 1
83 1
78 2
0 1
76 7
0 1
71 1
0 1
83 2
81 1
80 2
0 1
71 1
0 1
83 1
0 1
81 1
80 2
0 1
71 1
0 1
83 1
0 1
81 1
78 1
0 1
76 1
78 1
76 1
78 1
0 1
80 1
80 3
71 1
0 1
83 1
0 1
81 1
80 2
0 1
71 1
0 1
83 1
0 1
85 1
80 2
0 1
78 1
78 1
76 1
78 2
0 1
81 2
80 1
76 2
78 1
0 1
80 3
0 2
83 1
85 1
0 1
85 1
0 1
83 1
85 1
83 1
85 1
85 1
83 1
88 1
0 1
83 2
88 1
0 1
85 2
83 2
83 1
83 1
80 1
83 1
83 1
85 1
80 4
0 1
83 1
81 1
0 1
80 1
80 1
0 1
81 1
73 2
0 1
76 1
80 2
0 1
78 1
75 2
76 2
0 1
78 5
77 1
78 1
0 1
80 3
0 1
83 1
0 1
81 1
80 1
80 1
0 1
81 1
73 2
75 1
0 1
75 11
0 126
0 2
71 1
71 2
0 1
71 1
71 2
0 1
71 1
78 2
0 1
75 1
0 1
76 8
0 6
80 1
80 1
80 1
0 1
81 1
76 2
0 2
73 1
72 1
0 1
72 1
0 1
78 1
0 1
80 1
80 9
0 5
71 1
80 1
80 1
80 1
0 1
81 1
83 2
0 1
76 1
0 1
78 5
0 3
80 1
0 1
81 1
83 2
85 2
0 1
77 3
0 1
80 1
81 1
83 1
78 2
76 1
0 2
80 1
81 1
83 1
78 2
76 1
0 2
80 1
81 1
83 1
78 2
0 1
76 7
0 1
71 1
0 1
83 2
81 1
80 2
0 1
71 1
0 1
83 1
0 1
81 1
80 2
0 1
71 1
0 1
83 1
0 1
81 1
78 1
0 1
76 1
78 1
76 1
78 1
0 1
80 1
80 3
71 1
0 1
83 1
0 1
81 1
80 2
0 1
71 1
0 1
83 1
0 1
85 1
80 1
78 1
0 1
78 1
76 1
76 1
78 2
0 1
81 2
80 1
76 2
78 1
0 1
80 3
0 2
83 1
85 1
0 1
85 1
0 1
83 1
85 1
83 1
85 1
85 1
83 1
88 1
0 1
83 2
88 1
0 1
85 2
83 2
83 1
83 1
80 1
83 1
83 1
85 1
80 4
0 1
83 1
81 1
0 1
80 1
80 1
0 1
81 1
73 2
0 1
76 1
80 2
0 1
78 1
75 2
76 2
0 1
78 5
77 1
78 1
0 1
80 3
0 1
83 1
0 1
81 1
80 1
80 1
0 1
81 1
73 2
75 1
0 1
75 1
75 2
71 1
0 1
83 1
0 1
81 1
80 1
0 2
71 1
0 1
83 1
0 1
81 1
80 2
0 2
71 1
83 1
0 1
85 1
78 1
0 1
76 1
78 1
76 1
78 1
83 1
80 4
71 1
0 1
83 1
0 1
81 1
80 2
0 1
71 1
0 1
83 1
0 1
85 1
78 2
0 1
78 1
0 1
76 1
78 1
0 2
81 1
0 1
80 1
0 1
83 1
0 1
78 1
78 1
0 1
80 2
0 1
83 1
85 1
80 1
83 1
0 1
83 1
85 1
83 1
85 1
85 1
83 1
88 1
0 1
85 1
0 1
88 1
0 1
85 2
83 2
83 1
83 1
80 1
83 1
83 1
85 1
80 3
0 2
83 1
0 1
81 1
80 1
80 1
0 1
81 1
73 3
76 1
80 2
0 1
78 1
75 1
0 1
76 2
0 1
78 4
0 1
77 1
78 1
80 3
0 2
83 1
0 1
81 1
80 1
80 1
0 1
81 1
73 2
76 2
0 1
75 8
