G:maj [2, 7, 11] 7 2 
E:min [4, 7, 11] 4 2 
C:maj/3 [0, 4, 7] 4 1 
G:maj [2, 7, 11] 7 5 
E:min [4, 7, 11] 4 2 
A:maj [1, 4, 9] 9 2 
G:maj [2, 7, 11] 7 2 
C:maj [0, 4, 7] 0 2 
G:maj [2, 7, 11] 7 2 
C:maj [0, 4, 7] 0 1 
G:maj [2, 7, 11] 7 3 
A:maj [1, 4, 9] 9 2 
E:min [4, 7, 11] 4 2 
A:min [0, 4, 9] 9 1 
C:maj/5 [0, 4, 7] 7 1 
G:maj [2, 7, 11] 7 20 
E:min [4, 7, 11] 4 2 
A:min [0, 4, 9] 9 2 
G:maj [2, 7, 11] 7 4 
E:min [4, 7, 11] 4 2 
A:maj [1, 4, 9] 9 2 
G:maj [2, 7, 11] 7 2 
C:maj [0, 4, 7] 0 2 
G:maj [2, 7, 11] 7 2 
C:maj [0, 4, 7] 0 2 
G:maj [2, 7, 11] 7 2 
A:maj [1, 4, 9] 9 2 
G:maj [2, 7, 11] 7 2 
A:maj [1, 4, 9] 9 1 
C:maj [0, 4, 7] 0 1 
G:maj [2, 7, 11] 7 2 
D:maj [2, 6, 9] 2 4 
C:maj [0, 4, 7] 0 4 
G:maj [2, 7, 11] 7 2 
E:min [4, 7, 11] 4 2 
A:min [0, 4, 9] 9 2 
G:maj [2, 7, 11] 7 4 
E:min [4, 7, 11] 4 2 
A:maj [1, 4, 9] 9 2 
G:maj [2, 7, 11] 7 2 
C:maj [0, 4, 7] 0 2 
G:maj [2, 7, 11] 7 2 
C:maj [0, 4, 7] 0 2 
G:maj [2, 7, 11] 7 2 
A:maj [1, 4, 9] 9 2 
G:maj [2, 7, 11] 7 2 
A:maj [1, 4, 9] 9 1 
C:maj [0, 4, 7] 0 1 
G:maj [2, 7, 11] 7 4 
D:maj [2, 6, 9] 2 2 
C:maj [0, 4, 7] 0 2 
G:maj [2, 7, 11] 7 4 
D:maj [2, 6, 9] 2 2 
C:maj [0, 4, 7] 0 2 
G:maj [2, 7, 11] 7 2 
E:min [4, 7, 11] 4 2 
A:min [0, 4, 9] 9 2 
C:maj [0, 4, 7] 0 2 
G:7 [2, 5, 7, 11] 7 2 
C:maj [0, 4, 7] 0 2 
A:maj [1, 4, 9] 9 2 
C:maj [0, 4, 7] 0 2 
D:maj [2, 6, 9] 2 10 
C:maj [0, 4, 7] 0 1 
B:min [2, 6, 11] 11 1 
D:maj [2, 6, 9] 2 2 
G:maj7/7 [2, 5, 7, 11] 6 2 
E:maj [4, 8, 11] 4 1 
D:maj [2, 6, 9] 2 1 
C:maj [0, 4, 7] 0 2 
G:maj [2, 7, 11] 7 2 
C:maj [0, 4, 7] 0 2 
G:maj [2, 7, 11] 7 4 
E:min [4, 7, 11] 4 2 
A:min [0, 4, 9] 9 2 
G:maj [2, 7, 11] 7 4 
E:min [4, 7, 11] 4 2 
C:maj [0, 4, 7] 0 2 
G:maj [2, 7, 11] 7 4 
E:min [4, 7, 11] 4 2 
A:min [0, 4, 9] 9 1 
G:maj/5 [2, 7, 11] 2 1 
G:maj [2, 7, 11] 7 4 
E:min [4, 7, 11] 4 2 
A:maj [1, 4, 9] 9 2 
G:maj [2, 7, 11] 7 2 
C:maj [0, 4, 7] 0 2 
G:maj [2, 7, 11] 7 2 
C:maj [0, 4, 7] 0 2 
G:maj [2, 7, 11] 7 2 
A:maj [1, 4, 9] 9 2 
G:maj [2, 7, 11] 7 2 
A:maj [1, 4, 9] 9 1 
C:maj [0, 4, 7] 0 1 
G:maj [2, 7, 11] 7 2 
D:maj [2, 6, 9] 2 4 
C:maj [0, 4, 7] 0 4 
G:maj [2, 7, 11] 7 2 
E:min [4, 7, 11] 4 2 
A:min [0, 4, 9] 9 1 
G:maj [2, 7, 11] 7 5 
E:min [4, 7, 11] 4 2 
A:maj [1, 4, 9] 9 2 
G:maj [2, 7, 11] 7 2 
C:maj [0, 4, 7] 0 2 
G:maj [2, 7, 11] 7 2 
C:maj [0, 4, 7] 0 2 
G:maj [2, 7, 11] 7 2 
A:maj [1, 4, 9] 9 2 
G:maj [2, 7, 11] 7 2 
A:maj [1, 4, 9] 9 1 
C:maj [0, 4, 7] 0 1 
G:maj [2, 7, 11] 7 4 
D:maj [2, 6, 9] 2 2 
C:maj [0, 4, 7] 0 2 
G:maj [2, 7, 11] 7 4 
D:maj [2, 6, 9] 2 2 
C:maj [0, 4, 7] 0 2 
G:maj [2, 7, 11] 7 2 
C:maj [0, 4, 7] 0 2 
D:maj [2, 6, 9] 2 2 
G:maj [2, 7, 11] 7 2 
E:min [4, 7, 11] 4 1 
D:maj [2, 6, 9] 2 1 
C:maj [0, 4, 7] 0 2 
G:maj [2, 7, 11] 7 2 
C:maj [0, 4, 7] 0 2 
G:maj [2, 7, 11] 7 2 
C:maj [0, 4, 7] 0 2 
G:maj [2, 7, 11] 7 2 
C:maj [0, 4, 7] 0 2 
G:maj [2, 7, 11] 7 2 
C:maj [0, 4, 7] 0 3 
G:maj [2, 7, 11] 7 2 
