0 192
67 1
0 1
67 1
67 1
67 1
71 1
74 2
71 4
0 4
69 2
0 1
67 1
71 2
69 2
67 4
0 3
67 1
67 1
0 1
67 1
67 1
67 1
71 1
74 2
71 3
0 3
67 1
69 1
69 2
0 1
67 1
64 2
67 1
0 1
67 4
0 4
72 2
0 1
72 1
72 2
0 1
69 1
71 3
0 3
67 1
69 1
72 2
0 1
72 1
72 1
0 1
74 2
71 3
0 5
69 2
0 1
67 1
71 2
69 2
67 4
0 4
69 2
0 1
67 1
64 2
69 2
67 4
0 35
67 1
67 1
0 1
67 1
67 1
67 1
0 1
74 1
69 1
71 4
0 3
71 1
69 2
0 1
67 1
71 2
69 2
67 4
0 3
67 1
67 1
0 1
67 1
67 1
67 1
71 1
74 2
71 3
0 3
67 1
69 1
69 2
0 1
67 1
64 2
67 1
0 1
67 4
0 4
72 2
0 1
72 1
72 2
0 1
69 1
71 3
0 3
67 1
69 1
72 2
0 1
72 1
72 1
0 1
74 2
71 3
0 5
69 2
0 1
67 1
71 2
69 2
67 4
0 4
69 2
0 1
67 1
64 2
69 2
67 4
0 68
64 2
0 1
64 1
64 2
71 2
69 4
0 2
69 1
71 1
72 2
0 1
72 1
69 1
71 1
69 2
67 3
0 5
64 2
0 1
64 1
64 1
0 1
71 2
69 3
0 3
69 1
71 1
72 2
0 1
71 1
72 2
74 1
0 1
74 2
0 38
76 2
0 1
76 1
76 2
0 1
72 1
74 4
0 4
74 2
0 1
74 1
74 2
0 1
69 1
71 3
0 3
69 1
71 1
72 2
0 1
72 1
72 1
0 1
74 1
0 1
71 2
0 4
69 1
71 1
72 2
0 1
72 1
72 1
0 1
74 1
0 1
71 3
0 69
67 1
0 1
67 1
67 1
67 1
71 1
74 2
71 4
0 4
69 2
0 1
67 1
71 2
69 2
67 4
0 3
67 1
67 1
0 1
67 1
67 1
67 1
71 1
74 2
71 3
0 3
67 1
69 1
69 2
0 1
67 1
64 2
67 1
0 1
67 4
0 4
72 2
0 1
72 1
72 2
0 1
69 1
71 3
0 3
67 1
69 1
72 2
0 1
72 1
72 1
0 1
74 2
71 3
0 5
69 2
0 1
67 1
71 2
69 2
67 4
0 4
69 2
0 1
67 1
64 2
69 2
67 4
0 35
67 1
67 1
0 1
67 1
67 1
67 1
0 1
74 1
69 1
71 4
0 3
71 1
69 2
0 1
67 1
71 2
69 2
67 4
0 3
67 1
67 1
0 1
67 1
67 1
67 1
71 1
74 2
71 3
0 3
67 1
69 1
69 2
0 1
67 1
64 2
67 1
0 1
67 4
0 4
72 2
0 1
72 1
72 2
0 1
69 1
71 3
0 3
67 1
69 1
72 2
0 1
72 1
72 1
0 1
74 2
71 3
0 5
69 2
0 1
67 1
71 2
69 2
67 4
0 4
69 2
0 1
67 1
64 2
69 2
67 4
0 68
76 2
0 1
76 1
76 2
0 1
72 1
74 4
0 4
74 2
0 1
74 1
74 2
0 1
69 1
71 3
0 3
69 1
71 1
72 2
0 1
72 1
72 1
0 1
74 1
0 1
71 2
0 4
69 1
71 1
72 2
0 1
72 1
72 1
0 1
74 1
0 1
71 3
0 19
69 1
71 1
72 2
0 1
72 1
72 1
0 1
74 1
0 1
71 6
