Bb:maj [2, 5, 10] 10 2 
Eb:sus2 [3, 5, 10] 3 2 
Bb:maj [2, 5, 10] 10 2 
Eb:sus2 [3, 5, 10] 3 2 
Bb:maj [2, 5, 10] 10 2 
Eb:sus2 [3, 5, 10] 3 2 
Bb:maj [2, 5, 10] 10 2 
Eb:sus2 [3, 5, 10] 3 2 
Bb:maj [2, 5, 10] 10 2 
Eb:min [3, 6, 10] 3 2 
Bb:maj [2, 5, 10] 10 2 
Eb:maj [3, 7, 10] 3 2 
Bb:maj [2, 5, 10] 10 2 
Eb:min [3, 6, 10] 3 2 
G:min [2, 7, 10] 7 2 
Bb:maj/5 [2, 5, 10] 5 2 
Eb:maj [3, 7, 10] 3 2 
F:maj [0, 5, 9] 5 2 
D:min [2, 5, 9] 2 2 
G:min [2, 7, 10] 7 2 
C:min [0, 3, 7] 0 4 
F:maj [0, 5, 9] 5 4 
Bb:maj [2, 5, 10] 10 2 
Eb:min [3, 6, 10] 3 2 
Bb:maj [2, 5, 10] 10 2 
Eb:maj [3, 7, 10] 3 2 
Bb:maj [2, 5, 10] 10 2 
Bb:maj/b7 [2, 5, 10] 8 2 
G:min [2, 7, 10] 7 2 
Bb:maj/5 [2, 5, 10] 5 2 
Eb:maj [3, 7, 10] 3 2 
F:maj [0, 5, 9] 5 2 
D:min [2, 5, 9] 2 2 
G:min [2, 7, 10] 7 2 
C:min [0, 3, 7] 0 2 
F:maj [0, 5, 9] 5 2 
Bb:maj [2, 5, 10] 10 2 
Bb:7 [2, 5, 8, 10] 10 1 
Bb:maj [2, 5, 10] 10 1 
Eb:maj [3, 7, 10] 3 2 
F:maj [0, 5, 9] 5 2 
D:min [2, 5, 9] 2 2 
G:min [2, 7, 10] 7 2 
C:min [0, 3, 7] 0 2 
F:maj [0, 5, 9] 5 2 
Bb:maj [2, 5, 10] 10 4 
Eb:maj [3, 7, 10] 3 2 
F:maj [0, 5, 9] 5 2 
D:min [2, 5, 9] 2 2 
G:min [2, 7, 10] 7 2 
C:min [0, 3, 7] 0 2 
F:maj [0, 5, 9] 5 2 
Bb:maj [2, 5, 10] 10 1 
Eb:maj [3, 7, 10] 3 1 
Bb:maj [2, 5, 10] 10 2 
Ab:maj [0, 3, 8] 8 2 
Eb:maj [3, 7, 10] 3 2 
F#:maj [1, 6, 10] 6 2 
C#:maj [1, 5, 8] 1 2 
Ab:maj [0, 3, 8] 8 2 
Eb:maj [3, 7, 10] 3 2 
F#:maj [1, 6, 10] 6 2 
Ab:maj [0, 3, 8] 8 1 
F:maj [0, 5, 9] 5 1 
Bb:maj [2, 5, 10] 10 2 
Eb:min [3, 6, 10] 3 2 
Bb:maj [2, 5, 10] 10 2 
Eb:maj [3, 7, 10] 3 2 
Bb:maj [2, 5, 10] 10 2 
Bb:maj/b7 [2, 5, 10] 8 2 
G:min [2, 7, 10] 7 2 
Bb:maj/5 [2, 5, 10] 5 2 
Eb:maj [3, 7, 10] 3 2 
F:maj [0, 5, 9] 5 2 
D:min [2, 5, 9] 2 2 
G:min [2, 7, 10] 7 2 
C:min [0, 3, 7] 0 2 
F:maj [0, 5, 9] 5 2 
Bb:maj [2, 5, 10] 10 2 
Bb:7 [2, 5, 8, 10] 10 1 
Bb:maj [2, 5, 10] 10 1 
Eb:maj [3, 7, 10] 3 2 
F:maj [0, 5, 9] 5 2 
D:min [2, 5, 9] 2 2 
G:min [2, 7, 10] 7 2 
C:min [0, 3, 7] 0 2 
F:maj [0, 5, 9] 5 2 
Bb:maj [2, 5, 10] 10 4 
Eb:maj [3, 7, 10] 3 2 
F:maj [0, 5, 9] 5 2 
D:min [2, 5, 9] 2 2 
G:min [2, 7, 10] 7 2 
C:min [0, 3, 7] 0 2 
F:maj [0, 5, 9] 5 2 
Bb:maj [2, 5, 10] 10 4 
Eb:maj [3, 7, 10] 3 2 
F:maj [0, 5, 9] 5 2 
D:min [2, 5, 9] 2 2 
G:min [2, 7, 10] 7 2 
C:min [0, 3, 7] 0 1 
C:min7 [0, 3, 7, 10] 0 1 
F:maj [0, 5, 9] 5 2 
Bb:maj [2, 5, 10] 10 2 
Bb:sus2 [0, 5, 10] 10 2 
Eb:maj [3, 7, 10] 3 2 
F:maj [0, 5, 9] 5 2 
D:min [2, 5, 9] 2 2 
G:min [2, 7, 10] 7 2 
C:min [0, 3, 7] 0 2 
F:maj [0, 5, 9] 5 2 
Bb:maj [2, 5, 10] 10 4 
Eb:maj [3, 7, 10] 3 2 
F:maj [0, 5, 9] 5 2 
D:min [2, 5, 9] 2 2 
G:min [2, 7, 10] 7 2 
C:min [0, 3, 7] 0 2 
F:maj [0, 5, 9] 5 2 
Bb:maj [2, 5, 10] 10 1 
D:maj [2, 6, 9] 2 1 
Eb:sus2 [3, 5, 10] 3 2 
Eb:maj [3, 7, 10] 3 2 
F:maj [0, 5, 9] 5 2 
D:min [2, 5, 9] 2 2 
G:sus2 [2, 7, 9] 7 5 
C:min [0, 3, 7] 0 2 
F:maj [0, 5, 9] 5 5 
Bb:sus2 [0, 5, 10] 10 2 
Eb:sus2 [3, 5, 10] 3 2 
Bb:maj [2, 5, 10] 10 2 
Eb:sus2 [3, 5, 10] 3 2 
Bb:maj [2, 5, 10] 10 2 
Eb:sus2 [3, 5, 10] 3 2 
Bb:maj [2, 5, 10] 10 2 
