C:sus4 [0, 5, 7] 0 4 
E:min/5 [4, 7, 11] 11 2 
A:min [0, 4, 9] 9 8 
F:maj [0, 5, 9] 5 8 
D:min [2, 5, 9] 2 4 
G:maj [2, 7, 11] 7 8 
C:maj [0, 4, 7] 0 8 
E:min [4, 7, 11] 4 8 
D:min [2, 5, 9] 2 4 
G:maj [2, 7, 11] 7 4 
C:sus2 [0, 2, 7] 0 16 
E:min [4, 7, 11] 4 8 
D:min [2, 5, 9] 2 4 
G:maj [2, 7, 11] 7 4 
C:maj [0, 4, 7] 0 6 
C:maj7/7 [0, 4, 7, 10] 11 2 
A:min [0, 4, 9] 9 4 
G:maj [2, 7, 11] 7 4 
F:maj [0, 5, 9] 5 4 
E:min [4, 7, 11] 4 4 
A:min [0, 4, 9] 9 4 
G:maj [2, 7, 11] 7 4 
F:maj [0, 5, 9] 5 4 
G:maj [2, 7, 11] 7 4 
C:maj [0, 4, 7] 0 4 
E:min [4, 7, 11] 4 4 
A:min [0, 4, 9] 9 4 
G:maj [2, 7, 11] 7 4 
F:maj [0, 5, 9] 5 4 
E:min [4, 7, 11] 4 4 
D:min [2, 5, 9] 2 4 
G:maj [2, 7, 11] 7 2 
G:7 [2, 5, 7, 11] 7 2 
C:maj [0, 4, 7] 0 4 
E:min [4, 7, 11] 4 4 
A:min [0, 4, 9] 9 4 
G:maj [2, 7, 11] 7 4 
F:maj [0, 5, 9] 5 4 
E:min [4, 7, 11] 4 4 
D:min [2, 5, 9] 2 4 
G:maj [2, 7, 11] 7 4 
Bb:maj [2, 5, 10] 10 3 
A:maj [1, 4, 9] 9 9 
B:min [2, 6, 11] 11 4 
C:maj [0, 4, 7] 0 4 
C#:min [1, 4, 8] 1 4 
D:min [2, 5, 9] 2 4 
D:min7 [0, 2, 5, 9] 2 4 
G:maj [2, 7, 11] 7 12 
C:sus4 [0, 5, 7] 0 8 
E:min [4, 7, 11] 4 8 
D:min [2, 5, 9] 2 4 
G:maj [2, 7, 11] 7 4 
C:maj [0, 4, 7] 0 6 
C:maj7/7 [0, 4, 7, 10] 11 2 
A:min [0, 4, 9] 9 4 
G:maj [2, 7, 11] 7 4 
F:maj [0, 5, 9] 5 4 
C:maj [0, 4, 7] 0 3 
E:min [4, 7, 11] 4 1 
A:min [0, 4, 9] 9 4 
G:maj [2, 7, 11] 7 4 
F:maj [0, 5, 9] 5 4 
G:maj [2, 7, 11] 7 4 
C:maj [0, 4, 7] 0 4 
E:min [4, 7, 11] 4 4 
A:min [0, 4, 9] 9 4 
G:maj [2, 7, 11] 7 4 
F:maj [0, 5, 9] 5 4 
E:min [4, 7, 11] 4 4 
D:min [2, 5, 9] 2 4 
D:min7 [0, 2, 5, 9] 2 2 
G:7 [2, 5, 7, 11] 7 2 
C:maj [0, 4, 7] 0 4 
E:min [4, 7, 11] 4 4 
A:min [0, 4, 9] 9 4 
G:maj [2, 7, 11] 7 4 
F:maj [0, 5, 9] 5 4 
E:min [4, 7, 11] 4 4 
D:min [2, 5, 9] 2 4 
G:maj [2, 7, 11] 7 8 
C:maj [0, 4, 7] 0 7 
C:maj7/7 [0, 4, 7, 10] 11 1 
A:min [0, 4, 9] 9 8 
F:maj [0, 5, 9] 5 11 
C:maj [0, 4, 7] 0 3 
