0 127
64 1
65 1
69 2
67 4
64 2
67 21
64 1
65 1
67 2
64 4
64 3
71 27
69 2
71 2
72 2
60 2
60 2
62 18
69 4
67 2
69 4
67 2
64 18
67 1
67 1
67 2
65 4
64 2
67 22
67 1
67 1
67 2
65 4
64 2
71 28
69 2
71 2
72 2
60 2
60 2
62 18
64 4
62 2
64 4
60 24
64 2
69 2
71 2
72 4
64 2
72 4
72 4
72 2
71 3
69 3
67 8
67 2
69 2
67 2
69 2
72 4
60 4
67 2
67 3
64 7
64 2
69 2
71 2
72 4
64 2
72 4
64 4
72 2
71 2
69 4
67 8
67 1
67 1
69 2
72 2
72 2
72 4
72 2
72 2
69 3
74 5
67 1
67 1
72 3
74 2
72 3
77 6
76 4
67 12
67 1
67 1
71 3
74 3
74 2
72 4
67 2
64 16
60 2
71 2
72 2
71 2
67 2
69 4
76 2
74 8
72 2
67 4
76 2
74 8
72 2
69 6
76 2
74 4
72 2
74 8
67 1
67 1
72 3
74 2
72 2
77 6
76 4
67 13
67 1
67 1
71 3
74 3
74 2
72 4
67 2
64 16
60 2
71 2
72 2
71 2
67 2
69 4
76 2
74 8
72 2
67 3
76 3
74 8
72 2
69 6
76 2
74 4
72 2
74 8
67 2
76 2
74 4
74 3
72 18
0 147
67 1
67 1
67 2
65 4
64 2
67 22
67 1
67 1
67 2
65 4
64 2
71 28
69 2
71 2
72 2
60 2
60 2
60 18
64 4
62 2
64 4
60 24
64 2
69 2
71 2
72 4
64 2
72 4
72 4
72 2
71 3
69 3
67 8
67 2
69 2
67 2
69 2
72 4
60 4
67 2
67 3
64 7
64 2
69 2
71 2
72 4
64 2
72 4
64 4
72 2
71 2
69 4
67 8
67 1
67 1
69 2
72 2
72 2
72 4
72 2
72 2
69 3
74 5
67 1
67 1
72 3
74 2
72 3
77 6
76 4
67 12
67 1
67 1
71 3
74 3
74 2
72 4
67 2
64 16
60 2
71 2
72 2
71 2
67 2
69 4
76 2
74 8
72 2
67 4
76 2
74 8
72 2
69 6
76 2
74 4
72 2
74 8
67 1
67 1
72 3
74 2
72 2
77 6
76 4
67 13
67 1
67 1
71 3
74 3
74 2
72 4
67 2
64 16
60 2
71 2
72 2
71 2
67 2
69 4
76 2
74 8
72 2
69 3
76 3
74 8
72 2
69 6
76 2
74 4
72 2
74 8
67 2
76 4
74 5
74 2
72 4
72 20
