0 124
75 1
0 1
77 2
78 2
77 2
75 2
77 2
78 2
80 2
82 2
78 2
75 3
0 9
78 2
80 2
82 2
80 2
78 2
80 2
82 2
80 2
78 2
80 2
82 4
0 8
82 2
85 2
87 2
0 2
78 1
0 1
82 1
0 1
80 2
0 2
80 2
82 2
85 1
0 1
73 1
0 1
73 1
0 1
80 1
0 1
78 1
0 3
75 1
0 1
82 2
80 2
75 1
0 1
80 1
0 1
82 2
80 1
0 1
75 1
0 1
80 2
78 2
77 3
0 25
75 1
0 1
77 2
78 2
77 2
75 2
77 2
78 2
80 2
82 2
78 2
75 3
0 9
78 2
80 2
82 2
80 2
78 2
80 2
82 2
80 2
78 2
85 2
85 1
0 3
82 1
0 7
82 2
85 2
87 2
78 1
0 1
78 1
0 1
82 1
0 1
80 2
0 2
80 2
82 2
85 1
0 1
73 1
0 1
73 1
0 1
80 1
0 1
78 1
0 3
82 1
0 1
80 1
0 1
75 1
0 1
80 1
0 1
80 1
0 1
82 1
0 1
80 2
78 1
0 1
70 1
0 1
78 1
0 1
78 2
77 2
75 2
0 6
90 2
89 2
87 5
0 1
85 1
87 3
85 2
82 2
80 2
82 2
0 10
75 1
0 1
82 2
80 2
0 4
78 1
0 1
80 2
82 1
0 1
85 1
0 1
87 1
0 1
82 2
0 10
90 1
0 1
89 1
0 1
87 5
0 1
85 1
0 1
87 2
85 2
75 1
0 1
82 1
0 1
82 1
0 1
80 2
0 8
75 1
0 1
82 1
0 1
80 2
0 4
78 1
0 1
80 2
78 2
75 2
73 2
75 3
0 153
75 1
0 1
77 2
78 2
77 2
75 2
77 2
78 2
80 2
82 2
78 2
75 3
0 9
78 2
80 2
82 2
80 2
78 2
80 2
82 2
80 2
78 2
80 2
82 1
0 11
82 2
85 2
75 2
87 1
0 1
78 1
0 1
82 1
0 1
80 2
0 2
80 2
82 2
85 1
0 1
73 1
0 1
73 1
0 1
80 1
0 1
78 1
0 3
82 1
0 1
80 1
0 1
75 1
0 1
80 1
0 1
80 1
0 1
82 1
0 1
80 2
78 1
0 1
70 1
0 1
78 1
0 1
78 2
77 2
75 2
0 6
90 2
89 2
87 5
0 1
85 1
87 3
85 2
82 2
80 2
82 2
0 10
75 1
0 1
82 2
80 2
0 4
78 1
0 1
80 2
82 1
0 1
85 1
0 1
87 1
0 1
82 2
0 10
90 1
0 1
89 1
0 1
87 5
0 1
85 1
0 1
87 2
85 2
75 1
0 1
82 1
0 1
82 1
0 1
80 2
0 8
75 1
0 1
82 1
0 1
80 2
0 4
78 1
0 1
80 2
78 2
75 2
73 2
75 3
0 153
70 2
73 1
0 1
78 2
75 3
0 1
73 1
0 1
75 2
73 2
70 2
68 2
70 2
0 10
63 1
0 1
70 2
68 3
0 3
66 2
68 2
70 2
73 2
75 2
70 3
0 9
70 2
73 2
78 2
75 2
0 2
73 2
75 2
73 2
63 1
0 1
70 1
0 1
70 2
68 2
0 8
63 1
0 1
70 2
68 4
0 2
66 1
0 1
68 2
66 2
63 2
61 2
63 3
0 9
90 2
89 2
87 5
0 1
85 1
87 3
85 2
82 2
80 2
82 2
0 10
75 1
0 1
82 2
80 2
0 2
80 1
0 1
78 1
0 1
80 2
82 1
0 1
85 1
0 1
87 1
0 3
89 2
0 8
90 1
0 1
89 1
0 1
87 5
0 1
85 1
0 1
87 2
85 2
75 1
0 1
82 1
0 1
82 1
0 1
80 2
0 7
75 1
82 1
0 3
80 2
0 2
80 2
78 1
0 1
80 2
78 2
75 2
73 2
75 3
0 9
75 2
82 2
80 2
0 4
78 2
80 2
78 2
75 1
0 1
73 2
0 2
75 2
0 8
75 1
0 1
82 2
80 2
0 4
78 2
80 2
78 2
0 1
75 2
73 4
75 3
