E:maj [4, 8, 11] 4 4 
A:maj7 [1, 4, 7, 9] 9 4 
E:maj [4, 8, 11] 4 4 
A:maj7 [1, 4, 7, 9] 9 4 
E:maj [4, 8, 11] 4 4 
A:maj [1, 4, 9] 9 4 
E:maj [4, 8, 11] 4 4 
Ab:min [3, 8, 11] 8 4 
A:maj [1, 4, 9] 9 4 
E:maj [4, 8, 11] 4 2 
C#:maj [1, 5, 8] 1 2 
F#:min [1, 6, 9] 6 2 
A:min [0, 4, 9] 9 2 
E:maj [4, 8, 11] 4 8 
A:maj [1, 4, 9] 9 4 
E:maj [4, 8, 11] 4 4 
Ab:min [3, 8, 11] 8 4 
A:maj [1, 4, 9] 9 4 
E:maj [4, 8, 11] 4 2 
C#:maj [1, 5, 8] 1 2 
A:maj [1, 4, 9] 9 2 
B:maj [3, 6, 11] 11 2 
E:maj [4, 8, 11] 4 2 
A:maj [1, 4, 9] 9 1 
A:maj(9) [1, 4, 7, 9, 11] 9 1 
E:maj [4, 8, 11] 4 4 
B:maj [3, 6, 11] 11 4 
A:maj [1, 4, 9] 9 4 
E:maj [4, 8, 11] 4 2 
A:maj [1, 4, 9] 9 1 
B:maj [3, 6, 11] 11 1 
E:maj [4, 8, 11] 4 4 
B:maj [3, 6, 11] 11 4 
A:maj [1, 4, 9] 9 2 
B:maj [3, 6, 11] 11 2 
E:maj [4, 8, 11] 4 4 
A:maj [1, 4, 9] 9 4 
E:maj [4, 8, 11] 4 4 
A:maj [1, 4, 9] 9 4 
E:maj [4, 8, 11] 4 4 
Ab:min [3, 8, 11] 8 4 
A:maj [1, 4, 9] 9 4 
E:maj [4, 8, 11] 4 2 
C#:maj [1, 5, 8] 1 2 
A:maj [1, 4, 9] 9 2 
B:maj [3, 6, 11] 11 2 
E:maj [4, 8, 11] 4 2 
A:maj [1, 4, 9] 9 1 
B:maj [3, 6, 11] 11 1 
E:maj [4, 8, 11] 4 4 
B:maj [3, 6, 11] 11 4 
A:maj [1, 4, 9] 9 4 
E:maj [4, 8, 11] 4 2 
A:maj [1, 4, 9] 9 1 
B:maj [3, 6, 11] 11 1 
E:maj [4, 8, 11] 4 4 
B:maj [3, 6, 11] 11 4 
A:maj [1, 4, 9] 9 2 
B:maj [3, 6, 11] 11 2 
E:maj [4, 8, 11] 4 2 
G:maj [2, 7, 11] 7 1 
B:maj [3, 6, 11] 11 1 
F#:maj [1, 6, 10] 6 2 
B:maj [3, 6, 11] 11 2 
Ab:min [3, 8, 11] 8 2 
G:maj [2, 7, 11] 7 2 
F#:maj [1, 6, 10] 6 4 
B:maj [3, 6, 11] 11 3 
B:7 [3, 6, 9, 11] 11 1 
A:maj [1, 4, 9] 9 4 
E:maj [4, 8, 11] 4 4 
A:maj [1, 4, 9] 9 4 
E:maj [4, 8, 11] 4 4 
A:maj [1, 4, 9] 9 4 
E:maj [4, 8, 11] 4 2 
C#:min [1, 4, 8] 1 1 
B:maj [3, 6, 11] 11 1 
A:maj [1, 4, 9] 9 4 
B:maj [3, 6, 11] 11 2 
A:maj [1, 4, 9] 9 1 
B:maj [3, 6, 11] 11 1 
E:maj [4, 8, 11] 4 4 
B:maj [3, 6, 11] 11 4 
A:maj [1, 4, 9] 9 4 
E:maj [4, 8, 11] 4 2 
A:maj [1, 4, 9] 9 1 
B:maj [3, 6, 11] 11 1 
E:maj [4, 8, 11] 4 4 
B:maj [3, 6, 11] 11 4 
A:maj [1, 4, 9] 9 2 
B:maj [3, 6, 11] 11 2 
E:maj [4, 8, 11] 4 4 
A:maj [1, 4, 9] 9 4 
E:maj [4, 8, 11] 4 4 
A:maj [1, 4, 9] 9 4 
