Ab:maj [0, 3, 8] 8 2 
C:min/5 [0, 3, 7] 7 2 
F:min [0, 5, 8] 5 2 
Eb:maj [3, 7, 10] 3 2 
C#:maj [1, 5, 8] 1 2 
Eb:maj [3, 7, 10] 3 2 
Ab:maj [0, 3, 8] 8 2 
Ab:maj(9) [0, 3, 6, 8, 10] 8 4 
Ab:maj [0, 3, 8] 8 4 
C:min [0, 3, 7] 0 4 
C#:maj [1, 5, 8] 1 4 
Eb:maj [3, 7, 10] 3 4 
C#:maj [1, 5, 8] 1 4 
C:min [0, 3, 7] 0 2 
F:min [0, 5, 8] 5 2 
Bb:min [1, 5, 10] 10 4 
Eb:maj [3, 7, 10] 3 4 
Ab:maj [0, 3, 8] 8 4 
C:min [0, 3, 7] 0 4 
C#:maj [1, 5, 8] 1 4 
Eb:maj [3, 7, 10] 3 4 
C#:maj [1, 5, 8] 1 4 
C:min [0, 3, 7] 0 2 
F:min [0, 5, 8] 5 2 
C#:maj [1, 5, 8] 1 2 
Eb:maj [3, 7, 10] 3 2 
C#:maj/5 [1, 5, 8] 8 2 
Ab:maj [0, 3, 8] 8 6 
F:min [0, 5, 8] 5 4 
C#:maj [1, 5, 8] 1 4 
Eb:maj [3, 7, 10] 3 4 
Ab:maj [0, 3, 8] 8 4 
F:min [0, 5, 8] 5 4 
C#:maj [1, 5, 8] 1 2 
Eb:maj [3, 7, 10] 3 2 
Ab:maj [0, 3, 8] 8 4 
C#:maj [1, 5, 8] 1 2 
C:min [0, 3, 7] 0 2 
Bb:min [1, 5, 10] 10 4 
C#:maj [1, 5, 8] 1 2 
C:min [0, 3, 7] 0 2 
Bb:min [1, 5, 10] 10 4 
Ab:maj [0, 3, 8] 8 4 
C:min [0, 3, 7] 0 4 
C#:maj [1, 5, 8] 1 4 
Eb:maj [3, 7, 10] 3 4 
C#:maj [1, 5, 8] 1 4 
C:min [0, 3, 7] 0 2 
F:min [0, 5, 8] 5 2 
Bb:min [1, 5, 10] 10 4 
Eb:maj [3, 7, 10] 3 4 
Ab:maj [0, 3, 8] 8 4 
C:min [0, 3, 7] 0 4 
C#:maj [1, 5, 8] 1 4 
Eb:maj [3, 7, 10] 3 4 
C#:maj [1, 5, 8] 1 4 
C:min [0, 3, 7] 0 2 
F:min [0, 5, 8] 5 2 
Bb:min7 [1, 5, 8, 10] 10 2 
Eb:maj [3, 7, 10] 3 2 
C#:maj/5 [1, 5, 8] 8 2 
Eb:7 [1, 3, 7, 10] 3 2 
Ab:maj [0, 3, 8] 8 4 
F:min [0, 5, 8] 5 4 
C#:maj [1, 5, 8] 1 4 
Eb:maj [3, 7, 10] 3 4 
Ab:maj [0, 3, 8] 8 4 
F:min [0, 5, 8] 5 4 
C#:maj [1, 5, 8] 1 2 
Eb:maj [3, 7, 10] 3 2 
Ab:maj [0, 3, 8] 8 1 
C:min [0, 3, 7] 0 1 
F:min [0, 5, 8] 5 1 
Eb:maj [3, 7, 10] 3 1 
Ab:maj [0, 3, 8] 8 2 
C:min/5 [0, 3, 7] 7 2 
F:min [0, 5, 8] 5 2 
Eb:maj [3, 7, 10] 3 2 
C#:maj [1, 5, 8] 1 2 
Bb:min [1, 5, 10] 10 2 
Eb:maj [3, 7, 10] 3 4 
Ab:maj [0, 3, 8] 8 2 
C:min/5 [0, 3, 7] 7 2 
F:min [0, 5, 8] 5 2 
F:min7 [0, 3, 5, 8] 5 2 
C#:maj [1, 5, 8] 1 2 
Eb:maj [3, 7, 10] 3 2 
F:min/b3 [0, 5, 8] 8 4 
C#:maj [1, 5, 8] 1 3 
Eb:maj [3, 7, 10] 3 5 
Ab:maj [0, 3, 8] 8 4 
