0 68
60 3
58 1
56 5
0 1
56 2
56 2
60 2
63 2
67 2
63 6
60 2
63 2
0 4
63 1
63 1
68 1
65 4
0 2
63 1
63 1
0 1
60 1
0 1
58 1
0 1
56 1
58 7
53 1
0 1
58 5
0 1
56 1
65 1
63 1
0 1
60 2
58 1
0 1
56 4
51 1
53 1
56 1
0 1
65 2
63 3
0 1
58 3
0 1
60 5
0 1
58 1
56 1
58 1
0 1
60 2
0 2
58 1
56 1
53 3
0 3
58 1
56 1
58 1
0 1
60 2
0 1
58 1
0 1
56 1
0 1
51 6
0 3
63 1
0 1
56 1
0 1
56 1
55 1
56 2
60 2
63 1
0 1
67 2
63 6
60 2
63 2
0 4
63 1
63 1
68 1
65 2
0 1
65 1
0 1
63 1
63 1
63 1
0 1
60 1
0 3
58 1
56 1
0 1
58 5
53 1
0 1
58 5
0 1
56 1
65 1
63 1
0 1
60 2
58 1
0 1
56 4
51 1
53 1
56 1
0 1
65 2
63 3
0 1
67 3
0 1
68 3
0 2
63 1
63 1
63 1
65 2
63 1
0 1
63 1
0 1
61 1
60 1
58 2
56 1
0 2
53 1
56 1
0 1
56 8
0 4
68 1
0 1
67 1
65 1
60 2
58 2
60 2
63 1
0 1
63 1
0 2
56 1
56 1
68 1
0 1
68 1
65 2
65 1
63 1
0 1
65 1
0 1
63 1
60 3
0 2
60 1
65 1
65 1
65 1
0 1
63 1
65 1
0 2
65 1
63 1
65 1
0 1
63 1
60 1
65 1
0 1
65 1
63 1
65 1
63 1
63 1
63 1
63 1
0 1
60 1
0 1
58 3
0 1
68 1
0 1
67 1
65 1
60 2
58 2
60 2
63 1
0 1
63 1
0 2
56 1
56 1
68 1
0 1
68 1
65 2
65 1
65 1
65 1
63 1
0 1
60 1
65 1
0 5
60 1
58 1
60 1
0 1
65 1
65 2
0 1
63 1
63 1
65 1
63 1
63 1
63 1
63 1
60 1
0 1
58 1
0 1
56 6
0 69
60 3
58 1
56 5
0 1
56 2
56 2
60 2
63 2
67 2
63 6
60 2
63 2
0 4
63 1
63 1
68 1
65 4
0 2
63 1
63 1
0 1
60 1
0 1
58 1
0 1
56 1
58 7
53 1
0 1
58 5
0 1
56 1
65 1
63 1
0 1
60 2
58 1
0 1
56 4
51 1
53 1
56 1
0 1
65 2
63 3
0 1
58 3
0 1
60 5
0 1
58 1
56 1
58 1
0 1
60 2
0 2
58 1
56 1
53 3
0 3
58 1
56 1
58 1
0 1
60 2
0 1
58 1
0 1
56 1
0 1
51 6
0 3
63 1
0 1
56 1
0 1
56 1
55 1
56 2
60 2
63 2
67 2
63 6
60 2
63 2
0 4
63 1
63 1
68 1
65 2
0 1
65 1
0 1
63 1
63 1
63 1
0 1
60 1
0 3
58 1
56 1
0 1
58 5
53 1
0 1
58 5
0 1
56 1
65 1
63 1
0 1
60 2
58 1
0 1
56 4
51 1
53 1
56 1
0 1
65 2
63 3
0 1
67 3
0 1
68 3
0 2
63 1
63 1
63 1
65 2
63 1
0 1
63 1
0 1
61 1
60 1
58 2
56 1
0 2
53 1
56 1
0 1
56 8
0 4
68 1
0 1
67 1
65 1
60 2
58 2
60 2
63 1
0 1
63 1
0 2
56 1
56 1
68 1
0 1
68 1
65 2
65 1
63 1
0 1
65 1
0 1
63 1
60 3
0 2
60 1
65 1
65 1
65 1
0 1
63 1
65 1
0 2
65 1
63 1
65 1
0 1
63 1
60 1
65 1
0 1
65 1
63 1
65 1
63 1
63 1
63 1
63 1
0 1
60 1
0 1
58 3
0 1
68 1
0 1
67 1
65 1
60 2
58 2
60 2
63 1
0 1
63 1
0 2
56 1
56 1
68 1
0 1
68 1
65 2
65 1
65 1
65 1
63 1
0 1
60 1
65 1
0 5
60 1
58 1
60 1
0 1
65 1
65 2
0 1
63 1
63 1
65 1
63 1
63 1
63 1
63 1
60 1
0 1
58 1
0 1
56 6
0 5
68 1
0 1
67 1
65 1
60 2
58 2
60 2
63 1
0 1
63 1
0 2
56 1
56 1
68 1
0 1
68 1
65 2
65 1
63 1
0 1
65 1
0 1
63 1
60 3
0 2
60 1
65 1
65 1
65 1
0 1
63 1
65 1
0 2
65 1
63 1
65 1
0 1
63 1
60 1
65 1
0 1
65 1
63 1
65 1
63 1
63 1
63 1
63 1
0 1
60 1
0 1
58 3
0 1
68 1
0 1
67 1
65 1
60 2
58 2
60 2
63 1
0 1
63 1
0 2
56 1
56 1
68 1
0 1
68 1
65 2
65 1
65 1
65 1
63 1
0 1
60 1
65 1
0 5
60 1
58 1
60 1
0 1
65 1
65 2
0 1
63 1
63 1
65 1
63 1
63 1
63 1
63 1
60 1
0 1
58 1
0 1
56 6
0 7
60 1
58 1
60 2
0 1
65 1
65 6
63 1
0 1
63 1
65 2
63 1
63 1
0 1
63 7
0 2
63 2
0 1
60 1
0 1
58 1
0 1
56 21
