0 16
68 2
75 4
76 1
73 1
0 1
73 11
0 2
68 2
80 10
78 2
80 4
78 1
80 7
80 1
0 63
68 2
68 2
73 2
73 1
0 1
73 7
0 1
73 1
0 1
73 1
75 1
71 2
68 1
66 1
68 7
0 1
68 2
68 4
71 2
73 2
71 1
68 1
66 3
0 1
66 1
68 1
66 1
64 1
0 1
61 1
61 1
59 1
61 7
0 1
61 1
0 1
61 2
66 4
66 1
68 1
61 5
0 1
73 3
75 1
71 2
68 1
66 1
68 6
0 4
66 2
66 2
68 2
71 3
71 1
71 2
68 2
73 2
68 1
66 1
64 3
66 1
68 2
66 1
68 1
64 1
61 2
59 1
61 3
0 1
61 1
64 1
66 1
68 1
73 8
0 4
68 2
73 1
0 1
73 7
0 1
73 2
73 1
71 1
68 3
0 1
68 1
68 2
71 1
73 2
71 1
66 1
68 9
0 3
68 2
73 2
73 7
0 1
73 3
71 1
68 3
0 1
68 3
71 1
73 1
75 1
71 1
66 1
68 8
0 4
61 1
0 1
66 2
66 8
0 1
64 1
64 1
66 1
68 2
68 2
66 2
64 1
59 1
61 4
0 64
68 2
68 2
73 2
73 1
0 1
73 7
0 1
73 1
0 1
73 1
75 1
71 2
68 1
66 1
68 7
0 1
68 2
68 4
71 2
73 2
71 1
68 1
66 3
0 1
66 1
68 1
66 1
64 1
0 1
61 1
61 1
59 1
61 7
0 1
61 1
0 1
61 2
66 4
66 1
68 1
61 5
0 1
73 3
75 1
71 2
68 1
66 1
68 6
0 4
66 2
66 2
68 2
71 3
71 1
71 2
68 2
73 2
68 1
66 1
64 3
66 1
68 2
66 1
68 1
64 1
61 2
59 1
61 4
61 1
64 1
66 1
68 1
73 8
0 4
68 2
73 1
0 1
73 7
0 1
73 2
73 1
71 1
68 3
0 1
68 1
68 2
71 1
73 2
71 1
66 1
68 9
0 3
68 2
73 2
73 7
0 1
73 3
71 1
68 3
0 1
68 3
71 1
73 1
75 1
71 1
66 1
68 8
0 4
61 1
0 1
66 2
66 8
0 1
64 1
64 1
66 1
68 2
68 2
66 2
64 1
59 1
61 8
0 4
61 1
0 1
66 2
66 8
0 2
64 2
64 2
66 2
68 4
68 4
71 8
68 1
71 1
73 1
76 1
78 1
80 12
83 2
78 1
76 2
71 9
0 1
73 27
