0 124
66 3
64 1
62 2
57 2
62 1
0 1
66 2
64 3
0 1
66 2
0 1
64 1
62 1
0 1
54 2
59 2
62 2
61 3
0 1
62 1
0 1
61 1
59 4
0 1
61 2
59 1
57 5
0 2
62 1
62 1
67 1
0 1
66 2
64 2
62 1
66 1
64 3
0 1
66 3
64 1
62 2
57 2
62 1
0 1
66 2
64 3
0 1
66 2
0 1
64 1
62 1
0 1
54 2
59 2
62 2
61 3
0 1
62 1
0 1
61 1
59 4
0 1
61 2
59 1
57 5
0 2
62 1
62 1
67 1
0 1
66 2
64 2
62 1
66 1
64 3
0 3
66 2
62 5
0 1
64 2
62 5
0 1
61 1
59 1
57 2
62 1
0 1
66 2
67 2
64 5
0 1
66 2
62 4
0 1
62 1
64 1
0 1
62 5
0 1
61 1
59 1
57 2
62 2
66 2
67 2
64 3
0 1
71 2
0 1
69 1
66 2
69 2
69 1
0 1
66 1
0 1
64 3
0 1
71 2
0 1
69 1
66 1
0 1
69 1
0 1
69 1
0 1
66 1
64 1
62 3
0 1
62 1
0 1
64 1
66 4
0 1
69 1
0 1
66 1
64 4
0 1
69 3
66 1
62 2
64 2
66 2
69 1
0 1
64 3
0 1
71 2
0 1
69 1
66 2
69 2
69 1
0 1
66 1
0 1
64 3
0 1
71 2
0 1
69 1
66 1
0 1
69 1
0 1
69 1
0 1
66 1
64 1
62 3
0 1
62 1
0 1
64 1
66 4
0 1
69 1
0 1
66 1
64 4
0 1
69 3
66 1
62 2
64 2
66 2
69 1
0 1
64 3
0 3
66 2
62 9
0 55
62 1
0 1
66 1
0 1
64 1
0 1
66 1
0 1
62 1
0 1
66 1
0 1
64 3
0 1
62 2
66 1
0 1
64 2
66 2
62 5
0 3
62 2
66 2
64 1
0 1
66 2
69 5
0 1
66 1
64 1
62 8
0 4
66 3
64 1
62 2
57 2
62 1
0 1
66 2
64 3
0 1
66 2
0 1
64 1
62 1
0 1
54 2
59 2
62 2
61 3
0 1
62 1
0 1
61 1
59 4
0 1
61 2
59 1
57 5
0 2
62 1
62 1
67 1
0 1
66 2
64 2
62 1
66 1
64 3
0 1
66 3
64 1
62 2
57 2
62 1
0 1
66 2
64 3
0 1
66 2
0 1
64 1
62 1
0 1
54 2
59 2
62 2
61 3
0 1
62 1
0 1
61 1
59 4
0 1
61 2
59 1
57 5
0 2
62 1
62 1
67 1
0 1
66 2
64 2
62 1
66 1
64 3
0 3
66 2
62 5
0 1
64 2
62 5
0 1
61 1
59 1
57 2
62 1
0 1
66 2
67 2
64 5
0 1
66 2
62 4
0 1
62 1
64 1
0 1
62 5
0 1
61 1
59 1
57 2
62 2
66 2
67 2
64 3
0 1
71 2
0 1
69 1
66 2
69 2
69 1
0 1
66 1
0 1
64 3
0 1
71 2
0 1
69 1
66 1
0 1
69 1
0 1
69 1
0 1
66 1
64 1
62 3
0 1
62 1
0 1
64 1
66 4
0 1
69 1
0 1
66 1
64 4
0 1
69 3
66 1
62 2
64 2
66 2
69 1
0 1
64 3
0 1
71 2
0 1
69 1
66 2
69 2
69 1
0 1
66 1
0 1
64 3
0 1
71 2
0 1
69 1
66 1
0 1
69 1
0 1
69 1
0 1
66 1
64 1
62 3
0 1
62 1
0 1
64 1
66 4
0 1
69 1
0 1
66 1
64 4
0 1
69 3
66 1
62 2
64 2
66 2
69 1
0 1
64 3
0 3
66 2
62 9
0 103
0 12
71 2
0 1
69 1
66 2
69 2
69 1
0 1
66 1
0 1
64 3
0 1
71 2
0 1
69 1
66 1
0 1
69 1
0 1
69 1
0 1
66 1
64 1
62 3
0 1
62 1
0 1
64 1
66 4
0 1
69 1
0 1
66 1
64 4
0 1
69 3
66 1
62 2
64 2
66 2
69 1
0 1
64 3
0 1
71 2
0 1
69 1
66 2
69 2
69 1
0 1
66 1
0 1
64 3
0 1
71 2
0 1
69 1
66 1
0 1
69 1
0 1
69 1
0 1
66 1
64 1
62 3
0 1
62 1
0 1
64 1
66 4
0 1
69 1
0 1
66 1
64 4
0 1
69 3
66 1
62 2
64 2
66 2
69 1
0 1
64 3
0 1
71 2
0 1
69 1
66 2
69 2
69 1
0 1
66 1
0 1
64 3
0 1
71 2
0 1
69 1
66 1
0 1
69 1
0 1
69 1
0 1
66 1
64 1
62 3
0 1
62 1
0 1
64 1
66 4
0 1
69 1
0 1
66 1
64 4
0 1
69 3
66 1
62 2
64 2
66 2
69 1
0 1
64 3
0 1
71 2
0 1
69 1
66 2
69 2
69 1
0 1
66 1
0 1
64 3
0 1
71 2
0 1
69 1
66 1
0 1
69 1
0 1
69 1
0 1
66 1
64 1
62 3
0 1
62 1
0 1
64 1
66 4
0 1
69 1
0 1
66 1
64 4
0 1
69 3
66 1
62 2
64 2
66 2
69 1
0 1
64 3
0 3
66 2
62 9
