Ab:min [3, 8, 11] 8 8 
Eb:min [3, 6, 10] 3 8 
C#:maj/5 [1, 5, 8] 8 1 
Ab:min7/b7 [3, 6, 8, 11] 6 6 
Ab:min7/5 [3, 6, 8, 11] 3 2 
Eb:min7/b7 [1, 3, 6, 10] 1 7 
C#:min [1, 4, 8] 1 4 
Eb:min [3, 6, 10] 3 5 
Eb:7/b7 [1, 3, 7, 10] 1 2 
Eb:7 [1, 3, 7, 10] 3 5 
Ab:min [3, 8, 11] 8 8 
F#:maj [1, 6, 10] 6 4 
Ab:min [3, 8, 11] 8 3 
E:maj [4, 8, 11] 4 4 
F#:maj [1, 6, 10] 6 5 
Eb:min/b3 [3, 6, 10] 6 3 
Eb:maj [3, 7, 10] 3 1 
Ab:min [3, 8, 11] 8 12 
F#:maj [1, 6, 10] 6 4 
Ab:min [3, 8, 11] 8 3 
E:maj [4, 8, 11] 4 4 
F#:maj [1, 6, 10] 6 5 
Eb:min/b3 [3, 6, 10] 6 3 
Eb:maj [3, 7, 10] 3 1 
C#:min [1, 4, 8] 1 2 
C#:min7 [1, 4, 8, 11] 1 1 
Ab:sus2 [3, 8, 10] 8 9 
E:maj [4, 8, 11] 4 4 
F#:maj [1, 6, 10] 6 3 
Eb:min [3, 6, 10] 3 4 
Ab:min [3, 8, 11] 8 5 
C#:sus2 [1, 3, 8] 1 4 
F#:maj [1, 6, 10] 6 4 
Eb:min [3, 6, 10] 3 4 
Ab:min [3, 8, 11] 8 4 
E:maj [4, 8, 11] 4 4 
F#:maj [1, 6, 10] 6 3 
Eb:min [3, 6, 10] 3 4 
Ab:min [3, 8, 11] 8 4 
C#:sus2 [1, 3, 8] 1 5 
F#:maj [1, 6, 10] 6 4 
Eb:min [3, 6, 10] 3 7 
Ab:sus2 [3, 8, 10] 8 17 
Eb:min [3, 6, 10] 3 8 
C#:min [1, 4, 8] 1 4 
Eb:min [3, 6, 10] 3 12 
Ab:min [3, 8, 11] 8 8 
F#:maj [1, 6, 10] 6 4 
Ab:min [3, 8, 11] 8 3 
E:maj [4, 8, 11] 4 4 
F#:maj [1, 6, 10] 6 5 
Eb:min/b3 [3, 6, 10] 6 3 
Eb:maj [3, 7, 10] 3 1 
Ab:min [3, 8, 11] 8 12 
F#:maj [1, 6, 10] 6 4 
Ab:min [3, 8, 11] 8 3 
E:maj [4, 8, 11] 4 4 
F#:maj [1, 6, 10] 6 5 
Eb:min/b3 [3, 6, 10] 6 3 
Eb:maj [3, 7, 10] 3 1 
C#:min [1, 4, 8] 1 2 
C#:min7 [1, 4, 8, 11] 1 1 
Ab:sus2 [3, 8, 10] 8 9 
E:maj [4, 8, 11] 4 4 
F#:maj [1, 6, 10] 6 3 
Eb:min [3, 6, 10] 3 4 
Ab:min [3, 8, 11] 8 5 
C#:sus2 [1, 3, 8] 1 4 
F#:maj [1, 6, 10] 6 4 
Eb:min [3, 6, 10] 3 4 
Ab:min [3, 8, 11] 8 4 
E:maj [4, 8, 11] 4 4 
F#:maj [1, 6, 10] 6 3 
Eb:min [3, 6, 10] 3 4 
Ab:min [3, 8, 11] 8 4 
C#:sus2 [1, 3, 8] 1 5 
F#:maj [1, 6, 10] 6 4 
Eb:min [3, 6, 10] 3 7 
Ab:sus2 [3, 8, 10] 8 9 
E:maj7 [2, 4, 8, 11] 4 4 
F#:maj [1, 6, 10] 6 4 
Eb:min [3, 6, 10] 3 4 
Ab:min [3, 8, 11] 8 4 
C#:min [1, 4, 8] 1 3 
C#:min7 [1, 4, 8, 11] 1 1 
F#:sus4(b7) [1, 6, 11] 6 4 
Eb:min [3, 6, 10] 3 3 
Eb:min7 [1, 3, 6, 10] 3 1 
Ab:sus4(b7) [1, 3, 8] 8 4 
E:maj [4, 8, 11] 4 4 
F#:maj [1, 6, 10] 6 4 
Eb:min [3, 6, 10] 3 3 
Eb:min7 [1, 3, 6, 10] 3 1 
Ab:min [3, 8, 11] 8 4 
C#:min [1, 4, 8] 1 3 
C#:min7 [1, 4, 8, 11] 1 1 
F#:maj [1, 6, 10] 6 4 
Eb:min [3, 6, 10] 3 7 
Ab:min [3, 8, 11] 8 17 
Eb:min7/b7 [1, 3, 6, 10] 1 6 
B:maj/3 [3, 6, 11] 3 2 
