Eb:maj [3, 7, 10] 3 18 
Bb:maj [2, 5, 10] 10 2 
Eb:maj [3, 7, 10] 3 2 
G:min [2, 7, 10] 7 2 
Ab:maj/5 [0, 3, 8] 3 4 
Eb:maj [3, 7, 10] 3 8 
C:min/5 [0, 3, 7] 7 2 
Bb:maj/5 [2, 5, 10] 5 2 
C:min/5 [0, 3, 7] 7 4 
Eb:maj/5 [3, 7, 10] 10 2 
Eb:maj [3, 7, 10] 3 2 
Eb:maj/5 [3, 7, 10] 10 4 
C:min/5 [0, 3, 7] 7 4 
Bb:maj/5 [2, 5, 10] 5 2 
C:min/5 [0, 3, 7] 7 2 
Eb:maj/5 [3, 7, 10] 10 12 
G:min [2, 7, 10] 7 2 
C:min [0, 3, 7] 0 2 
Bb:maj/5 [2, 5, 10] 5 4 
Eb:maj/5 [3, 7, 10] 10 4 
G:min [2, 7, 10] 7 4 
Eb:maj/5 [3, 7, 10] 10 2 
G:min [2, 7, 10] 7 1 
Ab:maj [0, 3, 8] 8 1 
Bb:maj/5 [2, 5, 10] 5 4 
C:min [0, 3, 7] 0 2 
G:min [2, 7, 10] 7 2 
C:min [0, 3, 7] 0 2 
G:min [2, 7, 10] 7 2 
C:min/5 [0, 3, 7] 7 8 
Eb:maj [3, 7, 10] 3 2 
Bb:maj [2, 5, 10] 10 2 
Eb:maj [3, 7, 10] 3 2 
G:min [2, 7, 10] 7 2 
Ab:maj/5 [0, 3, 8] 3 4 
Bb:maj [2, 5, 10] 10 3 
Eb:maj/5 [3, 7, 10] 10 5 
C:min/5 [0, 3, 7] 7 2 
Bb:maj/5 [2, 5, 10] 5 2 
C:min/5 [0, 3, 7] 7 4 
Eb:maj/5 [3, 7, 10] 10 2 
Eb:maj [3, 7, 10] 3 2 
Eb:maj/5 [3, 7, 10] 10 4 
C:min/5 [0, 3, 7] 7 4 
Bb:maj/5 [2, 5, 10] 5 2 
C:min/5 [0, 3, 7] 7 2 
Eb:maj/5 [3, 7, 10] 10 12 
G:min [2, 7, 10] 7 2 
C:min [0, 3, 7] 0 2 
Bb:maj/5 [2, 5, 10] 5 4 
Eb:maj/5 [3, 7, 10] 10 4 
G:min [2, 7, 10] 7 4 
Eb:maj/5 [3, 7, 10] 10 2 
Eb:maj [3, 7, 10] 3 1 
Ab:maj [0, 3, 8] 8 1 
Bb:maj/5 [2, 5, 10] 5 4 
C:min [0, 3, 7] 0 2 
G:min [2, 7, 10] 7 2 
C:min [0, 3, 7] 0 2 
G:min [2, 7, 10] 7 2 
C:min/5 [0, 3, 7] 7 8 
Eb:maj/5 [3, 7, 10] 10 4 
C:min/5 [0, 3, 7] 7 2 
Bb:maj/5 [2, 5, 10] 5 2 
C:min/5 [0, 3, 7] 7 4 
Eb:maj/5 [3, 7, 10] 10 2 
Bb:maj/5 [2, 5, 10] 5 2 
Eb:maj/5 [3, 7, 10] 10 4 
C:min/5 [0, 3, 7] 7 4 
Bb:maj/5 [2, 5, 10] 5 2 
C:min/5 [0, 3, 7] 7 2 
Bb:maj [2, 5, 10] 10 2 
Eb:maj/5 [3, 7, 10] 10 10 
G:min [2, 7, 10] 7 2 
C:min [0, 3, 7] 0 2 
Bb:maj/5 [2, 5, 10] 5 4 
Eb:maj/5 [3, 7, 10] 10 4 
G:min [2, 7, 10] 7 4 
Eb:maj/5 [3, 7, 10] 10 2 
G:min [2, 7, 10] 7 1 
Ab:maj [0, 3, 8] 8 1 
Bb:maj/5 [2, 5, 10] 5 4 
C:min [0, 3, 7] 0 2 
G:min [2, 7, 10] 7 6 
C:min/5 [0, 3, 7] 7 8 
Eb:maj/5 [3, 7, 10] 10 2 
Bb:maj/5 [2, 5, 10] 5 2 
Eb:maj/5 [3, 7, 10] 10 2 
G:min/5 [2, 7, 10] 2 2 
Ab:maj/5 [0, 3, 8] 3 4 
Bb:maj [2, 5, 10] 10 2 
Eb:maj/5 [3, 7, 10] 10 1 
