0 128
70 3
0 1
70 1
0 1
67 1
70 1
67 1
0 1
67 1
65 1
63 2
0 2
60 2
0 1
63 1
60 1
0 1
58 1
55 1
58 7
0 1
60 3
67 1
67 1
0 1
60 2
63 2
65 1
63 1
60 3
0 1
63 1
63 1
0 1
67 1
65 1
0 1
63 1
0 1
65 6
0 2
67 3
0 1
67 2
0 1
70 1
67 2
65 2
63 3
0 1
60 1
0 1
60 1
63 1
65 1
67 1
65 1
63 1
60 7
0 1
58 1
0 1
58 1
55 1
58 2
0 1
60 1
63 1
0 1
65 1
63 1
60 4
70 1
0 1
70 1
67 1
65 1
67 1
65 1
63 1
63 7
0 1
70 1
0 3
70 1
0 3
70 2
0 1
67 1
70 2
0 2
63 2
0 2
63 2
0 2
63 2
0 1
60 1
63 3
0 1
67 1
0 1
67 1
70 1
67 1
0 1
65 1
0 1
63 1
60 1
63 1
65 1
67 2
0 2
65 1
65 1
0 1
67 1
70 1
0 1
70 1
67 1
65 1
67 1
65 1
63 1
65 3
0 1
63 2
60 1
58 1
58 4
0 8
67 1
70 1
67 1
65 1
67 5
0 7
63 1
63 1
0 1
63 1
60 2
58 1
0 1
67 1
67 1
0 1
70 1
72 1
70 1
72 2
70 4
0 2
65 1
67 1
70 1
72 1
70 3
0 1
67 1
70 1
72 2
0 1
72 1
70 2
67 1
0 1
65 1
67 1
63 1
65 1
67 3
0 9
67 2
75 2
72 2
70 2
72 2
75 2
72 8
0 84
70 3
0 1
70 1
0 1
67 1
70 1
67 1
0 1
67 1
65 1
63 2
0 2
60 2
0 1
63 1
60 1
0 1
58 1
55 1
58 7
0 1
60 3
67 1
67 1
0 1
60 2
63 2
65 1
63 1
60 3
0 1
63 1
63 1
0 1
67 1
65 1
0 1
63 1
0 1
65 6
0 2
67 3
0 1
67 2
0 1
70 1
67 2
65 2
63 3
0 1
60 1
0 1
60 1
63 1
65 1
67 1
65 1
63 1
60 7
0 1
58 1
0 1
58 1
55 1
58 2
0 1
60 1
63 1
0 1
65 1
63 1
60 4
70 1
0 1
70 1
67 1
65 1
67 1
65 1
63 1
63 7
0 1
70 1
0 3
70 1
0 3
70 2
0 1
67 1
70 2
0 2
63 2
0 2
63 2
0 2
63 2
0 1
60 1
63 3
0 1
67 1
0 1
67 1
70 1
67 1
0 1
65 1
0 1
63 1
60 1
63 1
65 1
67 2
0 2
65 1
65 1
0 1
67 1
70 1
0 1
70 1
67 1
65 1
67 1
65 1
63 1
65 3
0 1
63 2
60 1
58 1
58 4
0 8
67 1
70 1
67 1
65 1
67 5
0 7
63 1
63 1
0 1
63 1
60 2
58 1
0 1
67 1
67 1
0 1
70 1
72 1
70 1
72 2
70 4
0 2
65 1
67 1
70 1
72 1
70 3
0 1
67 1
70 1
72 2
0 1
72 1
70 2
67 1
0 1
65 1
67 1
63 1
65 1
67 3
0 9
67 2
75 2
72 2
70 2
72 2
75 2
72 8
0 148
70 1
0 3
70 1
0 3
70 2
0 1
67 1
70 2
0 2
63 2
0 2
63 2
0 2
63 2
0 1
60 1
63 3
0 1
67 1
0 1
67 1
70 1
67 1
0 1
65 1
0 1
63 1
60 1
63 1
65 1
67 2
0 2
65 1
65 1
0 1
67 1
70 1
0 1
70 1
67 1
65 1
67 1
65 1
63 1
65 3
0 1
63 2
60 1
58 1
58 4
0 8
67 1
70 1
67 1
65 1
67 5
0 7
63 1
63 1
0 1
63 1
60 2
58 1
0 1
67 1
67 1
0 1
70 1
72 1
70 1
72 2
70 4
0 2
65 1
67 1
70 1
72 1
70 3
0 1
67 1
70 1
72 2
0 1
72 1
70 2
67 1
0 1
65 1
67 1
63 1
65 1
67 3
0 9
67 2
75 2
72 2
70 2
72 2
75 2
72 8
