Ab:maj [0, 3, 8] 8 4 
F:maj [0, 5, 9] 5 4 
Bb:min7 [1, 5, 8, 10] 10 4 
Eb:maj [3, 7, 10] 3 4 
Ab:maj [0, 3, 8] 8 4 
F:maj [0, 5, 9] 5 4 
C#:maj [1, 5, 8] 1 3 
Ab:maj [0, 3, 8] 8 1 
Eb:maj [3, 7, 10] 3 4 
Ab:maj [0, 3, 8] 8 4 
F:maj [0, 5, 9] 5 4 
C#:maj [1, 5, 8] 1 4 
Eb:maj [3, 7, 10] 3 4 
Ab:maj [0, 3, 8] 8 4 
F:maj [0, 5, 9] 5 4 
C#:maj [1, 5, 8] 1 4 
Eb:maj [3, 7, 10] 3 4 
Bb:sus2 [0, 5, 10] 10 4 
F:maj [0, 5, 9] 5 2 
Eb:maj [3, 7, 10] 3 2 
C#:maj [1, 5, 8] 1 4 
Eb:maj [3, 7, 10] 3 4 
Ab:maj [0, 3, 8] 8 4 
F:maj [0, 5, 9] 5 4 
C#:maj [1, 5, 8] 1 4 
Eb:maj [3, 7, 10] 3 3 
Ab:maj [0, 3, 8] 8 5 
F:maj [0, 5, 9] 5 4 
C#:maj [1, 5, 8] 1 4 
Eb:maj [3, 7, 10] 3 4 
Ab:maj [0, 3, 8] 8 4 
G:maj [2, 7, 11] 7 4 
E:maj [4, 8, 11] 4 4 
C:maj [0, 4, 7] 0 4 
A:min7 [0, 4, 7, 9] 9 4 
A:sus2 [4, 9, 11] 9 4 
E:maj [4, 8, 11] 4 2 
D:maj [2, 6, 9] 2 2 
C:maj [0, 4, 7] 0 4 
D:maj [2, 6, 9] 2 4 
G:maj [2, 7, 11] 7 4 
E:maj [4, 8, 11] 4 4 
C:maj [0, 4, 7] 0 4 
A:min7 [0, 4, 7, 9] 9 2 
D:sus2 [2, 4, 9] 2 2 
G:maj [2, 7, 11] 7 4 
E:maj [4, 8, 11] 4 4 
C:maj [0, 4, 7] 0 4 
A:min9 [0, 4, 7, 9, 11] 9 2 
D:sus2 [2, 4, 9] 2 2 
C:maj [0, 4, 7] 0 2 
E:maj/5 [4, 8, 11] 11 2 
E:maj [4, 8, 11] 4 2 
D:maj [2, 6, 9] 2 2 
A:sus2 [4, 9, 11] 9 4 
D:maj [2, 6, 9] 2 4 
Ab:maj [0, 3, 8] 8 4 
F:maj [0, 5, 9] 5 4 
C#:maj [1, 5, 8] 1 4 
Eb:maj [3, 7, 10] 3 3 
Ab:maj [0, 3, 8] 8 5 
F:maj [0, 5, 9] 5 4 
C#:maj [1, 5, 8] 1 4 
Eb:maj [3, 7, 10] 3 4 
F:maj [0, 5, 9] 5 2 
Ab:maj [0, 3, 8] 8 6 
F:maj [0, 5, 9] 5 2 
Ab:maj [0, 3, 8] 8 2 
