0 127
70 1
70 1
68 1
68 1
68 1
68 1
68 1
68 1
70 1
70 1
68 1
68 1
68 1
63 1
0 1
68 1
70 1
70 1
68 1
68 1
68 1
68 1
68 1
68 1
70 1
70 1
70 1
70 1
68 1
68 1
68 1
68 2
70 1
70 1
70 1
68 1
68 1
0 1
70 1
70 1
70 1
70 1
70 1
65 1
68 1
0 2
68 1
70 1
68 1
68 1
70 1
70 1
68 1
68 1
70 1
70 1
68 1
68 1
68 1
72 2
70 2
0 1
72 1
75 1
72 1
72 1
75 1
72 1
75 1
0 1
72 1
75 1
72 1
75 1
75 1
75 1
68 1
0 1
65 1
68 1
75 1
75 1
70 1
70 1
70 1
70 1
70 1
70 1
68 1
75 1
72 1
72 2
0 1
75 1
75 1
70 1
70 1
70 1
70 1
68 1
68 1
75 1
75 1
70 1
70 1
70 1
70 1
68 1
68 1
0 2
68 1
68 1
68 1
68 1
73 1
73 1
72 1
72 1
70 1
70 1
68 1
65 1
68 2
0 2
68 1
73 1
0 1
73 2
72 1
0 1
70 1
0 1
70 1
0 1
68 1
70 1
72 2
70 1
68 1
68 1
0 1
68 1
0 1
68 1
67 1
65 3
0 1
68 1
70 1
72 1
0 1
70 1
68 1
0 2
70 1
72 2
0 1
70 1
72 2
0 1
77 1
77 3
75 1
75 5
0 4
72 2
75 2
0 3
75 1
75 1
75 1
75 1
80 1
80 1
79 1
79 1
77 1
77 1
0 1
75 1
75 1
75 1
72 1
72 1
75 1
75 1
72 1
72 1
75 1
75 1
0 2
72 1
70 3
68 1
0 3
75 1
75 1
75 1
75 1
80 1
80 1
79 1
79 1
77 1
77 1
0 1
75 1
77 1
77 1
75 1
75 1
77 1
77 1
75 1
75 1
77 1
77 1
75 1
75 2
0 1
72 2
75 1
0 3
75 1
75 1
75 1
75 1
80 1
80 1
79 1
79 1
77 1
77 1
0 1
75 1
75 1
75 1
72 1
72 1
75 1
75 1
72 1
72 1
75 1
75 1
0 2
72 1
70 2
0 1
68 1
0 3
75 1
75 1
75 1
75 1
80 1
80 1
82 1
82 1
79 1
80 1
0 1
77 1
79 1
80 1
0 1
79 1
0 1
77 1
0 1
75 1
77 1
77 1
0 1
75 1
0 1
72 2
70 1
0 1
70 1
68 1
68 5
0 10
71 1
74 1
0 1
71 1
74 1
71 1
74 1
0 1
71 1
74 1
71 1
74 1
0 1
67 1
0 2
64 1
67 1
74 1
74 1
69 1
69 1
69 1
69 1
69 1
69 1
67 1
74 1
71 1
71 2
0 1
74 1
74 1
69 1
69 1
69 1
69 1
67 1
67 1
74 1
74 1
69 1
69 1
69 1
69 1
67 1
67 1
0 2
67 1
67 1
67 1
67 1
72 1
72 1
71 1
71 1
69 1
69 1
0 1
64 1
67 2
0 2
67 1
72 1
0 1
72 2
71 1
0 1
69 1
0 1
69 1
0 1
67 1
69 1
71 1
0 1
71 1
76 2
71 1
74 2
76 1
0 5
67 1
69 1
71 1
0 1
69 1
67 1
0 2
69 1
71 2
0 1
69 1
71 2
0 1
76 1
76 3
74 6
0 1
74 1
79 1
83 2
0 1
78 1
0 1
79 3
74 1
74 1
74 1
74 1
79 1
79 1
78 1
78 1
76 1
76 1
0 1
74 1
74 1
74 1
71 1
71 1
74 1
74 1
71 1
71 1
74 1
74 1
0 2
71 1
69 3
67 1
0 3
74 1
74 1
74 1
74 1
79 1
79 1
78 1
78 1
76 1
76 1
0 1
74 1
76 1
76 1
74 1
74 1
76 1
76 1
74 1
74 1
76 1
76 1
74 1
74 2
0 1
71 2
74 1
0 3
74 1
74 1
74 1
74 1
79 1
79 1
78 1
78 1
76 1
76 1
0 1
74 1
74 1
74 1
71 1
71 1
74 1
74 1
71 1
71 1
74 1
74 1
0 2
71 1
69 2
0 1
67 1
0 3
74 1
74 1
74 1
74 1
79 1
79 1
81 1
81 1
78 1
79 1
0 1
76 1
78 1
79 1
0 1
78 1
0 1
76 1
0 1
74 1
76 1
76 1
0 1
74 1
0 1
71 2
69 1
0 3
76 1
0 1
76 1
0 1
76 1
0 1
78 1
0 1
78 1
78 1
0 2
78 1
78 1
79 1
0 1
79 1
81 2
0 1
78 1
79 2
0 4
64 1
76 1
78 1
79 1
0 1
78 1
76 1
0 2
78 1
79 2
0 1
74 1
74 1
0 1
81 1
0 1
81 5
0 1
79 1
86 1
83 1
81 4
0 7
75 1
75 1
75 1
75 1
80 1
80 1
79 1
79 1
77 1
77 1
0 1
75 1
75 1
75 1
72 1
72 1
75 1
75 1
72 1
72 1
75 1
75 1
0 2
72 1
70 3
68 1
0 3
75 1
75 1
75 1
75 1
80 1
80 1
79 1
79 1
77 1
77 1
0 1
75 1
77 1
77 1
75 1
75 1
77 1
77 1
75 1
75 1
77 1
77 1
75 1
75 2
0 1
72 2
75 1
0 3
75 1
75 1
75 1
75 1
80 1
80 1
79 1
79 1
77 1
77 1
0 1
75 1
75 1
75 1
72 1
72 1
75 1
75 1
72 1
72 1
75 1
75 1
0 2
72 1
70 2
0 1
68 1
0 3
75 1
75 1
75 1
75 1
80 1
80 1
82 1
82 1
79 1
80 1
0 1
77 1
79 1
80 1
0 1
79 1
0 1
77 1
0 1
75 1
77 1
77 1
0 1
75 1
0 1
72 2
70 1
63 1
72 1
68 1
68 5
0 1
73 4
0 2
72 1
68 5
0 4
68 1
70 1
75 2
0 3
63 1
72 6
0 2
73 3
72 3
68 1
68 9
