A:sus2 [4, 9, 11] 9 4 
F#:min [1, 6, 9] 6 4 
D:maj [2, 6, 9] 2 4 
E:maj [4, 8, 11] 4 4 
A:maj [1, 4, 9] 9 4 
F#:min [1, 6, 9] 6 3 
E:sus4 [4, 9, 11] 4 1 
D:maj [2, 6, 9] 2 4 
E:maj [4, 8, 11] 4 4 
A:maj [1, 4, 9] 9 8 
F#:min [1, 6, 9] 6 2 
E:maj [4, 8, 11] 4 4 
F#:min [1, 6, 9] 6 2 
D:maj [2, 6, 9] 2 2 
E:maj [4, 8, 11] 4 2 
A:maj [1, 4, 9] 9 2 
F#:min [1, 6, 9] 6 2 
A:maj [1, 4, 9] 9 4 
F#:min [1, 6, 9] 6 2 
D:maj [2, 6, 9] 2 2 
E:maj [4, 8, 11] 4 2 
F#:min [1, 6, 9] 6 1 
E:maj/3 [4, 8, 11] 8 1 
A:maj [1, 4, 9] 9 4 
F#:min [1, 6, 9] 6 2 
E:maj [4, 8, 11] 4 4 
F#:min [1, 6, 9] 6 2 
D:maj [2, 6, 9] 2 2 
E:maj [4, 8, 11] 4 2 
A:maj [1, 4, 9] 9 2 
F#:min [1, 6, 9] 6 2 
A:maj [1, 4, 9] 9 4 
F#:min [1, 6, 9] 6 2 
D:maj [2, 6, 9] 2 2 
E:maj [4, 8, 11] 4 2 
F#:min [1, 6, 9] 6 1 
E:maj/3 [4, 8, 11] 8 1 
A:maj [1, 4, 9] 9 2 
D:maj [2, 6, 9] 2 1 
E:maj [4, 8, 11] 4 1 
F#:min [1, 6, 9] 6 2 
C#:min [1, 4, 8] 1 2 
B:min [2, 6, 11] 11 1 
A:maj [1, 4, 9] 9 1 
E:maj/3 [4, 8, 11] 8 1 
F#:min [1, 6, 9] 6 1 
D:maj [2, 6, 9] 2 2 
E:maj [4, 8, 11] 4 2 
A:maj [1, 4, 9] 9 2 
D:maj [2, 6, 9] 2 1 
E:maj [4, 8, 11] 4 1 
F#:min [1, 6, 9] 6 2 
C#:min [1, 4, 8] 1 2 
B:min [2, 6, 11] 11 1 
A:maj [1, 4, 9] 9 1 
E:maj/3 [4, 8, 11] 8 1 
F#:min [1, 6, 9] 6 1 
E:maj [4, 8, 11] 4 4 
A:sus2 [4, 9, 11] 9 3 
A:maj [1, 4, 9] 9 1 
F#:min [1, 6, 9] 6 4 
D:maj [2, 6, 9] 2 4 
E:sus4(b7) [4, 9, 11] 4 4 
A:maj [1, 4, 9] 9 8 
F#:min [1, 6, 9] 6 2 
E:maj [4, 8, 11] 4 4 
F#:min [1, 6, 9] 6 2 
D:maj [2, 6, 9] 2 2 
E:maj [4, 8, 11] 4 2 
A:maj [1, 4, 9] 9 2 
F#:min [1, 6, 9] 6 2 
A:maj [1, 4, 9] 9 4 
F#:min [1, 6, 9] 6 2 
D:maj [2, 6, 9] 2 2 
E:maj [4, 8, 11] 4 2 
F#:min [1, 6, 9] 6 1 
E:maj/3 [4, 8, 11] 8 1 
A:maj [1, 4, 9] 9 2 
D:maj [2, 6, 9] 2 1 
E:maj [4, 8, 11] 4 1 
F#:min [1, 6, 9] 6 2 
C#:min [1, 4, 8] 1 2 
B:min [2, 6, 11] 11 1 
A:maj [1, 4, 9] 9 1 
E:maj/3 [4, 8, 11] 8 1 
F#:min [1, 6, 9] 6 1 
D:maj [2, 6, 9] 2 2 
E:maj [4, 8, 11] 4 2 
A:maj [1, 4, 9] 9 2 
D:maj [2, 6, 9] 2 1 
E:maj [4, 8, 11] 4 1 
F#:min [1, 6, 9] 6 2 
C#:min [1, 4, 8] 1 2 
B:min [2, 6, 11] 11 1 
A:maj [1, 4, 9] 9 1 
E:maj/3 [4, 8, 11] 8 1 
F#:min [1, 6, 9] 6 1 
E:maj [4, 8, 11] 4 4 
A:maj [1, 4, 9] 9 2 
D:maj [2, 6, 9] 2 1 
E:maj [4, 8, 11] 4 1 
F#:min [1, 6, 9] 6 2 
C#:min [1, 4, 8] 1 2 
B:min [2, 6, 11] 11 1 
A:maj [1, 4, 9] 9 1 
E:maj/3 [4, 8, 11] 8 1 
F#:min [1, 6, 9] 6 1 
D:maj [2, 6, 9] 2 2 
E:maj [4, 8, 11] 4 2 
A:maj [1, 4, 9] 9 2 
D:maj [2, 6, 9] 2 1 
E:maj [4, 8, 11] 4 1 
F#:min [1, 6, 9] 6 2 
C#:min [1, 4, 8] 1 2 
B:min [2, 6, 11] 11 1 
A:maj [1, 4, 9] 9 1 
E:maj/3 [4, 8, 11] 8 1 
F#:min [1, 6, 9] 6 1 
E:maj [4, 8, 11] 4 4 
B:min [2, 6, 11] 11 1 
A:maj [1, 4, 9] 9 1 
E:maj/3 [4, 8, 11] 8 1 
F#:min [1, 6, 9] 6 1 
E:maj [4, 8, 11] 4 2 
D:maj [2, 6, 9] 2 3 
A:maj [1, 4, 9] 9 3 
A:maj(9) [1, 4, 7, 9, 11] 9 1 
F#:min [1, 6, 9] 6 4 
D:maj [2, 6, 9] 2 4 
E:maj [4, 8, 11] 4 2 
E:sus4(b7,9) [2, 4, 6, 8, 11] 4 3 
A:maj [1, 4, 9] 9 1 
A:maj/5 [1, 4, 9] 4 3 
