0 144
78 1
81 3
81 1
0 1
81 1
0 1
81 2
78 2
76 3
0 1
76 2
81 2
78 2
76 2
76 2
0 1
73 1
71 2
0 2
71 2
73 2
76 2
76 2
71 1
73 1
71 1
69 1
66 2
0 1
66 1
71 1
0 1
71 1
69 1
66 1
66 1
69 1
66 1
64 4
0 4
76 3
0 1
76 2
76 2
73 2
71 2
66 2
64 1
0 1
76 1
0 1
76 1
76 1
78 1
0 1
76 1
73 1
76 3
78 1
76 2
0 1
66 1
76 2
78 2
81 2
81 1
0 1
78 1
81 1
78 1
76 1
73 1
71 1
69 1
69 1
71 1
0 1
71 1
73 1
71 1
69 1
69 1
0 1
66 7
0 1
69 3
0 1
69 1
0 1
69 1
0 1
69 1
0 1
69 1
66 1
64 2
0 2
76 2
78 1
81 1
78 1
76 1
76 1
73 1
76 3
73 1
71 2
0 2
71 2
73 2
76 2
76 1
0 1
71 1
73 1
71 1
69 1
66 2
0 2
71 1
0 1
71 1
69 1
66 1
0 1
69 1
66 1
64 6
0 2
76 3
0 1
76 1
0 1
76 1
76 1
73 1
0 1
73 1
71 1
69 1
66 1
64 1
0 1
76 1
0 1
76 1
76 1
78 1
76 1
76 1
73 1
76 2
0 1
78 1
76 2
0 2
76 2
78 2
81 1
0 1
81 1
0 1
78 1
81 1
78 1
0 1
73 1
71 1
69 1
0 1
71 2
73 1
0 1
71 1
69 1
69 1
66 1
69 7
0 1
81 3
0 1
81 3
0 1
76 2
73 2
76 3
0 1
81 1
0 1
81 1
81 1
78 1
0 1
76 1
73 1
76 3
78 1
76 4
71 3
73 1
76 2
0 2
66 2
64 1
66 1
69 2
0 2
69 1
0 1
69 1
73 1
71 1
69 1
69 1
66 1
64 2
0 1
66 1
64 2
0 2
81 3
0 1
81 3
0 1
76 2
73 2
76 3
0 1
81 1
0 1
81 1
81 1
78 1
76 1
81 1
78 1
76 3
78 1
76 4
71 3
73 1
76 2
0 2
66 2
64 1
66 1
69 2
0 2
71 1
71 1
71 1
69 1
66 1
66 1
69 1
66 1
64 4
0 84
78 1
81 3
81 1
0 1
81 1
0 1
81 2
78 2
76 3
0 1
76 2
78 1
81 1
76 1
76 1
76 1
73 1
76 2
0 1
73 1
71 2
0 2
71 2
73 2
76 2
76 2
71 1
73 1
71 1
69 1
66 3
0 1
71 1
0 1
71 1
69 1
66 2
69 1
66 1
64 7
0 1
76 3
0 1
76 2
76 2
73 2
71 2
66 2
64 1
0 1
76 1
0 1
76 1
76 1
78 1
0 1
76 1
73 1
76 3
78 1
76 2
0 1
66 1
76 2
78 2
81 2
81 1
0 1
78 1
81 1
78 1
76 1
73 1
71 1
69 1
0 1
71 1
0 1
71 1
73 1
71 1
69 1
69 1
66 1
69 8
81 3
81 5
76 2
73 2
76 3
0 1
81 1
0 1
81 1
81 1
78 1
0 1
76 1
73 1
76 3
78 1
76 4
71 3
73 1
76 2
0 2
66 2
64 1
66 1
69 4
69 1
0 1
69 1
73 1
71 1
69 1
69 1
66 1
64 3
66 1
64 4
81 3
0 1
81 3
0 1
76 2
73 2
76 3
0 1
81 1
0 1
81 1
81 1
78 1
76 1
81 1
78 1
76 3
78 1
76 4
71 3
73 1
76 2
0 2
66 2
64 1
66 1
69 4
71 1
71 1
71 1
69 1
66 1
64 1
69 1
66 1
64 4
0 4
81 3
81 5
76 2
73 2
76 3
0 1
81 1
0 1
81 1
81 1
78 1
0 1
76 1
73 1
76 3
78 1
76 4
71 3
73 1
76 2
0 2
66 2
64 1
66 1
69 4
69 1
0 1
69 1
73 1
71 1
69 1
69 1
66 1
64 3
66 1
64 4
81 3
0 1
81 3
0 1
76 2
73 2
76 3
0 1
81 1
0 1
81 1
81 1
78 1
76 1
81 1
78 1
76 3
78 1
76 4
71 3
73 1
76 2
0 2
66 2
64 1
66 1
69 4
71 1
71 1
71 1
69 1
66 1
64 1
69 1
66 1
64 4
0 4
71 3
73 1
76 2
0 2
66 2
64 1
66 1
69 4
0 2
83 1
0 1
83 2
81 3
78 2
76 2
81 3
78 4
78 1
76 16
