D:maj [2, 6, 9] 2 2 
A:maj [1, 4, 9] 9 2 
E:min [4, 7, 11] 4 2 
B:min [2, 6, 11] 11 2 
E:min [4, 7, 11] 4 2 
D:maj [2, 6, 9] 2 2 
F#:min [1, 6, 9] 6 4 
G:maj [2, 7, 11] 7 2 
A:maj [1, 4, 9] 9 2 
E:min7 [2, 4, 7, 11] 4 2 
B:min [2, 6, 11] 11 2 
G:maj [2, 7, 11] 7 2 
F#:min [1, 6, 9] 6 2 
E:min7 [2, 4, 7, 11] 4 1 
F#:min/b3 [1, 6, 9] 9 1 
B:min [2, 6, 11] 11 8 
E:min/b3 [4, 7, 11] 7 1 
A:maj [1, 4, 9] 9 1 
B:min [2, 6, 11] 11 4 
A:maj [1, 4, 9] 9 2 
F#:sus4 [1, 6, 11] 6 4 
B:sus2 [1, 6, 11] 11 2 
E:min [4, 7, 11] 4 2 
A:maj [1, 4, 9] 9 2 
B:min [2, 6, 11] 11 2 
G:maj [2, 7, 11] 7 2 
A:maj [1, 4, 9] 9 2 
B:min [2, 6, 11] 11 8 
E:min/b3 [4, 7, 11] 7 1 
A:maj [1, 4, 9] 9 1 
B:min [2, 6, 11] 11 4 
A:maj [1, 4, 9] 9 2 
F#:sus4 [1, 6, 11] 6 4 
B:min [2, 6, 11] 11 2 
E:min [4, 7, 11] 4 2 
F#:min/b3 [1, 6, 9] 9 2 
B:min [2, 6, 11] 11 2 
G:maj7 [2, 5, 7, 11] 7 2 
A:maj [1, 4, 9] 9 2 
B:min [2, 6, 11] 11 4 
D:maj [2, 6, 9] 2 2 
A:maj [1, 4, 9] 9 2 
E:min7 [2, 4, 7, 11] 4 2 
B:min [2, 6, 11] 11 2 
E:min7 [2, 4, 7, 11] 4 2 
D:maj [2, 6, 9] 2 2 
F#:maj [1, 6, 10] 6 4 
G:maj [2, 7, 11] 7 2 
A:maj [1, 4, 9] 9 2 
F#:min [1, 6, 9] 6 2 
B:min7 [2, 6, 9, 11] 11 2 
G:maj [2, 7, 11] 7 2 
F#:min [1, 6, 9] 6 2 
E:min [4, 7, 11] 4 1 
A:maj [1, 4, 9] 9 1 
B:min [2, 6, 11] 11 2 
D:maj [2, 6, 9] 2 2 
A:maj [1, 4, 9] 9 2 
E:min7 [2, 4, 7, 11] 4 2 
B:min [2, 6, 11] 11 2 
E:min7 [2, 4, 7, 11] 4 2 
D:maj [2, 6, 9] 2 2 
F#:maj [1, 6, 10] 6 4 
G:maj [2, 7, 11] 7 2 
A:maj [1, 4, 9] 9 2 
E:min7 [2, 4, 7, 11] 4 2 
B:min [2, 6, 11] 11 2 
G:maj [2, 7, 11] 7 2 
A:maj [1, 4, 9] 9 2 
E:min [4, 7, 11] 4 2 
B:min [2, 6, 11] 11 4 
D:maj [2, 6, 9] 2 2 
A:maj [1, 4, 9] 9 2 
E:min [4, 7, 11] 4 2 
B:sus2 [1, 6, 11] 11 2 
E:min [4, 7, 11] 4 2 
D:maj [2, 6, 9] 2 2 
F#:sus4 [1, 6, 11] 6 4 
G:maj [2, 7, 11] 7 2 
A:maj [1, 4, 9] 9 2 
E:min7 [2, 4, 7, 11] 4 2 
B:min [2, 6, 11] 11 2 
G:maj7 [2, 5, 7, 11] 7 2 
F#:min [1, 6, 9] 6 2 
E:min7 [2, 4, 7, 11] 4 1 
E:min [4, 7, 11] 4 1 
B:min [2, 6, 11] 11 8 
E:min/b3 [4, 7, 11] 7 1 
A:maj [1, 4, 9] 9 1 
B:min [2, 6, 11] 11 4 
A:maj [1, 4, 9] 9 2 
F#:sus4 [1, 6, 11] 6 4 
B:min [2, 6, 11] 11 2 
E:min [4, 7, 11] 4 2 
F#:min/b3 [1, 6, 9] 9 2 
B:min [2, 6, 11] 11 2 
G:maj7 [2, 5, 7, 11] 7 2 
A:maj [1, 4, 9] 9 2 
B:min [2, 6, 11] 11 4 
D:maj [2, 6, 9] 2 2 
A:maj [1, 4, 9] 9 2 
E:min7 [2, 4, 7, 11] 4 2 
B:min [2, 6, 11] 11 2 
E:min7 [2, 4, 7, 11] 4 2 
D:maj [2, 6, 9] 2 2 
F#:maj [1, 6, 10] 6 4 
G:maj [2, 7, 11] 7 2 
A:maj [1, 4, 9] 9 2 
F#:min [1, 6, 9] 6 2 
B:min7 [2, 6, 9, 11] 11 2 
G:maj [2, 7, 11] 7 2 
F#:min [1, 6, 9] 6 2 
E:min [4, 7, 11] 4 2 
B:min [2, 6, 11] 11 2 
D:maj [2, 6, 9] 2 2 
A:maj [1, 4, 9] 9 2 
E:min7 [2, 4, 7, 11] 4 2 
B:min [2, 6, 11] 11 2 
E:min7 [2, 4, 7, 11] 4 2 
D:maj [2, 6, 9] 2 2 
F#:maj [1, 6, 10] 6 4 
G:maj [2, 7, 11] 7 2 
A:maj [1, 4, 9] 9 2 
E:min7 [2, 4, 7, 11] 4 2 
B:min [2, 6, 11] 11 2 
G:maj [2, 7, 11] 7 2 
A:maj [1, 4, 9] 9 2 
E:min [4, 7, 11] 4 2 
B:min [2, 6, 11] 11 4 
G:maj [2, 7, 11] 7 3 
F#:min [1, 6, 9] 6 3 
E:min7 [2, 4, 7, 11] 4 3 
F#:min [1, 6, 9] 6 5 
B:sus2 [1, 6, 11] 11 4 
E:min [4, 7, 11] 4 2 
