0 136
71 2
66 2
69 1
0 1
71 1
0 1
71 2
0 4
69 2
71 1
0 1
74 2
73 1
0 1
69 1
0 1
71 2
0 6
66 2
69 2
71 2
74 2
73 2
0 2
69 2
64 2
66 3
0 13
71 2
66 2
71 1
0 1
78 2
76 2
0 6
76 2
74 2
76 2
78 2
74 3
0 5
66 2
69 2
71 2
74 2
73 2
0 2
74 1
0 1
73 3
0 1
71 2
0 12
71 2
66 2
69 1
0 1
71 1
0 1
71 2
0 4
69 2
71 1
0 1
74 2
73 1
0 1
69 1
0 1
71 2
0 6
66 2
69 2
71 2
74 2
73 2
0 2
69 2
64 2
66 3
0 13
71 2
66 2
71 1
0 1
78 2
76 2
0 6
76 2
74 2
76 2
78 2
74 3
0 5
66 2
69 2
71 2
74 2
73 2
0 2
74 1
0 1
73 3
0 1
71 2
0 8
74 1
0 1
76 1
0 1
78 3
0 1
78 1
0 1
81 1
0 1
76 2
0 4
74 1
0 1
76 2
0 2
76 1
0 1
78 1
0 1
71 2
0 4
71 1
0 1
76 1
0 1
76 1
0 1
76 1
0 1
78 1
0 1
74 2
76 2
81 2
76 1
0 1
78 2
0 10
78 1
0 1
81 1
0 1
83 3
0 1
83 2
81 2
76 2
0 4
74 2
76 3
0 1
81 3
0 1
78 2
0 2
71 1
0 1
73 1
74 3
73 2
74 1
0 1
78 1
0 1
73 2
0 2
73 2
66 1
0 1
76 2
0 2
74 2
73 2
71 2
0 2
74 1
0 1
76 1
0 1
78 3
0 1
78 1
0 1
81 1
0 1
76 2
0 4
74 1
0 1
76 2
0 2
76 1
0 1
78 1
0 1
71 2
0 4
71 1
0 1
76 1
0 1
76 1
0 1
76 1
0 1
78 1
0 1
74 2
76 2
81 2
76 1
0 1
78 2
0 10
78 1
0 1
81 1
0 1
83 3
0 1
83 2
81 2
76 2
0 4
74 2
76 3
0 1
81 3
0 1
78 2
0 2
71 1
0 1
73 1
74 3
73 2
74 1
0 1
78 1
0 1
73 2
0 2
73 2
66 1
0 1
76 2
0 2
74 2
73 2
71 2
0 150
71 2
66 2
69 1
0 1
71 1
0 1
71 2
0 4
69 2
71 1
0 1
74 2
73 1
0 1
69 1
0 1
71 2
0 6
66 2
69 2
71 2
74 2
73 2
0 2
69 2
64 2
66 3
0 13
71 2
66 2
71 1
0 1
78 2
76 2
0 6
76 2
74 2
76 2
78 2
74 3
0 5
66 2
69 2
71 2
74 2
73 2
0 2
74 1
0 1
73 3
0 1
71 2
0 8
74 1
0 1
76 1
0 1
78 3
0 1
78 1
0 1
81 1
0 1
76 2
0 4
74 1
0 1
76 2
0 2
76 1
0 1
78 1
0 1
71 2
0 4
71 1
0 1
76 1
0 1
76 1
0 1
76 1
0 1
78 1
0 1
74 2
76 2
81 2
76 1
0 1
78 2
0 10
78 1
0 1
81 1
0 1
83 3
0 1
83 2
81 2
76 2
0 4
74 2
76 3
0 1
81 3
0 1
78 2
0 2
71 1
0 1
73 1
74 3
73 2
74 1
0 1
78 1
0 1
73 2
0 2
73 2
66 1
0 1
76 2
0 2
74 2
73 2
71 2
0 2
74 1
0 1
76 1
0 1
78 3
0 1
78 1
0 1
81 1
0 1
76 2
0 4
74 1
0 1
76 2
0 2
76 1
0 1
78 1
0 1
71 2
0 4
71 1
0 1
76 1
0 1
76 1
0 1
76 1
0 1
78 1
0 1
74 2
76 2
81 2
76 1
0 1
78 2
0 10
78 1
0 1
81 1
0 1
83 3
0 1
83 2
81 2
76 2
0 4
74 2
76 3
0 1
81 3
0 1
78 2
0 2
71 1
0 1
73 1
74 3
73 2
74 1
0 1
78 1
0 1
73 2
0 2
73 2
66 1
0 1
76 2
0 2
74 2
73 2
71 2
0 10
71 2
73 1
0 1
74 2
73 2
74 2
78 4
73 4
0 8
73 2
66 2
0 1
76 12
0 1
74 8
71 3
