0 144
64 3
0 1
64 3
0 1
64 3
0 1
64 2
69 2
67 4
62 3
0 1
62 7
0 1
60 3
0 1
60 3
0 1
60 3
0 1
60 1
0 1
65 1
0 1
64 3
0 1
59 4
59 4
60 1
0 1
59 2
57 3
0 1
57 3
0 1
57 2
59 1
0 1
60 1
0 1
62 2
60 4
55 4
64 4
0 2
64 2
62 2
60 1
0 1
60 2
57 1
0 1
59 4
60 4
62 13
0 3
64 3
0 1
64 3
0 1
64 3
0 1
64 2
69 2
67 4
62 3
0 1
62 7
0 1
60 3
0 1
60 3
0 1
60 3
0 1
60 1
0 1
65 1
0 1
64 3
0 1
59 4
59 4
60 1
0 1
59 2
57 3
0 1
57 3
0 1
57 2
59 2
60 1
0 1
62 2
60 4
55 4
64 4
0 2
64 2
62 2
60 1
0 1
60 2
57 1
0 1
59 4
62 4
60 13
0 19
60 3
0 1
60 3
0 1
60 2
62 2
64 1
0 1
65 1
0 1
67 3
0 1
67 3
0 1
67 3
0 1
64 2
62 2
60 3
0 1
60 3
0 1
60 1
0 1
62 2
64 1
0 1
65 2
67 3
0 1
67 3
0 1
67 3
0 1
64 2
62 2
60 3
0 1
72 3
0 1
71 3
0 1
67 3
0 1
69 3
0 1
67 1
0 1
65 1
0 1
67 3
0 3
60 1
0 1
65 3
0 1
67 3
0 1
69 5
0 1
67 3
0 1
67 9
0 5
60 3
0 1
60 3
0 1
60 2
62 2
64 1
0 1
65 1
0 1
67 3
0 1
67 3
0 1
67 3
0 1
64 2
62 2
60 3
0 1
60 3
0 1
60 1
0 1
62 2
64 1
0 1
65 2
67 3
0 1
67 3
0 1
67 3
0 1
64 2
62 2
60 3
0 1
72 3
0 1
71 3
0 1
69 2
67 2
69 3
0 1
67 1
0 1
65 1
0 1
67 3
0 3
60 1
0 1
65 3
0 1
67 3
0 1
64 4
62 2
60 4
60 13
0 49
64 3
0 1
64 3
0 1
64 3
0 1
64 2
69 2
67 4
62 3
0 1
62 7
0 1
60 3
0 1
60 3
0 1
60 3
0 1
60 1
0 1
65 1
0 1
64 3
0 1
59 4
59 4
60 1
0 1
59 2
57 3
0 1
57 3
0 1
57 2
59 2
60 1
0 1
62 2
60 4
55 4
64 4
0 2
64 2
62 2
60 1
0 1
60 2
57 1
0 1
59 4
62 4
60 13
0 19
60 3
0 1
60 3
0 1
60 2
62 2
64 1
0 1
65 1
0 1
67 3
0 1
67 3
0 1
67 3
0 1
64 2
62 2
60 3
0 1
60 3
0 1
60 1
0 1
62 2
64 1
0 1
65 2
67 3
0 1
67 3
0 1
67 3
0 1
64 2
62 2
60 3
0 1
72 3
0 1
71 3
0 1
67 3
0 1
69 3
0 1
67 1
0 1
65 1
0 1
67 3
0 3
60 1
0 1
65 3
0 1
67 3
0 1
69 5
0 1
67 3
0 1
67 9
0 5
60 3
0 1
60 3
0 1
60 2
62 2
64 1
0 1
65 1
0 1
67 3
0 1
67 3
0 1
67 3
0 1
64 2
62 2
60 3
0 1
60 3
0 1
60 1
0 1
62 2
64 1
0 1
65 2
67 3
0 1
67 3
0 1
67 3
0 1
64 1
0 1
62 2
60 3
0 1
72 3
0 1
71 3
0 1
69 2
67 2
69 3
0 1
67 1
0 1
65 1
0 1
67 3
0 3
60 1
0 1
65 3
0 1
67 3
0 1
64 4
62 2
60 4
60 13
0 1
62 3
0 1
62 3
0 1
62 2
64 2
66 1
0 1
67 1
0 1
69 3
0 1
69 3
0 1
69 3
0 1
66 2
64 2
62 3
0 1
62 3
0 1
62 1
0 1
64 2
66 1
0 1
67 2
69 3
0 1
69 3
0 1
69 3
0 1
66 2
64 2
62 3
0 1
74 3
0 1
73 3
0 1
69 3
0 1
71 3
0 1
69 1
0 1
67 1
0 1
69 3
0 3
62 1
0 1
67 3
0 1
69 3
0 1
71 5
0 1
69 3
0 1
69 9
0 5
62 3
0 1
62 3
0 1
62 2
64 2
66 1
0 1
67 1
0 1
69 3
0 1
69 3
0 1
69 3
0 1
66 2
64 2
62 3
0 1
62 3
0 1
62 1
0 1
64 2
66 1
0 1
67 2
69 3
0 1
69 3
0 1
69 3
0 1
66 2
64 2
62 3
0 1
74 3
0 1
73 3
0 1
71 2
69 2
71 3
0 1
69 1
0 1
67 1
0 1
69 3
0 3
62 1
0 1
67 3
0 1
69 3
0 1
66 4
64 2
62 4
62 13
0 6
57 2
69 2
0 1
67 2
66 2
67 2
0 1
66 2
62 2
66 2
0 1
67 4
0 2
64 15
0 1
62 5
62 17
