0 127
65 1
74 1
0 1
74 1
72 2
74 2
0 8
72 1
70 2
70 1
70 3
67 7
0 2
65 1
70 1
0 1
70 1
72 1
0 1
74 4
0 6
70 1
74 2
72 1
72 2
69 5
0 5
77 1
79 1
79 1
79 1
79 1
79 1
0 1
77 1
77 1
0 1
79 2
0 2
79 1
77 1
74 1
77 1
74 1
77 1
74 1
77 1
74 1
0 1
77 2
0 6
70 1
74 1
0 1
72 4
0 6
72 1
74 1
0 1
70 6
0 10
65 1
74 1
0 1
74 1
72 2
74 2
0 8
72 1
70 2
70 1
70 3
67 7
0 2
65 1
70 1
0 1
70 1
72 1
0 1
74 4
0 5
74 1
70 1
74 2
72 1
72 2
69 5
0 5
77 1
79 1
79 1
79 1
79 1
79 1
0 1
77 1
77 1
0 1
79 2
0 2
79 1
77 1
74 1
0 2
74 1
77 1
0 1
74 1
0 1
77 2
0 6
70 1
74 1
0 1
72 4
0 6
74 1
0 1
72 1
0 1
70 4
0 8
65 1
70 1
0 1
72 1
75 2
74 1
74 1
0 1
70 5
0 6
75 1
0 1
74 1
72 1
0 2
70 2
72 1
72 1
0 1
70 1
74 2
0 1
74 1
75 1
0 1
74 1
72 1
0 1
70 5
0 6
75 1
0 1
74 1
72 1
0 1
70 1
70 1
70 1
72 1
0 1
74 1
72 1
0 1
70 1
0 1
72 1
75 2
74 1
74 1
0 1
70 5
0 6
75 1
0 1
74 1
72 1
0 2
70 2
72 1
72 1
0 1
70 1
74 2
0 1
74 1
75 1
0 1
74 1
72 1
0 1
70 5
0 6
75 1
0 1
74 1
72 1
0 1
70 1
70 1
70 1
72 1
0 1
74 1
72 1
0 1
70 2
0 1
70 7
0 24
65 1
74 1
0 1
74 1
72 2
74 2
0 8
72 1
70 2
70 1
70 3
67 7
0 2
65 1
70 1
0 1
70 1
72 1
0 1
74 4
0 5
74 1
70 1
74 2
72 1
72 2
69 5
0 5
77 1
79 1
79 1
79 1
79 1
79 1
0 1
77 1
77 1
0 1
79 2
0 2
79 1
77 1
74 1
0 2
74 1
77 1
0 1
74 1
0 1
77 2
0 6
70 1
74 1
0 1
72 4
0 6
74 1
0 1
72 1
0 1
70 4
0 9
65 1
70 1
72 1
75 2
74 1
74 1
0 1
70 5
0 6
75 1
0 1
74 1
72 1
0 2
70 2
72 1
72 1
0 1
70 1
74 2
0 1
74 1
75 1
0 1
74 1
72 1
0 1
70 5
0 6
75 1
0 1
74 1
72 1
0 1
70 1
70 1
70 1
72 1
0 1
74 1
72 1
0 1
70 1
0 1
72 1
75 2
74 1
74 1
0 1
70 5
0 6
75 1
0 1
74 1
72 1
0 2
70 2
72 1
72 1
0 1
70 1
74 1
65 1
70 1
72 1
75 1
0 1
74 1
72 1
0 1
70 5
0 6
75 1
0 1
74 1
72 1
0 1
70 1
70 1
70 1
72 1
0 1
74 1
72 1
0 1
70 2
0 1
70 7
0 139
72 1
72 1
72 1
0 1
74 1
75 2
0 1
74 1
72 2
0 1
70 1
74 2
77 5
0 12
72 1
72 1
72 1
0 1
74 1
75 2
0 3
74 1
72 1
0 1
70 1
74 6
0 12
72 1
72 1
72 1
0 1
74 1
75 2
0 1
79 1
0 1
77 1
0 1
75 1
77 13
0 6
77 1
77 1
77 1
0 1
77 1
77 2
0 2
77 1
77 1
77 1
0 1
77 1
77 1
79 12
67 1
72 1
74 1
77 2
76 1
76 1
0 1
72 5
0 6
77 1
0 1
76 1
74 1
0 2
72 2
74 1
74 1
0 1
72 1
76 2
0 1
76 1
77 1
0 1
76 1
74 1
0 1
72 5
0 6
77 1
0 1
76 1
74 1
0 1
72 1
72 1
72 1
74 1
0 1
76 1
74 1
0 1
72 1
0 1
74 1
77 2
76 1
76 1
0 1
72 5
0 6
77 1
0 1
76 1
74 1
0 2
72 2
74 1
74 1
0 1
72 1
76 1
67 1
72 1
74 1
77 1
0 1
76 1
74 1
0 1
72 5
0 6
77 1
0 1
76 1
74 1
0 1
72 1
72 1
72 1
74 1
0 1
76 1
74 1
0 1
72 2
74 1
77 1
0 1
76 1
74 2
0 1
79 9
0 1
77 1
0 1
76 1
74 1
0 2
72 2
74 1
74 1
72 1
76 2
67 1
72 1
76 1
77 1
0 1
76 1
74 1
0 1
72 7
0 4
77 1
0 1
76 1
74 1
0 1
72 1
72 1
72 1
74 1
0 1
76 1
74 1
0 1
72 1
0 1
74 1
77 2
76 1
76 1
0 1
72 5
0 6
77 1
0 1
76 1
74 1
0 2
72 2
74 1
74 1
72 1
76 1
0 1
67 1
72 1
74 1
77 1
0 1
76 1
74 1
0 1
72 5
0 6
77 1
0 1
76 1
74 1
0 1
72 1
72 1
72 1
74 1
0 1
76 1
74 1
0 2
72 18
0 13
67 1
72 1
74 1
77 2
76 1
74 2
72 9
0 2
77 3
76 2
0 2
74 2
72 4
0 2
77 9
76 6
0 1
74 1
72 1
67 8
74 3
74 2
72 19
