0 128
77 3
0 1
77 1
0 1
77 1
0 1
77 1
0 1
76 1
0 1
74 1
0 1
74 6
0 8
72 1
0 1
74 1
0 1
76 1
0 1
77 1
0 1
77 1
0 1
77 2
77 1
0 1
76 1
0 1
74 3
0 1
72 6
0 10
81 3
0 1
79 1
0 1
77 3
0 1
76 3
0 3
79 2
0 2
77 1
0 1
76 3
0 1
74 4
0 2
77 2
0 2
76 1
0 1
74 3
0 1
72 2
74 1
0 1
74 7
0 11
77 3
0 1
77 1
0 1
77 1
0 1
77 1
0 1
76 1
0 1
74 1
0 1
74 6
0 8
72 1
0 1
74 1
0 1
76 1
0 1
77 1
0 1
77 1
0 1
77 2
79 1
0 1
77 1
0 1
74 3
0 1
72 6
0 10
81 3
0 1
79 1
0 1
77 3
0 1
76 3
0 3
79 2
0 2
77 1
0 1
76 3
0 1
74 4
0 2
77 2
0 2
76 1
0 1
74 3
0 1
72 2
74 1
0 1
74 7
0 1
72 1
0 1
74 1
0 1
81 3
0 1
79 18
0 4
77 1
0 1
79 3
0 1
77 3
0 1
72 4
0 2
77 1
0 1
79 3
0 1
77 3
0 1
74 4
0 4
72 1
0 1
74 1
0 1
81 3
0 1
79 17
0 5
81 1
0 1
79 3
0 1
77 3
0 1
72 4
0 2
81 1
0 1
79 3
0 1
81 3
0 1
74 4
0 4
72 1
0 1
77 1
0 1
79 1
0 1
81 1
0 1
81 3
0 3
79 1
0 1
77 8
0 10
72 3
0 1
84 3
0 1
77 5
0 1
79 17
0 1
74 3
0 1
86 3
0 1
79 5
0 1
81 16
0 2
72 3
0 1
84 3
0 1
77 5
0 1
79 17
0 1
74 3
0 1
86 3
0 1
81 24
0 8
77 3
0 1
77 1
0 1
77 1
0 1
77 1
0 1
76 1
0 1
74 1
0 1
74 6
0 8
72 1
0 1
74 1
0 1
76 1
0 1
77 1
0 1
77 1
0 1
77 2
77 1
0 1
76 1
0 1
74 3
0 1
72 6
0 10
81 3
0 1
79 1
0 1
77 3
0 1
76 3
0 3
79 2
0 2
77 1
0 1
76 3
0 1
74 4
0 2
77 2
0 2
76 1
0 1
74 3
0 1
72 2
74 1
0 1
74 7
0 11
77 3
0 1
77 1
0 1
77 1
0 1
77 1
0 1
76 1
0 1
74 1
0 1
74 6
0 8
72 1
0 1
74 1
0 1
76 1
0 1
77 1
0 1
77 1
0 1
77 2
79 1
0 1
77 1
0 1
74 3
0 1
72 6
0 10
81 3
0 1
79 1
0 1
77 3
0 1
76 3
0 3
79 2
0 2
77 1
0 1
76 3
0 1
74 4
0 2
77 2
0 2
76 1
0 1
74 3
0 1
72 2
74 1
0 1
74 7
0 1
72 1
0 1
74 1
0 1
81 3
0 1
79 18
0 4
77 1
0 1
79 3
0 1
77 3
0 1
72 4
0 2
77 1
0 1
79 3
0 1
77 3
0 1
74 4
0 4
72 1
0 1
74 1
0 1
81 3
0 1
79 17
0 5
81 1
0 1
79 3
0 1
77 3
0 1
72 4
0 2
81 1
0 1
79 3
0 1
81 3
0 1
74 4
0 4
72 1
0 1
77 1
0 1
79 1
0 1
81 1
0 1
81 3
0 3
79 1
0 1
77 8
0 22
82 1
0 1
82 4
81 1
0 1
79 1
0 1
82 5
0 1
82 1
0 1
82 3
0 1
81 1
0 1
79 1
0 1
81 3
0 3
81 1
0 1
79 3
0 1
79 1
0 1
81 2
77 2
74 3
0 1
74 1
0 1
77 5
0 1
84 1
0 1
82 5
0 1
82 1
0 1
81 4
79 1
0 1
79 2
82 5
0 1
84 2
82 4
81 1
0 1
79 1
0 1
81 4
0 2
81 1
0 1
79 3
0 1
79 1
0 1
81 1
0 1
77 2
74 3
0 3
72 1
0 1
74 1
0 1
81 3
0 1
79 18
0 4
77 1
0 1
79 3
0 1
77 3
0 1
72 4
0 2
77 1
0 1
79 3
0 1
77 3
0 1
74 4
0 4
72 1
0 1
74 1
0 1
81 3
0 1
79 17
0 5
81 1
0 1
79 3
0 1
77 3
0 1
72 4
0 2
81 1
0 1
79 3
0 1
81 3
0 1
74 4
0 4
72 1
0 1
77 1
0 1
79 1
0 1
81 1
0 1
81 3
0 3
79 1
0 1
77 8
0 10
72 3
0 1
84 3
0 1
77 5
0 1
79 17
0 1
74 3
0 1
86 3
0 1
79 5
0 1
81 16
0 2
72 3
0 1
84 3
0 1
77 5
0 1
79 17
0 1
74 3
0 1
86 3
0 1
81 24
72 3
0 1
84 3
0 1
77 5
0 1
79 17
0 1
74 3
0 1
86 3
0 1
79 5
0 1
81 16
0 2
72 3
0 1
84 3
0 1
77 5
0 1
79 16
0 2
74 3
0 1
86 3
0 1
81 24
