G:maj [2, 7, 11] 7 4
B:min [2, 6, 11] 11 4
B:min7 [2, 6, 9, 11] 11 2
A:min [0, 4, 9] 9 2
D:sus4 [2, 7, 9] 2 4
G:sus2 [2, 7, 9] 7 2
G:maj [2, 7, 11] 7 2
D:maj [2, 6, 9] 2 4
E:sus4(b7) [4, 9, 11] 4 1
E:min7 [2, 4, 7, 11] 4 3
B:min7 [2, 6, 9, 11] 11 4
C:maj [0, 4, 7] 0 4
G:sus2 [2, 7, 9] 7 2
C#:dim [1, 4, 7] 1 2
C:sus2 [0, 2, 7] 0 2
C:maj [0, 4, 7] 0 2
C:min6 [0, 3, 7, 9] 0 2
D:maj [2, 6, 9] 2 2
G:sus2 [2, 7, 9] 7 4
E:min [4, 7, 11] 4 4
C:maj [0, 4, 7] 0 4
G:maj [2, 7, 11] 7 4
C:sus2 [0, 2, 7] 0 4
G:sus2 [2, 7, 9] 7 2
C#:dim [1, 4, 7] 1 2
C:sus2 [0, 2, 7] 0 4
D:maj [2, 6, 9] 2 4
G:maj [2, 7, 11] 7 4
B:min [2, 6, 11] 11 4
E:min [4, 7, 11] 4 4
B:min [2, 6, 11] 11 2
G:7 [2, 5, 7, 11] 7 2
C:maj [0, 4, 7] 0 2
B:min [2, 6, 11] 11 1
B:7 [3, 6, 9, 11] 11 1
E:min [4, 7, 11] 4 2
E:7/b7 [2, 4, 8, 11] 2 2
A:maj/3 [1, 4, 9] 1 2
C:maj [0, 4, 7] 0 2
D:maj [2, 6, 9] 2 4
G:maj [2, 7, 11] 7 4
B:min [2, 6, 11] 11 4
E:min [4, 7, 11] 4 4
B:min [2, 6, 11] 11 2
G:7 [2, 5, 7, 11] 7 2
C:maj [0, 4, 7] 0 2
B:min [2, 6, 11] 11 1
B:7 [3, 6, 9, 11] 11 1
E:min [4, 7, 11] 4 2
E:7/b7 [2, 4, 8, 11] 2 2
A:maj/3 [1, 4, 9] 1 2
C:maj [0, 4, 7] 0 2
D:maj [2, 6, 9] 2 6
C:min [0, 3, 7] 0 2
C:maj [0, 4, 7] 0 2
B:min [2, 6, 11] 11 2
E:sus4 [4, 9, 11] 4 2
A:min [0, 4, 9] 9 2
G:maj [2, 7, 11] 7 4
C:maj [0, 4, 7] 0 4
B:min [2, 6, 11] 11 2
E:maj [4, 8, 11] 4 2
A:sus2 [4, 9, 11] 9 4
D:sus4 [2, 7, 9] 2 4
G:sus2 [2, 7, 9] 7 4
E:min [4, 7, 11] 4 4
C:maj [0, 4, 7] 0 4
G:sus2 [2, 7, 9] 7 4
C:maj [0, 4, 7] 0 4
G:maj [2, 7, 11] 7 2
C#:dim [1, 4, 7] 1 2
C:maj [0, 4, 7] 0 4
D:maj [2, 6, 9] 2 4
G:maj [2, 7, 11] 7 4
B:min [2, 6, 11] 11 4
E:min [4, 7, 11] 4 4
B:min [2, 6, 11] 11 2
G:7 [2, 5, 7, 11] 7 2
C:maj [0, 4, 7] 0 2
B:min [2, 6, 11] 11 1
B:7 [3, 6, 9, 11] 11 1
E:min [4, 7, 11] 4 2
E:7/b7 [2, 4, 8, 11] 2 2
A:maj/3 [1, 4, 9] 1 2
C:maj [0, 4, 7] 0 2
D:maj [2, 6, 9] 2 4
G:maj [2, 7, 11] 7 4
B:min [2, 6, 11] 11 4
E:min [4, 7, 11] 4 4
B:min [2, 6, 11] 11 2
G:7 [2, 5, 7, 11] 7 2
C:maj [0, 4, 7] 0 2
B:min [2, 6, 11] 11 1
B:7 [3, 6, 9, 11] 11 1
E:min [4, 7, 11] 4 2
E:7/b7 [2, 4, 8, 11] 2 2
A:maj/3 [1, 4, 9] 1 2
C:maj [0, 4, 7] 0 2
D:maj [2, 6, 9] 2 4
G:maj [2, 7, 11] 7 4
D:maj [2, 6, 9] 2 4
C:maj [0, 4, 7] 0 2
A:min [0, 4, 9] 9 2
D:sus4 [2, 7, 9] 2 4
G:maj [2, 7, 11] 7 2
