0 64
63 2
61 2
63 2
66 1
0 1
66 3
0 1
61 3
0 1
59 2
58 2
59 1
0 1
63 1
0 1
63 3
0 5
56 2
54 2
56 2
68 1
0 1
66 3
0 1
59 2
0 1
56 3
58 2
59 1
0 1
63 1
0 1
61 4
0 4
63 2
59 2
63 1
0 1
66 1
0 1
66 3
0 1
61 2
0 2
71 2
70 2
68 2
63 2
66 6
0 2
71 2
70 2
68 2
63 2
66 3
0 1
59 2
0 2
64 1
0 1
63 1
0 1
61 1
0 1
59 1
0 1
59 8
71 1
0 1
71 1
0 1
71 1
0 1
63 1
0 1
70 6
0 2
68 1
0 1
68 1
0 1
68 1
0 1
59 1
0 1
66 6
68 1
70 1
71 1
0 1
71 1
0 1
71 1
0 1
71 1
0 1
71 2
0 2
68 1
0 1
66 10
0 6
71 1
73 1
75 1
0 1
75 1
0 1
75 2
66 1
0 1
73 1
0 1
73 1
0 1
73 1
0 1
66 1
0 1
71 1
0 1
70 2
68 2
63 1
0 1
66 6
73 1
75 1
76 1
0 1
76 1
0 1
76 2
68 2
75 2
73 1
0 1
71 3
66 1
65 1
0 1
68 1
0 1
71 1
0 1
75 1
0 1
73 5
0 1
71 1
73 1
75 1
0 1
75 1
0 1
75 2
66 2
67 2
70 1
0 1
76 1
0 1
75 1
0 1
73 1
0 1
71 2
0 1
71 2
66 1
67 6
73 1
75 1
78 1
76 1
76 1
0 1
76 1
0 1
68 1
0 1
75 1
0 1
73 1
0 1
71 2
0 1
66 1
65 1
0 1
68 2
71 1
0 1
75 1
0 1
73 5
0 1
71 1
0 1
71 7
0 57
63 2
61 2
63 2
66 1
0 1
66 3
0 1
61 3
0 1
59 2
58 2
59 1
0 1
63 1
0 1
63 3
0 5
56 2
54 2
56 2
68 1
0 1
66 3
0 1
59 2
0 1
56 3
58 2
59 1
0 1
63 1
0 1
61 4
0 4
63 2
59 2
63 1
0 1
66 1
0 1
66 3
0 1
61 2
0 2
71 2
70 2
68 2
63 2
66 6
0 2
71 2
70 2
68 2
63 2
66 3
0 1
59 2
0 2
64 1
0 1
63 1
0 1
61 1
0 1
59 1
0 1
59 8
71 1
0 1
71 1
0 1
71 1
0 1
63 1
0 1
70 6
0 2
68 1
0 1
68 1
0 1
68 1
0 1
59 1
0 1
66 6
68 1
70 1
71 1
0 1
71 1
0 1
71 1
0 1
71 1
0 1
71 2
0 2
68 1
0 1
66 10
0 6
71 1
73 1
75 1
0 1
75 1
0 1
75 2
66 1
0 1
73 1
0 1
73 1
0 1
73 1
0 1
66 1
0 1
71 1
0 1
70 2
68 2
63 1
0 1
66 6
73 1
75 1
76 1
0 1
76 1
0 1
76 2
68 2
75 2
73 1
0 1
71 3
66 1
65 1
0 1
68 1
0 1
71 1
0 1
75 1
0 1
73 5
0 1
71 1
73 1
75 1
0 1
75 1
0 1
75 2
66 2
67 2
70 1
0 1
76 1
0 1
75 1
0 1
73 1
0 1
71 2
0 1
71 2
66 1
67 6
73 1
75 1
78 1
76 1
76 1
0 1
76 1
0 1
68 1
0 1
75 1
0 1
73 1
0 1
71 2
0 1
66 1
65 1
0 1
68 2
71 1
0 1
75 1
0 1
73 5
0 1
71 1
0 1
71 7
0 55
71 1
73 1
75 1
0 1
75 1
0 1
75 2
66 1
0 1
73 1
0 1
73 1
0 1
73 1
0 1
66 1
0 1
71 1
0 1
70 2
68 2
63 1
0 1
66 6
73 1
75 1
76 1
0 1
76 1
0 1
76 2
68 2
75 2
73 1
0 1
71 3
66 1
65 1
0 1
68 1
0 1
71 1
0 1
75 1
0 1
73 5
0 1
71 1
73 1
75 1
0 1
75 1
0 1
75 2
66 2
67 2
70 1
0 1
76 1
0 1
75 1
0 1
73 1
0 1
71 2
0 1
71 2
66 1
67 6
73 1
75 1
78 1
76 1
76 1
0 1
76 1
0 1
68 1
0 1
75 1
0 1
73 1
0 1
71 2
0 1
66 1
65 1
0 1
68 2
71 1
0 1
75 1
0 1
73 5
0 1
71 1
0 1
71 7
