Ab:min [3, 8, 11] 8 4 
E:maj [4, 8, 11] 4 4 
C#:min [1, 4, 8] 1 4 
Eb:maj [3, 7, 10] 3 4 
Ab:min [3, 8, 11] 8 4 
E:maj [4, 8, 11] 4 4 
C#:min [1, 4, 8] 1 4 
Eb:maj [3, 7, 10] 3 4 
Ab:min [3, 8, 11] 8 4 
F#:maj6 [1, 3, 6, 10] 6 2 
Ab:sus4 [1, 3, 8] 8 6 
F#:maj [1, 6, 10] 6 2 
Ab:min [3, 8, 11] 8 6 
F#:maj [1, 6, 10] 6 2 
Ab:min [3, 8, 11] 8 6 
F#:maj [1, 6, 10] 6 2 
Ab:min [3, 8, 11] 8 2 
B:maj [3, 6, 11] 11 2 
C#:min [1, 4, 8] 1 2 
F#:maj [1, 6, 10] 6 2 
Ab:min [3, 8, 11] 8 2 
E:maj [4, 8, 11] 4 2 
Eb:min [3, 6, 10] 3 2 
Ab:min [3, 8, 11] 8 6 
F#:sus2 [1, 6, 8] 6 2 
C#:min [1, 4, 8] 1 2 
Ab:min [3, 8, 11] 8 2 
E:maj [4, 8, 11] 4 2 
F#:maj [1, 6, 10] 6 2 
B:maj [3, 6, 11] 11 2 
Eb:maj [3, 7, 10] 3 2 
Ab:min [3, 8, 11] 8 2 
F#:maj [1, 6, 10] 6 2 
Eb:min [3, 6, 10] 3 2 
Ab:min [3, 8, 11] 8 2 
E:maj [4, 8, 11] 4 2 
F#:maj [1, 6, 10] 6 2 
Ab:min [3, 8, 11] 8 6 
Ab:min7 [3, 6, 8, 11] 8 2 
Ab:min7/b7 [3, 6, 8, 11] 6 2 
Ab:min7 [3, 6, 8, 11] 8 2 
Ab:min7/b7 [3, 6, 8, 11] 6 2 
Ab:min7 [3, 6, 8, 11] 8 2 
Ab:min7/b7 [3, 6, 8, 11] 6 2 
Ab:min7 [3, 6, 8, 11] 8 2 
Ab:min7/5 [3, 6, 8, 11] 3 3 
Eb:sus4(b7) [3, 8, 10] 3 1 
Ab:7 [0, 3, 6, 8] 8 2 
E:maj7/7 [2, 4, 8, 11] 3 2 
Ab:maj [0, 3, 8] 8 2 
C:dim [0, 3, 6] 0 2 
A:dim [0, 3, 9] 9 1 
Ab:7 [0, 3, 6, 8] 8 1 
F#:sus2 [1, 6, 8] 6 2 
C#:maj/5 [1, 5, 8] 8 8 
F#:maj6 [1, 3, 6, 10] 6 2 
Ab:sus4 [1, 3, 8] 8 6 
F#:maj [1, 6, 10] 6 2 
Ab:min [3, 8, 11] 8 6 
F#:maj [1, 6, 10] 6 2 
Ab:min [3, 8, 11] 8 6 
F#:maj [1, 6, 10] 6 2 
Ab:min [3, 8, 11] 8 2 
B:maj [3, 6, 11] 11 2 
C#:min [1, 4, 8] 1 2 
F#:maj [1, 6, 10] 6 2 
Ab:min [3, 8, 11] 8 2 
E:maj [4, 8, 11] 4 2 
Eb:min [3, 6, 10] 3 2 
Ab:min [3, 8, 11] 8 6 
F#:sus2 [1, 6, 8] 6 2 
C#:min [1, 4, 8] 1 2 
Ab:min [3, 8, 11] 8 2 
E:maj [4, 8, 11] 4 2 
F#:maj [1, 6, 10] 6 2 
B:maj [3, 6, 11] 11 2 
Eb:maj [3, 7, 10] 3 2 
Ab:min [3, 8, 11] 8 2 
F#:maj [1, 6, 10] 6 2 
Eb:min [3, 6, 10] 3 2 
Ab:min [3, 8, 11] 8 2 
E:maj [4, 8, 11] 4 2 
F#:maj [1, 6, 10] 6 2 
Ab:min7/5 [3, 6, 8, 11] 3 1 
Eb:min [3, 6, 10] 3 2 
F#:7/b7 [1, 4, 6, 10] 4 1 
Ab:min [3, 8, 11] 8 2 
F#:sus2 [1, 6, 8] 6 2 
C#:min [1, 4, 8] 1 2 
Ab:min [3, 8, 11] 8 2 
E:maj [4, 8, 11] 4 2 
F#:maj [1, 6, 10] 6 2 
B:maj [3, 6, 11] 11 2 
Eb:maj [3, 7, 10] 3 2 
Ab:min [3, 8, 11] 8 2 
F#:maj [1, 6, 10] 6 2 
Eb:min [3, 6, 10] 3 2 
Ab:min [3, 8, 11] 8 2 
E:maj [4, 8, 11] 4 2 
F#:maj [1, 6, 10] 6 2 
Ab:maj [0, 3, 8] 8 2 
F#:maj [1, 6, 10] 6 2 
E:maj [4, 8, 11] 4 2 
Eb:maj [3, 7, 10] 3 4 
Ab:min [3, 8, 11] 8 5 
