0 66
72 1
72 1
72 2
74 2
76 2
67 6
0 2
72 1
69 1
72 2
74 2
77 1
76 7
0 2
72 1
72 1
72 2
74 2
76 2
67 1
67 1
69 1
0 1
72 1
72 1
72 2
74 6
77 2
76 6
0 2
79 1
79 1
79 1
79 1
0 1
79 2
71 1
71 1
71 2
0 5
72 1
72 1
72 2
74 2
77 2
76 2
76 4
0 2
72 1
72 1
72 2
79 1
0 1
79 2
67 1
0 1
76 1
79 1
79 1
67 1
0 1
72 1
72 1
72 7
0 8
72 1
72 1
72 2
74 2
76 2
67 6
0 2
72 1
69 1
72 2
74 2
77 1
76 7
0 2
72 1
72 1
72 2
74 2
76 2
67 1
67 1
69 1
0 1
72 1
72 1
72 2
74 6
77 2
76 6
0 2
79 1
79 1
79 1
79 1
0 1
79 2
71 1
71 1
71 1
71 3
0 3
72 1
72 1
72 2
74 2
77 2
76 2
79 4
0 2
72 1
72 1
72 2
74 1
77 3
76 1
76 1
76 2
74 3
0 1
76 2
77 3
79 7
0 2
84 1
81 2
84 1
84 2
84 1
81 1
84 2
84 2
88 3
83 1
83 1
83 1
83 1
83 2
81 1
83 1
81 1
83 1
84 2
81 2
84 1
84 1
81 1
84 1
0 1
84 1
81 1
84 2
84 1
84 1
88 2
88 1
79 4
0 1
83 2
83 1
0 1
83 2
83 2
84 5
0 2
84 1
84 1
81 2
84 1
84 1
0 1
84 1
81 1
84 1
84 1
84 2
88 3
88 1
86 1
86 1
86 1
86 2
86 2
84 1
88 1
0 1
88 1
0 1
88 1
81 1
0 1
81 1
84 1
81 1
84 1
84 1
84 1
86 2
84 1
84 4
0 3
79 1
86 1
86 1
86 1
86 1
86 2
88 3
0 1
88 1
88 2
79 1
81 2
84 11
0 54
84 1
79 1
81 1
0 1
81 1
81 1
79 1
81 1
0 1
81 1
81 1
79 2
81 1
81 1
81 2
0 1
79 3
76 1
0 1
76 4
0 5
79 1
72 1
74 2
74 1
74 1
74 1
79 1
0 1
79 1
79 1
79 2
0 2
79 1
79 1
79 1
79 1
79 2
81 1
0 1
83 4
84 4
84 1
81 2
84 1
84 2
84 1
81 1
84 2
84 2
88 3
83 1
83 1
83 1
83 1
83 2
81 1
83 1
81 1
83 1
84 2
81 2
84 1
84 1
81 1
84 1
0 1
84 1
81 1
84 2
84 1
84 1
88 2
88 1
79 4
0 1
83 2
83 1
0 1
83 1
0 1
83 2
84 5
0 2
84 1
84 1
81 2
84 1
84 1
0 1
84 1
81 1
84 1
84 1
84 2
88 3
88 1
86 1
86 1
86 1
86 2
86 2
84 1
88 1
0 1
88 1
0 1
88 1
81 1
0 1
81 1
84 1
81 1
84 1
84 1
88 1
88 2
0 1
88 2
88 3
0 2
88 1
87 1
87 1
87 1
87 1
87 2
91 3
0 1
88 1
88 2
79 1
81 2
84 11
0 23
72 1
72 1
72 2
74 2
76 3
67 7
0 1
72 1
69 2
72 2
74 2
77 1
76 8
0 2
72 1
72 1
0 1
72 2
79 2
79 2
67 4
0 2
76 1
79 1
0 1
79 2
67 2
71 2
72 1
72 8
