0 142
60 2
65 2
65 2
65 2
68 2
65 4
65 2
63 2
65 4
65 10
65 2
70 2
70 2
70 2
72 2
70 4
68 2
70 2
72 4
72 10
72 2
77 2
77 2
77 2
80 2
77 4
75 2
72 2
75 4
70 10
70 2
72 4
72 2
75 2
70 2
70 4
72 2
68 4
65 10
60 2
65 2
65 2
65 2
68 2
65 4
65 2
63 2
65 4
65 10
65 2
70 2
70 2
70 2
72 2
70 4
68 2
70 2
72 4
72 10
72 2
77 2
77 2
77 2
77 2
77 4
75 2
72 2
75 4
70 10
70 2
72 4
72 2
75 2
70 2
70 2
70 2
72 2
68 4
65 26
72 2
77 2
77 2
77 2
80 2
80 4
75 2
77 4
77 12
72 2
77 2
77 2
77 2
80 2
77 2
75 2
75 2
72 2
72 4
70 12
72 2
75 2
75 2
77 2
72 4
70 2
72 2
68 4
72 12
72 2
72 2
72 2
75 2
70 2
70 4
72 2
68 4
65 10
72 2
77 2
77 2
77 2
80 2
80 4
75 2
77 4
77 12
72 2
77 2
77 2
77 2
80 2
80 2
77 2
77 2
75 2
75 4
72 12
72 2
75 2
75 2
77 3
75 3
72 2
68 2
70 4
70 12
72 2
72 4
75 2
70 2
70 4
72 2
68 4
65 11
0 207
60 2
65 2
65 2
65 2
68 2
65 4
65 2
63 2
65 4
65 10
65 2
70 2
70 2
70 2
72 2
70 4
68 2
70 2
72 4
72 10
72 2
77 2
77 2
77 2
80 2
77 4
75 2
72 2
75 4
70 10
70 2
72 4
72 2
75 2
70 2
70 4
72 2
68 4
65 10
60 2
65 2
65 2
65 2
68 2
65 4
65 2
63 2
65 4
65 10
65 2
70 2
70 2
70 2
72 2
70 4
68 2
70 2
72 4
72 10
72 2
77 2
77 2
77 2
77 2
77 4
75 2
72 2
75 4
70 10
70 2
72 4
72 2
75 2
70 2
70 2
70 2
72 2
68 4
65 26
72 2
77 2
77 2
77 2
80 2
80 4
75 2
77 4
77 12
72 2
77 2
77 2
77 2
80 2
77 2
75 2
75 2
72 2
72 4
70 12
72 2
75 2
75 2
77 2
72 4
70 2
72 2
68 4
72 12
72 2
72 2
72 2
75 2
70 2
70 4
72 2
68 4
65 10
72 2
77 2
77 2
77 2
80 2
80 4
75 2
77 4
77 12
72 2
77 2
77 2
77 2
80 2
80 2
77 2
77 2
75 2
75 4
72 12
72 2
75 2
75 2
77 3
75 3
72 2
68 2
70 4
70 12
72 2
72 4
75 2
70 2
70 4
72 2
68 4
65 10
72 2
77 2
77 2
77 2
80 2
80 4
75 2
77 4
77 12
72 2
77 2
77 2
77 2
80 2
77 2
75 2
75 2
72 2
72 4
70 12
72 2
75 2
75 2
77 2
72 4
70 2
72 2
68 4
72 12
72 2
72 2
72 2
75 2
70 2
70 4
72 2
68 4
65 10
72 2
77 2
77 2
77 2
80 2
80 4
75 2
77 4
77 12
72 2
77 2
77 2
77 2
80 2
80 2
77 2
77 2
75 2
75 4
72 12
72 2
75 2
75 2
77 3
75 3
72 2
68 2
70 4
70 12
72 2
72 4
75 2
70 2
70 4
72 2
68 4
65 11
