C#:maj [1, 5, 8] 1 18 
F:min/5 [0, 5, 8] 0 2 
Bb:min [1, 5, 10] 10 2 
Ab:maj [0, 3, 8] 8 2 
F#:maj [1, 6, 10] 6 2 
Ab:maj [0, 3, 8] 8 2 
Eb:min [3, 6, 10] 3 2 
Ab:maj [0, 3, 8] 8 2 
C#:maj [1, 5, 8] 1 2 
F:min/5 [0, 5, 8] 0 2 
Bb:min [1, 5, 10] 10 2 
Ab:maj [0, 3, 8] 8 2 
F#:maj [1, 6, 10] 6 2 
Ab:maj [0, 3, 8] 8 2 
Eb:min [3, 6, 10] 3 2 
Ab:maj [0, 3, 8] 8 2 
C#:maj [1, 5, 8] 1 4 
Bb:min [1, 5, 10] 10 2 
F:min [0, 5, 8] 5 2 
F#:maj [1, 6, 10] 6 2 
Ab:maj [0, 3, 8] 8 2 
Bb:min [1, 5, 10] 10 2 
F:min [0, 5, 8] 5 2 
F#:maj [1, 6, 10] 6 4 
Ab:maj [0, 3, 8] 8 4 
C#:maj [1, 5, 8] 1 2 
Bb:min [1, 5, 10] 10 2 
Eb:min [3, 6, 10] 3 2 
Ab:maj [0, 3, 8] 8 2 
Bb:min [1, 5, 10] 10 2 
Eb:min [3, 6, 10] 3 2 
Ab:maj [0, 3, 8] 8 4 
C#:maj [1, 5, 8] 1 2 
Bb:min [1, 5, 10] 10 2 
Eb:min [3, 6, 10] 3 2 
Ab:maj [0, 3, 8] 8 2 
Bb:min [1, 5, 10] 10 2 
Eb:min [3, 6, 10] 3 2 
Ab:maj [0, 3, 8] 8 4 
C#:maj [1, 5, 8] 1 4 
Eb:min [3, 6, 10] 3 4 
F:min [0, 5, 8] 5 4 
F#:maj [1, 6, 10] 6 4 
Ab:maj [0, 3, 8] 8 4 
Bb:min [1, 5, 10] 10 2 
F:min [0, 5, 8] 5 2 
F#:maj [1, 6, 10] 6 2 
Ab:maj [0, 3, 8] 8 2 
Bb:min [1, 5, 10] 10 2 
F:min [0, 5, 8] 5 2 
F#:maj [1, 6, 10] 6 4 
Ab:maj [0, 3, 8] 8 4 
C#:maj [1, 5, 8] 1 2 
Bb:min [1, 5, 10] 10 2 
Eb:min [3, 6, 10] 3 2 
Ab:maj [0, 3, 8] 8 2 
Bb:min [1, 5, 10] 10 2 
Eb:min [3, 6, 10] 3 2 
Ab:maj [0, 3, 8] 8 4 
C#:maj [1, 5, 8] 1 2 
Bb:min [1, 5, 10] 10 2 
Eb:min [3, 6, 10] 3 2 
Ab:maj [0, 3, 8] 8 2 
Bb:min [1, 5, 10] 10 2 
Eb:min [3, 6, 10] 3 2 
Ab:maj [0, 3, 8] 8 4 
C#:maj [1, 5, 8] 1 5 
Bb:min [1, 5, 10] 10 3 
Eb:min [3, 6, 10] 3 2 
Ab:maj [0, 3, 8] 8 2 
Bb:min [1, 5, 10] 10 2 
Eb:min [3, 6, 10] 3 2 
Ab:maj [0, 3, 8] 8 4 
C#:maj [1, 5, 8] 1 2 
Bb:min [1, 5, 10] 10 2 
Eb:min [3, 6, 10] 3 2 
Ab:maj [0, 3, 8] 8 2 
Bb:min [1, 5, 10] 10 2 
Eb:min [3, 6, 10] 3 2 
Ab:maj [0, 3, 8] 8 4 
F#:maj7 [1, 4, 6, 10] 6 8 
F#:maj/5 [1, 6, 10] 1 2 
