0 60
77 1
77 1
75 1
73 1
73 2
73 1
73 1
73 1
0 1
75 1
77 1
82 1
80 1
77 1
80 2
0 2
77 1
85 1
0 1
84 1
82 1
84 1
0 1
82 1
80 1
82 1
80 1
77 1
77 2
0 3
75 1
77 1
75 1
73 1
73 3
0 1
75 1
77 1
75 1
73 1
75 2
0 2
75 1
0 1
75 1
73 1
70 1
80 2
0 1
75 4
75 1
77 1
75 1
73 1
73 2
73 1
73 1
73 1
0 1
75 1
77 1
82 1
80 1
77 1
80 2
0 2
77 1
85 1
0 1
84 1
82 1
84 1
0 1
82 1
80 1
82 1
80 1
77 1
77 2
0 3
75 1
77 1
75 1
73 1
73 2
0 2
75 1
77 1
75 1
73 1
75 3
0 1
75 1
0 1
75 1
77 1
75 1
77 1
75 1
73 1
75 3
0 1
75 1
73 1
70 1
75 3
73 8
0 5
77 1
82 1
0 1
82 1
80 1
82 1
0 3
77 1
0 1
77 1
75 1
77 2
0 2
75 1
0 1
75 1
73 1
70 1
0 1
77 1
0 1
75 1
75 1
0 1
73 1
75 1
0 1
77 1
80 1
82 2
82 1
80 1
82 1
0 2
85 1
84 1
0 1
80 1
77 1
80 2
82 1
85 1
87 1
0 1
87 1
85 1
82 1
0 2
89 1
87 1
87 1
87 1
85 1
82 2
85 1
0 1
87 6
0 6
80 1
82 1
80 1
82 1
85 2
85 1
82 1
85 1
0 1
89 1
89 3
0 2
80 1
82 1
85 1
82 1
87 2
87 1
85 1
82 1
89 3
87 2
0 4
85 1
87 1
89 1
0 1
89 1
87 1
0 1
85 1
82 1
80 1
82 1
0 1
89 1
0 1
87 2
85 2
80 2
0 3
77 1
82 1
80 2
0 3
80 1
82 1
80 1
82 1
85 2
85 1
82 1
85 1
0 1
89 1
89 3
0 2
80 1
82 1
85 1
82 1
87 2
87 1
85 1
82 1
89 3
87 2
0 4
85 1
87 1
89 1
0 1
89 1
87 1
0 1
85 1
82 1
80 1
82 1
0 1
89 1
0 1
87 2
85 2
87 8
0 4
87 1
85 1
82 1
87 3
85 10
0 67
77 1
82 1
0 1
82 1
80 1
82 1
0 3
77 1
0 1
77 1
75 1
77 2
0 2
75 1
0 1
75 1
73 1
70 1
0 1
77 1
0 1
75 1
75 1
0 1
73 1
75 1
0 1
77 1
80 1
82 2
82 1
80 1
82 1
0 2
85 1
84 1
0 1
80 1
77 1
80 2
82 1
85 1
87 1
0 1
87 1
85 1
82 1
0 2
89 1
87 1
87 1
87 1
85 1
82 2
85 1
0 1
87 6
0 6
80 1
82 1
80 1
82 1
85 2
85 1
82 1
85 1
0 1
89 1
89 3
0 2
80 1
82 1
85 1
82 1
87 2
87 1
85 1
82 1
89 3
87 2
0 4
85 1
87 1
89 1
0 1
89 1
87 1
0 1
85 1
82 1
80 1
82 1
0 1
89 1
0 1
87 2
85 2
80 2
0 3
77 1
82 1
80 2
0 3
80 1
82 1
80 1
82 1
85 2
85 1
82 1
85 1
0 1
89 1
89 3
0 2
80 1
82 1
85 1
82 1
87 2
87 1
85 1
82 1
89 3
87 2
0 4
85 1
87 1
89 1
0 1
89 1
87 1
0 1
85 1
82 1
80 1
82 1
0 1
89 1
0 1
87 2
85 2
87 8
0 4
87 1
85 1
82 1
87 3
85 6
0 4
80 1
82 1
80 1
82 1
85 2
85 1
82 1
85 1
0 1
89 1
89 3
0 2
80 1
82 1
85 1
82 1
87 2
87 1
85 1
82 1
89 3
87 2
0 4
85 1
87 1
89 1
0 1
89 1
87 1
0 1
85 1
82 1
80 1
82 1
0 1
89 1
0 1
87 2
85 2
80 2
0 3
77 1
82 1
80 2
0 3
80 1
82 1
80 1
82 1
85 2
85 1
82 1
85 1
0 1
89 1
89 3
0 2
80 1
82 1
85 1
82 1
87 2
87 1
85 1
82 1
89 3
87 2
0 4
85 1
87 1
89 1
0 1
89 1
87 1
0 1
85 1
82 1
80 1
82 1
0 1
89 1
0 1
87 2
85 2
87 8
0 4
87 1
85 1
82 1
87 3
85 6
