B:maj [3, 6, 11] 11 4 
C#:maj [1, 5, 8] 1 8 
B:maj [3, 6, 11] 11 4 
C#:maj [1, 5, 8] 1 8 
Eb:maj [3, 7, 10] 3 8 
Bb:maj/3 [2, 5, 10] 2 2 
C:min7 [0, 3, 7, 10] 0 4 
Ab:maj [0, 3, 8] 8 2 
Bb:sus2 [0, 5, 10] 10 2 
Eb:sus2 [3, 5, 10] 3 4 
Ab:maj7 [0, 3, 6, 8] 8 2 
Bb:maj [2, 5, 10] 10 2 
G:min [2, 7, 10] 7 2 
C:min [0, 3, 7] 0 2 
F:min [0, 5, 8] 5 2 
Ab:maj [0, 3, 8] 8 1 
Bb:maj [2, 5, 10] 10 1 
Eb:maj [3, 7, 10] 3 6 
Bb:maj/3 [2, 5, 10] 2 2 
C:min7 [0, 3, 7, 10] 0 2 
C:min [0, 3, 7] 0 2 
Ab:maj [0, 3, 8] 8 2 
Bb:maj [2, 5, 10] 10 2 
Eb:maj [3, 7, 10] 3 4 
Ab:maj7 [0, 3, 6, 8] 8 2 
Bb:maj [2, 5, 10] 10 2 
Eb:maj [3, 7, 10] 3 1 
D:min [2, 5, 9] 2 1 
C:min [0, 3, 7] 0 2 
F:min [0, 5, 8] 5 4 
Eb:maj [3, 7, 10] 3 6 
Bb:maj [2, 5, 10] 10 2 
C:min [0, 3, 7] 0 2 
Bb:maj [2, 5, 10] 10 2 
Ab:maj7 [0, 3, 6, 8] 8 2 
Eb:maj [3, 7, 10] 3 2 
Ab:maj [0, 3, 8] 8 2 
Bb:maj [2, 5, 10] 10 2 
Eb:maj [3, 7, 10] 3 2 
Bb:maj [2, 5, 10] 10 2 
C:min [0, 3, 7] 0 2 
G:min [2, 7, 10] 7 2 
Ab:maj7 [0, 3, 6, 8] 8 2 
Eb:maj [3, 7, 10] 3 2 
Ab:maj7 [0, 3, 6, 8] 8 1 
Bb:maj [2, 5, 10] 10 1 
Eb:maj [3, 7, 10] 3 4 
C#:maj [1, 5, 8] 1 8 
Eb:maj [3, 7, 10] 3 10 
Bb:maj/3 [2, 5, 10] 2 2 
C:min7 [0, 3, 7, 10] 0 2 
C:min [0, 3, 7] 0 2 
Ab:maj [0, 3, 8] 8 2 
Bb:maj [2, 5, 10] 10 2 
Eb:maj [3, 7, 10] 3 4 
Ab:maj7 [0, 3, 6, 8] 8 2 
Bb:maj [2, 5, 10] 10 2 
G:min7 [2, 5, 7, 10] 7 2 
C:min [0, 3, 7] 0 2 
F:min [0, 5, 8] 5 4 
Eb:maj [3, 7, 10] 3 6 
Bb:maj [2, 5, 10] 10 2 
C:min [0, 3, 7] 0 2 
Eb:maj/5 [3, 7, 10] 10 2 
Ab:maj7 [0, 3, 6, 8] 8 2 
Eb:maj [3, 7, 10] 3 2 
Ab:maj [0, 3, 8] 8 2 
Bb:maj [2, 5, 10] 10 2 
Eb:maj [3, 7, 10] 3 2 
Bb:maj [2, 5, 10] 10 2 
C:min [0, 3, 7] 0 2 
G:min [2, 7, 10] 7 2 
Ab:maj7 [0, 3, 6, 8] 8 2 
Eb:maj [3, 7, 10] 3 2 
F:min7 [0, 3, 5, 8] 5 1 
Bb:maj [2, 5, 10] 10 1 
Eb:maj [3, 7, 10] 3 2 
E:maj [4, 8, 11] 4 4 
B:maj [3, 6, 11] 11 4 
E:maj [4, 8, 11] 4 2 
B:maj [3, 6, 11] 11 2 
C#:min [1, 4, 8] 1 2 
B:maj [3, 6, 11] 11 2 
A:maj7 [1, 4, 7, 9] 9 2 
E:maj [4, 8, 11] 4 2 
F#:min [1, 6, 9] 6 2 
B:maj [3, 6, 11] 11 2 
E:maj [4, 8, 11] 4 2 
B:maj [3, 6, 11] 11 2 
C#:min [1, 4, 8] 1 2 
Ab:min [3, 8, 11] 8 2 
A:maj7 [1, 4, 7, 9] 9 2 
E:maj [4, 8, 11] 4 2 
A:maj7 [1, 4, 7, 9] 9 1 
B:maj [3, 6, 11] 11 1 
E:maj [4, 8, 11] 4 12 
E:sus4 [4, 9, 11] 4 4 
