0 120
67 2
67 1
67 4
58 1
67 2
65 1
65 3
65 1
67 1
65 1
63 15
72 2
72 1
72 4
63 1
72 2
70 1
70 3
72 2
70 1
67 12
63 1
65 1
63 1
72 2
72 1
72 2
70 1
72 1
70 1
75 2
77 1
74 2
72 3
70 2
72 1
67 3
65 2
63 3
58 1
67 2
65 1
63 1
65 2
65 9
67 1
65 1
63 1
60 1
58 1
65 3
63 13
67 2
67 1
67 4
58 1
67 2
65 1
65 3
65 1
67 1
65 1
63 15
72 2
72 1
72 4
63 1
72 2
70 1
70 3
72 2
70 1
67 12
63 1
65 1
63 1
72 2
72 1
72 2
70 1
72 1
70 1
75 2
77 1
74 2
72 3
70 2
72 1
67 3
65 2
63 3
58 1
67 2
65 1
63 1
65 2
65 9
67 1
65 1
63 1
60 1
58 1
65 3
63 13
75 1
75 1
75 1
75 1
75 1
75 2
70 1
77 1
77 1
77 1
74 1
72 1
70 3
72 1
75 1
75 1
75 1
75 2
75 1
67 2
70 4
70 1
70 1
70 1
72 1
75 2
75 1
75 1
0 1
72 2
70 5
70 1
72 1
70 1
72 1
75 2
75 1
75 2
79 2
77 8
75 1
75 1
75 1
75 1
75 1
75 2
70 1
77 1
77 1
77 1
74 1
72 1
70 3
72 1
75 1
75 1
75 1
75 2
75 1
67 2
70 4
70 1
70 1
70 1
72 1
75 2
75 1
75 1
0 1
72 2
70 5
70 1
72 1
70 1
72 1
75 2
75 1
79 2
77 2
75 2
0 78
67 2
67 1
67 4
58 1
67 2
65 1
65 3
65 1
67 1
65 1
63 15
72 2
72 1
72 4
63 1
72 2
70 1
70 3
72 2
70 1
67 12
63 1
65 1
63 1
72 2
72 1
72 2
70 1
72 1
70 1
75 2
77 1
74 2
72 3
70 2
72 1
67 3
65 2
63 3
58 1
67 2
65 1
63 1
65 2
65 9
67 1
65 1
63 1
60 1
58 1
65 3
63 5
0 8
75 1
75 1
75 1
75 1
75 1
75 2
70 1
77 1
77 1
77 1
74 1
72 1
70 3
72 1
75 1
75 1
75 1
75 2
75 1
67 2
70 4
70 1
70 1
70 1
72 1
75 2
75 1
75 1
0 1
72 2
70 5
70 1
72 1
70 1
72 1
75 2
75 1
75 2
79 2
77 8
75 1
75 1
75 1
75 1
75 1
75 2
70 1
77 1
77 1
77 1
74 1
72 1
70 3
72 1
75 1
75 1
75 1
75 2
75 1
67 2
70 4
70 1
70 1
70 1
72 1
75 2
75 1
75 1
0 1
72 2
70 5
70 1
72 1
70 1
72 1
75 2
75 1
79 2
77 2
75 2
0 38
76 1
76 1
76 1
76 1
76 1
76 2
71 1
78 1
78 1
78 1
75 1
73 1
71 3
73 1
76 1
76 1
76 1
76 2
76 1
68 2
71 4
71 1
71 1
71 1
73 1
76 2
76 1
76 1
0 1
73 2
71 5
71 1
73 1
71 1
73 1
76 2
76 1
76 2
80 2
78 8
76 1
76 1
76 1
76 1
76 1
76 2
71 1
78 1
78 1
78 1
75 1
73 1
71 3
73 1
76 1
76 1
76 1
76 2
76 1
68 2
71 4
71 1
71 1
71 1
73 1
76 2
76 1
76 1
0 1
73 2
71 5
71 1
73 1
71 1
73 1
76 2
76 1
80 2
78 2
76 2
