B:min [2, 6, 11] 11 2 
G:maj [2, 7, 11] 7 2 
A:maj [1, 4, 9] 9 2 
D:maj7/7 [0, 2, 6, 9] 1 2 
B:min [2, 6, 11] 11 2 
G:maj [2, 7, 11] 7 2 
A:maj [1, 4, 9] 9 2 
D:maj [2, 6, 9] 2 2 
B:min [2, 6, 11] 11 2 
G:maj [2, 7, 11] 7 2 
A:maj [1, 4, 9] 9 2 
D:maj7/7 [0, 2, 6, 9] 1 2 
B:min [2, 6, 11] 11 2 
G:maj [2, 7, 11] 7 2 
A:maj [1, 4, 9] 9 2 
D:maj [2, 6, 9] 2 2 
B:min7/b7 [2, 6, 9, 11] 9 2 
G:maj [2, 7, 11] 7 2 
A:maj [1, 4, 9] 9 2 
D:maj [2, 6, 9] 2 2 
B:min7/b7 [2, 6, 9, 11] 9 2 
G:maj [2, 7, 11] 7 2 
A:maj [1, 4, 9] 9 2 
D:maj [2, 6, 9] 2 2 
B:min7/b7 [2, 6, 9, 11] 9 2 
G:maj [2, 7, 11] 7 2 
A:maj [1, 4, 9] 9 2 
D:maj [2, 6, 9] 2 2 
B:min7/b7 [2, 6, 9, 11] 9 2 
G:maj [2, 7, 11] 7 2 
A:maj [1, 4, 9] 9 2 
D:maj [2, 6, 9] 2 2 
B:min [2, 6, 11] 11 2 
G:maj [2, 7, 11] 7 2 
A:maj [1, 4, 9] 9 2 
D:maj7/7 [0, 2, 6, 9] 1 2 
B:min [2, 6, 11] 11 2 
G:maj [2, 7, 11] 7 2 
A:maj [1, 4, 9] 9 2 
D:maj [2, 6, 9] 2 2 
B:min [2, 6, 11] 11 2 
G:maj [2, 7, 11] 7 2 
A:maj [1, 4, 9] 9 2 
D:maj7/7 [0, 2, 6, 9] 1 2 
B:min [2, 6, 11] 11 2 
G:maj [2, 7, 11] 7 2 
B:min7/b7 [2, 6, 9, 11] 9 1 
A:maj/3 [1, 4, 9] 1 1 
D:maj [2, 6, 9] 2 2 
B:min [2, 6, 11] 11 2 
G:maj [2, 7, 11] 7 2 
A:maj [1, 4, 9] 9 2 
D:maj7/7 [0, 2, 6, 9] 1 2 
B:min [2, 6, 11] 11 2 
G:maj [2, 7, 11] 7 2 
A:maj [1, 4, 9] 9 2 
D:maj [2, 6, 9] 2 2 
B:min [2, 6, 11] 11 2 
G:maj [2, 7, 11] 7 2 
A:maj [1, 4, 9] 9 2 
D:maj7/7 [0, 2, 6, 9] 1 2 
B:min [2, 6, 11] 11 2 
G:maj [2, 7, 11] 7 2 
A:maj [1, 4, 9] 9 2 
D:maj [2, 6, 9] 2 2 
B:min [2, 6, 11] 11 2 
G:maj [2, 7, 11] 7 2 
A:maj [1, 4, 9] 9 2 
D:maj7/7 [0, 2, 6, 9] 1 2 
B:min [2, 6, 11] 11 2 
G:maj [2, 7, 11] 7 2 
A:maj [1, 4, 9] 9 2 
D:maj [2, 6, 9] 2 10 
B:min [2, 6, 11] 11 2 
G:maj [2, 7, 11] 7 2 
A:maj [1, 4, 9] 9 2 
D:maj7/7 [0, 2, 6, 9] 1 2 
B:min [2, 6, 11] 11 2 
G:maj [2, 7, 11] 7 2 
A:maj [1, 4, 9] 9 2 
D:maj [2, 6, 9] 2 2 
B:min [2, 6, 11] 11 2 
G:maj [2, 7, 11] 7 2 
A:maj [1, 4, 9] 9 2 
D:maj7/7 [0, 2, 6, 9] 1 2 
B:min [2, 6, 11] 11 2 
G:maj [2, 7, 11] 7 2 
A:maj [1, 4, 9] 9 2 
D:maj [2, 6, 9] 2 2 
B:min [2, 6, 11] 11 2 
E:min/b3 [4, 7, 11] 7 2 
A:maj [1, 4, 9] 9 2 
D:maj7/7 [0, 2, 6, 9] 1 2 
B:min [2, 6, 11] 11 2 
G:maj [2, 7, 11] 7 2 
A:maj [1, 4, 9] 9 4 
B:min [2, 6, 11] 11 2 
G:maj [2, 7, 11] 7 2 
A:maj [1, 4, 9] 9 2 
D:maj7/7 [0, 2, 6, 9] 1 2 
B:min [2, 6, 11] 11 2 
G:maj [2, 7, 11] 7 2 
A:maj [1, 4, 9] 9 2 
D:maj [2, 6, 9] 2 2 
B:min [2, 6, 11] 11 2 
G:maj [2, 7, 11] 7 2 
A:maj [1, 4, 9] 9 2 
D:maj7/7 [0, 2, 6, 9] 1 2 
B:min [2, 6, 11] 11 2 
G:maj [2, 7, 11] 7 2 
A:maj [1, 4, 9] 9 2 
D:maj [2, 6, 9] 2 4 
G:maj [2, 7, 11] 7 2 
A:maj [1, 4, 9] 9 2 
D:maj7/7 [0, 2, 6, 9] 1 2 
B:min [2, 6, 11] 11 2 
G:maj [2, 7, 11] 7 2 
A:7 [1, 4, 7, 9] 9 2 
D:maj [2, 6, 9] 2 2 
Eb:maj7/7 [1, 3, 7, 10] 2 4 
C:min [0, 3, 7] 0 2 
Ab:maj [0, 3, 8] 8 2 
Bb:maj [2, 5, 10] 10 2 
Eb:maj7/7 [1, 3, 7, 10] 2 2 
C:min [0, 3, 7] 0 2 
Ab:maj [0, 3, 8] 8 2 
Bb:7 [2, 5, 8, 10] 10 2 
Eb:maj [3, 7, 10] 3 2 
C:min [0, 3, 7] 0 2 
Ab:maj [0, 3, 8] 8 2 
Bb:maj [2, 5, 10] 10 2 
Eb:maj7/7 [1, 3, 7, 10] 2 2 
C:min [0, 3, 7] 0 2 
Ab:maj [0, 3, 8] 8 2 
Bb:maj [2, 5, 10] 10 6 
Eb:sus2 [3, 5, 10] 3 7 
