0 62
64 1
0 1
62 4
0 2
64 1
0 1
62 5
0 1
62 1
0 1
62 2
64 1
0 1
62 1
64 1
67 1
0 1
66 3
0 3
64 1
0 1
62 5
0 1
64 1
0 1
62 5
0 1
62 1
0 1
61 2
62 1
64 1
62 2
61 2
62 4
66 2
64 2
62 1
0 1
61 2
62 1
0 1
69 1
0 1
69 4
0 2
64 1
0 1
64 2
66 2
67 2
64 2
66 4
66 1
0 1
64 2
62 2
61 2
62 1
0 1
69 1
0 1
69 1
0 1
67 1
0 3
66 1
0 1
64 2
66 1
67 1
66 2
64 2
62 4
66 2
64 2
62 1
0 1
61 2
62 1
0 1
69 1
0 1
69 5
0 1
64 1
0 1
64 2
66 2
67 1
0 1
73 2
69 3
0 1
66 2
64 2
62 1
0 1
61 2
62 1
0 1
69 1
0 1
69 2
67 1
0 3
66 1
0 1
64 1
0 1
66 1
67 1
66 2
64 2
62 7
0 1
69 1
0 1
62 1
0 1
62 1
62 1
62 1
62 1
69 1
0 1
62 1
0 1
62 1
62 1
62 1
62 1
64 1
0 1
64 1
0 1
64 2
66 1
0 1
66 3
0 1
62 1
62 1
62 1
62 1
69 1
0 1
62 1
0 1
62 1
0 1
62 1
62 1
69 1
0 1
62 1
0 1
62 1
62 1
62 1
62 1
64 1
0 1
64 1
0 1
64 1
66 1
0 2
62 2
0 2
66 1
0 1
69 1
0 1
69 1
0 1
69 1
0 1
69 1
0 1
69 1
69 1
0 2
62 1
62 1
62 1
0 1
62 1
0 1
64 1
0 1
64 1
0 1
64 2
66 1
0 1
66 1
0 3
66 2
69 1
0 1
69 1
0 1
69 1
0 1
69 1
0 1
69 1
69 1
0 2
62 1
62 1
62 1
0 1
62 1
0 1
64 1
0 1
64 1
0 1
64 2
66 1
0 1
62 2
0 6
62 1
0 1
62 1
59 1
62 2
0 1
62 1
62 1
59 1
62 1
59 1
62 1
0 3
64 1
0 1
64 1
0 1
64 2
67 1
0 1
66 3
0 1
66 1
0 1
66 1
0 1
62 1
59 1
62 1
59 1
62 2
0 1
59 1
62 1
59 1
62 1
59 1
62 2
0 2
64 1
64 1
64 1
64 1
64 2
66 1
62 5
66 1
0 1
64 2
62 2
61 2
62 1
0 1
69 1
0 1
69 2
67 1
0 3
64 1
0 1
64 2
66 1
0 1
67 2
64 2
66 3
0 1
66 1
0 1
64 2
62 2
61 2
62 1
0 1
69 1
0 1
69 2
67 1
0 3
66 1
0 1
64 1
0 1
66 1
67 1
66 2
64 2
62 4
66 2
64 2
62 1
0 1
61 2
62 1
0 1
69 1
0 1
69 2
67 1
0 3
66 1
66 1
64 2
66 2
67 1
0 1
73 1
0 1
69 3
0 1
66 1
0 1
64 2
62 1
0 1
61 2
62 1
0 1
69 1
0 1
69 2
67 1
0 3
66 1
66 1
64 1
0 1
66 1
67 1
66 2
64 2
62 7
0 33
69 1
0 1
62 1
0 1
62 1
62 1
62 1
62 1
69 1
0 1
62 1
0 1
62 1
62 1
62 1
62 1
64 1
0 1
64 1
0 1
64 2
66 1
0 1
66 3
0 1
62 1
62 1
62 1
62 1
69 1
0 1
62 1
0 1
62 1
0 1
62 1
62 1
69 1
0 1
62 1
0 1
62 1
62 1
62 1
62 1
64 1
0 1
64 1
0 1
64 1
66 1
0 2
62 2
0 2
66 1
0 1
69 1
0 1
69 1
0 1
69 1
0 1
69 1
0 1
69 1
69 1
0 2
62 1
62 1
62 1
0 1
62 1
0 1
64 1
0 1
64 1
0 1
64 2
66 1
0 1
66 1
0 3
66 2
69 1
0 1
69 1
0 1
69 1
0 1
69 1
0 1
69 1
69 1
0 2
62 1
62 1
62 1
0 1
62 1
0 1
64 1
0 1
64 1
0 1
64 2
66 1
0 1
62 2
0 6
62 1
0 1
62 1
59 1
62 2
0 1
62 1
62 1
59 1
62 1
59 1
62 1
0 3
64 1
0 1
64 1
0 1
64 2
67 1
0 1
66 3
0 1
66 1
0 1
66 1
0 1
62 1
59 1
62 1
59 1
62 2
0 1
59 1
62 1
59 1
62 1
59 1
62 2
0 2
64 1
64 1
64 1
64 1
64 2
66 1
0 1
62 3
0 1
66 1
0 1
64 2
62 2
61 2
62 1
0 1
69 1
0 1
69 2
67 1
0 3
64 1
0 1
64 2
66 1
0 1
67 2
64 2
66 3
0 1
66 1
0 1
64 2
62 2
61 2
62 1
0 1
69 1
0 1
69 2
67 1
0 3
66 1
0 1
64 1
0 1
66 1
67 1
66 2
64 2
62 4
66 2
64 2
62 1
0 1
61 2
62 1
0 1
69 1
0 1
69 2
67 1
0 3
66 1
66 1
64 2
66 2
67 1
0 1
73 1
0 1
69 3
0 1
66 1
0 1
64 2
62 1
0 1
61 2
62 1
0 1
69 1
0 1
69 2
67 1
0 3
66 1
66 1
64 1
0 1
66 1
67 1
66 2
64 2
62 7
0 77
67 1
0 1
65 2
63 2
62 2
63 1
0 1
70 1
0 1
70 2
68 1
0 3
65 1
0 1
65 2
67 1
0 1
68 2
65 2
67 3
0 1
67 1
0 1
65 2
63 2
62 2
63 1
0 1
70 1
0 1
70 2
68 1
0 3
67 1
0 1
65 1
0 1
67 1
68 1
67 2
65 2
63 4
67 2
65 2
63 1
0 1
62 2
63 1
0 1
70 1
0 1
70 2
68 1
0 3
67 1
67 1
65 2
67 2
68 1
0 1
74 1
0 1
70 3
0 1
67 1
0 1
65 2
63 1
0 1
62 2
63 1
0 1
70 1
0 1
70 2
68 1
0 3
67 1
67 1
65 1
0 1
67 1
68 1
67 12
0 2
68 2
67 1
0 2
65 4
0 1
63 16
