F:min [0, 5, 8] 5 4 
Eb:maj [3, 7, 10] 3 4 
F:min7 [0, 3, 5, 8] 5 2 
G:maj [2, 7, 11] 7 2 
C:min [0, 3, 7] 0 2 
C:min9 [0, 2, 3, 7, 10] 0 2 
F:min7 [0, 3, 5, 8] 5 4 
Eb:maj [3, 7, 10] 3 4 
F:sus2 [0, 5, 7] 5 2 
G:sus4 [0, 2, 7] 7 2 
C:min [0, 3, 7] 0 8 
F:sus2 [0, 5, 7] 5 4 
Bb:maj [2, 5, 10] 10 4 
Eb:maj [3, 7, 10] 3 4 
F:min [0, 5, 8] 5 2 
G:sus4 [0, 2, 7] 7 2 
C:min [0, 3, 7] 0 2 
A:hdim7 [0, 3, 6, 9] 9 2 
F:min [0, 5, 8] 5 2 
C:maj/5 [0, 4, 7] 7 2 
C:min [0, 3, 7] 0 4 
F:min [0, 5, 8] 5 2 
Bb:maj [2, 5, 10] 10 2 
Eb:maj [3, 7, 10] 3 4 
F:min [0, 5, 8] 5 2 
G:maj [2, 7, 11] 7 2 
C:min [0, 3, 7] 0 1 
D:min [2, 5, 9] 2 1 
Eb:maj [3, 7, 10] 3 2 
F:maj [0, 5, 9] 5 2 
Bb:maj [2, 5, 10] 10 2 
G:min [2, 7, 10] 7 2 
C:min [0, 3, 7] 0 2 
F:min [0, 5, 8] 5 2 
Ab:maj [0, 3, 8] 8 2 
G:maj [2, 7, 11] 7 4 
C:min [0, 3, 7] 0 4 
F:min [0, 5, 8] 5 4 
Bb:maj [2, 5, 10] 10 4 
Eb:maj [3, 7, 10] 3 4 
C:min [0, 3, 7] 0 4 
F:min [0, 5, 8] 5 4 
G:maj [2, 7, 11] 7 4 
C:min [0, 3, 7] 0 4 
F:min [0, 5, 8] 5 2 
Bb:maj [2, 5, 10] 10 2 
Eb:maj [3, 7, 10] 3 2 
Ab:maj [0, 3, 8] 8 2 
F:min [0, 5, 8] 5 2 
G:maj [2, 7, 11] 7 2 
C:min [0, 3, 7] 0 4 
F:min [0, 5, 8] 5 2 
Bb:maj [2, 5, 10] 10 2 
Eb:maj [3, 7, 10] 3 2 
Ab:maj [0, 3, 8] 8 2 
F:min [0, 5, 8] 5 2 
D:hdim7 [2, 5, 8, 11] 2 2 
G:sus4 [0, 2, 7] 7 4 
F:min [0, 5, 8] 5 2 
Bb:maj [2, 5, 10] 10 2 
Eb:maj [3, 7, 10] 3 4 
F:min [0, 5, 8] 5 2 
G:maj [2, 7, 11] 7 2 
C:min [0, 3, 7] 0 1 
D:min [2, 5, 9] 2 1 
Eb:maj [3, 7, 10] 3 2 
F:maj [0, 5, 9] 5 2 
Bb:maj [2, 5, 10] 10 2 
G:min [2, 7, 10] 7 2 
C:min [0, 3, 7] 0 2 
F:min [0, 5, 8] 5 2 
Ab:maj [0, 3, 8] 8 2 
G:maj [2, 7, 11] 7 4 
C:min [0, 3, 7] 0 4 
F:min [0, 5, 8] 5 4 
Bb:maj [2, 5, 10] 10 4 
Eb:maj [3, 7, 10] 3 4 
C:min [0, 3, 7] 0 4 
F:min [0, 5, 8] 5 4 
G:maj [2, 7, 11] 7 4 
C:min [0, 3, 7] 0 8 
F:min [0, 5, 8] 5 4 
Bb:maj [2, 5, 10] 10 4 
Eb:maj [3, 7, 10] 3 4 
C:min [0, 3, 7] 0 4 
F:min [0, 5, 8] 5 4 
G:maj [2, 7, 11] 7 4 
C:min [0, 3, 7] 0 4 
F:min [0, 5, 8] 5 4 
Eb:maj [3, 7, 10] 3 4 
F:min7 [0, 3, 5, 8] 5 2 
G:maj [2, 7, 11] 7 3 
C:sus2 [0, 2, 7] 0 4 
