F:maj [0, 5, 9] 5 8 
F:sus4 [0, 5, 10] 5 24 
G:min7 [2, 5, 7, 10] 7 4 
C:sus4 [0, 5, 7] 0 2 
C:7 [0, 4, 7, 10] 0 2 
A:min7 [0, 4, 7, 9] 9 4 
D:min [2, 5, 9] 2 4 
G:min [2, 7, 10] 7 16 
F:maj [0, 5, 9] 5 8 
A:min7 [0, 4, 7, 9] 9 8 
D:min7 [0, 2, 5, 9] 2 4 
C:maj6 [0, 4, 7, 9] 0 4 
B:dim [2, 5, 11] 11 4 
D:min6 [2, 5, 9, 11] 2 4 
G:min7 [2, 5, 7, 10] 7 3 
C:sus4(b7,9) [0, 2, 4, 7, 10] 0 3 
C:maj [0, 4, 7] 0 1 
D:min [2, 5, 9] 2 1 
A:maj [1, 4, 9] 9 4 
D:min [2, 5, 9] 2 4 
G:min7 [2, 5, 7, 10] 7 8 
C:sus4 [0, 5, 7] 0 8 
F:sus2 [0, 5, 7] 5 5 
F:maj [0, 5, 9] 5 3 
A:min [0, 4, 9] 9 8 
D:min7 [0, 2, 5, 9] 2 3 
D:sus4 [2, 7, 9] 2 3 
A:min/b3 [0, 4, 9] 0 2 
B:dim [2, 5, 11] 11 2 
G:maj/3 [2, 7, 11] 11 1 
B:hdim7 [2, 5, 8, 11] 11 3 
G:sus2 [2, 7, 9] 7 2 
G:min7 [2, 5, 7, 10] 7 4 
C:sus4 [0, 5, 7] 0 4 
A:sus4(b7) [2, 4, 9] 9 4 
D:min [2, 5, 9] 2 4 
G:min7 [2, 5, 7, 10] 7 8 
C:sus4 [0, 5, 7] 0 8 
F:sus2 [0, 5, 7] 5 16 
G:min7 [2, 5, 7, 10] 7 4 
C:7 [0, 4, 7, 10] 0 2 
C:sus4(b7) [0, 5, 7] 0 2 
F:maj [0, 5, 9] 5 8 
F:7 [0, 3, 5, 9] 5 8 
Bb:maj [2, 5, 10] 10 4 
B:hdim7 [2, 5, 8, 11] 11 4 
F:maj/5 [0, 5, 9] 0 4 
G:maj [2, 7, 11] 7 4 
C:sus4 [0, 5, 7] 0 8 
F:maj [0, 5, 9] 5 16 
G:min7 [2, 5, 7, 10] 7 4 
F:maj/5 [0, 5, 9] 0 4 
F:maj [0, 5, 9] 5 16 
Bb:maj [2, 5, 10] 10 4 
B:hdim7 [2, 5, 8, 11] 11 4 
C:maj [0, 4, 7] 0 6 
F:maj/5 [0, 5, 9] 0 2 
F:maj [0, 5, 9] 5 8 
F:sus4 [0, 5, 10] 5 15 
F:maj [0, 5, 9] 5 1 
F:sus4 [0, 5, 10] 5 11 
F:maj [0, 5, 9] 5 5 
A:min [0, 4, 9] 9 8 
D:min7 [0, 2, 5, 9] 2 3 
F:maj/5 [0, 5, 9] 0 3 
A:min/b3 [0, 4, 9] 0 2 
B:dim [2, 5, 11] 11 2 
G:maj/3 [2, 7, 11] 11 1 
B:hdim7 [2, 5, 8, 11] 11 3 
G:sus2 [2, 7, 9] 7 2 
G:min7 [2, 5, 7, 10] 7 4 
C:sus4 [0, 5, 7] 0 4 
A:sus4(b7) [2, 4, 9] 9 4 
D:min [2, 5, 9] 2 4 
G:min7 [2, 5, 7, 10] 7 8 
C:sus4 [0, 5, 7] 0 8 
F:sus2 [0, 5, 7] 5 16 
G:min7 [2, 5, 7, 10] 7 4 
C:sus4(b7) [0, 5, 7] 0 4 
F:maj [0, 5, 9] 5 8 
F:7 [0, 3, 5, 9] 5 8 
Bb:maj [2, 5, 10] 10 4 
B:hdim7 [2, 5, 8, 11] 11 4 
F:maj/5 [0, 5, 9] 0 4 
G:maj [2, 7, 11] 7 4 
C:sus4 [0, 5, 7] 0 8 
F:maj [0, 5, 9] 5 16 
G:min7 [2, 5, 7, 10] 7 4 
F:maj/5 [0, 5, 9] 0 4 
F:maj [0, 5, 9] 5 16 
Bb:maj [2, 5, 10] 10 4 
B:hdim7 [2, 5, 8, 11] 11 4 
C:sus4 [0, 5, 7] 0 4 
C:sus4(b7) [0, 5, 7] 0 2 
F:maj/5 [0, 5, 9] 0 2 
F:maj [0, 5, 9] 5 4 
G:min7 [2, 5, 7, 10] 7 4 
F:maj/3 [0, 5, 9] 9 4 
Bb:maj [2, 5, 10] 10 4 
C:sus4 [0, 5, 7] 0 4 
A:maj [1, 4, 9] 9 4 
D:min7 [0, 2, 5, 9] 2 8 
G:min7 [2, 5, 7, 10] 7 2 
F:maj/3 [0, 5, 9] 9 2 
Bb:maj [2, 5, 10] 10 8 
F:sus2 [0, 5, 7] 5 4 
F:maj [0, 5, 9] 5 4 
F:sus4 [0, 5, 10] 5 15 
F:maj [0, 5, 9] 5 1 
F:sus4 [0, 5, 10] 5 7 
