0 260
72 4
72 4
74 4
72 16
77 4
76 4
74 4
72 24
69 4
69 4
67 4
69 13
74 3
69 4
67 4
69 28
70 4
70 4
69 4
72 4
70 16
81 4
81 4
79 4
79 4
77 12
81 4
74 18
74 4
77 3
79 3
74 5
72 31
72 4
72 4
74 4
72 12
77 4
76 4
74 4
72 28
69 4
69 4
67 4
69 12
74 7
69 2
67 4
69 27
70 4
70 4
69 2
72 5
70 17
81 4
81 4
79 3
79 4
77 13
81 4
74 18
74 2
81 4
79 2
77 2
81 5
79 23
72 4
81 20
82 4
81 4
72 4
79 4
79 4
79 4
81 4
79 4
74 10
74 2
82 4
82 4
82 12
86 4
84 4
82 4
82 4
81 4
81 4
79 2
81 16
77 2
84 4
84 12
81 2
82 2
84 4
84 2
82 2
81 4
82 4
82 4
82 4
74 4
77 14
72 2
81 3
79 3
77 2
81 3
79 3
77 2
81 8
86 4
81 4
79 4
77 5
79 19
72 4
81 20
82 4
81 4
72 4
79 4
79 4
79 4
81 4
79 4
81 2
79 2
77 6
74 2
82 4
82 2
82 14
86 4
84 4
82 4
82 4
81 4
81 4
79 2
81 16
77 2
84 4
84 2
84 10
81 2
82 2
84 2
84 4
82 4
81 2
82 4
82 4
82 4
74 4
77 12
72 4
81 3
79 2
77 3
81 3
79 3
77 2
79 6
79 2
0 2
77 4
76 4
77 130
72 4
72 4
74 4
72 12
77 4
76 5
74 5
72 26
69 4
69 2
67 4
69 17
74 4
69 2
67 5
69 26
70 4
70 5
69 3
72 4
70 16
81 4
81 4
79 4
79 4
77 12
81 4
74 18
74 2
81 4
79 2
77 2
81 6
79 22
72 4
81 20
82 4
81 4
72 4
79 4
79 4
79 4
81 4
79 4
74 10
74 2
82 4
82 4
82 12
86 4
84 4
82 4
82 4
81 4
81 4
79 4
81 14
77 2
84 4
84 12
81 2
82 2
84 4
84 2
82 2
81 4
82 4
82 4
82 4
74 4
77 13
72 3
81 3
79 2
77 2
81 4
79 2
77 3
81 4
0 3
86 5
79 4
79 4
77 4
79 3
77 2
79 15
72 4
81 3
79 1
81 6
79 2
77 8
82 4
81 4
72 4
79 4
79 4
79 4
81 4
79 3
81 1
79 2
77 8
74 2
82 4
82 2
82 14
86 4
84 4
82 4
82 4
81 4
81 4
79 2
81 16
77 2
84 4
84 2
84 10
81 2
82 2
84 2
84 4
82 4
81 2
82 4
82 4
82 4
74 4
77 14
72 2
81 3
79 3
77 2
81 4
79 2
77 2
79 6
79 2
0 2
77 4
76 4
77 30
81 10
79 2
77 4
77 14
72 2
81 3
79 3
77 3
81 3
79 4
77 3
79 5
79 6
77 7
74 2
72 3
74 27
67 4
69 4
72 4
81 5
79 23
77 4
77 10
76 6
77 44
