E:min [4, 7, 11] 4 2
G:maj [2, 7, 11] 7 2
D:maj [2, 6, 9] 2 2
C:maj [0, 4, 7] 0 1
G:maj/3 [2, 7, 11] 11 1
A:min [0, 4, 9] 9 2
B:min [2, 6, 11] 11 2
C:maj [0, 4, 7] 0 2
C:maj7 [0, 4, 7, 10] 0 1
D:maj [2, 6, 9] 2 1
E:min [4, 7, 11] 4 2
D:maj [2, 6, 9] 2 2
C:maj [0, 4, 7] 0 2
G:maj7/7 [2, 5, 7, 11] 6 2
E:min [4, 7, 11] 4 2
B:min [2, 6, 11] 11 2
C:maj [0, 4, 7] 0 2
B:maj [3, 6, 11] 11 2
A:min [0, 4, 9] 9 4
E:min [4, 7, 11] 4 4
F:maj [0, 5, 9] 5 4
B:sus4 [4, 6, 11] 11 4
E:min [4, 7, 11] 4 2
D:maj [2, 6, 9] 2 2
C:maj [0, 4, 7] 0 2
G:maj7/7 [2, 5, 7, 11] 6 2
E:min [4, 7, 11] 4 2
B:min [2, 6, 11] 11 2
C:maj [0, 4, 7] 0 2
B:maj [3, 6, 11] 11 2
A:min [0, 4, 9] 9 4
E:min [4, 7, 11] 4 4
F:maj [0, 5, 9] 5 4
B:maj [3, 6, 11] 11 4
E:min [4, 7, 11] 4 2
C:maj [0, 4, 7] 0 2
D:maj [2, 6, 9] 2 2
G:maj [2, 7, 11] 7 2
A:min [0, 4, 9] 9 2
E:min [4, 7, 11] 4 2
F#:maj [1, 6, 10] 6 2
B:maj [3, 6, 11] 11 2
E:min [4, 7, 11] 4 2
C:maj [0, 4, 7] 0 2
D:maj [2, 6, 9] 2 2
G:maj [2, 7, 11] 7 2
A:min [0, 4, 9] 9 2
E:min7 [2, 4, 7, 11] 4 1
D:maj [2, 6, 9] 2 1
C:maj [0, 4, 7] 0 2
B:maj [3, 6, 11] 11 2
E:maj [4, 8, 11] 4 6
G:maj [2, 7, 11] 7 2
D:maj [2, 6, 9] 2 2
C:maj [0, 4, 7] 0 1
G:maj/3 [2, 7, 11] 11 1
A:min [0, 4, 9] 9 2
B:min [2, 6, 11] 11 2
C:maj [0, 4, 7] 0 2
D:maj [2, 6, 9] 2 1
C:maj/3 [0, 4, 7] 4 2
D:maj [2, 6, 9] 2 1
D:maj [2, 6, 9] 2 2
A:maj [1, 4, 9] 9 2
E:maj [4, 8, 11] 4 1
D:maj [2, 6, 9] 2 1
C:maj [0, 4, 7] 0 2
B:min [2, 6, 11] 11 2
A:min [0, 4, 9] 9 2
B:maj [3, 6, 11] 11 2
E:min [4, 7, 11] 4 2
C:maj [0, 4, 7] 0 2
D:maj [2, 6, 9] 2 2
G:maj [2, 7, 11] 7 2
A:min [0, 4, 9] 9 2
E:min [4, 7, 11] 4 2
F#:maj [1, 6, 10] 6 2
B:maj [3, 6, 11] 11 2
E:min [4, 7, 11] 4 2
C:maj [0, 4, 7] 0 2
D:maj [2, 6, 9] 2 2
G:maj [2, 7, 11] 7 2
A:min [0, 4, 9] 9 2
E:min7 [2, 4, 7, 11] 4 1
D:maj [2, 6, 9] 2 1
C:maj [0, 4, 7] 0 2
B:maj [3, 6, 11] 11 2
E:maj [4, 8, 11] 4 4
E:min [4, 7, 11] 4 2
C:maj [0, 4, 7] 0 2
D:maj [2, 6, 9] 2 2
G:maj [2, 7, 11] 7 2
A:min [0, 4, 9] 9 2
E:min7 [2, 4, 7, 11] 4 1
D:maj [2, 6, 9] 2 1
C:maj [0, 4, 7] 0 2
B:maj [3, 6, 11] 11 2
E:min [4, 7, 11] 4 2
