0 64
64 1
66 1
67 1
69 1
71 2
69 1
66 2
0 1
66 1
64 1
0 1
62 2
0 3
64 1
0 1
64 1
0 1
62 1
64 1
62 1
62 5
0 2
64 1
66 1
67 1
69 1
71 1
0 1
69 1
66 1
0 2
66 1
64 1
0 1
62 2
0 3
64 1
64 1
74 2
72 1
72 1
0 1
71 6
0 1
72 1
69 1
71 1
72 1
72 1
69 1
71 1
72 1
72 1
79 1
79 1
79 1
79 1
78 1
78 1
76 1
71 1
67 1
69 1
71 1
71 1
67 1
69 1
71 1
71 1
78 1
78 1
78 1
78 1
76 1
76 1
71 3
72 1
72 1
72 1
72 1
72 1
74 2
72 4
0 1
71 1
69 1
69 1
71 1
71 12
0 2
64 1
66 1
67 1
69 1
71 1
0 1
69 1
66 2
0 1
66 1
64 1
0 1
62 2
0 3
64 1
0 1
64 1
0 1
62 1
64 1
62 1
62 5
0 2
64 1
66 1
67 1
69 1
71 1
0 1
69 1
66 1
0 2
66 1
64 1
0 1
62 2
0 3
64 2
74 2
72 1
72 1
0 1
71 6
0 1
72 1
69 1
71 1
72 1
72 1
69 1
71 1
72 1
72 1
79 1
79 1
79 1
79 1
78 1
78 1
76 1
71 1
67 1
69 1
71 1
71 1
67 1
69 1
71 1
71 1
78 1
78 1
78 1
78 1
76 1
76 1
71 3
72 1
72 1
72 1
72 1
72 1
74 2
72 4
72 1
71 1
69 1
71 1
0 1
71 1
71 1
75 1
0 1
75 1
76 1
78 4
0 1
71 1
0 1
71 1
79 1
79 1
78 1
76 1
0 1
76 1
0 1
71 1
79 1
79 1
78 1
76 1
0 1
76 1
76 1
79 1
78 1
78 1
78 1
78 1
78 1
76 1
76 1
74 1
74 2
76 1
71 3
0 3
72 1
72 1
72 1
72 1
71 1
72 1
76 1
71 1
71 1
0 1
71 1
76 1
0 1
76 1
79 1
78 2
73 2
0 1
75 1
0 1
76 1
78 5
71 1
71 1
71 1
79 1
79 1
78 1
76 1
0 1
76 1
0 1
71 1
79 1
79 1
78 1
76 1
0 1
76 1
76 1
79 1
78 1
78 1
78 1
78 1
78 1
76 1
76 1
74 1
74 2
76 1
71 3
0 3
72 1
72 1
72 1
72 1
71 1
72 1
76 1
71 1
71 1
0 1
71 1
76 1
0 1
76 1
78 1
79 5
0 3
78 1
0 1
78 1
78 1
78 1
0 1
76 1
75 2
76 12
0 75
69 1
0 1
67 1
69 2
67 1
69 1
67 1
69 1
67 1
69 1
67 1
69 1
67 1
69 1
67 1
69 1
67 1
64 1
64 5
0 3
76 1
76 1
0 1
78 1
79 1
78 2
74 1
74 2
0 3
76 1
0 1
78 1
79 1
79 1
0 1
78 1
76 1
78 2
0 3
71 1
0 1
71 1
79 1
79 1
78 1
76 1
0 1
76 1
0 1
71 1
79 1
79 1
78 1
76 1
0 1
76 1
76 1
79 1
78 1
78 1
78 1
78 1
78 1
76 1
76 1
74 1
74 2
76 1
71 3
0 3
72 1
72 1
72 1
72 1
71 1
72 1
76 1
71 1
71 1
0 1
71 1
76 1
0 1
76 1
79 1
78 2
73 2
0 1
75 1
0 1
76 1
78 5
71 1
71 1
71 1
79 1
79 1
78 1
76 1
0 1
76 1
0 1
71 1
79 1
79 1
78 1
76 1
0 1
76 1
76 1
79 1
78 1
78 1
78 1
78 1
78 1
76 1
76 1
74 1
74 2
76 1
71 3
0 3
72 1
72 1
72 1
72 1
71 1
72 1
76 1
71 1
71 1
0 1
71 1
76 1
0 1
76 1
78 1
79 5
0 3
78 1
0 1
78 1
78 1
78 1
0 1
76 1
75 2
76 12
71 1
71 1
71 1
79 1
79 1
78 1
76 1
0 1
76 1
0 1
71 1
79 1
79 1
78 1
76 1
0 1
76 1
76 1
79 1
78 1
78 1
78 1
78 1
78 1
76 1
76 1
74 1
74 2
76 1
71 3
0 3
72 1
72 1
72 1
72 1
71 1
72 1
76 1
71 1
71 1
0 1
71 1
76 1
0 1
76 1
78 1
79 5
0 3
78 1
0 1
78 1
78 1
78 1
0 1
76 1
75 2
76 7
