Ab:sus2 [3, 8, 10] 8 2 
Eb:maj/3 [3, 7, 10] 7 2 
F:min7/b7 [0, 3, 5, 8] 3 4 
C#:maj [1, 5, 8] 1 2 
Eb:maj [3, 7, 10] 3 2 
Ab:maj [0, 3, 8] 8 2 
Eb:maj [3, 7, 10] 3 2 
Ab:sus2 [3, 8, 10] 8 2 
Eb:maj/3 [3, 7, 10] 7 2 
F:min [0, 5, 8] 5 2 
F:min7/b7 [0, 3, 5, 8] 3 2 
C#:maj [1, 5, 8] 1 2 
Eb:maj [3, 7, 10] 3 2 
F:min [0, 5, 8] 5 3 
Eb:maj [3, 7, 10] 3 1 
Ab:maj [0, 3, 8] 8 4 
Eb:maj/3 [3, 7, 10] 7 4 
C#:sus2 [1, 3, 8] 1 2 
Eb:maj [3, 7, 10] 3 2 
Ab:maj [0, 3, 8] 8 2 
Bb:min/5 [1, 5, 10] 5 1 
Eb:maj/3 [3, 7, 10] 7 1 
Ab:maj [0, 3, 8] 8 4 
Eb:maj/3 [3, 7, 10] 7 4 
C#:maj [1, 5, 8] 1 2 
Eb:maj [3, 7, 10] 3 2 
F:sus4 [0, 5, 10] 5 3 
F:min7 [0, 3, 5, 8] 5 1 
Ab:maj [0, 3, 8] 8 2 
Eb:maj/3 [3, 7, 10] 7 2 
F:min7 [0, 3, 5, 8] 5 2 
Ab:maj/5 [0, 3, 8] 3 2 
C#:maj [1, 5, 8] 1 2 
Eb:maj [3, 7, 10] 3 2 
Ab:maj [0, 3, 8] 8 2 
Eb:7 [1, 3, 7, 10] 3 2 
Ab:sus2 [3, 8, 10] 8 2 
Eb:maj/3 [3, 7, 10] 7 2 
F:min7 [0, 3, 5, 8] 5 2 
Ab:maj/5 [0, 3, 8] 3 2 
C#:maj [1, 5, 8] 1 2 
Eb:maj [3, 7, 10] 3 2 
F:min7 [0, 3, 5, 8] 5 4 
Ab:maj [0, 3, 8] 8 2 
Eb:maj/3 [3, 7, 10] 7 2 
F:min7 [0, 3, 5, 8] 5 2 
Ab:maj/5 [0, 3, 8] 3 2 
C#:maj [1, 5, 8] 1 2 
Eb:maj [3, 7, 10] 3 2 
Ab:sus2 [3, 8, 10] 8 2 
Ab:maj [0, 3, 8] 8 1 
Eb:maj [3, 7, 10] 3 1 
Ab:maj [0, 3, 8] 8 2 
Eb:maj/3 [3, 7, 10] 7 2 
F:min7 [0, 3, 5, 8] 5 2 
Eb:maj [3, 7, 10] 3 1 
Ab:7 [0, 3, 6, 8] 8 1 
C#:maj [1, 5, 8] 1 2 
Eb:maj [3, 7, 10] 3 2 
F:min7 [0, 3, 5, 8] 5 4 
C#:maj [1, 5, 8] 1 8 
Ab:maj [0, 3, 8] 8 4 
