72 4
72 4
75 2
77 1
75 2
70 3
72 2
72 2
72 2
70 1
72 5
72 1
75 2
72 1
77 2
75 1
75 2
72 3
77 2
75 2
72 3
70 1
72 12
68 1
70 1
68 1
70 1
72 4
72 4
75 2
77 1
75 2
70 3
72 2
72 2
72 1
75 3
72 2
70 1
70 1
68 2
65 1
67 1
68 2
68 1
68 2
72 3
70 2
68 1
67 4
68 2
67 1
65 16
60 1
58 1
60 1
58 3
60 2
63 1
65 2
63 3
60 2
60 2
60 2
63 1
60 5
60 1
63 2
60 1
68 2
67 1
65 2
63 3
65 2
63 3
60 3
58 1
60 17
60 1
58 1
60 1
58 3
60 2
63 1
65 2
63 3
60 2
60 2
60 2
63 1
60 5
60 1
63 2
60 1
68 2
67 1
65 2
63 3
68 1
67 5
65 2
63 1
67 2
65 9
68 1
70 1
68 1
70 1
72 4
72 4
75 2
77 1
75 2
70 3
72 2
72 2
72 2
70 1
72 5
72 1
75 2
72 1
77 2
75 1
75 2
72 3
77 2
75 2
72 3
70 1
72 12
68 1
70 1
68 1
70 1
72 4
72 4
75 2
77 1
75 2
70 3
72 2
72 2
72 1
75 3
72 2
70 1
70 1
68 2
65 1
67 1
68 2
68 1
68 2
72 3
70 2
68 1
67 4
68 2
67 1
65 16
60 1
58 1
60 1
58 3
60 2
63 1
65 2
63 3
60 2
60 2
60 2
63 1
60 5
60 1
63 2
60 1
68 2
67 1
65 2
63 3
65 2
63 3
60 3
58 1
56 3
0 8
68 1
70 1
68 1
70 1
72 4
72 4
75 2
77 1
75 2
70 2
70 1
72 2
72 2
72 1
75 3
72 2
70 1
70 1
68 2
65 1
67 1
68 2
68 1
68 2
72 3
70 2
68 1
67 4
0 9
68 2
0 4
67 1
0 1
65 16
0 8
84 12
