0 47
57 1
66 2
66 6
64 2
62 2
61 3
62 1
57 15
67 1
67 2
66 6
64 2
62 2
61 2
62 2
69 14
66 1
69 1
69 2
67 1
67 3
66 1
64 9
69 2
67 1
67 3
57 1
66 8
67 1
66 2
59 6
67 2
67 1
66 4
67 1
65 10
57 2
57 2
57 1
67 2
66 7
64 2
62 1
61 2
62 3
57 12
57 1
57 2
57 1
67 2
66 5
66 1
64 2
62 1
61 2
62 2
69 13
66 2
69 2
69 2
71 2
67 2
69 2
64 7
69 1
69 2
67 1
67 3
69 1
66 5
66 2
67 2
69 2
59 2
59 2
61 2
62 2
64 1
66 5
61 2
62 14
69 2
74 2
73 2
74 2
73 2
69 2
66 4
69 1
66 15
69 2
74 2
73 2
74 2
73 2
69 2
66 2
69 2
69 12
71 2
73 2
74 3
71 1
69 1
71 3
69 6
69 1
67 1
66 1
69 2
73 3
71 2
74 4
66 2
67 1
69 3
67 2
66 2
67 1
69 3
69 2
69 4
62 2
64 8
0 6
69 2
74 2
73 2
74 2
73 2
69 2
66 4
69 1
66 15
69 2
74 2
73 2
74 2
73 2
69 2
66 2
69 2
69 12
71 2
73 2
74 3
71 1
69 1
71 3
69 6
69 1
67 1
66 1
69 2
73 3
71 2
74 6
66 1
67 1
69 2
69 1
69 3
67 2
66 2
64 1
62 4
62 1
64 2
62 5
0 9
70 2
75 2
74 2
75 2
74 2
70 2
67 4
70 1
67 15
70 2
75 2
74 2
75 2
77 2
75 2
74 2
67 2
72 1
70 11
72 2
74 2
75 2
74 1
75 2
77 2
75 7
70 1
68 1
67 1
70 2
74 3
72 2
77 2
75 29
67 2
68 2
70 1
70 1
0 1
70 2
68 5
67 2
65 2
63 8
62 3
65 1
63 3
0 17
67 1
68 1
67 3
68 2
67 2
68 2
67 2
65 1
0 1
63 13
62 1
63 8
