A:maj [1, 4, 9] 9 4 
D:maj [2, 6, 9] 2 2 
E:sus4(b7) [4, 9, 11] 4 2 
A:maj [1, 4, 9] 9 2 
C#:min [1, 4, 8] 1 2 
B:min [2, 6, 11] 11 2 
E:maj [4, 8, 11] 4 2 
A:maj [1, 4, 9] 9 4 
D:maj [2, 6, 9] 2 2 
E:maj [4, 8, 11] 4 2 
A:maj [1, 4, 9] 9 2 
C#:min/5 [1, 4, 8] 8 2 
F#:min [1, 6, 9] 6 2 
C#:min [1, 4, 8] 1 2 
D:maj [2, 6, 9] 2 2 
C#:min [1, 4, 8] 1 2 
B:min [2, 6, 11] 11 2 
E:maj [4, 8, 11] 4 2 
A:maj [1, 4, 9] 9 2 
C#:min7 [1, 4, 8, 11] 1 2 
F#:min [1, 6, 9] 6 2 
C#:min [1, 4, 8] 1 2 
D:maj [2, 6, 9] 2 2 
C#:min [1, 4, 8] 1 2 
E:sus2 [4, 6, 11] 4 2 
A:maj [1, 4, 9] 9 4 
D:maj [2, 6, 9] 2 2 
A:maj [1, 4, 9] 9 2 
D:maj [2, 6, 9] 2 2 
C#:min [1, 4, 8] 1 2 
D:maj [2, 6, 9] 2 2 
C#:min [1, 4, 8] 1 2 
B:min [2, 6, 11] 11 2 
E:maj [4, 8, 11] 4 2 
D:maj [2, 6, 9] 2 2 
A:maj [1, 4, 9] 9 2 
B:min [2, 6, 11] 11 1 
E:maj [4, 8, 11] 4 1 
A:maj [1, 4, 9] 9 2 
D:maj [2, 6, 9] 2 2 
C#:sus4 [1, 6, 8] 1 1 
F#:min7 [1, 4, 6, 9] 6 1 
E:sus2 [4, 6, 11] 4 2 
A:maj [1, 4, 9] 9 3 
A:maj6 [1, 4, 6, 9] 9 1 
D:maj [2, 6, 9] 2 2 
C#:min [1, 4, 8] 1 2 
B:min [2, 6, 11] 11 2 
A:maj [1, 4, 9] 9 2 
D:maj [2, 6, 9] 2 2 
C#:min [1, 4, 8] 1 2 
E:sus2 [4, 6, 11] 4 2 
E:maj [4, 8, 11] 4 2 
A:maj [1, 4, 9] 9 2 
C#:min/5 [1, 4, 8] 8 2 
F#:min [1, 6, 9] 6 2 
E:maj [4, 8, 11] 4 2 
D:maj [2, 6, 9] 2 2 
C#:min [1, 4, 8] 1 2 
B:min [2, 6, 11] 11 2 
E:maj [4, 8, 11] 4 2 
A:maj [1, 4, 9] 9 2 
C#:min7 [1, 4, 8, 11] 1 2 
F#:min [1, 6, 9] 6 2 
C#:min [1, 4, 8] 1 2 
D:maj [2, 6, 9] 2 2 
C#:min [1, 4, 8] 1 2 
E:sus2 [4, 6, 11] 4 2 
A:maj [1, 4, 9] 9 4 
D:maj [2, 6, 9] 2 2 
A:maj [1, 4, 9] 9 2 
D:maj [2, 6, 9] 2 2 
C#:min [1, 4, 8] 1 2 
D:maj [2, 6, 9] 2 2 
C#:min [1, 4, 8] 1 2 
B:min [2, 6, 11] 11 2 
E:maj [4, 8, 11] 4 2 
D:maj [2, 6, 9] 2 2 
A:maj [1, 4, 9] 9 2 
B:min [2, 6, 11] 11 1 
E:maj [4, 8, 11] 4 1 
A:maj [1, 4, 9] 9 2 
D:maj [2, 6, 9] 2 2 
C#:sus4 [1, 6, 8] 1 1 
F#:min [1, 6, 9] 6 1 
E:sus2 [4, 6, 11] 4 2 
A:maj [1, 4, 9] 9 6 
C#:min7 [1, 4, 8, 11] 1 2 
F#:min7 [1, 4, 6, 9] 6 2 
C#:min [1, 4, 8] 1 2 
D:maj [2, 6, 9] 2 2 
C#:min [1, 4, 8] 1 2 
B:min [2, 6, 11] 11 2 
E:maj [4, 8, 11] 4 2 
A:maj [1, 4, 9] 9 2 
C#:min7 [1, 4, 8, 11] 1 2 
F#:min [1, 6, 9] 6 2 
C#:min [1, 4, 8] 1 2 
D:maj [2, 6, 9] 2 2 
C#:min [1, 4, 8] 1 2 
E:sus2 [4, 6, 11] 4 2 
D:maj/3 [2, 6, 9] 6 6 
A:maj [1, 4, 9] 9 2 
D:maj [2, 6, 9] 2 2 
C#:min [1, 4, 8] 1 2 
D:maj [2, 6, 9] 2 2 
C#:min [1, 4, 8] 1 2 
B:min [2, 6, 11] 11 2 
E:maj [4, 8, 11] 4 2 
D:maj [2, 6, 9] 2 2 
A:maj(9) [1, 4, 7, 9, 11] 9 2 
B:maj [3, 6, 11] 11 1 
E:maj [4, 8, 11] 4 1 
A:maj [1, 4, 9] 9 2 
D:maj [2, 6, 9] 2 2 
C#:sus4 [1, 6, 8] 1 1 
F#:min [1, 6, 9] 6 1 
B:maj [3, 6, 11] 11 1 
E:maj [4, 8, 11] 4 1 
A:maj [1, 4, 9] 9 4 
D:maj [2, 6, 9] 2 1 
C#:min [1, 4, 8] 1 3 
B:min [2, 6, 11] 11 2 
E:maj [4, 8, 11] 4 2 
A:maj [1, 4, 9] 9 2 
F#:min [1, 6, 9] 6 3 
C#:min [1, 4, 8] 1 1 
F#:min [1, 6, 9] 6 1 
B:min [2, 6, 11] 11 1 
E:sus2 [4, 6, 11] 4 2 
A:maj [1, 4, 9] 9 3 
