B:maj [3, 6, 11] 11 2 
C:maj/5 [0, 4, 7] 7 2 
B:maj/5 [3, 6, 11] 6 2 
C#:maj/3 [1, 5, 8] 5 2 
C#:7 [1, 5, 8, 11] 1 2 
C#:sus4 [1, 6, 8] 1 2 
D:aug [2, 6, 10] 2 4 
E:maj7 [2, 4, 8, 11] 4 2 
F#:maj [1, 6, 10] 6 2 
C#:min [1, 4, 8] 1 2 
B:maj [3, 6, 11] 11 2 
A:maj [1, 4, 9] 9 2 
Ab:sus4 [1, 3, 8] 8 2 
E:maj [4, 8, 11] 4 2 
C#:min7 [1, 4, 8, 11] 1 2 
C#:min/b3 [1, 4, 8] 4 2 
F#:maj [1, 6, 10] 6 2 
Eb:min [3, 6, 10] 3 2 
Ab:min [3, 8, 11] 8 2 
C#:min [1, 4, 8] 1 2 
E:maj [4, 8, 11] 4 1 
C#:maj/3 [1, 5, 8] 5 1 
F#:maj [1, 6, 10] 6 4 
E:maj7 [2, 4, 8, 11] 4 2 
F#:maj [1, 6, 10] 6 2 
Eb:min [3, 6, 10] 3 2 
Ab:min [3, 8, 11] 8 2 
C#:min [1, 4, 8] 1 2 
Eb:min/b3 [3, 6, 10] 6 2 
B:maj [3, 6, 11] 11 2 
F#:min [1, 6, 9] 6 1 
F:aug [1, 5, 9] 5 1 
E:maj [4, 8, 11] 4 4 
F#:maj [1, 6, 10] 6 2 
Ab:min [3, 8, 11] 8 2 
C#:min [1, 4, 8] 1 2 
F#:maj [1, 6, 10] 6 2 
B:maj [3, 6, 11] 11 2 
B:maj(9) [1, 3, 6, 9, 11] 11 2 
E:maj [4, 8, 11] 4 4 
F#:maj [1, 6, 10] 6 2 
Ab:min [3, 8, 11] 8 2 
C#:min [1, 4, 8] 1 2 
F#:maj [1, 6, 10] 6 2 
B:maj [3, 6, 11] 11 2 
F#:min [1, 6, 9] 6 1 
B:maj/5 [3, 6, 11] 6 1 
E:maj [4, 8, 11] 4 4 
F#:maj [1, 6, 10] 6 2 
Ab:min [3, 8, 11] 8 2 
C#:min [1, 4, 8] 1 2 
F#:maj [1, 6, 10] 6 2 
B:maj [3, 6, 11] 11 4 
E:maj [4, 8, 11] 4 4 
Ab:min [3, 8, 11] 8 3 
B:maj [3, 6, 11] 11 1 
E:maj [4, 8, 11] 4 4 
Ab:min [3, 8, 11] 8 4 
A:maj [1, 4, 9] 9 4 
Ab:min [3, 8, 11] 8 4 
A:maj [1, 4, 9] 9 4 
Ab:min [3, 8, 11] 8 3 
C#:7 [1, 5, 8, 11] 1 1 
F#:maj7 [1, 4, 6, 10] 6 2 
Ab:maj [0, 3, 8] 8 2 
F:min [0, 5, 8] 5 2 
Bb:min [1, 5, 10] 10 2 
Eb:min [3, 6, 10] 3 2 
F:min/b3 [0, 5, 8] 8 2 
Bb:min [1, 5, 10] 10 1 
A:aug [1, 5, 9] 9 1 
C#:maj/5 [1, 5, 8] 8 2 
F#:maj7 [1, 4, 6, 10] 6 4 
Ab:maj [0, 3, 8] 8 2 
Bb:min [1, 5, 10] 10 2 
Eb:min [3, 6, 10] 3 2 
Ab:maj [0, 3, 8] 8 2 
C#:maj [1, 5, 8] 1 4 
F#:maj [1, 6, 10] 6 4 
Ab:maj [0, 3, 8] 8 2 
Bb:min [1, 5, 10] 10 2 
Eb:min [3, 6, 10] 3 2 
Ab:maj [0, 3, 8] 8 2 
C#:maj [1, 5, 8] 1 3 
Ab:min7 [3, 6, 8, 11] 8 1 
F#:maj7 [1, 4, 6, 10] 6 4 
Ab:maj [0, 3, 8] 8 2 
Bb:min [1, 5, 10] 10 2 
Eb:min [3, 6, 10] 3 2 
Ab:maj [0, 3, 8] 8 2 
C#:maj [1, 5, 8] 1 6 
Ab:7 [0, 3, 6, 8] 8 4 
Ab:maj [0, 3, 8] 8 9 
