0 64
62 1
62 1
62 1
62 1
62 2
64 1
67 6
0 1
67 1
69 1
71 1
0 1
71 1
0 1
71 2
69 1
71 7
0 2
64 1
67 1
0 1
67 3
64 1
62 1
64 2
67 1
64 2
0 1
64 1
67 1
69 1
69 1
69 1
69 3
71 2
62 6
0 2
62 1
62 1
62 1
62 1
62 2
64 1
67 6
0 1
67 1
69 1
71 1
0 1
71 1
0 1
71 2
69 1
71 7
0 2
64 1
67 1
0 1
67 3
64 1
62 1
64 2
67 1
64 2
0 1
64 1
67 1
69 1
69 1
69 1
69 1
69 2
71 2
67 6
0 12
67 2
69 2
71 2
74 1
74 1
0 1
74 1
74 5
0 1
71 2
69 2
67 1
69 3
64 10
0 4
69 1
69 1
0 1
69 1
69 5
0 1
69 2
71 2
67 2
76 6
0 1
71 1
74 7
0 1
74 1
74 2
74 1
74 6
71 2
71 2
74 2
76 6
71 1
69 1
67 4
67 1
67 2
71 1
69 2
67 1
64 5
0 4
67 1
67 1
69 1
71 1
69 10
0 2
71 1
71 1
69 2
67 13
0 131
62 1
62 1
62 1
62 1
62 2
64 1
67 6
0 1
67 1
69 1
71 1
0 1
71 1
0 1
71 2
69 1
71 7
0 2
64 1
67 1
0 1
67 3
64 1
62 1
64 2
67 1
64 2
0 1
64 1
67 1
69 1
69 1
69 1
69 3
71 2
62 6
0 2
62 1
62 1
62 1
62 1
62 2
64 1
67 6
0 1
67 1
69 1
71 1
0 1
71 1
0 1
71 2
69 1
71 7
0 2
64 1
67 1
0 1
67 3
64 1
62 1
64 2
67 1
64 2
0 1
64 1
67 1
69 1
69 1
69 1
69 1
69 2
71 2
67 6
0 12
67 2
69 2
71 2
74 1
74 1
0 1
74 1
74 5
0 1
71 2
69 2
67 1
69 3
64 10
0 4
69 1
69 1
0 1
69 1
69 5
0 1
69 2
71 2
67 2
76 6
0 1
71 1
74 7
0 1
74 1
74 2
74 1
74 6
71 2
71 2
74 2
76 6
71 1
69 1
67 4
67 1
67 2
71 1
69 2
67 1
64 5
0 4
67 1
67 1
69 1
71 1
69 10
0 2
71 1
71 1
69 2
67 10
67 2
69 2
71 2
74 1
74 1
0 1
74 1
74 5
0 1
71 2
69 2
67 1
69 3
64 10
0 4
69 1
69 1
0 1
69 1
69 5
0 1
69 2
71 2
67 2
76 6
0 1
71 1
74 7
0 1
74 1
74 2
74 1
74 6
71 2
71 2
74 2
76 6
71 1
69 1
67 4
67 1
67 2
71 1
69 2
67 1
64 5
0 4
67 1
67 1
69 1
71 1
69 10
0 2
71 1
71 1
69 2
67 12
67 1
67 1
69 1
71 1
69 2
67 1
0 1
64 7
0 1
67 1
67 1
69 1
71 1
71 2
69 8
0 2
71 1
71 1
69 2
67 15
