G:min [2, 7, 10] 7 2 
C:maj [0, 4, 7] 0 2 
F:maj [0, 5, 9] 5 2 
D:maj [2, 6, 9] 2 2 
G:min [2, 7, 10] 7 2 
A:maj [1, 4, 9] 9 2 
D:sus2 [2, 4, 9] 2 4 
G:maj [2, 7, 11] 7 1 
C:sus4(b7) [0, 5, 7] 0 1 
C:maj [0, 4, 7] 0 2 
F:maj [0, 5, 9] 5 2 
D:maj [2, 6, 9] 2 2 
G:min [2, 7, 10] 7 2 
C:maj [0, 4, 7] 0 2 
F:maj [0, 5, 9] 5 2 
D:maj [2, 6, 9] 2 2 
G:min [2, 7, 10] 7 2 
C:maj [0, 4, 7] 0 2 
F:maj [0, 5, 9] 5 2 
D:maj [2, 6, 9] 2 2 
G:min [2, 7, 10] 7 2 
A:maj [1, 4, 9] 9 2 
D:sus2 [2, 4, 9] 2 1 
D:min [2, 5, 9] 2 1 
Bb:maj [2, 5, 10] 10 4 
F:maj [0, 5, 9] 5 4 
G:min [2, 7, 10] 7 2 
C:maj [0, 4, 7] 0 2 
F:maj [0, 5, 9] 5 4 
Bb:maj [2, 5, 10] 10 4 
F:maj [0, 5, 9] 5 4 
G:min [2, 7, 10] 7 2 
C:maj [0, 4, 7] 0 2 
F:maj [0, 5, 9] 5 2 
A:maj [1, 4, 9] 9 4 
D:min [2, 5, 9] 2 2 
G:min [2, 7, 10] 7 2 
C:maj [0, 4, 7] 0 2 
F:maj [0, 5, 9] 5 2 
D:maj [2, 6, 9] 2 2 
G:min [2, 7, 10] 7 2 
A:maj [1, 4, 9] 9 2 
D:sus2 [2, 4, 9] 2 4 
G:min [2, 7, 10] 7 2 
C:maj [0, 4, 7] 0 2 
F:maj [0, 5, 9] 5 2 
D:maj [2, 6, 9] 2 2 
G:min [2, 7, 10] 7 2 
C:maj [0, 4, 7] 0 2 
F:maj [0, 5, 9] 5 2 
D:maj [2, 6, 9] 2 2 
G:min [2, 7, 10] 7 2 
C:maj [0, 4, 7] 0 2 
F:maj [0, 5, 9] 5 2 
D:maj [2, 6, 9] 2 2 
G:min [2, 7, 10] 7 2 
A:maj [1, 4, 9] 9 2 
D:min [2, 5, 9] 2 3 
C:maj [0, 4, 7] 0 1 
Bb:maj [2, 5, 10] 10 4 
F:maj [0, 5, 9] 5 4 
G:min [2, 7, 10] 7 2 
C:maj [0, 4, 7] 0 2 
F:maj [0, 5, 9] 5 4 
Bb:maj [2, 5, 10] 10 4 
F:maj [0, 5, 9] 5 4 
G:min [2, 7, 10] 7 2 
C:maj [0, 4, 7] 0 2 
F:maj [0, 5, 9] 5 2 
A:maj [1, 4, 9] 9 2 
G:min [2, 7, 10] 7 2 
C:maj [0, 4, 7] 0 2 
F:maj [0, 5, 9] 5 2 
D:maj [2, 6, 9] 2 2 
G:min [2, 7, 10] 7 2 
C:maj [0, 4, 7] 0 2 
F:maj [0, 5, 9] 5 2 
D:maj [2, 6, 9] 2 2 
G:min [2, 7, 10] 7 2 
C:maj [0, 4, 7] 0 2 
F:maj [0, 5, 9] 5 2 
D:maj [2, 6, 9] 2 2 
E:dim [4, 7, 10] 4 2 
A:maj [1, 4, 9] 9 2 
D:sus2 [2, 4, 9] 2 2 
C:maj [0, 4, 7] 0 2 
Bb:maj [2, 5, 10] 10 4 
F:maj [0, 5, 9] 5 2 
D:maj [2, 6, 9] 2 2 
G:min [2, 7, 10] 7 2 
C:maj [0, 4, 7] 0 2 
F:maj [0, 5, 9] 5 2 
D:maj [2, 6, 9] 2 2 
G:min [2, 7, 10] 7 2 
C:maj [0, 4, 7] 0 2 
F:maj [0, 5, 9] 5 2 
D:maj [2, 6, 9] 2 2 
G:min [2, 7, 10] 7 2 
C:maj [0, 4, 7] 0 2 
F:maj [0, 5, 9] 5 2 
A:7 [1, 4, 7, 9] 9 10 
D:min [2, 5, 9] 2 2 
G:min7 [2, 5, 7, 10] 7 2 
C:sus2 [0, 2, 7] 0 2 
F:maj7 [0, 3, 5, 9] 5 2 
D:maj [2, 6, 9] 2 1 
G:minmaj7 [2, 6, 7, 10] 7 3 
Bb:maj7/7 [2, 5, 8, 10] 9 2 
D:sus2 [2, 4, 9] 2 4 
D:min [2, 5, 9] 2 1 
G:min [2, 7, 10] 7 2 
A:maj [1, 4, 9] 9 6 
D:min [2, 5, 9] 2 4 
D:min/b7 [2, 5, 9] 0 1 
A:sus2 [4, 9, 11] 9 2 
D:sus2 [2, 4, 9] 2 4 
