71 1
73 15
71 1
73 1
73 1
0 1
78 1
78 1
73 1
0 1
73 8
71 1
71 1
69 1
0 1
71 4
75 1
75 1
73 1
71 3
75 1
73 15
71 1
0 1
73 1
73 11
71 1
73 1
78 3
71 1
71 12
71 1
0 1
73 4
73 4
77 4
77 1
77 1
77 1
0 1
78 16
81 1
80 1
78 1
78 3
81 5
0 1
81 1
80 1
78 1
0 1
78 1
73 13
73 1
0 1
81 1
80 1
78 1
0 1
81 8
81 1
80 1
78 1
0 1
80 1
73 1
73 12
66 1
0 1
75 4
75 2
71 1
0 1
75 4
75 1
75 1
76 1
0 1
75 1
73 13
66 1
0 1
75 4
75 2
71 1
0 1
75 4
75 1
75 1
76 1
0 1
78 1
78 1
76 1
73 11
78 1
0 1
83 4
83 2
78 1
0 1
83 1
83 1
85 1
85 3
83 1
0 1
85 8
80 1
80 1
80 1
80 3
76 1
0 1
78 8
76 1
76 1
76 1
0 1
76 4
83 1
83 1
83 1
83 3
80 1
0 1
78 16
81 1
81 1
81 1
81 3
81 1
0 1
81 1
80 1
78 1
0 1
81 4
83 1
83 1
78 1
0 1
83 1
83 1
78 1
0 1
83 1
83 1
85 1
0 1
83 4
80 1
80 1
78 1
80 3
80 1
0 1
76 1
78 1
80 1
0 1
73 4
76 1
76 1
78 1
0 1
80 1
80 1
81 1
0 1
80 8
81 1
81 1
81 1
0 1
81 1
80 1
78 1
81 3
78 1
0 1
81 4
83 1
83 1
78 1
0 1
83 1
83 1
78 1
0 1
83 1
83 1
85 1
0 1
83 4
80 1
80 1
78 1
80 3
80 1
0 1
76 1
78 1
80 1
0 1
73 4
76 1
76 1
78 1
0 1
80 1
81 3
80 3
0 93
81 1
80 1
78 1
78 3
81 5
0 1
81 1
80 1
78 1
0 1
78 1
73 13
73 1
0 1
81 1
80 1
78 1
0 1
81 8
81 1
80 1
78 1
0 1
80 1
73 1
73 12
66 1
0 1
75 4
75 2
71 1
0 1
75 4
75 1
75 1
76 1
0 1
75 1
73 13
66 1
0 1
75 4
75 2
71 1
0 1
75 4
75 1
75 1
76 1
0 1
78 1
78 1
76 1
73 11
78 1
0 1
83 4
83 2
78 1
0 1
83 1
83 1
85 1
85 3
83 1
0 1
85 8
80 1
80 1
80 1
80 3
76 1
0 1
78 8
76 1
76 1
76 1
0 1
76 4
83 1
83 1
83 1
83 3
80 1
0 1
78 16
81 1
81 1
81 1
81 3
81 1
0 1
81 1
80 1
78 1
0 1
81 4
83 1
83 1
78 1
0 1
83 1
83 1
78 1
0 1
83 1
83 1
85 1
0 1
83 4
80 1
80 1
78 1
80 3
80 1
0 1
76 1
78 1
80 1
0 1
73 4
76 1
76 1
78 1
0 1
80 1
80 1
81 1
0 1
80 8
81 1
81 1
81 1
0 1
81 1
80 1
78 1
81 3
78 1
0 1
81 4
83 1
83 1
78 1
0 1
83 1
83 1
78 1
0 1
83 1
83 1
85 1
0 1
83 4
80 1
80 1
78 1
80 3
80 1
0 1
76 1
78 1
80 1
0 1
73 4
76 1
76 1
78 1
0 1
80 1
81 3
80 3
0 5
81 1
81 1
81 1
81 3
81 1
0 1
81 1
80 1
78 1
0 1
81 4
83 1
83 1
78 1
0 1
83 1
83 1
78 1
0 1
83 1
83 1
85 1
0 1
83 4
80 1
80 1
78 1
80 3
80 1
0 1
76 1
78 1
80 1
0 1
73 4
76 1
76 1
78 1
0 1
80 1
80 1
81 1
0 1
80 8
81 1
81 1
81 1
0 1
81 1
80 1
78 1
81 3
78 1
0 1
81 4
83 1
83 1
78 1
0 1
83 1
83 1
78 1
0 1
83 1
83 1
85 1
0 1
83 4
80 1
80 1
78 1
80 3
80 1
0 1
76 1
78 1
80 1
0 1
73 4
76 1
76 1
78 1
0 1
80 1
81 3
80 3
0 5
81 1
81 1
81 1
81 3
78 1
0 1
81 1
80 1
78 1
0 1
81 4
83 1
83 1
78 1
0 1
83 1
83 1
78 1
0 1
83 1
83 1
85 1
0 1
83 4
80 1
80 1
78 1
80 3
80 1
0 1
76 1
78 1
80 1
0 1
73 4
76 1
76 1
78 1
0 1
80 1
85 15
83 1
81 1
78 4
