Ab:maj [0, 3, 8] 8 4 
G:min [2, 7, 10] 7 4 
C:min [0, 3, 7] 0 4 
F:min [0, 5, 8] 5 2 
Bb:maj [2, 5, 10] 10 2 
Eb:maj [3, 7, 10] 3 4 
G:min [2, 7, 10] 7 2 
C:min [0, 3, 7] 0 2 
F:min [0, 5, 8] 5 4 
G:min/b3 [2, 7, 10] 10 4 
Eb:maj [3, 7, 10] 3 4 
C:min [0, 3, 7] 0 4 
Ab:maj [0, 3, 8] 8 4 
Eb:maj [3, 7, 10] 3 4 
G:min [2, 7, 10] 7 4 
C:min [0, 3, 7] 0 1 
F:min [0, 5, 8] 5 7 
Bb:maj [2, 5, 10] 10 4 
Eb:maj [3, 7, 10] 3 4 
C:min [0, 3, 7] 0 4 
Ab:maj/5 [0, 3, 8] 3 3 
Eb:maj [3, 7, 10] 3 5 
G:min [2, 7, 10] 7 4 
C:maj [0, 4, 7] 0 1 
F:min [0, 5, 8] 5 4 
Eb:sus2 [3, 5, 10] 3 2 
Eb:maj [3, 7, 10] 3 6 
Eb:maj/2 [3, 7, 10] 5 2 
Ab:maj [0, 3, 8] 8 5 
G:min [2, 7, 10] 7 4 
C:min [0, 3, 7] 0 4 
F:min [0, 5, 8] 5 2 
Bb:maj [2, 5, 10] 10 2 
Eb:maj [3, 7, 10] 3 4 
G:min [2, 7, 10] 7 2 
C:min [0, 3, 7] 0 2 
F:min [0, 5, 8] 5 4 
Bb:maj [2, 5, 10] 10 4 
Ab:maj [0, 3, 8] 8 4 
G:min [2, 7, 10] 7 4 
C:min [0, 3, 7] 0 4 
F:min [0, 5, 8] 5 2 
Bb:maj [2, 5, 10] 10 2 
Eb:maj [3, 7, 10] 3 4 
G:maj [2, 7, 11] 7 2 
C:min [0, 3, 7] 0 2 
F:min [0, 5, 8] 5 4 
Bb:maj [2, 5, 10] 10 4 
Eb:maj [3, 7, 10] 3 8 
C:min [0, 3, 7] 0 8 
Ab:maj [0, 3, 8] 8 4 
G:min [2, 7, 10] 7 4 
C:min [0, 3, 7] 0 4 
F:min [0, 5, 8] 5 2 
Bb:maj [2, 5, 10] 10 2 
Eb:maj [3, 7, 10] 3 4 
G:min [2, 7, 10] 7 2 
C:min [0, 3, 7] 0 2 
F:min [0, 5, 8] 5 4 
G:min/b3 [2, 7, 10] 10 4 
Eb:maj [3, 7, 10] 3 4 
C:min [0, 3, 7] 0 4 
Ab:maj [0, 3, 8] 8 4 
Eb:maj [3, 7, 10] 3 4 
G:min [2, 7, 10] 7 4 
C:min [0, 3, 7] 0 1 
F:min [0, 5, 8] 5 7 
Bb:maj [2, 5, 10] 10 4 
Eb:maj [3, 7, 10] 3 4 
C:min [0, 3, 7] 0 4 
Ab:maj7 [0, 3, 6, 8] 8 3 
Eb:maj [3, 7, 10] 3 5 
G:min [2, 7, 10] 7 4 
C:maj [0, 4, 7] 0 1 
F:min [0, 5, 8] 5 4 
Eb:sus2 [3, 5, 10] 3 2 
Eb:maj [3, 7, 10] 3 6 
Eb:maj/2 [3, 7, 10] 5 2 
Ab:maj [0, 3, 8] 8 5 
G:min [2, 7, 10] 7 4 
C:min [0, 3, 7] 0 4 
F:min [0, 5, 8] 5 2 
Bb:maj [2, 5, 10] 10 2 
Eb:maj [3, 7, 10] 3 4 
G:min [2, 7, 10] 7 2 
C:min [0, 3, 7] 0 2 
F:min [0, 5, 8] 5 4 
Bb:maj [2, 5, 10] 10 4 
Ab:maj [0, 3, 8] 8 4 
G:min [2, 7, 10] 7 4 
C:min [0, 3, 7] 0 4 
F:min [0, 5, 8] 5 2 
Bb:maj [2, 5, 10] 10 2 
Eb:maj [3, 7, 10] 3 4 
G:maj [2, 7, 11] 7 2 
C:min [0, 3, 7] 0 2 
F:min [0, 5, 8] 5 4 
Bb:maj [2, 5, 10] 10 4 
Eb:sus2 [3, 5, 10] 3 2 
Eb:maj [3, 7, 10] 3 2 
Ab:maj [0, 3, 8] 8 4 
G:min [2, 7, 10] 7 4 
C:min [0, 3, 7] 0 4 
F:min [0, 5, 8] 5 2 
Bb:maj [2, 5, 10] 10 2 
Eb:maj [3, 7, 10] 3 4 
G:min [2, 7, 10] 7 2 
C:min [0, 3, 7] 0 2 
F:min [0, 5, 8] 5 4 
Bb:maj [2, 5, 10] 10 4 
Ab:maj [0, 3, 8] 8 4 
G:min [2, 7, 10] 7 4 
C:min [0, 3, 7] 0 4 
F:min [0, 5, 8] 5 2 
Bb:maj [2, 5, 10] 10 2 
Eb:maj [3, 7, 10] 3 4 
G:maj [2, 7, 11] 7 2 
C:min [0, 3, 7] 0 2 
F:min [0, 5, 8] 5 4 
Bb:maj [2, 5, 10] 10 4 
Eb:maj [3, 7, 10] 3 4 
C:min [0, 3, 7] 0 4 
F:min [0, 5, 8] 5 5 
Bb:maj [2, 5, 10] 10 3 
Eb:maj [3, 7, 10] 3 15 
