C:maj [0, 4, 7] 0 8 
D:min7 [0, 2, 5, 9] 2 2 
E:min [4, 7, 11] 4 2 
F:maj [0, 5, 9] 5 3 
F:maj(9) [0, 3, 5, 7, 9] 5 1 
C:maj7 [0, 4, 7, 10] 0 4 
G:sus4 [0, 2, 7] 7 1 
C:maj [0, 4, 7] 0 7 
A:sus2 [4, 9, 11] 9 2 
A:min7 [0, 4, 7, 9] 9 2 
D:min [2, 5, 9] 2 4 
G:maj [2, 7, 11] 7 4 
C:maj [0, 4, 7] 0 4 
A:min [0, 4, 9] 9 4 
D:min [2, 5, 9] 2 3 
G:sus2 [2, 7, 9] 7 5 
E:min [4, 7, 11] 4 4 
A:min [0, 4, 9] 9 3 
D:min7 [0, 2, 5, 9] 2 5 
G:maj [2, 7, 11] 7 3 
E:min7 [2, 4, 7, 11] 4 5 
A:sus2 [4, 9, 11] 9 4 
D:min [2, 5, 9] 2 4 
G:maj [2, 7, 11] 7 2 
E:min [4, 7, 11] 4 6 
D:min [2, 5, 9] 2 4 
G:maj [2, 7, 11] 7 3 
G:sus4(b7,9) [2, 5, 7, 9, 11] 7 1 
C:maj [0, 4, 7] 0 3 
E:min/5 [4, 7, 11] 11 1 
C:maj [0, 4, 7] 0 4 
D:min7 [0, 2, 5, 9] 2 4 
G:maj [2, 7, 11] 7 4 
C:sus4 [0, 5, 7] 0 5 
C:maj7/3 [0, 4, 7, 10] 4 3 
F:maj [0, 5, 9] 5 3 
D:min [2, 5, 9] 2 3 
E:min [4, 7, 11] 4 2 
G:maj [2, 7, 11] 7 4 
C:maj [0, 4, 7] 0 4 
A:sus2 [4, 9, 11] 9 2 
A:min7 [0, 4, 7, 9] 9 2 
D:min [2, 5, 9] 2 4 
G:maj [2, 7, 11] 7 4 
C:maj [0, 4, 7] 0 4 
A:min [0, 4, 9] 9 4 
D:min [2, 5, 9] 2 3 
G:sus2 [2, 7, 9] 7 5 
E:min [4, 7, 11] 4 4 
A:min [0, 4, 9] 9 3 
D:min7 [0, 2, 5, 9] 2 5 
G:maj [2, 7, 11] 7 3 
G:7 [2, 5, 7, 11] 7 1 
E:min7 [2, 4, 7, 11] 4 4 
A:sus2 [4, 9, 11] 9 4 
D:min [2, 5, 9] 2 4 
G:maj [2, 7, 11] 7 2 
G:7 [2, 5, 7, 11] 7 2 
E:min [4, 7, 11] 4 4 
D:min [2, 5, 9] 2 4 
G:maj [2, 7, 11] 7 3 
G:sus4(b7,9) [2, 5, 7, 9, 11] 7 1 
C:maj [0, 4, 7] 0 8 
D:min7 [0, 2, 5, 9] 2 4 
G:maj [2, 7, 11] 7 8 
E:min [4, 7, 11] 4 4 
D:min [2, 5, 9] 2 4 
G:maj [2, 7, 11] 7 3 
G:sus4(b7,9) [2, 5, 7, 9, 11] 7 1 
C:maj [0, 4, 7] 0 8 
D:min7 [0, 2, 5, 9] 2 4 
G:maj [2, 7, 11] 7 4 
C:maj [0, 4, 7] 0 4 
G:sus4(b7) [0, 2, 7] 7 4 
G:maj [2, 7, 11] 7 4 
E:min [4, 7, 11] 4 2 
D:min/b3 [2, 5, 9] 5 1 
G:maj [2, 7, 11] 7 4 
C:maj [0, 4, 7] 0 2 
