0 96
62 3
60 3
55 8
52 1
55 1
59 3
59 3
60 2
57 7
57 1
64 2
62 2
60 2
57 8
57 1
59 1
60 4
60 4
62 8
62 3
60 3
55 8
52 1
55 1
59 3
59 3
60 2
57 8
64 3
62 3
57 8
57 1
59 1
60 2
60 1
60 3
62 2
62 10
64 2
64 3
64 1
65 2
64 2
64 2
62 1
62 1
62 2
60 4
59 2
60 6
62 1
64 1
65 2
64 2
60 1
57 3
65 2
64 2
65 2
64 2
60 8
62 10
64 2
64 2
64 2
65 2
64 2
64 6
64 2
64 2
69 2
64 2
62 1
62 3
62 1
64 1
65 2
64 2
60 1
57 3
65 2
64 2
65 2
67 12
55 2
60 2
67 2
67 10
55 2
60 2
67 2
67 4
65 2
64 1
65 4
57 1
60 2
69 2
69 10
65 2
67 2
69 2
69 3
67 3
65 4
55 2
60 2
67 2
67 10
55 2
60 2
67 2
67 2
65 2
65 2
64 1
65 7
62 1
64 1
65 3
64 3
57 6
59 4
59 2
60 78
62 3
60 3
55 8
52 1
55 1
59 3
59 3
60 2
57 7
57 1
64 2
62 2
60 2
57 8
57 1
59 1
60 4
60 4
62 8
62 3
60 3
55 8
52 1
55 1
59 3
59 3
60 2
57 8
64 3
62 3
57 8
57 1
59 1
60 2
60 1
60 3
62 2
62 10
64 2
64 3
64 1
65 2
64 2
64 2
62 1
62 1
62 2
60 4
59 2
60 6
62 1
64 1
65 2
64 2
60 1
57 3
65 2
64 2
65 2
64 2
60 8
62 10
64 2
64 2
64 2
65 2
64 2
64 6
64 2
64 2
69 2
64 2
62 1
62 3
62 1
64 1
65 2
64 2
60 1
57 3
65 2
64 2
65 2
67 12
55 2
60 2
67 2
67 10
55 2
60 2
67 2
67 4
65 2
64 1
65 4
57 1
60 2
69 2
69 10
65 2
67 2
69 2
69 3
67 3
65 4
55 2
60 2
67 2
67 10
55 2
60 2
67 2
67 2
65 2
65 2
64 1
65 7
62 1
64 1
65 3
64 3
57 6
59 4
59 2
60 8
55 2
60 2
67 2
67 10
55 2
60 2
67 2
67 4
65 2
64 1
65 4
57 1
60 2
69 2
69 10
65 2
67 2
69 2
69 3
67 3
65 4
55 2
60 2
67 2
67 10
55 2
60 2
67 2
67 2
65 2
65 2
64 1
65 7
62 1
64 1
65 3
64 3
57 6
59 4
59 2
60 14
