A:min [0, 4, 9] 9 8 
D:min [2, 5, 9] 2 2 
E:min [4, 7, 11] 4 2 
D:min [2, 5, 9] 2 2 
A:min [0, 4, 9] 9 2 
C:maj [0, 4, 7] 0 4 
A:min [0, 4, 9] 9 4 
C:maj [0, 4, 7] 0 4 
A:min [0, 4, 9] 9 4 
D:min [2, 5, 9] 2 4 
E:min [4, 7, 11] 4 4 
A:min [0, 4, 9] 9 16 
C:maj [0, 4, 7] 0 2 
D:min [2, 5, 9] 2 2 
A:min [0, 4, 9] 9 4 
C:maj [0, 4, 7] 0 4 
G:maj [2, 7, 11] 7 4 
C:maj [0, 4, 7] 0 8 
A:min [0, 4, 9] 9 16 
D:min [2, 5, 9] 2 4 
E:min [4, 7, 11] 4 4 
A:min [0, 4, 9] 9 20 
D:min [2, 5, 9] 2 6 
E:min [4, 7, 11] 4 2 
D:min [2, 5, 9] 2 2 
A:min [0, 4, 9] 9 2 
C:maj [0, 4, 7] 0 4 
A:min [0, 4, 9] 9 4 
C:maj [0, 4, 7] 0 4 
A:min [0, 4, 9] 9 4 
D:min [2, 5, 9] 2 4 
E:min [4, 7, 11] 4 4 
A:min [0, 4, 9] 9 16 
D:min [2, 5, 9] 2 8 
C:maj [0, 4, 7] 0 4 
A:min [0, 4, 9] 9 4 
C:maj [0, 4, 7] 0 4 
A:min [0, 4, 9] 9 4 
D:min [2, 5, 9] 2 4 
E:min [4, 7, 11] 4 4 
A:min [0, 4, 9] 9 16 
C:maj [0, 4, 7] 0 2 
D:min [2, 5, 9] 2 2 
A:min [0, 4, 9] 9 4 
C:maj [0, 4, 7] 0 4 
G:maj [2, 7, 11] 7 4 
C:maj [0, 4, 7] 0 8 
A:min [0, 4, 9] 9 16 
D:min [2, 5, 9] 2 4 
E:min [4, 7, 11] 4 4 
A:min [0, 4, 9] 9 20 
D:min [2, 5, 9] 2 6 
E:min [4, 7, 11] 4 2 
D:min [2, 5, 9] 2 2 
A:min [0, 4, 9] 9 2 
C:maj [0, 4, 7] 0 4 
A:min [0, 4, 9] 9 4 
C:maj [0, 4, 7] 0 4 
A:min [0, 4, 9] 9 4 
D:min [2, 5, 9] 2 4 
E:min [4, 7, 11] 4 4 
A:min [0, 4, 9] 9 16 
C:maj [0, 4, 7] 0 2 
D:min [2, 5, 9] 2 2 
A:min [0, 4, 9] 9 6 
A:maj [1, 4, 9] 9 2 
G:maj [2, 7, 11] 7 4 
C:maj [0, 4, 7] 0 8 
A:min [0, 4, 9] 9 16 
D:min [2, 5, 9] 2 4 
E:min [4, 7, 11] 4 4 
A:min [0, 4, 9] 9 20 
D:min [2, 5, 9] 2 6 
E:min [4, 7, 11] 4 2 
D:min [2, 5, 9] 2 2 
A:min [0, 4, 9] 9 2 
C:maj [0, 4, 7] 0 4 
A:min [0, 4, 9] 9 4 
C:maj [0, 4, 7] 0 4 
A:min [0, 4, 9] 9 4 
D:min [2, 5, 9] 2 4 
E:min [4, 7, 11] 4 4 
A:min [0, 4, 9] 9 16 
D:min [2, 5, 9] 2 2 
E:min [4, 7, 11] 4 2 
D:min [2, 5, 9] 2 9 
E:min [4, 7, 11] 4 9 
A:min [0, 4, 9] 9 8 
