0 223
80 1
0 1
80 2
78 1
80 1
82 2
80 8
80 3
0 1
78 1
80 1
73 2
75 7
0 1
75 2
75 2
73 1
75 1
71 2
73 7
0 1
73 2
73 1
0 1
73 1
75 1
77 2
75 7
0 1
80 1
0 1
80 2
78 1
80 1
82 2
80 8
80 3
0 1
82 1
80 1
78 1
73 1
75 7
0 1
75 2
75 2
73 1
75 1
71 2
73 7
0 1
78 3
75 1
82 1
80 1
78 2
80 16
0 24
80 2
80 2
83 1
85 1
82 1
80 1
83 6
0 2
80 2
85 1
0 1
85 2
82 1
80 3
78 5
0 1
73 3
75 1
73 1
75 1
78 1
0 1
80 2
80 1
0 1
75 1
76 1
75 1
73 1
71 4
0 2
73 1
75 1
78 6
75 1
78 1
80 1
0 1
80 2
83 1
85 1
82 1
80 1
83 5
0 3
80 2
85 1
0 1
85 2
82 1
80 1
80 2
78 4
0 2
73 3
75 1
73 1
75 1
78 2
80 1
0 1
80 2
75 1
76 1
75 1
73 1
71 5
0 1
73 1
75 1
78 6
75 1
78 1
73 2
0 1
75 1
70 1
68 1
66 2
68 8
0 176
80 1
0 1
80 2
78 1
80 1
82 2
80 8
80 3
0 1
78 1
80 1
73 2
75 7
0 1
75 2
75 2
73 1
75 1
71 2
73 7
0 1
73 2
73 1
0 1
73 1
75 1
77 2
75 7
0 1
80 1
0 1
80 2
78 1
80 1
82 2
80 8
80 3
0 1
82 1
80 1
78 1
73 1
75 7
0 1
75 2
75 2
73 1
75 1
71 2
73 7
0 1
78 3
75 1
82 1
80 1
78 2
80 16
0 24
80 2
80 2
83 1
85 1
82 1
80 1
83 6
0 2
80 2
85 1
0 1
85 2
82 1
80 3
78 5
0 1
73 3
75 1
73 1
75 1
78 1
0 1
80 2
80 1
0 1
75 1
76 1
75 1
73 1
71 4
0 2
73 1
75 1
78 6
75 1
78 1
80 1
0 1
80 2
83 1
85 1
82 1
80 1
83 5
0 3
80 2
85 1
0 1
85 2
82 1
80 1
80 2
78 4
0 2
73 3
75 1
73 1
75 1
78 2
80 1
0 1
80 2
75 1
76 1
75 1
73 1
71 5
0 1
73 1
75 1
78 6
75 1
78 1
73 2
0 1
75 1
70 1
68 1
66 2
68 8
80 2
80 2
83 1
85 1
82 1
80 1
83 6
0 2
80 2
85 1
0 1
85 2
82 1
80 3
78 5
0 1
73 3
75 1
73 1
75 1
78 1
0 1
80 2
80 1
0 1
75 1
76 1
75 1
73 1
71 4
0 2
73 1
75 1
78 6
75 1
78 1
80 1
0 1
80 2
83 1
85 1
82 1
80 1
83 5
0 3
80 2
85 1
0 1
85 2
82 1
80 1
80 2
78 4
0 2
73 3
75 1
73 1
75 1
78 2
80 1
0 1
80 2
75 1
76 1
75 1
73 1
71 5
0 1
73 1
75 1
78 6
75 1
0 1
78 6
80 2
83 4
82 4
80 15
