Bb:min [1, 5, 10] 10 2 
Ab:maj [0, 3, 8] 8 2 
F#:maj [1, 6, 10] 6 7 
C#:maj/5 [1, 5, 8] 8 1 
Bb:min [1, 5, 10] 10 2 
C#:maj [1, 5, 8] 1 6 
C#:sus2 [1, 3, 8] 1 4 
F#:maj [1, 6, 10] 6 2 
B:maj [3, 6, 11] 11 2 
C#:maj [1, 5, 8] 1 4 
F#:maj [1, 6, 10] 6 4 
C#:maj [1, 5, 8] 1 4 
F#:maj [1, 6, 10] 6 2 
Ab:sus4(b7) [1, 3, 8] 8 2 
C#:maj [1, 5, 8] 1 3 
C:min [0, 3, 7] 0 1 
Bb:min [1, 5, 10] 10 2 
C#:maj/5 [1, 5, 8] 8 2 
Eb:7 [1, 3, 7, 10] 3 2 
F#:maj [1, 6, 10] 6 2 
Eb:min [3, 6, 10] 3 4 
Ab:maj [0, 3, 8] 8 4 
C#:maj [1, 5, 8] 1 2 
C#:maj/3 [1, 5, 8] 5 2 
Eb:min7 [1, 3, 6, 10] 3 2 
F#:min [1, 6, 9] 6 2 
Bb:min [1, 5, 10] 10 2 
C#:maj/5 [1, 5, 8] 8 2 
G:sus4(b7) [0, 2, 7] 7 2 
Ab:maj [0, 3, 8] 8 2 
Bb:min [1, 5, 10] 10 2 
Ab:maj [0, 3, 8] 8 2 
C:min/5 [0, 3, 7] 7 2 
F#:maj7 [1, 4, 6, 10] 6 2 
Eb:min [3, 6, 10] 3 2 
Ab:maj [0, 3, 8] 8 2 
C#:maj [1, 5, 8] 1 2 
Bb:min7 [1, 5, 8, 10] 10 2 
C#:maj [1, 5, 8] 1 4 
F#:maj [1, 6, 10] 6 4 
C#:maj [1, 5, 8] 1 4 
F#:maj [1, 6, 10] 6 2 
Ab:sus4(b7) [1, 3, 8] 8 2 
C#:maj [1, 5, 8] 1 3 
C:min [0, 3, 7] 0 1 
Bb:min [1, 5, 10] 10 2 
C#:maj/5 [1, 5, 8] 8 2 
G:hdim7 [1, 4, 7, 10] 7 2 
F#:maj [1, 6, 10] 6 2 
Eb:min [3, 6, 10] 3 4 
Ab:maj [0, 3, 8] 8 4 
C#:maj [1, 5, 8] 1 2 
D:dim [2, 5, 8] 2 2 
Eb:min [3, 6, 10] 3 2 
F#:min [1, 6, 9] 6 2 
Bb:min [1, 5, 10] 10 2 
C#:maj/5 [1, 5, 8] 8 2 
G:hdim7 [1, 4, 7, 10] 7 2 
Ab:maj [0, 3, 8] 8 2 
Bb:min [1, 5, 10] 10 2 
Ab:maj [0, 3, 8] 8 2 
G:min7 [2, 5, 7, 10] 7 2 
F#:maj [1, 6, 10] 6 2 
Eb:min [3, 6, 10] 3 2 
Ab:maj [0, 3, 8] 8 2 
B:maj [3, 6, 11] 11 4 
Bb:min [1, 5, 10] 10 4 
Bb:maj [2, 5, 10] 10 4 
Eb:min [3, 6, 10] 3 2 
Ab:maj [0, 3, 8] 8 2 
C#:maj [1, 5, 8] 1 3 
D:dim [2, 5, 8] 2 1 
F#:maj/3 [1, 6, 10] 10 2 
F#:min [1, 6, 9] 6 2 
Bb:min [1, 5, 10] 10 2 
C#:maj/5 [1, 5, 8] 8 2 
G:sus4(b7) [0, 2, 7] 7 2 
Ab:maj [0, 3, 8] 8 2 
Bb:min [1, 5, 10] 10 2 
Ab:maj [0, 3, 8] 8 2 
G:min7 [2, 5, 7, 10] 7 2 
F#:maj [1, 6, 10] 6 2 
Eb:min [3, 6, 10] 3 2 
Ab:maj [0, 3, 8] 8 2 
F#:maj9 [1, 4, 6, 8, 10] 6 2 
F:min [0, 5, 8] 5 2 
Eb:min7 [1, 3, 6, 10] 3 2 
Ab:maj [0, 3, 8] 8 2 
Ab:sus4(b7) [1, 3, 8] 8 4 
C#:maj [1, 5, 8] 1 12 
C#:maj(11) [1, 5, 6, 8] 1 2 
F#:sus2 [1, 6, 8] 6 2 
C#:maj [1, 5, 8] 1 4 
F#:sus2 [1, 6, 8] 6 4 
C#:maj [1, 5, 8] 1 4 
F#:sus2 [1, 6, 8] 6 4 
C#:maj [1, 5, 8] 1 4 
F#:maj [1, 6, 10] 6 2 
C#:maj [1, 5, 8] 1 1 
