0 60
80 1
78 1
77 1
73 1
75 2
77 1
73 4
0 5
80 1
78 1
77 1
73 1
75 2
77 1
77 6
0 3
80 1
78 1
77 1
73 1
75 2
77 1
73 3
0 2
75 1
0 1
77 1
73 3
68 1
0 1
75 2
77 1
77 7
0 2
80 1
78 1
77 1
73 1
75 2
77 1
73 5
0 4
80 1
78 1
77 1
73 1
75 2
77 1
77 7
0 2
80 1
78 1
77 1
73 1
75 2
77 1
73 3
0 2
75 1
0 1
77 1
73 3
70 1
73 7
0 7
70 2
72 1
73 3
0 1
73 2
72 1
73 6
70 2
72 1
73 3
0 1
73 2
72 1
73 5
0 4
78 2
77 2
75 2
73 1
80 3
77 1
0 1
77 1
82 2
75 7
0 8
77 1
78 1
80 1
0 1
80 1
80 1
0 1
80 2
80 1
0 1
80 1
0 1
80 1
0 1
80 2
80 1
0 1
82 2
78 1
0 1
77 2
78 4
0 3
73 1
75 1
77 1
77 2
77 2
77 2
77 1
0 1
77 2
77 1
0 1
77 1
0 1
77 2
82 1
0 1
75 2
73 2
77 1
73 1
75 3
0 2
77 1
78 1
80 1
0 1
80 1
73 2
70 1
0 2
80 1
0 1
80 1
73 2
70 2
0 1
75 1
0 1
75 1
77 2
70 1
0 1
73 3
0 2
75 1
0 1
77 1
73 4
0 1
75 1
0 1
77 1
75 3
0 1
68 1
80 1
0 1
77 2
77 1
73 7
0 20
80 1
78 1
77 1
73 1
75 2
77 1
73 5
0 4
80 1
78 1
77 1
73 1
75 2
77 1
77 7
0 2
80 1
78 1
77 1
73 1
75 2
77 1
73 3
0 2
75 1
0 1
77 1
73 3
70 1
73 7
0 7
70 2
72 1
73 3
0 1
73 2
72 1
73 6
70 2
72 1
73 3
0 1
73 2
72 1
73 5
0 4
78 2
77 2
75 2
73 1
80 3
77 1
0 1
77 1
82 2
75 7
0 8
77 1
78 1
80 1
0 1
80 1
80 1
0 1
80 2
80 1
0 1
80 1
0 1
80 1
0 1
80 2
80 1
0 1
82 2
78 1
0 1
77 2
78 4
0 3
73 1
75 1
77 1
77 2
77 2
77 2
77 1
0 1
77 2
77 1
0 1
77 1
0 1
77 2
82 1
0 1
75 2
73 2
77 1
73 1
75 3
0 2
77 1
78 1
80 1
0 1
80 1
73 2
70 1
0 2
80 1
0 1
80 1
73 2
70 2
0 1
75 1
0 1
75 1
77 2
70 1
0 1
73 3
0 2
75 1
0 1
77 1
73 4
0 1
75 1
0 1
77 1
75 3
0 1
68 1
80 1
0 1
77 2
77 1
73 7
0 54
77 1
78 1
80 1
0 1
80 1
80 1
0 1
80 2
80 1
0 1
80 1
0 1
80 1
0 1
80 2
80 1
0 1
82 2
78 1
0 1
77 2
78 4
0 3
73 1
75 1
77 1
77 2
77 2
77 2
77 1
0 1
77 2
77 1
0 1
77 1
0 1
77 2
82 1
0 1
75 2
73 2
77 1
73 1
75 3
0 2
77 1
78 1
80 1
0 1
80 1
73 2
70 1
0 2
80 1
0 1
80 1
73 2
70 2
0 1
75 1
0 1
75 1
77 2
70 1
0 1
73 3
0 2
75 1
0 1
77 1
73 4
0 1
75 1
0 1
77 1
75 3
0 1
68 1
80 1
0 1
77 2
77 1
73 7
0 3
75 1
0 1
77 2
73 3
0 1
75 1
0 1
77 2
75 3
68 1
0 1
80 4
0 2
77 2
0 1
77 1
73 10
