0 156
65 2
68 2
70 4
70 2
77 1
0 1
75 1
0 1
73 2
72 2
75 2
73 1
0 1
72 2
70 2
68 2
70 3
0 3
68 1
0 1
70 4
77 3
0 1
75 3
0 1
80 3
0 1
77 11
0 1
65 2
68 1
0 1
70 3
0 1
70 2
77 1
0 1
75 2
73 2
72 1
0 1
75 1
0 1
73 2
72 2
70 1
0 1
68 2
70 4
0 2
68 1
0 1
70 3
0 1
77 3
0 1
75 3
0 1
72 4
70 11
0 1
73 1
0 1
75 2
77 3
0 1
80 3
0 1
82 1
0 1
80 2
77 1
0 1
75 2
73 4
73 2
72 2
73 3
0 3
72 2
70 4
77 3
0 1
75 3
0 1
80 3
0 1
77 10
0 2
73 1
0 1
75 2
77 4
80 4
82 2
80 2
77 2
75 2
73 3
0 1
73 2
72 2
73 5
0 1
72 2
73 5
0 1
73 2
73 1
0 1
75 1
0 1
77 3
0 1
80 6
77 2
85 1
0 1
84 2
82 1
0 1
80 2
82 3
0 1
82 1
0 1
84 1
0 1
85 1
0 1
84 1
0 1
82 2
80 1
0 1
80 8
0 2
77 1
0 1
77 2
80 1
0 1
82 2
73 1
0 1
73 1
0 1
73 1
0 1
73 1
0 1
75 2
75 2
73 1
0 1
75 2
77 1
0 1
77 1
0 1
75 1
0 1
77 4
0 2
75 2
75 1
0 1
73 1
0 1
73 1
0 1
72 1
0 1
73 1
0 1
75 4
77 1
0 1
84 1
0 1
85 1
0 1
84 1
0 1
82 1
0 1
80 2
80 4
80 1
0 1
82 3
0 3
82 1
0 1
82 3
0 1
82 3
0 1
80 8
85 1
0 1
84 1
0 1
82 2
80 2
82 3
0 1
82 1
0 1
84 1
0 1
85 2
84 2
82 4
80 9
0 1
77 1
0 1
77 1
0 1
80 1
0 1
82 1
0 1
73 1
0 1
73 1
0 1
73 1
0 1
73 2
75 1
0 1
75 2
73 2
75 2
77 1
0 1
77 2
75 2
77 5
0 1
75 1
0 1
75 1
0 1
73 1
0 1
73 1
0 1
72 1
0 1
73 1
0 1
75 1
0 1
77 1
0 1
80 1
0 1
84 1
0 1
85 1
0 1
84 1
0 1
82 4
80 4
80 1
0 1
82 3
0 1
82 2
82 2
82 3
0 1
82 3
0 1
80 15
0 13
65 2
68 2
70 4
70 2
77 1
0 1
75 1
0 1
73 2
72 2
75 2
73 1
0 1
72 2
70 2
68 2
70 3
0 3
68 1
0 1
70 4
77 3
0 1
75 3
0 1
80 3
0 1
77 11
0 1
65 2
68 1
0 1
70 3
0 1
70 2
77 1
0 1
75 2
73 2
72 2
75 1
0 1
73 2
72 2
70 1
0 1
68 2
70 4
0 2
68 1
0 1
70 3
0 1
77 3
0 1
75 3
0 1
72 4
70 11
0 129
73 1
0 1
75 2
77 3
0 1
80 3
0 1
82 1
0 1
80 2
77 1
0 1
75 2
73 4
73 2
72 2
73 3
0 3
72 2
70 4
77 3
0 1
75 3
0 1
80 3
0 1
77 10
0 2
73 1
0 1
75 2
77 4
80 4
82 2
80 2
77 2
75 2
73 3
0 1
73 2
72 2
73 5
0 1
72 2
73 5
0 1
73 2
73 1
0 1
75 1
0 1
77 3
0 1
80 6
77 2
85 1
0 1
84 2
82 1
0 1
80 2
82 3
0 1
82 1
0 1
84 1
0 1
85 1
0 1
84 1
0 1
82 2
80 1
0 1
80 8
0 2
77 1
0 1
77 2
80 1
0 1
82 2
73 1
0 1
73 1
0 1
73 1
0 1
73 1
0 1
75 2
75 2
73 1
0 1
75 2
77 1
0 1
77 1
0 1
75 1
0 1
77 4
0 2
75 2
75 1
0 1
73 1
0 1
73 1
0 1
72 1
0 1
73 1
0 1
75 4
77 1
0 1
84 1
0 1
85 1
0 1
84 1
0 1
82 1
0 1
80 2
80 4
80 1
0 1
82 3
0 3
82 1
0 1
82 3
0 1
82 3
0 1
80 8
85 1
0 1
84 1
0 1
82 2
80 2
82 3
0 1
82 1
0 1
84 1
0 1
85 2
84 2
82 4
80 9
0 1
77 1
0 1
77 1
0 1
80 1
0 1
82 1
0 1
73 1
0 1
73 1
0 1
73 1
0 1
73 2
75 1
0 1
75 2
73 2
75 2
77 1
0 1
77 2
75 2
77 5
0 1
75 1
0 1
75 1
0 1
73 1
0 1
73 1
0 1
72 1
0 1
73 1
0 1
75 1
0 1
77 1
0 1
80 1
0 1
84 1
0 1
85 1
0 1
84 1
0 1
82 4
80 4
80 1
0 1
82 3
0 1
82 2
82 2
82 3
0 1
82 3
0 1
80 15
0 13
65 2
68 2
70 4
70 2
77 1
0 1
75 1
0 1
73 2
72 2
75 2
73 1
0 1
72 2
70 2
68 2
70 3
0 3
68 1
0 1
70 4
77 3
0 1
75 3
0 1
80 3
0 1
77 11
0 1
65 2
68 1
0 1
70 3
0 1
70 2
77 1
0 1
75 2
73 2
72 2
75 1
0 1
73 2
72 2
70 1
0 1
68 2
70 4
0 2
68 1
0 1
70 3
0 1
77 3
0 1
75 3
0 1
72 4
70 11
0 3
68 2
70 5
77 6
0 1
75 14
0 2
73 6
72 2
70 23
