0 64
78 2
78 1
78 3
78 1
79 2
0 1
78 2
76 2
74 2
78 1
0 1
78 1
78 3
79 1
0 1
79 2
78 5
0 1
78 2
78 1
78 3
78 1
79 3
78 2
76 2
74 2
78 2
71 1
74 7
0 2
76 2
74 2
81 4
0 2
73 1
0 1
74 6
76 1
74 1
81 2
81 1
81 3
73 2
74 3
0 1
74 2
76 1
0 1
78 3
79 7
0 1
74 1
79 2
78 4
0 2
74 2
76 9
0 1
78 2
78 1
78 3
78 1
79 2
0 1
78 2
76 2
74 2
78 1
0 1
78 1
78 3
79 1
0 1
79 2
78 5
0 1
78 2
78 1
78 3
78 1
79 3
78 2
76 2
74 2
78 2
71 1
74 7
0 2
76 2
74 2
81 4
0 2
73 1
0 1
74 6
76 1
74 1
81 2
81 1
81 3
73 2
74 3
73 1
74 2
76 1
78 1
79 2
78 2
79 3
78 1
79 2
78 1
79 2
0 1
81 1
0 1
81 8
78 3
0 1
79 3
0 1
81 5
0 1
74 2
73 2
74 2
78 2
83 1
0 1
83 6
78 2
81 5
78 1
83 1
85 1
86 1
0 1
85 2
83 2
81 1
83 2
81 2
0 1
78 2
81 1
0 1
78 2
76 1
76 9
0 3
74 1
76 2
76 1
81 3
73 2
74 6
0 1
74 1
76 2
76 1
83 3
81 1
78 5
0 1
71 1
71 1
74 1
78 2
76 1
76 2
76 2
74 1
78 2
76 2
76 2
74 2
83 4
81 4
78 3
0 1
79 3
0 1
81 5
0 1
74 2
73 2
74 2
78 2
83 1
0 1
83 6
78 2
81 5
78 1
83 1
85 1
86 1
0 1
85 2
83 2
81 1
83 2
81 2
0 1
78 2
81 1
0 1
78 2
76 1
76 9
0 3
74 1
76 2
76 1
81 3
73 2
74 6
0 1
74 1
76 2
76 1
83 3
81 1
78 5
0 1
71 1
71 1
74 1
78 2
76 1
76 2
81 2
0 1
78 2
76 2
76 4
71 4
74 8
0 68
78 2
78 1
78 3
78 1
79 2
0 1
78 2
76 2
74 2
78 1
0 1
78 1
78 3
79 1
0 1
79 2
78 5
0 1
78 2
78 1
78 3
78 1
79 3
78 2
76 2
74 2
78 2
71 1
74 7
0 2
76 2
74 2
81 4
0 2
73 1
0 1
74 6
76 1
74 1
81 2
81 1
81 3
73 2
74 3
73 1
74 2
76 1
78 1
79 2
78 2
79 3
78 1
79 2
78 1
79 2
0 1
81 1
0 1
81 8
78 3
0 1
79 3
0 1
81 5
0 1
74 2
73 2
74 2
78 2
83 1
0 1
83 6
78 2
81 5
78 1
83 1
85 1
86 1
0 1
85 2
83 2
81 1
83 2
81 2
0 1
78 2
81 1
0 1
78 2
76 1
76 9
0 3
74 1
76 2
76 1
81 3
73 2
74 6
0 1
74 1
76 2
76 1
83 3
81 1
78 5
0 1
71 1
71 1
74 1
78 2
76 1
76 2
76 2
74 1
78 2
76 2
76 2
74 2
83 4
81 4
78 3
0 1
79 3
0 1
81 5
0 1
74 2
73 2
74 2
78 2
83 1
0 1
83 6
78 2
81 5
78 1
83 1
85 1
86 1
0 1
85 2
83 2
81 1
83 2
81 2
0 1
78 2
81 1
0 1
78 2
76 1
76 9
0 3
74 1
76 2
76 1
81 3
73 2
74 6
0 1
74 1
76 1
0 1
76 1
83 3
81 1
78 5
0 1
71 1
71 1
74 1
78 2
76 1
76 2
81 2
0 1
78 4
76 12
0 6
76 2
76 4
0 1
74 4
78 3
79 4
81 18
86 5
83 1
83 2
81 6
0 18
86 4
88 2
83 2
81 1
81 4
74 1
76 2
76 1
81 3
73 2
74 1
76 1
74 5
74 1
76 2
76 1
83 3
81 1
78 2
76 1
74 3
71 1
71 1
74 1
78 2
76 1
76 2
81 3
78 2
78 3
76 10
0 9
76 6
74 8
0 16
76 1
0 1
78 4
76 2
74 11
