0 160
68 6
75 7
0 3
73 2
75 2
73 2
71 7
0 5
71 1
0 1
71 1
0 1
71 2
70 4
68 4
66 2
68 11
0 3
68 6
80 9
0 1
78 2
80 2
78 2
75 7
0 5
73 1
0 1
73 1
0 1
73 1
0 1
73 4
71 2
68 4
70 11
0 3
68 6
75 8
0 2
73 2
75 2
73 2
71 7
0 5
71 1
0 1
71 1
0 1
71 2
70 4
68 2
66 4
68 11
0 3
68 4
80 10
0 2
78 2
80 2
78 2
75 5
0 7
80 1
0 1
80 1
0 1
80 2
82 4
80 2
78 7
80 33
0 10
80 3
78 1
75 1
0 1
75 1
0 1
80 3
78 1
80 2
83 2
78 3
75 1
78 2
80 2
78 5
0 3
73 3
71 1
68 1
0 1
68 2
73 3
71 1
73 2
75 2
71 3
68 1
71 2
68 2
66 5
0 3
80 2
78 2
75 1
0 1
75 1
0 1
80 1
0 1
78 1
80 2
0 1
80 2
83 2
80 2
78 1
0 1
78 2
83 1
0 1
80 1
0 1
83 1
0 1
83 2
0 2
83 1
0 1
83 1
0 1
83 2
82 4
80 2
78 4
80 11
0 3
80 3
78 1
75 1
0 1
75 1
0 1
80 3
78 1
80 2
83 2
78 3
75 1
78 2
80 2
78 6
0 2
73 3
71 1
68 1
0 1
68 1
0 1
73 2
0 1
71 1
73 2
75 2
71 3
68 1
71 2
68 2
66 5
0 3
80 2
78 3
0 1
75 2
80 1
0 1
78 1
0 1
80 1
0 1
80 2
83 2
80 2
78 1
0 1
78 2
83 1
0 1
80 1
0 1
83 1
0 1
83 2
0 2
83 1
0 1
83 1
0 1
83 1
0 1
82 2
0 2
80 1
0 1
78 3
0 1
80 13
0 129
68 6
75 9
0 1
73 2
75 2
73 2
71 7
0 5
71 1
0 1
71 1
0 1
71 2
70 4
68 4
66 2
68 11
0 3
68 4
80 11
0 1
78 2
80 2
78 2
75 7
0 5
73 1
0 1
73 1
0 1
73 1
0 1
73 4
71 2
68 4
70 11
0 3
68 6
75 8
0 2
73 2
75 2
73 2
71 7
0 5
71 1
0 1
71 1
0 1
71 2
70 4
68 2
66 4
68 11
0 3
68 4
80 10
0 2
78 2
80 2
78 2
75 5
0 7
80 1
0 1
80 1
0 1
80 2
82 4
80 3
78 5
80 33
0 11
80 3
78 1
75 1
0 1
75 1
0 1
80 3
78 1
80 2
83 2
78 3
75 1
78 2
80 2
78 5
0 3
73 3
71 1
68 1
0 1
68 2
73 3
71 1
73 2
75 2
71 3
68 1
71 2
68 2
66 5
0 3
80 2
78 2
75 1
0 1
75 1
0 1
80 1
0 1
78 1
0 1
80 1
0 1
80 2
83 2
80 2
78 2
78 2
83 1
0 1
80 1
0 1
83 2
83 2
0 2
83 1
0 1
83 1
0 1
83 2
82 4
80 2
78 4
80 11
0 3
80 3
78 1
75 1
0 1
75 1
0 1
80 3
78 1
80 2
83 2
78 3
75 1
78 2
80 2
78 6
0 2
73 3
71 1
68 1
0 1
68 1
0 1
73 2
0 1
71 1
73 2
75 2
71 3
68 1
71 2
68 2
66 6
0 2
80 2
78 2
75 2
75 2
80 1
0 1
78 1
0 1
80 2
80 2
83 2
80 2
78 1
0 1
78 2
83 1
0 1
80 1
0 1
83 1
0 1
83 2
0 2
83 1
0 1
83 1
0 1
83 1
0 1
82 2
0 2
80 1
0 1
78 3
0 1
80 13
0 1
80 3
78 1
75 1
0 1
75 1
0 1
80 3
78 1
80 2
83 2
78 3
75 1
78 2
80 2
80 2
78 4
0 2
73 3
71 1
68 1
0 1
68 1
0 1
73 2
0 1
71 1
73 2
75 2
71 3
68 1
71 2
68 2
66 5
0 3
80 2
78 2
75 2
75 2
80 1
0 1
78 1
0 1
80 1
0 1
80 2
83 2
80 1
0 1
78 1
0 1
78 2
83 1
0 1
80 1
0 1
83 1
0 1
83 2
0 2
83 1
0 1
83 1
0 1
83 1
0 1
82 2
0 2
80 1
0 1
78 3
0 1
80 13
0 3
83 1
0 1
83 1
0 1
83 2
85 4
82 4
78 4
80 31
