0 64
67 1
70 2
70 1
70 1
70 1
67 2
70 8
72 1
75 2
77 2
75 1
67 2
70 8
72 1
75 2
75 1
75 4
70 1
70 2
72 1
67 4
65 1
65 2
63 1
65 1
63 1
67 2
65 8
67 1
70 2
70 1
70 1
70 1
67 2
70 8
72 1
75 2
75 1
77 1
75 1
67 2
70 8
72 1
75 2
75 1
77 1
75 3
70 1
70 2
70 1
72 1
75 3
72 2
75 1
75 1
77 1
75 1
72 2
77 6
75 1
77 1
79 1
79 1
79 1
79 1
77 1
79 1
77 2
75 6
79 1
82 1
84 2
84 1
84 1
82 1
84 1
82 2
79 6
75 1
77 1
79 1
79 1
79 1
79 1
77 1
79 1
77 2
75 4
77 1
79 1
77 1
75 1
72 2
72 1
72 1
75 1
75 1
77 2
75 6
75 1
77 1
79 1
79 1
79 1
79 1
77 1
79 1
77 2
75 6
79 1
82 1
84 2
84 1
84 1
82 1
84 1
82 2
79 6
75 1
77 1
79 1
79 1
79 1
79 1
77 1
79 1
77 2
75 4
77 1
79 1
77 1
75 1
72 2
72 1
72 1
75 1
75 1
77 2
75 10
0 62
67 1
70 2
70 1
70 1
70 1
67 2
70 8
72 1
75 2
75 1
77 1
75 1
67 2
70 8
72 1
75 2
75 1
77 1
75 3
70 1
70 2
70 1
72 1
75 3
72 2
75 1
75 1
77 1
75 1
72 2
77 8
79 1
79 1
79 1
79 1
77 1
79 1
77 2
75 6
79 1
82 1
84 2
84 1
84 1
82 1
84 1
82 2
79 6
75 1
77 1
79 1
79 1
79 1
79 1
77 1
79 1
77 2
75 4
77 1
79 1
77 1
75 1
72 2
72 1
72 1
75 1
75 1
77 2
75 6
75 1
77 1
79 1
79 1
79 1
79 1
77 1
79 1
77 2
75 6
79 1
82 1
84 2
84 1
84 1
82 1
84 1
82 2
79 6
75 1
77 1
79 1
79 1
79 1
79 1
77 1
79 1
77 2
75 4
77 1
79 1
77 1
75 1
72 2
72 1
72 1
75 1
75 1
77 2
75 7
0 127
75 1
77 1
79 1
79 1
79 1
79 1
77 1
79 1
77 1
0 1
75 4
0 2
79 1
82 1
84 2
84 1
84 1
82 1
84 1
82 1
0 1
79 5
0 1
75 1
77 1
79 1
79 1
79 1
79 1
77 1
79 1
77 1
0 1
75 4
77 1
79 1
77 1
75 1
72 1
0 1
72 1
72 1
75 1
75 1
77 1
0 1
75 5
0 1
75 1
77 1
79 1
79 1
79 1
79 1
77 1
79 1
77 1
0 1
75 4
0 2
79 1
82 1
84 2
84 1
84 1
82 1
84 1
82 1
0 1
79 5
0 1
75 1
77 1
79 1
79 1
79 1
79 1
77 1
79 1
77 1
0 1
75 4
77 1
79 1
77 1
75 1
72 1
0 1
72 1
72 1
75 1
75 1
77 1
75 5
77 1
79 1
77 1
75 1
72 2
72 4
72 2
75 2
72 2
75 1
0 1
77 8
0 2
75 11
