71 2
69 1
71 2
73 3
71 2
69 1
73 5
68 2
66 1
68 2
69 2
66 5
66 2
71 2
73 2
71 1
73 2
74 3
73 2
71 1
74 5
69 2
68 1
69 2
71 2
68 5
64 2
69 2
71 2
69 1
71 2
73 3
71 2
69 1
73 5
68 2
66 1
68 2
69 2
66 5
66 2
71 2
73 2
71 1
73 2
74 3
73 2
71 1
74 5
69 2
68 1
69 2
71 2
68 5
73 2
74 2
76 12
76 2
68 2
69 12
71 2
73 2
74 1
71 1
66 1
74 2
71 2
71 1
74 1
71 1
66 1
74 2
73 1
73 1
74 1
73 1
71 1
71 1
71 1
71 1
69 2
71 5
73 2
74 2
76 12
76 2
68 2
69 6
71 2
73 6
71 1
73 1
74 1
71 1
66 1
74 2
71 2
71 1
74 1
71 1
66 1
74 2
73 1
73 1
74 1
76 1
76 1
76 1
76 1
76 1
78 3
76 4
76 2
81 2
78 3
76 8
76 2
73 1
71 1
69 1
71 1
69 1
68 1
69 1
68 1
69 1
68 1
69 1
73 1
68 2
69 3
81 2
81 3
78 8
78 2
73 1
71 1
69 1
71 1
73 1
71 1
73 1
71 1
73 1
71 1
73 1
76 1
78 2
76 3
81 2
78 3
76 8
76 2
73 1
71 1
69 1
71 1
69 1
68 1
69 1
68 1
69 1
68 1
69 1
73 1
68 2
69 3
81 2
81 3
78 9
78 2
81 2
78 3
76 5
78 4
78 2
83 2
82 3
78 8
78 2
75 1
73 1
71 1
70 1
71 1
70 1
71 1
70 1
71 1
70 1
71 1
75 1
70 2
71 3
83 2
83 3
80 2
78 1
76 5
80 2
75 1
73 1
71 1
73 1
75 1
73 1
75 1
73 1
75 1
73 1
75 1
76 1
78 1
76 1
78 1
76 1
78 1
76 1
78 1
78 11
78 2
75 1
73 1
71 1
70 1
71 1
70 1
71 1
70 1
71 1
70 1
71 1
75 1
70 2
71 5
83 6
86 1
85 2
83 4
80 1
78 4
80 1
78 3
75 1
73 11
0 14
78 4
83 4
85 2
83 1
85 2
87 3
85 2
83 1
87 5
82 2
80 1
82 2
83 2
80 5
80 2
85 2
87 2
85 1
87 2
88 3
87 2
85 1
88 5
83 2
82 2
83 2
85 2
82 10
