0 81
76 1
76 1
76 1
76 1
76 1
76 1
71 1
80 1
78 1
78 1
76 1
80 2
0 3
76 1
76 1
76 1
76 1
71 1
71 2
80 1
78 1
73 1
76 3
78 1
76 1
78 1
76 2
76 1
80 1
78 1
76 1
73 1
0 4
73 1
71 1
73 1
71 1
80 1
78 1
78 1
76 1
80 1
78 1
76 1
78 4
0 6
76 1
76 1
76 1
76 1
76 1
76 1
71 1
80 1
78 1
78 1
76 1
80 2
0 3
76 1
76 1
76 1
76 1
71 1
71 2
80 1
78 1
73 1
76 3
78 1
76 1
78 1
76 2
76 1
80 1
78 1
76 1
73 1
0 4
73 1
71 1
73 1
71 1
80 1
78 1
78 1
76 1
76 1
73 1
80 1
78 5
0 4
80 2
78 1
78 1
76 1
0 1
73 1
76 9
0 6
80 1
83 1
85 1
0 1
83 1
83 1
83 1
80 1
83 1
80 1
78 1
83 1
0 1
80 2
0 1
80 1
83 1
85 1
0 1
83 1
83 1
80 1
0 1
83 1
80 6
0 1
80 1
78 1
80 1
0 1
78 1
0 1
78 1
76 1
0 1
73 1
76 2
0 1
73 3
73 1
71 1
80 2
0 1
78 1
76 1
73 1
80 1
78 1
0 6
80 1
83 1
85 1
0 1
83 1
83 1
83 1
80 1
83 1
80 1
78 1
83 1
0 1
80 2
0 1
80 1
83 1
85 1
0 1
83 1
83 1
80 1
0 1
83 1
80 6
0 1
80 1
78 1
80 1
0 1
78 1
0 1
78 1
76 1
0 1
73 1
76 2
0 1
73 3
73 1
71 1
80 2
0 1
78 1
76 1
73 1
0 2
80 3
78 1
76 2
73 1
0 1
76 8
0 1
76 1
76 1
76 1
76 1
76 1
76 1
71 1
80 1
78 1
78 1
76 1
80 2
0 3
76 1
76 1
76 1
76 1
71 1
71 2
80 1
78 1
73 1
76 3
78 1
76 1
78 1
76 2
76 1
80 1
78 1
76 1
73 1
0 4
73 1
71 1
73 1
71 1
80 1
78 1
78 1
76 1
76 1
73 1
80 1
78 5
0 4
80 2
78 1
78 1
76 1
0 1
73 1
76 9
0 6
80 1
83 1
85 1
0 1
83 1
83 1
83 1
80 1
83 1
80 1
78 1
83 1
0 1
80 2
0 1
80 1
83 1
85 1
0 1
83 1
83 1
80 1
0 1
83 1
80 6
0 1
80 1
78 1
80 1
0 1
78 1
0 1
78 1
76 1
0 1
73 1
76 2
0 1
73 3
73 1
71 1
80 2
0 1
78 1
76 1
73 1
80 1
78 1
0 6
80 1
83 1
85 1
0 1
83 1
83 1
83 1
80 1
83 1
80 1
78 1
83 1
0 1
80 2
0 1
80 1
83 1
85 1
0 1
83 1
83 1
80 1
0 1
83 1
80 6
0 1
80 1
78 1
80 1
0 1
78 1
0 1
78 1
76 1
0 1
73 1
76 2
0 1
73 3
73 1
71 1
80 2
0 1
78 1
76 1
73 1
0 2
80 3
78 1
76 2
73 1
0 1
76 8
0 8
81 2
80 2
78 2
76 1
81 2
0 1
80 1
80 1
78 1
80 2
0 1
76 7
0 6
78 1
80 1
76 1
81 2
80 2
78 2
76 1
81 2
0 1
80 1
78 2
80 2
0 1
81 8
83 4
0 2
80 1
83 1
85 1
0 1
83 1
83 1
83 1
80 1
83 1
80 1
78 1
83 1
0 1
80 2
0 1
80 1
83 1
85 1
0 1
83 1
83 1
80 1
0 1
83 1
80 6
0 1
80 1
78 1
80 1
0 1
78 1
0 1
78 1
76 1
0 1
73 1
76 2
0 1
73 3
73 1
71 1
80 2
0 1
78 1
76 1
73 1
80 1
78 1
0 6
80 1
83 1
85 1
0 1
83 1
83 1
83 1
80 1
83 1
80 1
78 1
83 1
0 1
80 2
0 1
80 1
83 1
85 1
0 1
83 1
83 1
80 1
0 1
83 1
80 6
0 1
80 1
78 1
80 1
0 1
78 1
0 1
78 1
76 1
0 1
73 1
76 2
0 1
73 3
73 1
71 1
80 2
0 1
78 1
76 1
73 1
0 2
80 3
78 1
76 2
73 1
0 1
76 8
