C#:maj [1, 5, 8] 1 2 
F:min/5 [0, 5, 8] 0 2 
Bb:min [1, 5, 10] 10 2 
F:min [0, 5, 8] 5 2 
F#:maj [1, 6, 10] 6 2 
F:min [0, 5, 8] 5 2 
Eb:min [3, 6, 10] 3 2 
Ab:maj [0, 3, 8] 8 2 
C#:maj [1, 5, 8] 1 2 
F:min [0, 5, 8] 5 2 
F#:maj [1, 6, 10] 6 1 
Ab:maj [0, 3, 8] 8 1 
C#:maj [1, 5, 8] 1 1 
Bb:maj [2, 5, 10] 10 1 
Eb:min [3, 6, 10] 3 4 
Ab:maj [0, 3, 8] 8 4 
C#:maj [1, 5, 8] 1 2 
F:min [0, 5, 8] 5 2 
F#:maj [1, 6, 10] 6 1 
Ab:7 [0, 3, 6, 8] 8 1 
C#:sus2 [1, 3, 8] 1 1 
Bb:maj [2, 5, 10] 10 1 
Eb:min [3, 6, 10] 3 4 
Ab:maj [0, 3, 8] 8 4 
C#:maj [1, 5, 8] 1 4 
Bb:min [1, 5, 10] 10 2 
F:min [0, 5, 8] 5 2 
F#:maj [1, 6, 10] 6 1 
Ab:maj [0, 3, 8] 8 1 
C#:maj [1, 5, 8] 1 2 
Bb:min [1, 5, 10] 10 2 
F:min [0, 5, 8] 5 2 
Eb:sus2 [3, 5, 10] 3 2 
Ab:maj [0, 3, 8] 8 2 
Bb:min [1, 5, 10] 10 2 
F:min [0, 5, 8] 5 2 
F#:maj [1, 6, 10] 6 1 
Ab:maj [0, 3, 8] 8 1 
C#:maj [1, 5, 8] 1 2 
Bb:min [1, 5, 10] 10 2 
F:min [0, 5, 8] 5 2 
F#:maj [1, 6, 10] 6 1 
Ab:maj [0, 3, 8] 8 1 
C#:maj7 [1, 5, 8, 11] 1 2 
Bb:min [1, 5, 10] 10 2 
F:min [0, 5, 8] 5 2 
F#:maj [1, 6, 10] 6 1 
C#:sus2 [1, 3, 8] 1 3 
Bb:min [1, 5, 10] 10 2 
F:min [0, 5, 8] 5 2 
F#:maj [1, 6, 10] 6 1 
F#:maj9 [1, 4, 6, 8, 10] 6 1 
C#:maj [1, 5, 8] 1 4 
F:min [0, 5, 8] 5 2 
F#:maj [1, 6, 10] 6 1 
Ab:maj [0, 3, 8] 8 1 
C#:maj [1, 5, 8] 1 1 
Bb:maj [2, 5, 10] 10 1 
Eb:min [3, 6, 10] 3 4 
Ab:maj [0, 3, 8] 8 4 
C#:maj [1, 5, 8] 1 2 
F:min [0, 5, 8] 5 2 
F#:maj [1, 6, 10] 6 1 
Ab:7 [0, 3, 6, 8] 8 1 
C#:sus2 [1, 3, 8] 1 1 
Bb:maj [2, 5, 10] 10 1 
Eb:min [3, 6, 10] 3 4 
Ab:maj [0, 3, 8] 8 4 
C#:maj [1, 5, 8] 1 4 
Bb:min [1, 5, 10] 10 2 
F:min [0, 5, 8] 5 2 
F#:maj [1, 6, 10] 6 1 
Ab:maj [0, 3, 8] 8 1 
C#:maj [1, 5, 8] 1 2 
Bb:min [1, 5, 10] 10 2 
F:min [0, 5, 8] 5 2 
Eb:sus2 [3, 5, 10] 3 2 
Ab:maj [0, 3, 8] 8 2 
Bb:min [1, 5, 10] 10 2 
F:min [0, 5, 8] 5 2 
F#:maj [1, 6, 10] 6 1 
Ab:maj [0, 3, 8] 8 1 
C#:maj [1, 5, 8] 1 2 
Bb:min [1, 5, 10] 10 2 
F:min [0, 5, 8] 5 2 
F#:maj [1, 6, 10] 6 1 
Ab:maj [0, 3, 8] 8 1 
C#:maj7 [1, 5, 8, 11] 1 2 
Bb:min [1, 5, 10] 10 2 
F:min [0, 5, 8] 5 2 
F#:maj [1, 6, 10] 6 1 
Ab:maj [0, 3, 8] 8 1 
C#:maj [1, 5, 8] 1 2 
Bb:min [1, 5, 10] 10 2 
F:min [0, 5, 8] 5 2 
F#:maj [1, 6, 10] 6 2 
C#:maj [1, 5, 8] 1 2 
F:min/5 [0, 5, 8] 0 2 
Bb:min [1, 5, 10] 10 2 
F:min [0, 5, 8] 5 2 
F#:maj [1, 6, 10] 6 2 
F:min [0, 5, 8] 5 2 
Eb:min [3, 6, 10] 3 2 
Ab:maj [0, 3, 8] 8 6 
