0 66
65 1
65 1
65 2
0 1
61 1
63 1
0 1
70 1
68 4
0 2
70 1
70 1
70 1
70 1
68 1
66 1
68 7
68 1
66 1
65 2
66 1
66 2
0 1
68 1
66 1
65 2
66 1
66 2
0 1
61 1
63 1
65 1
0 1
65 1
0 1
65 1
63 1
61 1
65 2
63 7
0 2
65 1
65 1
65 2
0 1
61 1
63 1
0 1
70 1
68 4
0 2
70 1
70 1
70 1
70 1
68 1
66 1
68 7
68 1
66 1
65 2
66 1
66 2
0 1
68 1
66 1
65 2
66 1
66 2
0 1
61 1
63 1
65 1
0 1
65 1
65 1
0 1
66 1
68 1
65 2
63 4
61 1
63 3
61 7
0 6
70 1
72 1
73 1
0 1
73 1
0 1
73 1
72 1
70 1
70 2
68 4
0 1
65 1
68 1
70 1
0 1
70 1
0 1
73 1
68 1
61 1
63 2
65 4
0 1
70 1
72 1
73 1
0 1
73 1
0 1
73 1
73 1
70 1
70 2
68 3
0 2
65 1
68 1
70 1
0 1
70 1
70 1
70 1
73 2
0 1
75 5
0 1
70 1
72 1
73 1
0 1
73 1
0 1
75 1
73 1
65 1
70 1
0 1
68 4
0 1
65 1
68 1
70 1
0 1
70 1
0 1
73 1
68 1
61 1
63 2
65 4
0 1
70 1
72 1
73 1
0 1
73 1
0 1
73 1
72 1
73 1
75 1
0 1
77 4
0 1
68 1
68 1
70 1
73 1
0 1
73 1
73 1
75 2
0 1
73 8
0 66
65 1
65 1
65 2
0 1
61 1
63 1
0 1
70 1
68 4
0 2
70 1
70 1
70 1
70 1
68 1
66 1
68 7
68 1
66 1
65 2
66 1
66 2
0 1
68 1
66 1
65 2
66 1
66 2
0 1
61 1
63 1
65 1
0 1
65 1
0 1
65 1
63 1
61 1
65 2
63 7
0 2
65 1
65 1
65 2
0 1
61 1
63 1
0 1
70 1
68 4
0 2
70 1
70 1
70 1
70 1
68 1
66 1
68 7
68 1
66 1
65 2
66 1
66 2
0 1
68 1
66 1
65 2
66 1
66 2
0 1
61 1
63 1
65 1
0 1
65 1
65 1
0 1
66 1
68 1
65 2
63 4
61 1
63 3
61 7
0 6
70 1
72 1
73 1
0 1
73 1
0 1
73 1
72 1
70 1
70 2
68 4
0 1
65 1
68 1
70 1
0 1
70 1
0 1
73 1
68 1
61 1
63 2
65 4
0 1
70 1
72 1
73 1
0 1
73 1
0 1
73 1
73 1
70 1
70 2
68 3
0 2
65 1
68 1
70 1
0 1
70 1
70 1
70 1
73 2
0 1
75 5
0 1
70 1
72 1
73 1
0 1
73 1
0 1
75 1
73 1
65 1
70 1
0 1
68 4
0 1
65 1
68 1
70 1
0 1
70 1
0 1
73 1
68 1
61 1
63 2
65 4
0 1
70 1
72 1
73 1
0 1
73 1
0 1
73 1
72 1
73 1
75 1
0 1
77 4
0 1
68 1
68 1
70 1
73 1
0 1
73 1
75 1
73 1
0 1
73 1
73 1
0 5
70 1
72 1
73 1
0 1
73 1
0 1
75 1
73 1
73 1
75 1
0 1
77 3
0 2
77 1
75 1
73 1
0 1
73 1
0 1
73 1
72 1
70 1
70 1
0 1
68 3
0 2
70 1
72 1
73 1
0 1
73 1
0 1
73 1
72 1
73 1
75 1
0 1
77 4
0 1
68 1
68 1
70 1
73 1
0 1
73 1
73 1
75 3
73 11
