0 128
78 1
0 1
78 1
0 1
78 1
0 1
78 1
0 1
74 2
71 1
74 2
0 1
69 1
71 1
73 2
76 1
0 1
76 1
0 1
69 2
71 6
0 2
71 2
78 1
0 1
78 2
78 2
74 2
71 1
76 3
76 1
71 1
74 2
74 2
76 2
78 2
78 7
0 1
78 1
0 1
76 1
0 1
78 2
83 1
0 1
83 1
0 1
78 2
76 1
0 1
74 1
76 1
78 2
81 2
81 2
76 2
78 2
74 4
0 2
71 2
78 1
0 1
78 2
78 2
74 2
78 2
73 1
0 1
69 1
71 1
73 2
76 1
0 1
69 2
71 1
0 1
71 8
83 3
0 1
83 2
78 2
83 1
86 1
83 4
0 2
81 2
83 2
85 1
0 1
85 2
83 6
0 2
78 2
83 1
0 1
83 1
0 1
83 2
83 1
0 1
78 1
0 1
76 2
78 1
0 1
76 2
71 2
81 2
83 1
0 1
83 1
81 1
78 5
0 1
83 2
0 2
83 2
78 1
0 1
83 2
86 2
83 4
81 2
83 2
85 1
0 1
85 2
83 7
0 1
76 2
81 2
81 2
78 2
76 2
78 2
74 1
0 1
76 1
74 1
76 7
0 1
73 1
0 1
76 1
0 1
69 1
0 1
71 1
69 3
71 6
0 120
78 1
0 1
78 1
0 1
78 1
0 1
78 1
0 1
74 2
71 1
74 2
0 1
69 1
71 1
73 2
76 1
0 1
76 1
0 1
69 2
71 6
0 2
71 2
78 1
0 1
78 2
78 2
74 2
71 1
76 3
76 1
71 1
74 2
74 2
76 2
78 2
78 7
0 1
78 1
0 1
76 1
0 1
78 2
83 1
0 1
83 1
0 1
78 2
76 1
0 1
74 1
76 1
78 2
81 2
81 2
76 2
78 2
74 4
0 2
71 2
78 1
0 1
78 2
78 2
74 2
78 2
73 1
0 1
69 1
71 1
73 2
76 1
0 1
69 2
71 1
0 1
71 8
83 3
0 1
83 2
78 2
83 1
86 1
83 4
0 2
81 2
83 2
85 1
0 1
85 2
83 6
0 2
78 2
83 1
0 1
83 1
0 1
83 2
83 1
0 1
78 1
0 1
76 2
78 1
0 1
76 2
71 2
81 2
83 1
0 1
83 1
81 1
78 5
0 1
83 2
0 2
83 2
78 1
0 1
83 2
86 2
83 4
81 2
83 2
85 1
0 1
85 2
83 2
0 6
78 2
81 2
81 2
78 2
76 2
78 2
74 1
0 1
76 1
74 1
76 7
0 1
73 1
0 1
76 1
0 1
69 1
0 1
71 1
69 1
83 3
0 1
83 2
78 2
83 1
86 1
83 4
0 2
81 2
83 2
85 1
0 1
85 2
83 6
0 2
78 2
83 1
0 1
83 1
0 1
83 2
83 1
0 1
78 1
0 1
76 2
78 1
0 1
76 2
71 2
81 2
83 1
0 1
83 1
81 1
78 5
0 1
83 2
0 2
83 2
78 1
0 1
83 2
86 2
83 4
81 2
83 2
85 1
0 1
85 2
83 7
0 1
76 2
81 2
81 2
78 2
76 2
78 2
74 1
0 1
76 1
74 1
76 7
0 1
73 1
0 1
76 1
0 1
69 1
0 1
71 1
69 1
71 6
0 11
81 4
81 5
78 6
81 2
78 10
0 3
83 15
