0 124
65 4
74 4
74 2
74 2
74 2
72 2
70 2
72 8
72 2
74 4
72 2
70 4
70 2
70 2
70 2
70 2
69 2
67 2
65 8
65 2
67 2
65 2
67 2
70 8
65 2
65 2
65 2
72 2
70 8
65 2
75 2
74 2
75 2
74 2
70 2
65 4
74 4
77 2
70 2
72 14
65 4
74 4
74 2
74 2
74 2
72 2
72 2
70 2
72 6
72 2
74 4
72 2
72 4
70 2
70 2
70 2
70 2
69 2
67 2
67 4
65 4
65 2
67 2
65 2
67 2
70 8
65 2
65 2
65 2
72 2
70 8
65 2
75 2
74 2
75 2
74 2
70 2
65 4
65 2
75 2
74 2
75 2
74 2
70 4
72 2
72 10
70 22
77 2
77 4
70 4
77 4
77 2
77 2
77 2
79 2
74 2
72 8
65 2
74 4
72 2
72 4
70 2
70 2
67 2
70 2
72 2
74 2
75 4
74 6
74 1
0 1
72 2
72 2
70 2
67 8
74 2
72 2
72 2
70 2
72 8
74 2
72 2
72 2
70 2
72 4
72 2
74 2
75 2
74 2
75 2
77 4
72 4
77 2
77 4
75 4
74 4
74 2
74 2
74 2
75 2
77 2
77 4
79 2
77 2
70 2
70 4
72 4
74 6
72 2
74 2
72 2
74 2
75 4
74 6
74 4
72 2
70 2
67 6
74 2
74 4
72 2
70 2
72 8
74 4
72 2
70 2
72 4
72 2
74 2
75 2
74 2
75 2
77 4
72 20
65 2
67 2
70 2
72 4
70 30
65 2
74 6
74 2
74 2
72 2
70 2
72 8
72 2
74 4
72 2
72 4
70 2
70 2
70 2
70 2
69 2
67 2
67 4
65 4
65 2
67 2
65 2
67 2
70 10
70 4
67 2
65 8
65 2
67 2
65 2
67 2
74 4
70 2
70 2
67 2
74 2
72 2
70 2
72 14
65 4
74 4
74 2
74 2
74 2
72 2
70 2
72 8
72 2
74 4
72 2
70 4
70 2
70 2
70 2
70 2
69 2
67 2
65 8
65 2
67 2
65 2
67 2
70 10
65 4
72 2
70 8
65 2
74 2
74 2
75 2
74 2
70 2
65 4
65 2
74 2
74 2
75 2
74 2
70 4
72 2
72 8
74 1
72 1
70 6
77 2
77 4
70 4
77 4
77 2
77 2
77 2
79 2
74 2
72 8
65 2
74 4
72 2
72 4
70 2
70 2
67 2
70 2
72 2
74 2
75 4
74 6
74 2
72 2
72 2
70 2
67 8
74 2
72 2
72 2
70 2
72 8
74 2
72 2
72 2
70 2
72 4
72 2
74 2
75 2
74 2
75 2
77 4
72 4
77 2
77 4
75 4
74 6
74 2
74 2
75 2
77 2
77 4
79 2
77 2
70 2
70 4
72 4
74 4
74 2
72 2
74 2
72 2
74 2
75 4
74 6
72 2
74 2
72 2
70 2
67 6
74 2
74 4
72 2
70 2
72 8
74 4
72 2
70 2
72 4
72 2
74 2
75 2
74 2
75 2
77 4
72 20
65 2
67 2
70 2
72 4
70 24
77 4
70 4
77 4
77 2
77 2
77 2
79 2
74 2
72 8
65 2
74 4
72 2
72 4
70 2
70 2
67 2
70 2
72 2
74 2
75 4
74 6
74 2
72 2
72 2
70 2
67 8
74 2
72 2
72 2
70 2
72 8
74 2
72 2
72 2
70 2
72 4
72 2
74 2
75 2
74 2
75 2
77 4
72 4
77 2
77 4
75 4
74 4
74 2
74 2
74 2
75 2
77 2
77 4
79 2
77 2
70 2
70 4
72 4
74 4
74 2
72 2
74 2
72 2
74 2
75 4
74 6
72 2
74 2
72 2
70 2
67 6
74 2
74 4
72 2
70 2
72 8
74 4
72 2
70 2
72 4
72 2
74 2
75 2
74 2
75 2
77 4
72 20
65 2
67 2
70 2
72 4
70 24
74 2
72 2
70 2
72 6
72 2
74 2
75 2
74 2
75 2
77 4
72 20
67 2
67 2
70 2
72 4
70 16
