0 76
57 2
59 2
62 3
0 1
62 5
0 3
66 1
64 1
62 3
0 1
57 8
0 2
62 2
64 2
66 3
66 7
69 1
0 1
66 2
62 2
64 9
0 1
69 1
0 1
69 1
0 2
69 1
69 8
0 2
57 2
62 2
61 2
59 7
0 7
57 1
62 1
66 1
0 1
62 2
69 1
66 1
0 1
71 2
0 1
69 2
62 1
0 1
66 1
0 1
64 12
57 2
59 2
62 3
0 1
62 5
0 2
66 2
64 2
62 3
57 6
0 4
62 2
64 2
66 3
66 7
69 1
0 1
66 2
62 2
64 9
0 1
69 1
0 1
69 1
0 2
69 1
69 8
0 2
57 2
62 2
61 2
59 7
0 7
57 1
62 1
66 1
0 1
62 2
69 1
66 1
0 1
71 2
0 1
69 2
64 2
66 2
62 12
0 2
62 1
0 1
67 5
0 1
71 1
0 1
74 3
0 1
73 1
71 2
0 1
69 6
74 1
0 1
66 4
62 1
66 1
71 1
0 1
69 2
69 2
61 1
64 1
0 1
71 1
69 2
69 1
67 2
64 2
71 1
69 7
0 7
62 1
0 1
67 5
0 1
71 1
0 1
74 3
0 1
73 1
71 2
0 1
69 6
74 1
0 1
66 4
62 1
66 1
71 1
0 1
69 2
69 2
61 1
64 1
0 1
71 1
69 2
69 1
0 1
64 1
66 1
64 1
0 1
62 8
0 4
57 2
59 2
62 3
0 1
62 5
0 2
66 2
64 1
62 3
57 6
0 5
62 2
64 2
66 3
0 1
66 6
69 1
66 1
64 1
62 2
0 1
64 2
64 5
0 3
69 1
0 1
69 1
0 2
69 1
69 8
0 2
57 2
62 2
61 2
59 7
0 7
57 1
62 1
66 1
0 1
62 2
69 1
66 1
0 1
71 2
0 1
69 2
64 2
66 2
62 12
0 2
62 1
0 1
67 5
0 1
71 1
0 1
74 3
0 1
73 1
71 2
0 1
69 6
74 1
0 1
66 4
62 1
66 1
71 1
0 1
69 2
69 2
61 1
64 1
0 1
71 1
69 2
69 1
67 2
64 2
71 1
69 7
0 7
62 1
0 1
67 5
0 1
71 1
0 1
74 3
0 1
73 1
71 2
0 1
69 6
74 1
0 1
66 4
62 1
66 1
71 1
0 1
69 2
69 2
61 1
64 1
0 1
71 1
69 4
64 1
66 1
64 1
0 1
62 8
0 4
57 2
59 2
62 3
0 1
62 5
0 2
66 2
64 1
62 3
57 7
0 4
62 2
64 2
66 3
66 6
69 2
0 1
66 1
64 1
62 2
64 2
64 6
0 2
69 1
0 1
69 1
0 2
69 1
69 8
0 2
57 2
62 2
61 2
59 7
0 7
57 1
62 1
66 1
0 1
62 2
69 1
66 1
0 1
71 2
0 1
69 2
64 1
0 1
66 3
0 1
62 10
0 82
62 1
0 1
67 5
0 1
71 1
0 1
74 3
0 1
73 1
71 2
0 1
69 6
74 1
0 1
66 4
62 1
66 1
71 1
0 1
69 2
69 2
61 1
64 1
0 1
71 1
69 2
69 1
67 2
64 2
71 1
69 7
0 7
62 1
0 1
67 5
0 1
71 1
0 1
74 3
0 1
73 1
71 2
0 1
69 6
74 1
0 1
66 4
62 1
66 1
71 1
0 1
69 2
69 2
61 1
64 1
0 1
71 1
69 4
64 1
66 1
64 1
0 1
62 8
0 6
62 1
0 1
67 5
0 1
71 1
0 1
74 3
0 1
73 1
71 2
0 1
69 6
74 1
0 1
66 4
62 1
66 1
71 1
0 1
69 2
69 2
61 1
64 1
0 1
71 1
69 2
69 1
67 2
64 2
71 1
69 7
0 7
62 1
0 1
67 5
0 1
71 1
0 1
74 3
0 1
73 1
71 2
0 1
69 6
74 1
0 1
66 4
62 1
66 1
71 1
0 1
69 2
69 2
61 1
64 1
0 1
71 1
69 4
64 1
66 1
64 1
0 1
62 8
0 4
62 1
66 1
0 1
71 1
69 1
0 1
69 1
61 2
64 1
0 1
71 1
69 9
0 2
64 3
66 4
64 4
0 1
62 13
