0 128
70 1
65 1
70 1
72 1
73 1
72 1
70 1
77 1
72 5
0 1
68 1
70 1
72 1
72 2
72 1
73 1
72 1
70 1
68 1
70 6
0 1
70 1
70 1
65 1
70 1
72 1
73 1
72 1
70 1
77 1
72 5
0 1
68 1
70 1
72 1
72 2
73 2
72 1
70 1
70 6
0 1
73 1
75 1
77 1
77 1
77 1
77 1
75 2
73 1
75 5
0 2
75 1
77 1
78 1
78 1
78 1
78 1
77 2
75 1
75 2
73 4
0 1
73 1
75 1
77 1
77 1
0 1
77 2
73 1
73 1
77 1
77 1
75 2
72 1
73 1
73 1
72 1
70 8
0 5
73 2
75 2
77 1
77 1
77 1
77 1
77 1
75 1
73 1
77 1
77 1
75 1
0 1
75 2
0 1
75 1
77 1
78 1
78 1
78 1
78 1
77 1
0 1
75 1
75 1
0 1
73 2
0 3
73 1
75 1
77 1
77 1
77 1
77 1
77 1
75 1
73 1
77 1
77 1
75 1
73 1
75 3
0 2
73 1
73 1
73 2
73 1
75 1
0 1
75 5
73 2
75 2
77 1
77 1
77 1
77 1
77 1
75 1
73 1
77 1
77 1
75 1
0 1
75 2
0 1
75 1
77 1
78 1
78 1
78 1
78 1
77 1
0 1
75 1
75 1
0 1
73 2
0 3
70 1
72 1
73 1
73 1
73 1
73 1
73 1
73 1
77 1
72 1
0 1
72 1
72 1
72 1
73 1
72 1
70 1
70 16
0 97
70 1
65 1
70 1
72 1
73 1
72 1
70 1
77 1
72 5
0 1
68 1
70 1
72 1
72 2
72 1
73 1
72 1
70 1
68 1
70 6
0 1
70 1
70 1
65 1
70 1
72 1
73 1
72 1
70 1
77 1
72 5
0 1
68 1
70 1
72 1
72 2
73 2
72 1
70 1
70 6
0 1
73 1
75 1
77 1
77 1
77 1
77 1
75 2
73 1
75 5
0 2
75 1
77 1
78 1
78 1
78 1
78 1
77 2
75 1
75 2
73 4
0 1
73 1
75 1
77 1
77 1
0 1
77 2
73 1
73 1
77 1
77 1
75 2
72 1
73 1
73 1
72 1
70 8
0 5
73 2
75 2
77 1
77 1
77 1
77 1
77 1
75 1
73 1
77 1
77 1
75 1
0 1
75 2
0 1
75 1
77 1
78 1
78 1
78 1
78 1
77 1
0 1
75 1
75 1
0 1
73 2
0 3
73 1
75 1
77 1
77 1
77 1
77 1
77 1
75 1
73 1
77 1
77 1
75 1
73 1
75 3
0 2
73 1
73 1
73 2
73 1
75 1
0 1
75 5
73 2
75 2
77 1
77 1
77 1
77 1
77 1
75 1
73 1
77 1
77 1
75 1
0 1
75 2
0 1
75 1
77 1
78 1
78 1
78 1
78 1
77 1
0 1
75 1
75 1
0 1
73 2
0 3
70 1
72 1
73 1
73 1
73 1
73 1
73 1
73 1
77 1
72 1
0 1
72 1
72 1
72 1
73 1
72 1
70 1
70 16
0 33
70 1
70 1
70 1
70 1
70 1
73 1
72 1
72 1
0 1
72 1
72 1
72 1
72 1
75 1
73 1
75 1
0 1
73 1
73 1
70 1
73 1
70 1
73 1
75 1
77 1
77 1
78 1
75 1
0 1
77 7
73 2
75 2
77 1
77 1
77 1
77 1
77 1
75 1
73 1
77 1
77 1
75 1
0 1
75 2
0 1
75 1
77 1
78 1
78 1
78 1
78 1
77 1
0 1
75 1
75 1
0 1
73 2
0 3
73 1
75 1
77 1
77 1
77 1
77 1
77 1
75 1
73 1
77 1
77 1
75 1
73 1
75 3
0 2
73 1
73 1
73 2
73 1
75 1
0 1
75 5
73 2
75 2
77 1
77 1
77 1
77 1
77 1
75 1
73 1
77 1
77 1
75 1
0 1
75 2
0 1
75 1
77 1
78 1
78 1
78 1
78 1
77 1
0 1
75 1
75 1
0 1
73 2
0 3
70 1
72 1
73 1
73 1
73 1
73 1
73 1
73 1
77 1
72 1
0 1
72 1
72 1
72 1
73 1
72 1
70 1
70 13
0 2
70 1
72 1
73 2
73 1
73 2
75 1
77 2
75 5
80 1
82 1
0 1
82 16
