E:maj [4, 8, 11] 4 5 
A:maj [1, 4, 9] 9 7 
E:maj [4, 8, 11] 4 8 
A:maj [1, 4, 9] 9 4 
C:maj [0, 4, 7] 0 3 
D:maj [2, 6, 9] 2 1 
E:min [4, 7, 11] 4 8 
A:maj [1, 4, 9] 9 4 
C:maj [0, 4, 7] 0 3 
D:maj [2, 6, 9] 2 1 
E:min [4, 7, 11] 4 8 
A:maj [1, 4, 9] 9 6 
A:min [0, 4, 9] 9 2 
E:min [4, 7, 11] 4 8 
A:maj [1, 4, 9] 9 6 
A:min [0, 4, 9] 9 2 
B:maj [3, 6, 11] 11 4 
E:maj [4, 8, 11] 4 4 
A:maj [1, 4, 9] 9 6 
A:min [0, 4, 9] 9 2 
E:min [4, 7, 11] 4 8 
A:maj [1, 4, 9] 9 6 
A:min [0, 4, 9] 9 2 
B:maj [3, 6, 11] 11 4 
E:min [4, 7, 11] 4 2 
G:maj [2, 7, 11] 7 2 
A:maj [1, 4, 9] 9 2 
E:min [4, 7, 11] 4 2 
C:maj [0, 4, 7] 0 2 
G:maj [2, 7, 11] 7 2 
B:maj [3, 6, 11] 11 4 
E:min [4, 7, 11] 4 2 
G:maj [2, 7, 11] 7 2 
A:maj [1, 4, 9] 9 2 
E:min [4, 7, 11] 4 2 
C:maj [0, 4, 7] 0 2 
B:min [2, 6, 11] 11 2 
E:min [4, 7, 11] 4 8 
A:maj [1, 4, 9] 9 6 
A:min [0, 4, 9] 9 2 
E:min [4, 7, 11] 4 8 
A:maj [1, 4, 9] 9 6 
C:maj [0, 4, 7] 0 2 
B:maj [3, 6, 11] 11 4 
E:min [4, 7, 11] 4 2 
G:maj [2, 7, 11] 7 2 
A:maj [1, 4, 9] 9 2 
E:min [4, 7, 11] 4 2 
C:maj [0, 4, 7] 0 2 
G:maj [2, 7, 11] 7 2 
B:maj [3, 6, 11] 11 4 
E:min [4, 7, 11] 4 2 
G:maj [2, 7, 11] 7 2 
A:maj [1, 4, 9] 9 2 
E:min [4, 7, 11] 4 2 
C:maj [0, 4, 7] 0 2 
B:min [2, 6, 11] 11 2 
E:min [4, 7, 11] 4 4 
D:maj [2, 6, 9] 2 4 
E:min [4, 7, 11] 4 4 
D:maj [2, 6, 9] 2 2 
C:maj [0, 4, 7] 0 2 
B:maj [3, 6, 11] 11 4 
E:min [4, 7, 11] 4 2 
G:maj [2, 7, 11] 7 2 
A:maj [1, 4, 9] 9 2 
E:min [4, 7, 11] 4 2 
C:maj [0, 4, 7] 0 2 
G:maj [2, 7, 11] 7 2 
B:maj [3, 6, 11] 11 4 
E:min [4, 7, 11] 4 2 
G:maj [2, 7, 11] 7 2 
A:maj [1, 4, 9] 9 2 
E:min [4, 7, 11] 4 2 
C:maj [0, 4, 7] 0 2 
B:min [2, 6, 11] 11 2 
E:min [4, 7, 11] 4 6 
G:maj [2, 7, 11] 7 2 
A:maj [1, 4, 9] 9 2 
E:min [4, 7, 11] 4 2 
C:maj [0, 4, 7] 0 2 
G:maj [2, 7, 11] 7 2 
B:maj [3, 6, 11] 11 4 
E:min [4, 7, 11] 4 2 
G:maj [2, 7, 11] 7 2 
A:maj [1, 4, 9] 9 2 
E:min [4, 7, 11] 4 2 
C:maj [0, 4, 7] 0 2 
B:min [2, 6, 11] 11 2 
E:min [4, 7, 11] 4 8 
A:maj [1, 4, 9] 9 4 
A:min [0, 4, 9] 9 4 
E:min [4, 7, 11] 4 8 
A:maj [1, 4, 9] 9 4 
C:maj [0, 4, 7] 0 2 
D:maj [2, 6, 9] 2 2 
E:sus4(b7) [4, 9, 11] 4 6 
