C:maj [0, 4, 7] 0 4
G:maj/3 [2, 7, 11] 11 4
F:maj [0, 5, 9] 5 4
G:sus4 [0, 2, 7] 7 4
C:maj [0, 4, 7] 0 4
G:maj/3 [2, 7, 11] 11 4
F:maj [0, 5, 9] 5 2
G:maj [2, 7, 11] 7 2
G:sus4(b7) [0, 2, 7] 7 2
F:maj/5 [0, 5, 9] 0 4
G:maj/3 [2, 7, 11] 11 2
A:min [0, 4, 9] 9 2
C:maj/5 [0, 4, 7] 7 2
F:maj [0, 5, 9] 5 2
C:maj/3 [0, 4, 7] 4 2
D:min7 [0, 2, 5, 9] 2 2
G:7 [2, 5, 7, 11] 7 2
C:maj [0, 4, 7] 0 2
G:maj/3 [2, 7, 11] 11 2
A:min7 [0, 4, 7, 9] 9 2
G:maj6 [2, 4, 7, 11] 7 2
F:maj [0, 5, 9] 5 2
C:maj7/5 [0, 4, 7, 10] 7 2
C:maj6 [0, 4, 7, 9] 0 4
F:maj [0, 5, 9] 5 2
G:maj [2, 7, 11] 7 2
A:min [0, 4, 9] 9 4
F:maj [0, 5, 9] 5 2
G:maj [2, 7, 11] 7 2
C:maj [0, 4, 7] 0 4
F:maj [0, 5, 9] 5 2
E:7 [2, 4, 8, 11] 4 2
A:min [0, 4, 9] 9 1
G:maj [2, 7, 11] 7 1
F:maj [0, 5, 9] 5 1
F:maj [0, 5, 9] 5 1
D:min7 [0, 2, 5, 9] 2 4
G:sus4 [0, 2, 7] 7 8
C:maj [0, 4, 7] 0 4
G:maj/3 [2, 7, 11] 11 4
F:maj [0, 5, 9] 5 4
G:maj [2, 7, 11] 7 4
C:maj [0, 4, 7] 0 4
G:maj/3 [2, 7, 11] 11 4
F:maj [0, 5, 9] 5 4
C:sus4 [0, 5, 7] 0 6
G:maj/3 [2, 7, 11] 11 2
A:min7 [0, 4, 7, 9] 9 2
C:maj/5 [0, 4, 7] 7 2
F:maj [0, 5, 9] 5 2
C:maj/3 [0, 4, 7] 4 2
D:min7 [0, 2, 5, 9] 2 4
A:min [0, 4, 9] 9 2
E:maj [4, 8, 11] 4 2
A:min [0, 4, 9] 9 1
A:min/b3 [0, 4, 9] 0 1
D:7 [0, 2, 6, 9] 2 2
D:min7 [0, 2, 5, 9] 2 4
G:sus4 [0, 2, 7] 7 4
C:maj [0, 4, 7] 0 2
G:maj/3 [2, 7, 11] 11 2
A:min [0, 4, 9] 9 2
C:maj/5 [0, 4, 7] 7 2
F:maj [0, 5, 9] 5 1
F:maj(9) [0, 3, 5, 7, 9] 5 1
C:maj/3 [0, 4, 7] 4 2
D:min7 [0, 2, 5, 9] 2 2
G:7 [2, 5, 7, 11] 7 2
C:maj [0, 4, 7] 0 2
G:maj/3 [2, 7, 11] 11 2
A:min7 [0, 4, 7, 9] 9 2
G:maj6 [2, 4, 7, 11] 7 2
F:maj [0, 5, 9] 5 2
C:maj7/5 [0, 4, 7, 10] 7 2
C:maj6 [0, 4, 7, 9] 0 4
F:maj [0, 5, 9] 5 2
G:maj [2, 7, 11] 7 2
A:min [0, 4, 9] 9 3
A:min7 [0, 4, 7, 9] 9 1
F:maj [0, 5, 9] 5 2
G:maj [2, 7, 11] 7 2
C:maj [0, 4, 7] 0 4
F:maj [0, 5, 9] 5 2
E:7 [2, 4, 8, 11] 4 2
A:min [0, 4, 9] 9 1
G:maj [2, 7, 11] 7 1
F:maj [0, 5, 9] 5 6
D:min7 [0, 2, 5, 9] 2 4
G:sus4 [0, 2, 7] 7 8
C:maj [0, 4, 7] 0 4
G:maj/3 [2, 7, 11] 11 4
F:maj [0, 5, 9] 5 4
G:maj [2, 7, 11] 7 4
C:maj [0, 4, 7] 0 4
G:maj/3 [2, 7, 11] 11 4
F:maj [0, 5, 9] 5 2
G:sus4(b7) [0, 2, 7] 7 2
C:sus4 [0, 5, 7] 0 4
C:maj [0, 4, 7] 0 4
G:maj/3 [2, 7, 11] 11 4
F:maj [0, 5, 9] 5 4
G:maj [2, 7, 11] 7 4
C:maj [0, 4, 7] 0 4
G:maj/3 [2, 7, 11] 11 4
F:maj [0, 5, 9] 5 2
G:sus4(b7) [0, 2, 7] 7 3
