77 2
76 2
76 2
74 2
72 2
74 1
76 3
77 2
77 2
76 2
76 2
74 2
72 2
74 1
76 3
79 2
79 2
77 2
76 2
74 2
72 2
74 2
76 2
77 1
77 1
74 8
67 4
77 4
77 2
76 2
76 2
74 2
72 2
74 1
76 3
77 2
77 2
76 2
76 2
74 2
72 1
72 1
74 1
76 3
79 2
79 2
77 2
76 2
74 2
72 4
71 2
74 4
72 14
67 2
69 2
72 2
74 2
76 2
74 2
72 2
74 2
76 2
79 2
76 8
76 2
74 2
72 2
69 2
72 2
74 2
72 2
67 1
76 4
76 1
77 2
76 2
74 2
72 1
72 1
74 2
76 2
74 4
67 2
69 2
72 2
74 2
76 2
74 2
72 2
74 2
76 2
79 2
76 4
0 7
74 9
72 4
71 2
74 4
72 3
0 4
72 3
76 2
79 2
81 6
79 2
81 2
81 1
0 1
76 2
74 2
76 2
79 2
76 5
72 1
74 1
0 1
76 2
79 2
81 5
0 1
79 1
0 1
81 1
0 1
79 1
0 1
76 2
74 1
76 10
0 1
72 2
76 2
79 2
81 4
81 1
0 3
80 2
76 2
83 2
84 2
81 1
83 1
81 1
0 1
76 2
74 1
74 1
0 1
72 2
0 1
0 2
69 1
69 1
76 2
77 2
79 2
72 2
72 6
69 1
69 1
76 2
77 2
79 2
72 3
74 2
72 9
0 3
67 5
77 4
77 2
76 2
76 2
74 2
72 2
74 1
76 3
77 2
77 2
76 2
76 2
74 2
72 2
74 1
76 3
79 2
79 2
77 2
76 2
74 2
72 2
74 2
76 2
77 1
77 1
74 8
67 4
77 4
77 2
76 2
76 2
74 2
72 2
74 1
76 3
77 2
77 2
76 2
76 2
74 2
72 1
72 1
74 1
76 3
79 2
79 2
77 2
76 2
74 2
72 4
71 2
74 2
74 2
0 2
72 14
0 126
67 2
69 2
72 2
74 2
76 2
74 2
72 2
74 2
76 2
79 2
76 8
76 2
74 2
72 2
69 2
72 2
74 2
72 2
67 1
76 4
76 1
77 2
76 2
74 2
72 1
72 1
74 2
76 2
74 4
67 2
69 2
72 2
74 2
76 2
74 2
72 2
74 2
76 2
79 2
76 4
0 7
74 9
72 4
71 2
74 4
72 3
0 4
72 3
76 2
79 2
81 6
79 2
81 2
81 1
0 1
76 2
74 2
76 2
79 2
76 5
72 1
74 1
0 1
76 2
79 2
81 5
0 1
79 1
0 1
81 1
0 1
79 1
0 1
76 2
74 1
76 10
0 1
72 2
76 2
79 2
81 4
81 1
0 3
80 2
76 2
83 2
84 2
81 1
83 1
81 1
0 1
76 2
74 1
74 1
0 1
72 2
0 19
69 1
69 1
76 2
77 2
79 2
72 2
72 6
69 1
69 1
76 2
77 2
79 2
72 3
74 2
72 9
0 3
67 5
77 4
77 2
76 2
76 2
74 2
72 2
74 1
76 3
77 2
77 2
76 2
76 2
74 2
72 2
74 1
76 3
79 2
79 2
77 2
76 2
74 2
72 2
74 2
76 2
77 1
77 1
74 8
67 4
77 4
77 2
76 2
76 2
74 2
72 2
74 1
76 3
77 2
77 2
76 2
76 2
74 2
72 1
72 1
74 1
76 3
79 2
79 2
77 2
76 2
74 2
72 4
71 2
74 2
74 2
74 1
72 5
67 4
77 4
77 2
76 2
76 2
74 2
72 2
74 1
76 3
77 2
77 2
76 2
76 2
74 2
72 2
74 1
76 3
79 2
79 2
77 2
76 2
74 2
72 2
74 2
76 2
77 1
77 1
74 8
67 4
77 4
77 2
76 2
76 2
74 2
72 2
74 1
76 3
77 2
77 2
76 2
76 2
74 2
72 1
72 1
74 1
76 3
79 2
79 2
77 2
76 2
74 2
72 4
71 2
74 2
74 2
74 1
0 1
