B:min [2, 6, 11] 11 2 
E:min [4, 7, 11] 4 2 
A:maj [1, 4, 9] 9 2 
F#:min7 [1, 4, 6, 9] 6 2 
G:maj [2, 7, 11] 7 2 
A:maj [1, 4, 9] 9 2 
F#:min7 [1, 4, 6, 9] 6 4 
G:maj [2, 7, 11] 7 2 
A:maj [1, 4, 9] 9 2 
D:maj [2, 6, 9] 2 2 
B:min [2, 6, 11] 11 2 
E:min7 [2, 4, 7, 11] 4 2 
F#:min7 [1, 4, 6, 9] 6 2 
B:min [2, 6, 11] 11 8 
E:min [4, 7, 11] 4 4 
G:sus2 [2, 7, 9] 7 2 
A:maj [1, 4, 9] 9 2 
F#:min7 [1, 4, 6, 9] 6 4 
E:min [4, 7, 11] 4 4 
B:min [2, 6, 11] 11 4 
G:maj [2, 7, 11] 7 2 
A:sus2 [4, 9, 11] 9 2 
B:sus2 [1, 6, 11] 11 2 
B:min [2, 6, 11] 11 6 
E:min [4, 7, 11] 4 4 
G:sus2 [2, 7, 9] 7 2 
A:maj [1, 4, 9] 9 2 
F#:min7 [1, 4, 6, 9] 6 4 
E:min [4, 7, 11] 4 4 
B:min [2, 6, 11] 11 4 
G:maj [2, 7, 11] 7 2 
A:sus2 [4, 9, 11] 9 2 
B:sus2 [1, 6, 11] 11 2 
B:min [2, 6, 11] 11 4 
E:min [4, 7, 11] 4 2 
A:maj [1, 4, 9] 9 2 
F#:min7 [1, 4, 6, 9] 6 2 
E:min7 [2, 4, 7, 11] 4 2 
A:maj [1, 4, 9] 9 2 
F#:min [1, 6, 9] 6 4 
G:maj [2, 7, 11] 7 2 
A:7 [1, 4, 7, 9] 9 2 
D:maj [2, 6, 9] 2 2 
B:min [2, 6, 11] 11 2 
E:min7 [2, 4, 7, 11] 4 2 
F#:min7 [1, 4, 6, 9] 6 2 
B:min [2, 6, 11] 11 6 
E:min [4, 7, 11] 4 2 
A:sus4 [2, 4, 9] 9 2 
F#:min [1, 6, 9] 6 2 
G:maj [2, 7, 11] 7 2 
A:maj [1, 4, 9] 9 2 
F#:min7 [1, 4, 6, 9] 6 4 
G:maj [2, 7, 11] 7 2 
A:maj [1, 4, 9] 9 2 
D:maj7/7 [0, 2, 6, 9] 1 2 
B:sus2 [1, 6, 11] 11 2 
E:min7 [2, 4, 7, 11] 4 2 
A:maj [1, 4, 9] 9 2 
B:min [2, 6, 11] 11 6 
E:min [4, 7, 11] 4 2 
A:maj [1, 4, 9] 9 2 
F#:min7 [1, 4, 6, 9] 6 2 
G:maj [2, 7, 11] 7 2 
A:maj [1, 4, 9] 9 2 
F#:min7 [1, 4, 6, 9] 6 4 
G:maj [2, 7, 11] 7 2 
A:maj [1, 4, 9] 9 2 
D:maj [2, 6, 9] 2 2 
B:min [2, 6, 11] 11 2 
E:min7 [2, 4, 7, 11] 4 2 
F#:min7 [1, 4, 6, 9] 6 2 
B:min [2, 6, 11] 11 8 
E:min [4, 7, 11] 4 4 
G:sus2 [2, 7, 9] 7 2 
A:maj [1, 4, 9] 9 2 
F#:min7 [1, 4, 6, 9] 6 4 
E:min [4, 7, 11] 4 4 
B:min [2, 6, 11] 11 4 
G:maj [2, 7, 11] 7 2 
A:sus2 [4, 9, 11] 9 2 
B:sus2 [1, 6, 11] 11 2 
B:min [2, 6, 11] 11 6 
E:min [4, 7, 11] 4 4 
G:sus2 [2, 7, 9] 7 2 
A:maj [1, 4, 9] 9 2 
F#:min7 [1, 4, 6, 9] 6 4 
E:min [4, 7, 11] 4 4 
B:min [2, 6, 11] 11 4 
G:maj [2, 7, 11] 7 2 
A:sus2 [4, 9, 11] 9 2 
B:sus2 [1, 6, 11] 11 2 
B:min [2, 6, 11] 11 4 
E:min [4, 7, 11] 4 2 
A:maj [1, 4, 9] 9 2 
F#:min7 [1, 4, 6, 9] 6 2 
E:min7 [2, 4, 7, 11] 4 2 
A:maj [1, 4, 9] 9 2 
F#:min [1, 6, 9] 6 4 
G:maj [2, 7, 11] 7 2 
A:7 [1, 4, 7, 9] 9 2 
D:maj [2, 6, 9] 2 2 
B:min [2, 6, 11] 11 2 
E:min7 [2, 4, 7, 11] 4 2 
A:maj [1, 4, 9] 9 2 
B:min [2, 6, 11] 11 4 
B:min7 [2, 6, 9, 11] 11 2 
E:min [4, 7, 11] 4 2 
A:sus4 [2, 4, 9] 9 2 
F#:min [1, 6, 9] 6 2 
G:maj [2, 7, 11] 7 2 
A:maj [1, 4, 9] 9 2 
F#:min7 [1, 4, 6, 9] 6 4 
G:maj [2, 7, 11] 7 2 
A:maj [1, 4, 9] 9 2 
D:maj7/7 [0, 2, 6, 9] 1 2 
B:sus2 [1, 6, 11] 11 2 
E:min7 [2, 4, 7, 11] 4 2 
A:maj [1, 4, 9] 9 2 
B:min [2, 6, 11] 11 4 
G:maj7 [2, 5, 7, 11] 7 11 
B:sus4(b7) [4, 6, 11] 11 1 
