Ab:min [3, 8, 11] 8 4
Eb:min [3, 6, 10] 3 4
C#:min [1, 4, 8] 1 4
Ab:min [3, 8, 11] 8 4
E:maj/5 [4, 8, 11] 11 4
F#:maj [1, 6, 10] 6 4
Eb:min [3, 6, 10] 3 4
Ab:min [3, 8, 11] 8 4
B:maj [3, 6, 11] 11 4
C#:min [1, 4, 8] 1 4
F#:maj [1, 6, 10] 6 4
B:maj [3, 6, 11] 11 8
C#:min [1, 4, 8] 1 4
F#:maj [1, 6, 10] 6 4
B:maj [3, 6, 11] 11 8
C#:min [1, 4, 8] 1 4
F#:maj [1, 6, 10] 6 4
B:maj [3, 6, 11] 11 8
C#:min [1, 4, 8] 1 4
F#:maj [1, 6, 10] 6 4
B:maj [3, 6, 11] 11 4
Eb:min [3, 6, 10] 3 4
Ab:min [3, 8, 11] 8 4
C#:min [1, 4, 8] 1 4
F#:maj [1, 6, 10] 6 3
F#:maj [1, 6, 10] 6 1
Ab:min [3, 8, 11] 8 4
Eb:min [3, 6, 10] 3 4
C#:min [1, 4, 8] 1 4
Eb:min [3, 6, 10] 3 4
Ab:min [3, 8, 11] 8 4
F#:maj [1, 6, 10] 6 4
Eb:min [3, 6, 10] 3 4
Ab:min [3, 8, 11] 8 8
Eb:min [3, 6, 10] 3 4
C#:min [1, 4, 8] 1 4
Ab:min [3, 8, 11] 8 4
E:maj [4, 8, 11] 4 4
F#:maj [1, 6, 10] 6 4
Eb:min [3, 6, 10] 3 4
Ab:min [3, 8, 11] 8 4
B:maj [3, 6, 11] 11 4
C#:min [1, 4, 8] 1 4
F#:maj [1, 6, 10] 6 4
B:maj [3, 6, 11] 11 8
C#:min [1, 4, 8] 1 4
F#:maj [1, 6, 10] 6 4
B:maj [3, 6, 11] 11 8
Ab:min [3, 8, 11] 8 4
F#:maj [1, 6, 10] 6 10
B:maj [3, 6, 11] 11 2
Ab:min [3, 8, 11] 8 2
C#:min [1, 4, 8] 1 2
F#:maj [1, 6, 10] 6 4
B:maj [3, 6, 11] 11 2
Eb:min [3, 6, 10] 3 6
Ab:min [3, 8, 11] 8 4
F#:maj [1, 6, 10] 6 2
C#:min [1, 4, 8] 1 2
F#:maj [1, 6, 10] 6 2
Ab:min [3, 8, 11] 8 2
Ab:min [3, 8, 11] 8 4
Eb:min [3, 6, 10] 3 4
C#:min [1, 4, 8] 1 4
Ab:min [3, 8, 11] 8 8
Eb:min [3, 6, 10] 3 4
C#:min [1, 4, 8] 1 4
Eb:min [3, 6, 10] 3 4
Ab:min [3, 8, 11] 8 4
F#:maj [1, 6, 10] 6 4
Eb:min [3, 6, 10] 3 4
Ab:min [3, 8, 11] 8 8
Eb:min [3, 6, 10] 3 4
C#:min [1, 4, 8] 1 4
Ab:min [3, 8, 11] 8 8
Eb:min [3, 6, 10] 3 4
C#:min [1, 4, 8] 1 4
Ab:min [3, 8, 11] 8 2
