0 108
80 1
82 1
85 1
82 1
80 1
82 3
80 2
77 1
80 5
75 1
77 1
80 1
77 1
75 3
73 3
70 1
73 5
75 1
77 1
80 1
77 1
75 3
73 3
75 1
70 1
68 2
82 2
80 1
77 3
75 1
75 1
75 1
77 1
75 1
73 2
70 1
75 4
80 1
82 1
85 1
82 1
80 1
82 2
80 3
77 1
80 5
75 1
77 1
80 1
77 1
75 3
73 3
70 1
73 5
75 1
77 1
80 1
77 1
75 3
73 3
75 1
70 1
68 2
80 1
82 1
80 1
77 2
77 1
75 1
75 1
75 1
77 1
75 1
73 3
70 2
73 9
73 1
73 1
73 1
85 1
84 1
84 1
82 2
82 1
82 1
80 1
82 1
84 2
77 4
77 1
77 1
80 1
82 2
82 1
82 1
82 1
80 1
77 1
75 1
77 3
77 1
75 1
77 1
75 1
70 1
73 3
77 1
75 1
77 1
75 1
70 1
73 3
77 1
75 1
77 1
75 1
70 1
82 1
80 1
80 1
80 1
82 1
80 1
80 1
77 2
75 2
80 1
80 1
80 1
85 1
84 1
84 1
82 2
82 1
82 1
80 1
82 1
84 2
77 4
77 1
77 1
80 1
82 1
82 2
82 1
82 1
80 1
77 1
75 1
77 3
77 1
75 1
77 1
75 1
70 1
73 3
77 1
75 1
77 1
80 1
77 1
75 1
73 1
70 8
82 2
80 3
77 1
77 2
75 2
75 1
77 3
73 7
0 77
80 1
82 1
85 1
82 1
80 1
82 2
80 3
77 1
80 5
75 1
77 1
80 1
77 1
75 3
73 3
70 1
73 5
75 1
77 1
80 1
77 1
75 3
73 3
75 1
70 1
68 2
80 1
82 1
80 1
77 2
0 1
75 1
75 1
75 1
77 1
75 1
73 2
70 1
73 1
0 10
73 1
73 1
73 1
85 1
84 1
84 1
82 2
82 1
82 1
80 1
82 1
84 2
77 4
77 1
77 1
80 1
82 2
82 1
82 1
82 1
80 1
77 1
75 1
77 3
77 1
75 1
77 1
75 1
70 1
73 3
77 1
75 1
77 1
75 1
70 1
73 3
77 1
75 1
77 1
75 1
70 1
82 1
80 1
80 1
80 1
82 1
80 1
80 1
77 2
75 2
80 1
80 1
80 1
85 1
84 1
84 1
82 2
82 1
82 1
80 1
82 1
84 2
77 4
77 1
77 1
80 1
82 1
82 2
82 1
82 1
80 1
77 1
75 1
77 3
77 1
75 1
77 1
75 1
70 1
73 3
77 1
75 1
77 1
80 1
77 1
75 1
73 1
70 8
82 2
80 3
77 1
77 2
75 2
75 1
77 3
73 7
0 84
86 1
86 1
85 1
86 1
85 1
85 1
83 2
83 1
83 1
81 1
83 1
85 2
78 4
78 1
78 1
81 1
83 2
83 1
83 1
83 1
81 1
78 1
76 1
78 3
78 1
76 1
78 1
76 1
71 1
74 3
78 1
76 1
78 1
76 1
71 1
74 3
78 1
76 1
78 1
76 1
71 1
83 1
81 1
81 1
81 1
83 1
81 1
81 1
78 2
76 2
86 1
86 1
85 1
86 1
85 1
85 1
83 2
83 1
83 1
81 1
83 1
85 2
78 4
78 1
78 1
81 1
83 1
83 2
83 1
83 1
81 1
78 1
76 1
78 3
78 1
76 1
78 1
76 1
71 1
74 3
78 1
76 1
78 1
81 1
78 1
76 1
74 1
71 8
0 5
71 1
69 2
81 1
83 1
81 3
78 1
78 1
76 3
76 1
78 1
0 2
74 1
74 1
