F:maj [0, 5, 9] 5 4 
A:maj [1, 4, 9] 9 4 
Bb:maj [2, 5, 10] 10 2 
B:dim [2, 5, 11] 11 2 
C:maj [0, 4, 7] 0 4 
G:min [2, 7, 10] 7 2 
A:maj [1, 4, 9] 9 2 
G:7 [2, 5, 7, 11] 7 2 
G:maj [2, 7, 11] 7 2 
C:maj [0, 4, 7] 0 8 
F:maj [0, 5, 9] 5 4 
D:min [2, 5, 9] 2 4 
C:maj [0, 4, 7] 0 8 
D:min [2, 5, 9] 2 4 
A:min [0, 4, 9] 9 2 
D:min7 [0, 2, 5, 9] 2 2 
C:maj [0, 4, 7] 0 8 
F:maj [0, 5, 9] 5 4 
D:min [2, 5, 9] 2 4 
C:maj [0, 4, 7] 0 4 
G:min [2, 7, 10] 7 2 
C:maj [0, 4, 7] 0 2 
D:min [2, 5, 9] 2 4 
A:min [0, 4, 9] 9 2 
D:min7 [0, 2, 5, 9] 2 2 
C:maj [0, 4, 7] 0 4 
G:min [2, 7, 10] 7 2 
C:maj [0, 4, 7] 0 2 
F:maj [0, 5, 9] 5 4 
C:maj [0, 4, 7] 0 4 
G:min [2, 7, 10] 7 2 
C:maj [0, 4, 7] 0 2 
D:sus4(b7) [2, 7, 9] 2 4 
G:min [2, 7, 10] 7 2 
C:maj [0, 4, 7] 0 2 
A:min [0, 4, 9] 9 2 
D:min [2, 5, 9] 2 2 
G:min [2, 7, 10] 7 4 
C:maj [0, 4, 7] 0 4 
F:maj [0, 5, 9] 5 4 
C:maj [0, 4, 7] 0 4 
G:min [2, 7, 10] 7 2 
C:maj [0, 4, 7] 0 2 
D:sus4(b7) [2, 7, 9] 2 4 
G:min [2, 7, 10] 7 2 
C:maj [0, 4, 7] 0 2 
A:min [0, 4, 9] 9 2 
D:min [2, 5, 9] 2 2 
G:min [2, 7, 10] 7 4 
C:maj [0, 4, 7] 0 4 
F:maj [0, 5, 9] 5 4 
C:maj [0, 4, 7] 0 8 
D:sus4(b7) [2, 7, 9] 2 4 
G:min [2, 7, 10] 7 2 
C:maj [0, 4, 7] 0 2 
A:min [0, 4, 9] 9 2 
D:min [2, 5, 9] 2 2 
G:min [2, 7, 10] 7 4 
C:maj [0, 4, 7] 0 4 
F:maj [0, 5, 9] 5 4 
D:min [2, 5, 9] 2 4 
C:maj [0, 4, 7] 0 8 
D:min [2, 5, 9] 2 4 
A:min [0, 4, 9] 9 2 
D:min7 [0, 2, 5, 9] 2 2 
C:maj [0, 4, 7] 0 8 
F:maj [0, 5, 9] 5 4 
D:min [2, 5, 9] 2 4 
C:maj [0, 4, 7] 0 4 
G:min [2, 7, 10] 7 2 
C:maj [0, 4, 7] 0 2 
D:min [2, 5, 9] 2 4 
A:min [0, 4, 9] 9 2 
D:min7 [0, 2, 5, 9] 2 2 
C:maj [0, 4, 7] 0 4 
G:min [2, 7, 10] 7 2 
C:maj [0, 4, 7] 0 2 
F:maj [0, 5, 9] 5 4 
C:maj [0, 4, 7] 0 4 
G:min [2, 7, 10] 7 2 
C:maj [0, 4, 7] 0 2 
D:sus4(b7) [2, 7, 9] 2 4 
G:min [2, 7, 10] 7 2 
C:maj [0, 4, 7] 0 2 
A:min [0, 4, 9] 9 2 
D:min [2, 5, 9] 2 2 
G:min [2, 7, 10] 7 4 
C:maj [0, 4, 7] 0 4 
F:maj [0, 5, 9] 5 4 
C:maj [0, 4, 7] 0 4 
G:min [2, 7, 10] 7 2 
C:maj [0, 4, 7] 0 2 
D:sus4(b7) [2, 7, 9] 2 4 
G:min [2, 7, 10] 7 2 
C:maj [0, 4, 7] 0 2 
A:min [0, 4, 9] 9 2 
D:min [2, 5, 9] 2 2 
G:min [2, 7, 10] 7 4 
C:maj [0, 4, 7] 0 4 
G:min [2, 7, 10] 7 2 
C:maj [0, 4, 7] 0 2 
A:min [0, 4, 9] 9 2 
D:min [2, 5, 9] 2 2 
C:maj [0, 4, 7] 0 16 
F:maj [0, 5, 9] 5 4 
A:maj [1, 4, 9] 9 4 
Bb:maj [2, 5, 10] 10 2 
B:dim [2, 5, 11] 11 2 
C:maj [0, 4, 7] 0 4 
G:min [2, 7, 10] 7 2 
A:min [0, 4, 9] 9 2 
B:dim [2, 5, 11] 11 2 
G:min [2, 7, 10] 7 2 
C:maj [0, 4, 7] 0 8 
