0 128
69 3
0 1
69 2
67 2
65 5
0 1
67 1
69 3
62 1
0 1
69 2
67 1
0 1
65 4
0 4
67 3
0 1
67 2
69 1
0 1
72 2
0 2
64 2
62 1
0 1
60 2
62 1
0 1
67 1
0 1
64 1
0 1
60 4
0 4
65 3
0 1
65 2
62 1
0 1
65 3
0 3
69 1
0 1
67 1
0 1
67 1
0 1
67 1
0 1
60 1
0 1
62 7
0 1
67 1
0 1
67 1
0 1
67 1
0 1
72 1
0 1
67 2
0 2
64 2
62 2
60 2
62 2
67 2
62 2
60 5
0 3
69 2
0 2
69 1
0 1
67 1
0 1
65 3
0 3
67 1
0 1
69 1
0 1
62 1
0 1
69 1
0 1
67 1
0 1
65 4
0 4
67 2
0 2
67 2
69 1
0 1
72 2
0 2
64 2
62 1
0 1
60 2
62 2
67 2
62 1
0 1
60 4
0 4
65 2
0 1
65 2
62 2
0 1
65 4
0 2
69 1
0 1
67 2
67 1
0 1
67 1
0 1
60 1
0 1
62 5
0 3
67 1
0 1
67 1
0 1
67 1
0 1
72 1
0 1
67 1
0 1
64 3
0 1
62 1
0 1
60 1
0 1
62 1
0 1
67 2
62 1
0 1
60 6
0 2
72 4
0 2
72 1
0 1
74 3
0 1
74 3
0 1
72 11
0 5
72 3
0 1
72 2
67 1
0 1
69 3
0 1
69 2
67 1
0 1
67 1
0 1
67 1
0 1
65 8
0 4
67 5
0 1
72 1
0 1
60 3
0 5
67 3
0 1
67 2
65 1
0 1
62 6
0 2
67 1
0 1
67 4
72 1
0 1
72 2
69 1
0 1
67 2
65 2
67 12
0 4
72 4
0 2
72 1
0 1
74 3
0 1
74 3
0 1
72 11
0 5
72 3
0 1
72 2
67 1
69 3
70 1
0 1
69 2
67 1
0 1
67 1
0 1
67 1
0 1
65 8
0 4
67 5
0 1
72 1
0 1
60 3
0 5
67 3
0 1
67 2
65 1
0 1
62 6
0 2
67 1
0 1
60 3
0 1
62 2
67 2
64 1
0 1
62 2
64 2
60 12
0 132
69 3
0 1
69 2
67 2
65 5
0 1
67 1
69 3
62 1
0 1
69 2
67 1
0 1
65 4
0 4
67 3
0 1
67 2
69 1
0 1
72 2
0 2
64 2
62 1
0 1
60 2
62 1
0 1
67 1
0 1
64 1
0 1
60 4
0 4
65 3
0 1
65 2
62 1
0 1
65 3
0 3
69 1
0 1
67 1
0 1
67 1
0 1
67 1
0 1
60 1
0 1
62 7
0 1
67 1
0 1
67 1
0 1
67 1
0 1
72 1
0 1
67 2
0 2
64 2
62 2
60 2
62 2
67 2
62 2
60 5
0 3
69 2
0 2
69 1
0 1
67 1
0 1
65 3
0 3
67 1
0 1
69 1
0 1
62 1
0 1
69 1
0 1
67 1
0 1
65 4
0 4
67 2
0 2
67 2
69 1
0 1
72 2
0 2
64 2
62 1
0 1
60 2
62 2
67 2
62 1
0 1
60 4
0 4
65 2
0 1
65 2
62 2
0 1
65 4
0 2
69 1
0 1
67 2
67 1
0 1
67 1
0 1
60 1
0 1
62 5
0 3
67 1
0 1
67 1
0 1
67 1
0 1
72 1
0 1
67 1
0 1
64 3
0 1
62 1
0 1
60 1
0 1
62 1
0 1
67 2
62 1
0 1
60 6
0 2
72 4
0 2
72 1
0 1
74 3
0 1
74 3
0 1
72 11
0 5
72 3
0 1
72 2
67 1
0 1
69 3
0 1
69 2
67 1
0 1
67 1
0 1
67 1
0 1
65 8
0 4
67 5
0 1
72 1
0 1
60 3
0 5
67 3
0 1
67 2
65 1
0 1
62 6
0 2
67 1
0 1
67 4
72 1
0 1
72 2
69 1
0 1
67 2
65 2
67 12
0 4
72 4
0 2
72 1
0 1
74 3
0 1
74 3
0 1
72 11
0 5
72 3
0 1
72 2
67 1
69 3
70 1
0 1
69 2
67 1
0 1
67 1
0 1
67 1
0 1
65 8
0 4
67 5
0 1
72 1
0 1
60 3
0 5
67 3
0 1
67 2
65 1
0 1
62 6
0 2
67 1
0 1
60 3
0 1
62 2
67 2
64 1
0 1
62 2
64 2
60 12
0 4
67 3
0 1
67 2
72 1
0 1
60 4
0 4
64 2
67 1
0 1
67 4
62 7
0 1
72 2
74 2
67 3
67 5
74 20
72 11
