B:min [2, 6, 11] 11 4 
B:maj [3, 6, 11] 11 24 
A:maj [1, 4, 9] 9 4 
G:maj [2, 7, 11] 7 4 
A:maj [1, 4, 9] 9 4 
B:min [2, 6, 11] 11 4 
A:maj [1, 4, 9] 9 4 
G:maj [2, 7, 11] 7 4 
A:maj [1, 4, 9] 9 4 
B:min [2, 6, 11] 11 12 
F#:min [1, 6, 9] 6 4 
B:min [2, 6, 11] 11 8 
A:maj [1, 4, 9] 9 6 
B:min [2, 6, 11] 11 2 
A:maj [1, 4, 9] 9 4 
B:min [2, 6, 11] 11 4 
A:maj [1, 4, 9] 9 2 
B:min [2, 6, 11] 11 2 
C#:min [1, 4, 8] 1 2 
D:maj [2, 6, 9] 2 2 
A:maj [1, 4, 9] 9 4 
B:min [2, 6, 11] 11 6 
A:maj [1, 4, 9] 9 2 
G:maj [2, 7, 11] 7 4 
A:maj [1, 4, 9] 9 4 
B:min [2, 6, 11] 11 8 
F#:min [1, 6, 9] 6 4 
B:min [2, 6, 11] 11 8 
A:maj [1, 4, 9] 9 6 
B:min [2, 6, 11] 11 2 
A:maj [1, 4, 9] 9 4 
B:min [2, 6, 11] 11 4 
A:maj [1, 4, 9] 9 2 
B:min [2, 6, 11] 11 2 
C#:min [1, 4, 8] 1 2 
D:maj [2, 6, 9] 2 2 
A:maj [1, 4, 9] 9 4 
B:min [2, 6, 11] 11 6 
A:maj [1, 4, 9] 9 2 
G:maj [2, 7, 11] 7 4 
A:maj [1, 4, 9] 9 4 
B:min [2, 6, 11] 11 4 
F#:min [1, 6, 9] 6 8 
G:maj [2, 7, 11] 7 4 
A:maj [1, 4, 9] 9 4 
D:maj [2, 6, 9] 2 4 
A:maj [1, 4, 9] 9 4 
G:maj [2, 7, 11] 7 4 
F#:maj [1, 6, 10] 6 4 
B:min [2, 6, 11] 11 4 
F#:min [1, 6, 9] 6 4 
B:min [2, 6, 11] 11 8 
A:maj [1, 4, 9] 9 6 
B:min [2, 6, 11] 11 2 
A:maj [1, 4, 9] 9 4 
B:min [2, 6, 11] 11 4 
A:maj [1, 4, 9] 9 2 
B:min [2, 6, 11] 11 2 
C#:min [1, 4, 8] 1 2 
D:maj [2, 6, 9] 2 2 
A:maj [1, 4, 9] 9 4 
B:min [2, 6, 11] 11 6 
A:maj [1, 4, 9] 9 2 
G:maj [2, 7, 11] 7 4 
A:maj [1, 4, 9] 9 4 
B:min [2, 6, 11] 11 4 
C#:min [1, 4, 8] 1 8 
B:maj [3, 6, 11] 11 8 
A:maj [1, 4, 9] 9 4 
B:maj [3, 6, 11] 11 4 
C#:min [1, 4, 8] 1 4 
Ab:maj [0, 3, 8] 8 4 
C#:min [1, 4, 8] 1 8 
B:maj [3, 6, 11] 11 8 
A:maj [1, 4, 9] 9 4 
B:maj [3, 6, 11] 11 4 
C#:min [1, 4, 8] 1 8 
Ab:min [3, 8, 11] 8 8 
A:maj [1, 4, 9] 9 4 
B:maj [3, 6, 11] 11 4 
E:maj [4, 8, 11] 4 4 
B:maj [3, 6, 11] 11 4 
A:maj [1, 4, 9] 9 4 
Ab:maj [0, 3, 8] 8 4 
C#:min [1, 4, 8] 1 4 
Ab:min [3, 8, 11] 8 4 
C#:min [1, 4, 8] 1 8 
B:maj [3, 6, 11] 11 6 
C#:min [1, 4, 8] 1 2 
B:maj [3, 6, 11] 11 4 
C#:min [1, 4, 8] 1 4 
B:maj [3, 6, 11] 11 2 
C#:min [1, 4, 8] 1 2 
Eb:min [3, 6, 10] 3 2 
E:maj [4, 8, 11] 4 2 
B:maj [3, 6, 11] 11 4 
C#:min [1, 4, 8] 1 6 
B:maj [3, 6, 11] 11 2 
A:maj [1, 4, 9] 9 4 
B:maj [3, 6, 11] 11 4 
C#:min [1, 4, 8] 1 8 
A:maj [1, 4, 9] 9 4 
B:maj [3, 6, 11] 11 4 
C#:min [1, 4, 8] 1 8 
B:maj [3, 6, 11] 11 4 
A:maj [1, 4, 9] 9 4 
B:maj [3, 6, 11] 11 4 
C#:min [1, 4, 8] 1 4 
B:maj [3, 6, 11] 11 4 
A:maj [1, 4, 9] 9 4 
B:maj [3, 6, 11] 11 4 
C#:maj [1, 5, 8] 1 1 
