B:min [2, 6, 11] 11 8 
G:maj [2, 7, 11] 7 7 
A:maj [1, 4, 9] 9 1 
B:min [2, 6, 11] 11 8 
G:maj [2, 7, 11] 7 8 
B:min [2, 6, 11] 11 8 
A:maj [1, 4, 9] 9 7 
G:maj [2, 7, 11] 7 5 
A:maj [1, 4, 9] 9 4 
D:maj [2, 6, 9] 2 4 
F#:maj [1, 6, 10] 6 4 
B:min [2, 6, 11] 11 8 
A:maj [1, 4, 9] 9 8 
G:maj [2, 7, 11] 7 4 
A:maj [1, 4, 9] 9 4 
B:min [2, 6, 11] 11 8 
G:maj [2, 7, 11] 7 4 
A:maj [1, 4, 9] 9 4 
F#:min [1, 6, 9] 6 4 
E:maj [4, 8, 11] 4 4 
G:maj [2, 7, 11] 7 4 
A:maj [1, 4, 9] 9 4 
F#:min [1, 6, 9] 6 6 
F#:maj/3 [1, 6, 10] 10 2 
B:min [2, 6, 11] 11 8 
A:maj [1, 4, 9] 9 8 
G:maj [2, 7, 11] 7 4 
A:maj [1, 4, 9] 9 4 
D:maj [2, 6, 9] 2 4 
F#:maj [1, 6, 10] 6 4 
B:min [2, 6, 11] 11 8 
A:maj [1, 4, 9] 9 8 
G:maj [2, 7, 11] 7 4 
A:maj [1, 4, 9] 9 4 
B:min [2, 6, 11] 11 8 
A:maj [1, 4, 9] 9 8 
G:maj [2, 7, 11] 7 8 
D:maj [2, 6, 9] 2 3 
F#:maj [1, 6, 10] 6 5 
G:maj [2, 7, 11] 7 4 
A:maj [1, 4, 9] 9 4 
F#:maj [1, 6, 10] 6 4 
E:maj [4, 8, 11] 4 4 
G:maj [2, 7, 11] 7 4 
A:maj [1, 4, 9] 9 4 
F#:min [1, 6, 9] 6 8 
G:maj [2, 7, 11] 7 8 
E:min [4, 7, 11] 4 8 
B:min [2, 6, 11] 11 4 
A:maj [1, 4, 9] 9 4 
E:maj [4, 8, 11] 4 4 
F#:maj [1, 6, 10] 6 4 
G:maj [2, 7, 11] 7 8 
E:min [4, 7, 11] 4 8 
B:min [2, 6, 11] 11 3 
A:maj [1, 4, 9] 9 5 
F#:maj [1, 6, 10] 6 8 
B:min [2, 6, 11] 11 8 
A:maj [1, 4, 9] 9 8 
G:maj [2, 7, 11] 7 4 
A:maj [1, 4, 9] 9 4 
D:maj [2, 6, 9] 2 4 
F#:maj [1, 6, 10] 6 4 
B:min [2, 6, 11] 11 8 
A:maj [1, 4, 9] 9 8 
G:maj [2, 7, 11] 7 4 
A:maj [1, 4, 9] 9 4 
B:min [2, 6, 11] 11 8 
G:maj [2, 7, 11] 7 7 
A:maj [1, 4, 9] 9 1 
B:min [2, 6, 11] 11 8 
G:maj [2, 7, 11] 7 8 
