A:sus2 [4, 9, 11] 9 4 
A:min(9) [0, 4, 7, 9, 11] 9 8 
D:min(9) [0, 2, 4, 5, 9] 2 4 
G:maj [2, 7, 11] 7 4 
C:maj [0, 4, 7] 0 4 
D:min [2, 5, 9] 2 4 
A:min7 [0, 4, 7, 9] 9 4 
F:maj [0, 5, 9] 5 2 
Bb:maj7 [2, 5, 8, 10] 10 2 
E:maj [4, 8, 11] 4 10 
A:sus2 [4, 9, 11] 9 4 
D:min [2, 5, 9] 2 4 
G:maj [2, 7, 11] 7 4 
C:maj9 [0, 2, 4, 7, 10] 0 4 
D:min [2, 5, 9] 2 4 
A:min [0, 4, 9] 9 4 
F:maj [0, 5, 9] 5 4 
E:maj [4, 8, 11] 4 4 
A:min [0, 4, 9] 9 4 
D:min [2, 5, 9] 2 4 
G:maj [2, 7, 11] 7 4 
C:maj [0, 4, 7] 0 4 
D:min [2, 5, 9] 2 4 
A:min [0, 4, 9] 9 4 
F:maj [0, 5, 9] 5 2 
E:maj [4, 8, 11] 4 2 
A:min [0, 4, 9] 9 8 
D:min [2, 5, 9] 2 2 
G:maj [2, 7, 11] 7 2 
C:maj [0, 4, 7] 0 2 
F:maj [0, 5, 9] 5 2 
B:hdim7 [2, 5, 8, 11] 11 2 
E:maj [4, 8, 11] 4 2 
A:min [0, 4, 9] 9 4 
D:min [2, 5, 9] 2 2 
G:maj [2, 7, 11] 7 2 
C:maj [0, 4, 7] 0 2 
F:maj [0, 5, 9] 5 2 
B:dim [2, 5, 11] 11 2 
E:maj [4, 8, 11] 4 2 
A:min [0, 4, 9] 9 7 
A:maj(9) [1, 4, 7, 9, 11] 9 1 
D:min [2, 5, 9] 2 2 
G:maj [2, 7, 11] 7 2 
C:maj [0, 4, 7] 0 2 
F:maj [0, 5, 9] 5 2 
B:hdim7 [2, 5, 8, 11] 11 2 
E:maj [4, 8, 11] 4 2 
A:min [0, 4, 9] 9 4 
D:min [2, 5, 9] 2 2 
G:maj [2, 7, 11] 7 2 
E:maj [4, 8, 11] 4 2 
A:min [0, 4, 9] 9 2 
Bb:maj [2, 5, 10] 10 4 
E:maj [4, 8, 11] 4 4 
E:7 [2, 4, 8, 11] 4 6 
A:sus2 [4, 9, 11] 9 4 
D:min [2, 5, 9] 2 4 
G:maj [2, 7, 11] 7 4 
C:maj(9) [0, 2, 4, 7, 10] 0 4 
D:min [2, 5, 9] 2 4 
A:min [0, 4, 9] 9 4 
F:maj [0, 5, 9] 5 4 
E:maj [4, 8, 11] 4 4 
A:min [0, 4, 9] 9 4 
D:min [2, 5, 9] 2 4 
G:maj [2, 7, 11] 7 4 
C:maj [0, 4, 7] 0 4 
D:min [2, 5, 9] 2 4 
A:min [0, 4, 9] 9 4 
F:maj [0, 5, 9] 5 2 
E:maj [4, 8, 11] 4 2 
A:min [0, 4, 9] 9 8 
D:min [2, 5, 9] 2 2 
G:maj [2, 7, 11] 7 2 
C:maj [0, 4, 7] 0 2 
F:maj [0, 5, 9] 5 2 
B:hdim7 [2, 5, 8, 11] 11 2 
E:maj [4, 8, 11] 4 2 
A:min [0, 4, 9] 9 4 
D:min [2, 5, 9] 2 2 
G:maj [2, 7, 11] 7 2 
C:maj [0, 4, 7] 0 2 
F:maj [0, 5, 9] 5 2 
B:dim [2, 5, 11] 11 2 
E:maj [4, 8, 11] 4 2 
A:sus2 [4, 9, 11] 9 3 
A:maj [1, 4, 9] 9 1 
D:min [2, 5, 9] 2 2 
G:maj [2, 7, 11] 7 2 
C:maj [0, 4, 7] 0 2 
F:maj [0, 5, 9] 5 2 
B:hdim7 [2, 5, 8, 11] 11 2 
E:maj [4, 8, 11] 4 2 
A:min [0, 4, 9] 9 4 
D:min [2, 5, 9] 2 2 
G:maj [2, 7, 11] 7 2 
C:maj [0, 4, 7] 0 2 
F:maj [0, 5, 9] 5 2 
B:dim [2, 5, 11] 11 2 
E:maj [4, 8, 11] 4 2 
A:sus2 [4, 9, 11] 9 6 
A:min(9) [0, 4, 7, 9, 11] 9 2 
