0 178
59 1
57 1
59 2
60 1
57 8
55 3
57 2
57 2
52 1
53 11
59 2
59 2
57 1
55 3
55 1
55 1
57 2
59 2
52 18
55 2
53 2
52 1
53 5
52 2
64 2
64 4
64 2
62 1
62 2
60 5
60 1
59 1
62 3
57 3
57 1
59 1
60 3
60 3
57 2
59 3
59 15
59 1
57 1
59 2
60 1
57 8
55 3
57 2
57 2
52 1
53 11
59 2
59 2
57 1
55 3
55 1
55 1
57 2
59 2
52 18
55 2
53 2
52 1
53 5
52 2
64 2
64 4
64 2
62 1
62 2
60 5
60 1
59 1
62 3
57 3
57 1
57 1
59 2
59 2
60 2
59 1
59 3
57 30
65 1
65 1
65 1
64 1
65 2
64 1
64 3
62 3
62 1
62 1
62 1
64 2
64 2
64 2
62 1
62 3
60 4
64 1
60 1
62 1
62 1
62 2
62 2
57 1
59 2
59 5
57 1
59 1
60 2
60 1
60 1
60 2
62 1
64 9
65 1
65 1
65 1
64 1
65 2
65 1
67 3
62 3
62 1
62 1
62 1
64 1
64 2
67 3
64 2
62 2
60 4
60 1
60 1
62 1
62 2
62 1
62 2
60 1
59 3
59 1
59 1
59 1
59 2
59 1
60 2
59 4
57 11
0 159
0 2
59 1
57 1
59 2
60 1
57 8
55 3
57 2
57 2
52 1
53 11
59 2
59 2
57 1
55 3
55 1
55 1
57 2
59 2
52 18
55 2
53 2
52 1
53 5
52 2
64 2
64 4
64 2
62 1
62 2
60 5
60 1
59 1
62 3
57 3
57 1
59 1
60 3
60 3
57 2
59 3
59 15
59 1
57 1
59 2
60 1
57 8
55 3
57 2
57 2
52 1
53 11
59 2
59 2
57 1
55 3
55 1
55 1
57 2
59 2
52 18
55 2
53 2
52 1
53 5
52 2
64 2
64 4
64 2
62 1
62 2
60 5
60 1
59 1
62 3
57 3
57 1
57 1
59 2
59 2
60 2
59 1
59 3
57 30
65 1
65 1
65 1
64 1
65 2
64 1
64 3
62 3
62 1
62 1
62 1
64 2
64 2
64 2
62 1
62 3
60 4
64 1
60 1
62 1
62 1
62 2
62 2
57 1
59 2
59 5
57 1
59 1
60 2
60 1
60 1
60 2
62 1
64 9
65 1
65 1
65 1
64 1
65 2
65 1
67 3
62 3
62 1
62 1
62 1
64 1
64 2
67 3
64 2
62 2
60 4
60 1
60 1
62 1
62 2
62 1
62 2
60 1
59 3
59 1
59 1
59 1
59 2
59 1
60 2
59 4
57 10
65 1
65 1
65 1
64 1
65 2
64 1
64 3
62 3
62 1
62 1
62 1
64 2
64 2
64 2
62 1
62 3
60 4
64 1
60 1
62 1
62 1
62 2
62 2
57 1
59 2
59 5
57 1
59 1
60 2
60 1
60 1
60 2
62 1
64 9
65 1
65 1
65 1
64 1
65 2
65 1
67 3
62 3
62 1
62 1
62 1
64 1
64 2
67 3
64 2
62 2
60 4
60 1
60 1
62 1
62 2
62 1
62 2
60 1
59 3
59 1
59 1
59 1
59 2
59 1
60 2
59 4
57 11
