E:maj7 [2, 4, 8, 11] 4 6
B:7 [3, 6, 9, 11] 11 2
E:sus2 [4, 6, 11] 4 4
C#:sus4(b7 [1, 6, 8] 1 4
A:maj [1, 4, 9] 9 2
E:maj/5 [4, 8, 11] 11 2
E:sus2 [4, 6, 11] 4 8
C#:min7 [1, 4, 8, 11] 1 4
A:maj [1, 4, 9] 9 4
E:maj [4, 8, 11] 4 4
A:maj [1, 4, 9] 9 4
Ab:min [3, 8, 11] 8 2
C#:min [1, 4, 8] 1 2
F#:min [1, 6, 9] 6 4
B:maj [3, 6, 11] 11 4
E:maj [4, 8, 11] 4 2
B:maj/3 [3, 6, 11] 3 2
C#:min [1, 4, 8] 1 2
B:maj [3, 6, 11] 11 2
A:maj [1, 4, 9] 9 2
Ab:min [3, 8, 11] 8 2
F#:min [1, 6, 9] 6 2
B:maj [3, 6, 11] 11 2
E:maj [4, 8, 11] 4 2
B:maj/3 [3, 6, 11] 3 2
C#:min [1, 4, 8] 1 2
B:maj [3, 6, 11] 11 2
A:maj [1, 4, 9] 9 2
Ab:min [3, 8, 11] 8 2
F#:min [1, 6, 9] 6 2
B:maj [3, 6, 11] 11 2
E:sus4 [4, 9, 11] 4 6
Eb:dim [3, 6, 9] 3 2
C#:min [1, 4, 8] 1 2
B:maj [3, 6, 11] 11 2
A:maj [1, 4, 9] 9 2
Ab:min [3, 8, 11] 8 2
F#:min [1, 6, 9] 6 2
B:maj [3, 6, 11] 11 2
E:maj(9) [2, 4, 6, 8, 11] 4 2
Ab:maj [0, 3, 8] 8 2
C#:min [1, 4, 8] 1 2
B:dim [2, 5, 11] 11 2
A:maj [1, 4, 9] 9 2
B:maj [3, 6, 11] 11 2
E:maj [4, 8, 11] 4 4
A:maj [1, 4, 9] 9 4
Ab:min [3, 8, 11] 8 2
C#:min [1, 4, 8] 1 2
F#:min [1, 6, 9] 6 4
B:maj [3, 6, 11] 11 4
E:maj [4, 8, 11] 4 2
B:maj/3 [3, 6, 11] 3 2
C#:min [1, 4, 8] 1 2
B:maj [3, 6, 11] 11 2
A:maj [1, 4, 9] 9 2
Ab:min [3, 8, 11] 8 2
F#:min [1, 6, 9] 6 2
B:maj [3, 6, 11] 11 2
E:maj [4, 8, 11] 4 2
B:maj/3 [3, 6, 11] 3 2
C#:min [1, 4, 8] 1 2
B:maj [3, 6, 11] 11 2
A:maj [1, 4, 9] 9 2
Ab:min [3, 8, 11] 8 2
F#:min [1, 6, 9] 6 2
B:maj [3, 6, 11] 11 4
F:maj [0, 5, 9] 5 4
C:maj/3 [0, 4, 7] 4 2
D:min [2, 5, 9] 2 2
C:maj [0, 4, 7] 0 2
Bb:maj [2, 5, 10] 10 2
A:min [0, 4, 9] 9 2
G:min [2, 7, 10] 7 2
C:maj [0, 4, 7] 0 2
F:maj [0, 5, 9] 5 2
C:maj/3 [0, 4, 7] 4 2
D:min [2, 5, 9] 2 2
C:maj [0, 4, 7] 0 2
Bb:maj [2, 5, 10] 10 2
D:min [2, 5, 9] 2 2
G:min [2, 7, 10] 7 2
C:maj [0, 4, 7] 0 2
F:maj [0, 5, 9] 5 8
D:min [2, 5, 9] 2 2
C:maj [0, 4, 7] 0 2
G:min/b3 [2, 7, 10] 10 2
F:maj/3 [0, 5, 9] 9 4
C:sus2 [0, 2, 7] 0 1
C:maj/3 [0, 4, 7] 4 1
