Bb:maj [2, 5, 10] 10 4 
Ab:maj [0, 3, 8] 8 4 
G:min [2, 7, 10] 7 4 
F#:maj [1, 6, 10] 6 2 
Ab:maj [0, 3, 8] 8 2 
Bb:maj [2, 5, 10] 10 8 
G:min7 [2, 5, 7, 10] 7 4 
Eb:maj [3, 7, 10] 3 2 
D:min [2, 5, 9] 2 2 
C:min [0, 3, 7] 0 2 
Eb:maj [3, 7, 10] 3 1 
F:maj [0, 5, 9] 5 1 
Bb:maj [2, 5, 10] 10 4 
G:min [2, 7, 10] 7 4 
Eb:maj [3, 7, 10] 3 2 
F:maj [0, 5, 9] 5 2 
Bb:sus4 [3, 5, 10] 10 4 
Eb:maj [3, 7, 10] 3 2 
F:maj [0, 5, 9] 5 2 
D:min [2, 5, 9] 2 2 
G:min [2, 7, 10] 7 2 
Ab:maj [0, 3, 8] 8 2 
G:maj [2, 7, 11] 7 2 
F:maj [0, 5, 9] 5 4 
Bb:maj [2, 5, 10] 10 4 
D:min/5 [2, 5, 9] 9 4 
G:min [2, 7, 10] 7 4 
D:min [2, 5, 9] 2 4 
Eb:maj [3, 7, 10] 3 2 
F:maj [0, 5, 9] 5 2 
D:maj [2, 6, 9] 2 2 
G:min [2, 7, 10] 7 2 
C:min [0, 3, 7] 0 2 
C:min7/b7 [0, 3, 7, 10] 10 2 
F:maj/3 [0, 5, 9] 9 2 
C:min/b3 [0, 3, 7] 3 1 
F:maj [0, 5, 9] 5 1 
Bb:maj [2, 5, 10] 10 4 
D:min/5 [2, 5, 9] 9 4 
G:min [2, 7, 10] 7 4 
D:min [2, 5, 9] 2 2 
Bb:maj [2, 5, 10] 10 2 
Eb:maj [3, 7, 10] 3 2 
F:maj [0, 5, 9] 5 1 
Eb:maj [3, 7, 10] 3 1 
D:maj [2, 6, 9] 2 2 
G:min [2, 7, 10] 7 2 
C:min [0, 3, 7] 0 2 
F:maj [0, 5, 9] 5 2 
Bb:maj [2, 5, 10] 10 8 
G:min7 [2, 5, 7, 10] 7 3 
G:min [2, 7, 10] 7 1 
Eb:maj [3, 7, 10] 3 2 
D:min [2, 5, 9] 2 2 
C:min [0, 3, 7] 0 2 
Eb:maj [3, 7, 10] 3 1 
F:maj [0, 5, 9] 5 1 
Bb:maj [2, 5, 10] 10 4 
G:min [2, 7, 10] 7 4 
Eb:maj [3, 7, 10] 3 2 
F:maj [0, 5, 9] 5 2 
Bb:sus4 [3, 5, 10] 10 4 
Eb:maj [3, 7, 10] 3 2 
F:maj [0, 5, 9] 5 2 
D:min [2, 5, 9] 2 2 
G:min [2, 7, 10] 7 2 
Ab:maj [0, 3, 8] 8 3 
Bb:7/b7 [2, 5, 8, 10] 8 1 
F:maj [0, 5, 9] 5 4 
Bb:maj [2, 5, 10] 10 4 
D:min/5 [2, 5, 9] 9 4 
G:min [2, 7, 10] 7 4 
D:min [2, 5, 9] 2 4 
Eb:maj [3, 7, 10] 3 2 
F:maj [0, 5, 9] 5 2 
D:maj [2, 6, 9] 2 2 
G:min [2, 7, 10] 7 2 
C:min [0, 3, 7] 0 2 
C:min7/b7 [0, 3, 7, 10] 10 2 
F:maj/3 [0, 5, 9] 9 2 
C:min7/5 [0, 3, 7, 10] 7 1 
F:maj [0, 5, 9] 5 1 
Bb:maj [2, 5, 10] 10 4 
D:min/5 [2, 5, 9] 9 4 
G:min [2, 7, 10] 7 4 
D:min [2, 5, 9] 2 2 
Bb:7 [2, 5, 8, 10] 10 1 
Bb:maj [2, 5, 10] 10 1 
Eb:maj [3, 7, 10] 3 2 
F:maj [0, 5, 9] 5 1 
Eb:maj [3, 7, 10] 3 1 
D:maj [2, 6, 9] 2 2 
G:min [2, 7, 10] 7 2 
C:min [0, 3, 7] 0 2 
F:maj [0, 5, 9] 5 2 
Bb:maj [2, 5, 10] 10 4 
Eb:maj [3, 7, 10] 3 2 
Bb:maj [2, 5, 10] 10 2 
C:min [0, 3, 7] 0 2 
F:maj [0, 5, 9] 5 5 
Bb:maj [2, 5, 10] 10 2 
Bb:maj(9) [0, 2, 5, 8, 10] 10 5 
Bb:7 [2, 5, 8, 10] 10 1 
F#:maj [1, 6, 10] 6 2 
Ab:maj [0, 3, 8] 8 3 
G:min [2, 7, 10] 7 4 
