0 128
73 2
73 2
75 2
77 2
72 2
72 2
70 2
68 2
70 14
0 2
73 1
0 1
73 2
75 2
77 2
72 2
70 2
65 2
72 4
70 9
0 3
68 2
70 5
0 1
73 2
75 5
0 1
68 2
77 3
0 1
75 1
0 1
77 2
73 4
0 4
70 2
73 2
73 1
0 1
73 1
0 1
73 1
0 1
70 3
0 1
73 1
0 1
75 15
0 1
73 2
73 2
75 2
77 2
72 2
72 2
70 2
68 2
70 14
0 2
73 1
0 1
73 2
75 2
77 2
72 2
70 2
65 2
72 4
70 9
0 3
68 2
70 5
0 1
73 2
75 5
0 1
68 2
77 2
77 2
75 1
0 1
77 2
73 4
0 4
70 2
73 2
75 1
0 1
77 1
0 1
75 1
0 1
73 2
75 2
77 2
80 22
0 10
77 2
80 2
77 2
75 2
73 7
0 1
75 2
77 2
72 2
70 2
68 6
0 2
73 2
75 4
77 2
80 7
0 1
82 4
77 2
73 2
75 8
75 1
0 1
75 4
73 2
75 4
0 2
77 2
80 2
82 1
0 1
80 2
77 2
80 3
0 1
77 2
80 2
82 1
0 1
82 1
0 1
82 2
82 2
80 4
80 2
77 2
80 15
0 1
77 2
80 2
77 2
75 2
73 7
0 1
75 2
77 2
72 2
70 2
68 6
0 2
73 2
75 4
77 2
80 7
0 1
82 4
77 2
73 2
75 8
75 1
0 1
75 4
73 2
75 4
0 2
77 2
80 2
82 1
0 1
80 2
77 2
80 3
0 1
77 2
80 2
82 1
0 1
82 1
0 1
82 2
77 2
75 2
77 4
75 2
73 15
0 129
73 2
73 2
75 2
77 2
72 2
72 2
70 2
68 2
70 14
0 2
73 1
0 1
73 2
75 2
77 2
72 2
70 2
65 2
72 4
70 9
0 3
68 2
70 5
0 1
73 2
75 5
0 1
68 2
77 2
77 2
75 1
0 1
77 2
73 4
0 4
70 2
73 2
75 1
0 1
77 1
0 1
75 1
0 1
73 2
75 2
77 2
80 22
0 10
77 2
80 2
77 2
75 2
73 7
0 1
75 2
77 2
72 2
70 2
68 6
0 2
73 2
75 4
77 2
80 7
0 1
82 4
77 2
73 2
75 8
75 1
0 1
75 4
73 2
75 4
0 2
77 2
80 2
82 1
0 1
80 2
77 2
80 3
0 1
77 2
80 2
82 1
0 1
82 1
0 1
82 2
82 2
80 4
80 2
77 2
80 15
0 1
77 2
80 2
77 2
75 2
73 7
0 1
75 2
77 2
72 2
70 2
68 6
0 2
73 2
75 4
77 2
80 7
0 1
82 4
77 2
73 2
75 8
75 1
0 1
75 4
73 2
75 4
0 2
77 2
80 2
82 1
0 1
80 2
77 2
80 3
0 1
77 2
80 2
82 1
0 1
82 1
0 1
82 2
77 2
75 2
77 4
75 2
73 15
0 1
77 2
80 2
77 2
75 2
73 7
0 1
75 2
77 2
72 2
70 2
68 6
0 2
73 2
75 4
77 2
80 7
0 1
82 4
77 2
73 2
75 8
75 1
0 1
75 4
73 2
75 4
0 2
77 2
80 2
82 1
0 1
80 2
77 2
80 3
0 1
77 2
80 2
82 1
0 1
82 1
0 1
82 2
82 2
80 4
80 2
77 2
80 15
0 1
77 2
80 2
77 2
75 2
73 7
0 1
75 2
77 2
72 2
70 2
68 6
0 2
73 2
75 4
77 2
80 7
0 1
82 4
77 2
73 2
75 8
75 1
0 1
75 4
73 2
75 4
0 2
77 2
80 2
82 1
0 1
80 2
77 2
80 3
0 1
77 2
80 2
82 1
0 1
82 1
0 1
82 2
77 2
75 2
77 4
75 2
73 10
0 2
77 2
80 2
82 1
0 1
82 1
0 1
82 2
77 2
75 2
77 4
75 2
73 15
