E:min [4, 7, 11] 4 4 
D:maj [2, 6, 9] 2 4 
E:min [4, 7, 11] 4 4 
D:maj [2, 6, 9] 2 4 
C:maj [0, 4, 7] 0 4 
B:min/b3 [2, 6, 11] 2 4 
E:min [4, 7, 11] 4 4 
D:maj [2, 6, 9] 2 4 
G:maj [2, 7, 11] 7 2 
D:maj/3 [2, 6, 9] 6 2 
E:min [4, 7, 11] 4 4 
C:maj [0, 4, 7] 0 2 
D:maj [2, 6, 9] 2 2 
G:maj [2, 7, 11] 7 6 
B:min7/5 [2, 6, 9, 11] 6 2 
E:min7 [2, 4, 7, 11] 4 4 
C:maj [0, 4, 7] 0 2 
D:maj [2, 6, 9] 2 2 
E:min [4, 7, 11] 4 4 
C:maj [0, 4, 7] 0 2 
D:maj [2, 6, 9] 2 2 
E:min7 [2, 4, 7, 11] 4 2 
B:min/b3 [2, 6, 11] 2 2 
C:maj [0, 4, 7] 0 2 
D:maj [2, 6, 9] 2 2 
G:maj [2, 7, 11] 7 4 
C:maj [0, 4, 7] 0 2 
D:maj [2, 6, 9] 2 2 
E:min7 [2, 4, 7, 11] 4 2 
D:sus2 [2, 4, 9] 2 2 
C:maj [0, 4, 7] 0 2 
D:sus4 [2, 7, 9] 2 2 
E:min [4, 7, 11] 4 5 
B:min7 [2, 6, 9, 11] 11 3 
E:min7 [2, 4, 7, 11] 4 4 
C:maj [0, 4, 7] 0 2 
D:maj [2, 6, 9] 2 2 
G:maj [2, 7, 11] 7 6 
B:min [2, 6, 11] 11 2 
E:min7 [2, 4, 7, 11] 4 4 
C:maj [0, 4, 7] 0 2 
D:maj [2, 6, 9] 2 2 
E:min7 [2, 4, 7, 11] 4 4 
C:maj [0, 4, 7] 0 2 
D:sus2 [2, 4, 9] 2 2 
E:min7 [2, 4, 7, 11] 4 4 
C:sus2 [0, 2, 7] 0 2 
D:sus4 [2, 7, 9] 2 2 
E:min7/b7 [2, 4, 7, 11] 2 4 
C:maj [0, 4, 7] 0 2 
D:maj [2, 6, 9] 2 2 
E:min [4, 7, 11] 4 2 
E:min7 [2, 4, 7, 11] 4 2 
C:maj [0, 4, 7] 0 2 
D:maj [2, 6, 9] 2 2 
E:min [4, 7, 11] 4 4 
C:maj [0, 4, 7] 0 2 
D:maj [2, 6, 9] 2 2 
E:min [4, 7, 11] 4 2 
D:maj [2, 6, 9] 2 2 
C:maj [0, 4, 7] 0 2 
D:maj [2, 6, 9] 2 2 
G:maj [2, 7, 11] 7 4 
C:maj [0, 4, 7] 0 2 
D:maj [2, 6, 9] 2 2 
E:min [4, 7, 11] 4 2 
D:maj [2, 6, 9] 2 2 
C:maj [0, 4, 7] 0 2 
D:maj [2, 6, 9] 2 2 
E:min [4, 7, 11] 4 3 
E:min7 [2, 4, 7, 11] 4 1 
C:maj [0, 4, 7] 0 2 
D:maj [2, 6, 9] 2 2 
E:min [4, 7, 11] 4 2 
B:min/b3 [2, 6, 11] 2 2 
C:maj [0, 4, 7] 0 2 
D:maj [2, 6, 9] 2 2 
G:maj [2, 7, 11] 7 4 
C:maj [0, 4, 7] 0 2 
D:maj [2, 6, 9] 2 2 
E:min [4, 7, 11] 4 2 
D:maj [2, 6, 9] 2 2 
C:maj [0, 4, 7] 0 2 
D:maj [2, 6, 9] 2 2 
E:min [4, 7, 11] 4 4 
C:sus2 [0, 2, 7] 0 4 
B:min/b3 [2, 6, 11] 2 4 
E:min7 [2, 4, 7, 11] 4 4 
D:maj [2, 6, 9] 2 4 
E:min [4, 7, 11] 4 4 
D:maj [2, 6, 9] 2 4 
E:min [4, 7, 11] 4 4 
