0 130
71 1
69 1
71 1
71 1
69 1
71 1
69 4
71 2
69 2
67 1
64 13
74 1
74 1
76 2
74 1
76 2
74 5
69 2
69 2
74 4
74 1
71 15
71 1
69 1
71 1
69 1
69 1
71 2
69 3
71 2
69 1
67 2
64 13
69 1
69 1
71 2
69 1
67 1
69 1
67 6
64 1
69 2
67 1
67 1
64 1
67 11
0 2
62 1
62 1
67 6
67 1
67 1
69 2
64 4
64 1
64 1
71 2
66 2
66 2
64 1
64 2
62 1
64 4
64 1
62 1
64 2
62 1
67 4
62 1
67 1
69 2
69 1
69 2
71 4
62 1
59 11
62 1
62 1
67 4
67 1
64 2
64 1
69 1
69 2
64 1
64 2
64 2
71 2
66 2
66 2
64 1
62 2
64 5
64 1
62 1
64 2
62 1
67 2
64 2
64 5
57 2
57 1
55 19
71 1
69 1
71 2
71 1
71 2
69 3
71 2
69 2
67 2
64 12
74 1
76 2
74 2
76 2
76 2
74 5
74 2
74 2
76 2
71 16
71 1
69 1
71 2
71 1
71 2
69 3
71 2
69 1
67 1
67 2
67 11
67 1
67 2
69 1
67 9
64 1
62 1
69 2
64 1
67 2
0 141
62 1
62 1
67 6
67 1
67 1
69 2
64 4
64 1
64 1
71 2
66 2
66 2
64 1
64 2
62 1
64 4
64 1
62 1
64 2
62 1
67 4
62 1
67 1
69 2
69 1
69 2
71 4
62 1
59 11
62 1
62 1
67 4
67 1
64 2
64 1
69 1
69 2
64 1
64 2
64 2
71 2
66 2
66 2
64 1
62 2
64 5
64 1
62 1
64 2
62 1
67 2
64 2
64 5
57 2
57 1
55 5
0 10
62 1
62 1
67 6
67 1
67 1
69 2
64 4
64 1
64 1
71 2
66 2
66 2
64 1
64 2
62 1
64 4
64 1
62 1
64 2
62 2
64 2
64 1
67 5
67 2
69 4
62 1
59 11
62 1
62 1
67 6
67 1
67 1
69 2
64 4
64 1
64 1
71 2
66 2
66 2
64 1
62 2
64 5
64 1
62 1
64 2
62 10
57 2
55 2
52 16
