Bb:min [1, 5, 10] 10 2 
F:min [0, 5, 8] 5 2 
F#:maj [1, 6, 10] 6 2 
C#:maj [1, 5, 8] 1 2 
Bb:min7 [1, 5, 8, 10] 10 2 
F:min [0, 5, 8] 5 2 
Eb:maj [3, 7, 10] 3 4 
F:maj [0, 5, 9] 5 4 
Bb:min [1, 5, 10] 10 2 
F:min [0, 5, 8] 5 2 
F#:maj [1, 6, 10] 6 2 
C#:maj [1, 5, 8] 1 2 
Bb:min [1, 5, 10] 10 2 
F:min [0, 5, 8] 5 2 
Eb:maj [3, 7, 10] 3 2 
F:maj [0, 5, 9] 5 2 
Bb:min [1, 5, 10] 10 2 
F:min [0, 5, 8] 5 2 
F#:maj [1, 6, 10] 6 2 
C#:maj [1, 5, 8] 1 2 
Bb:min [1, 5, 10] 10 2 
F:min [0, 5, 8] 5 2 
Eb:maj [3, 7, 10] 3 2 
F:maj [0, 5, 9] 5 2 
F#:maj [1, 6, 10] 6 2 
Ab:maj [0, 3, 8] 8 2 
Eb:maj [3, 7, 10] 3 4 
F:maj [0, 5, 9] 5 4 
Bb:min [1, 5, 10] 10 2 
F:min [0, 5, 8] 5 2 
F#:maj [1, 6, 10] 6 2 
C#:maj [1, 5, 8] 1 2 
Bb:min [1, 5, 10] 10 2 
F:min [0, 5, 8] 5 2 
Eb:maj [3, 7, 10] 3 2 
F:maj [0, 5, 9] 5 2 
Bb:min [1, 5, 10] 10 2 
F:min [0, 5, 8] 5 2 
F#:maj [1, 6, 10] 6 2 
C#:maj [1, 5, 8] 1 2 
Bb:min [1, 5, 10] 10 2 
F:min [0, 5, 8] 5 2 
Eb:maj [3, 7, 10] 3 2 
F:maj [0, 5, 9] 5 2 
Bb:min7 [1, 5, 8, 10] 10 10 
F:min [0, 5, 8] 5 2 
F#:maj [1, 6, 10] 6 2 
C#:maj [1, 5, 8] 1 2 
Bb:min [1, 5, 10] 10 2 
F:min [0, 5, 8] 5 2 
Eb:maj [3, 7, 10] 3 2 
F:maj [0, 5, 9] 5 2 
Bb:min [1, 5, 10] 10 2 
F:min [0, 5, 8] 5 2 
F#:maj [1, 6, 10] 6 2 
C#:maj [1, 5, 8] 1 2 
Bb:min [1, 5, 10] 10 2 
F:min [0, 5, 8] 5 2 
Eb:maj [3, 7, 10] 3 2 
F:maj [0, 5, 9] 5 2 
F#:maj [1, 6, 10] 6 2 
Ab:maj [0, 3, 8] 8 2 
Eb:maj [3, 7, 10] 3 4 
F:maj [0, 5, 9] 5 4 
Bb:min [1, 5, 10] 10 2 
F:min [0, 5, 8] 5 2 
F#:maj [1, 6, 10] 6 2 
C#:maj [1, 5, 8] 1 2 
Bb:min [1, 5, 10] 10 2 
F:min [0, 5, 8] 5 2 
Eb:maj [3, 7, 10] 3 2 
F:maj [0, 5, 9] 5 2 
Bb:min [1, 5, 10] 10 2 
F:min [0, 5, 8] 5 2 
F#:maj [1, 6, 10] 6 2 
C#:maj [1, 5, 8] 1 2 
Bb:min [1, 5, 10] 10 2 
F:min [0, 5, 8] 5 2 
Eb:maj [3, 7, 10] 3 2 
F:maj [0, 5, 9] 5 2 
F#:maj [1, 6, 10] 6 4 
Eb:maj [3, 7, 10] 3 4 
F#:maj [1, 6, 10] 6 4 
Eb:maj [3, 7, 10] 3 4 
F#:maj [1, 6, 10] 6 4 
Eb:maj [3, 7, 10] 3 4 
G:min [2, 7, 10] 7 4 
Bb:maj [2, 5, 10] 10 4 
F#:maj [1, 6, 10] 6 4 
C#:maj/3 [1, 5, 8] 5 8 
Bb:min [1, 5, 10] 10 2 
F:min [0, 5, 8] 5 2 
F#:maj [1, 6, 10] 6 2 
C#:maj [1, 5, 8] 1 2 
Bb:min7 [1, 5, 8, 10] 10 2 
F:min [0, 5, 8] 5 2 
Eb:maj [3, 7, 10] 3 2 
F:maj [0, 5, 9] 5 2 
Bb:min [1, 5, 10] 10 2 
F:min [0, 5, 8] 5 2 
F#:maj [1, 6, 10] 6 2 
C#:maj [1, 5, 8] 1 2 
Bb:min [1, 5, 10] 10 2 
F:min [0, 5, 8] 5 2 
Eb:maj [3, 7, 10] 3 2 
F:maj [0, 5, 9] 5 2 
Bb:min [1, 5, 10] 10 2 
F:min [0, 5, 8] 5 2 
F#:maj [1, 6, 10] 6 2 
C#:maj [1, 5, 8] 1 2 
Bb:min [1, 5, 10] 10 2 
F:min [0, 5, 8] 5 2 
Eb:maj [3, 7, 10] 3 2 
F:maj [0, 5, 9] 5 2 
Bb:min [1, 5, 10] 10 2 
F:min [0, 5, 8] 5 2 
Ab:maj [0, 3, 8] 8 2 
C#:maj [1, 5, 8] 1 2 
Bb:min [1, 5, 10] 10 2 
F:min [0, 5, 8] 5 2 
Eb:maj [3, 7, 10] 3 2 
F:maj [0, 5, 9] 5 2 
Bb:min [1, 5, 10] 10 2 
F:min [0, 5, 8] 5 2 
F#:maj [1, 6, 10] 6 2 
C#:maj [1, 5, 8] 1 2 
Bb:min7 [1, 5, 8, 10] 10 2 
F:min [0, 5, 8] 5 2 
Eb:maj [3, 7, 10] 3 4 
Bb:min [1, 5, 10] 10 2 
F:min [0, 5, 8] 5 2 
F#:maj [1, 6, 10] 6 2 
C#:maj [1, 5, 8] 1 2 
Bb:min7 [1, 5, 8, 10] 10 2 
F:min [0, 5, 8] 5 2 
Eb:maj [3, 7, 10] 3 2 
F:maj [0, 5, 9] 5 2 
Bb:min [1, 5, 10] 10 2 
F:min [0, 5, 8] 5 2 
F#:maj [1, 6, 10] 6 2 
C#:maj [1, 5, 8] 1 2 
Bb:min7 [1, 5, 8, 10] 10 2 
F:min [0, 5, 8] 5 2 
Eb:maj [3, 7, 10] 3 2 
F:maj [0, 5, 9] 5 2 
Bb:min [1, 5, 10] 10 2 
F:min [0, 5, 8] 5 2 
F#:maj [1, 6, 10] 6 2 
C#:maj [1, 5, 8] 1 2 
Bb:min7 [1, 5, 8, 10] 10 2 
F:min [0, 5, 8] 5 2 
Eb:maj [3, 7, 10] 3 2 
F:maj [0, 5, 9] 5 5 
Bb:min7 [1, 5, 8, 10] 10 1 
