0 79
58 1
65 5
0 2
65 1
63 6
0 2
65 2
58 2
61 2
63 1
65 5
0 6
65 1
0 1
65 2
73 2
72 2
70 1
68 3
0 1
65 1
70 8
0 7
58 1
65 5
0 2
65 1
63 6
0 1
58 1
65 2
58 2
61 2
63 1
65 5
0 6
65 1
0 1
65 2
73 2
72 2
70 1
68 3
0 1
65 1
70 8
0 10
73 1
0 1
73 1
0 1
73 1
0 1
72 1
0 1
70 1
68 4
65 1
70 4
0 25
73 1
75 1
77 6
70 1
77 1
75 6
0 2
70 1
77 1
0 1
77 1
0 1
77 1
0 1
77 2
75 2
77 1
0 3
73 1
75 1
77 1
77 1
0 1
77 2
0 3
75 1
75 1
0 1
75 2
73 1
75 1
73 1
77 3
0 1
77 1
0 1
77 1
0 1
77 1
0 1
75 1
75 2
0 1
73 1
77 5
0 2
80 1
77 2
75 3
0 4
77 1
0 1
77 1
0 1
77 1
0 1
77 1
75 2
77 1
0 8
77 2
70 2
80 2
77 2
75 4
73 1
70 6
0 7
68 1
70 2
65 5
0 27
58 1
65 5
0 2
65 1
63 6
0 1
58 1
65 2
58 2
61 2
63 1
65 5
0 6
65 1
0 1
65 2
73 2
72 2
70 1
68 3
0 1
65 1
70 8
0 7
58 1
65 5
0 2
65 1
63 6
0 1
58 1
65 2
58 2
61 2
63 1
65 5
0 6
65 1
0 1
65 2
73 2
72 2
70 1
68 3
0 1
65 1
70 8
0 10
73 1
0 1
73 1
0 1
73 1
0 1
72 1
0 1
70 1
68 4
70 1
66 6
0 8
73 1
75 1
77 1
0 1
77 1
0 1
77 1
0 1
77 1
0 1
77 1
77 1
75 1
77 1
0 1
73 1
75 1
77 6
70 1
77 1
75 6
0 2
70 1
77 1
0 1
77 1
0 1
77 1
0 1
77 2
75 2
77 1
0 3
73 1
75 1
77 1
77 1
0 1
77 2
0 3
75 1
75 1
0 1
75 2
73 1
75 1
73 1
77 3
0 1
77 1
0 1
77 1
0 1
77 1
0 1
75 1
75 2
0 1
73 1
77 5
0 2
80 1
77 2
75 3
0 4
77 1
0 1
77 1
0 1
77 1
0 1
77 1
75 2
77 1
0 8
77 2
70 2
80 2
77 2
75 4
73 1
70 6
0 7
68 1
70 2
65 5
0 170
75 1
77 6
70 1
77 1
75 6
0 2
78 1
77 3
70 1
77 1
75 1
73 1
70 1
68 4
0 2
73 1
75 1
77 1
77 1
0 1
77 2
0 1
77 1
70 1
75 1
75 1
0 1
75 2
73 1
75 1
73 1
77 3
0 1
77 1
0 1
77 1
0 1
77 1
0 1
75 1
75 2
0 1
73 1
77 5
0 2
80 1
77 2
75 3
0 4
77 1
0 1
77 1
0 1
77 1
0 1
77 1
75 2
77 1
0 8
77 2
70 2
80 2
77 2
75 4
73 1
70 6
0 3
77 6
0 1
70 1
77 5
0 2
77 1
75 1
77 1
0 6
77 1
0 1
77 1
0 1
77 1
0 1
77 1
75 2
77 2
0 5
77 1
77 1
0 1
77 3
0 1
73 1
75 1
75 1
0 1
75 2
0 1
75 1
73 1
77 3
0 1
77 1
0 1
77 1
0 1
77 1
77 1
0 1
75 2
0 1
73 1
0 1
77 4
0 2
80 1
77 2
75 4
0 1
73 1
72 1
70 1
0 1
72 2
73 1
0 1
75 1
0 1
77 4
0 6
77 1
0 1
70 2
80 1
0 1
77 2
75 3
0 1
73 1
70 8
0 5
70 2
65 2
