C:sus2 [0, 2, 7] 0 4 
F:min7 [0, 3, 5, 8] 5 4 
Bb:maj [2, 5, 10] 10 4 
Eb:maj [3, 7, 10] 3 4 
Ab:maj [0, 3, 8] 8 3 
Ab:maj(9) [0, 3, 6, 8, 10] 8 1 
Bb:maj [2, 5, 10] 10 4 
Ab:maj [0, 3, 8] 8 2 
Bb:sus2 [0, 5, 10] 10 2 
C:min [0, 3, 7] 0 8 
F:sus2 [0, 5, 7] 5 3 
F:min7 [0, 3, 5, 8] 5 1 
Bb:sus2 [0, 5, 10] 10 4 
Eb:maj [3, 7, 10] 3 4 
Ab:maj7 [0, 3, 6, 8] 8 1 
Ab:maj(9) [0, 3, 6, 8, 10] 8 3 
Bb:maj [2, 5, 10] 10 4 
Ab:maj [0, 3, 8] 8 4 
G:sus4 [0, 2, 7] 7 2 
C:min [0, 3, 7] 0 6 
D:min/b3 [2, 5, 9] 5 3 
Bb:sus2 [0, 5, 10] 10 1 
Bb:sus4(b7) [3, 5, 10] 10 4 
Eb:maj [3, 7, 10] 3 4 
Ab:maj [0, 3, 8] 8 3 
Ab:sus2 [3, 8, 10] 8 1 
Bb:sus2 [0, 5, 10] 10 2 
Bb:maj [2, 5, 10] 10 2 
Ab:maj6 [0, 3, 5, 8] 8 1 
Bb:maj [2, 5, 10] 10 3 
C:sus2 [0, 2, 7] 0 8 
F:min [0, 5, 8] 5 4 
Bb:maj [2, 5, 10] 10 4 
Eb:maj [3, 7, 10] 3 2 
Eb:maj7/7 [1, 3, 7, 10] 2 2 
Ab:maj [0, 3, 8] 8 4 
Bb:maj [2, 5, 10] 10 4 
Ab:maj [0, 3, 8] 8 2 
Bb:maj [2, 5, 10] 10 2 
C:min [0, 3, 7] 0 2 
C:min(9) [0, 2, 3, 7, 10] 0 2 
C:min [0, 3, 7] 0 4 
F:sus2 [0, 5, 7] 5 4 
Bb:sus2 [0, 5, 10] 10 4 
Eb:maj [3, 7, 10] 3 2 
Bb:maj/3 [2, 5, 10] 2 1 
Ab:maj(9) [0, 3, 6, 8, 10] 8 1 
Ab:maj [0, 3, 8] 8 2 
Ab:maj(9) [0, 3, 6, 8, 10] 8 2 
Bb:sus2 [0, 5, 10] 10 3 
C:min [0, 3, 7] 0 9 
Ab:maj [0, 3, 8] 8 4 
Bb:maj [2, 5, 10] 10 4 
G:sus4(b7) [0, 2, 7] 7 3 
C:min [0, 3, 7] 0 1 
C:min7 [0, 3, 7, 10] 0 4 
Ab:maj [0, 3, 8] 8 3 
Ab:maj9 [0, 3, 6, 8, 10] 8 1 
Bb:maj6 [2, 5, 7, 10] 10 3 
Bb:maj [2, 5, 10] 10 1 
Eb:maj7/3 [1, 3, 7, 10] 7 3 
C:min [0, 3, 7] 0 4 
Ab:maj(9) [0, 3, 6, 8, 10] 8 1 
Ab:maj [0, 3, 8] 8 4 
Bb:maj6 [2, 5, 7, 10] 10 3 
G:min [2, 7, 10] 7 1 
G:min7 [2, 5, 7, 10] 7 3 
G:min [2, 7, 10] 7 1 
C:min7 [0, 3, 7, 10] 0 1 
C:min [0, 3, 7] 0 2 
Ab:maj7 [0, 3, 6, 8] 8 5 
Bb:maj6 [2, 5, 7, 10] 10 3 
Bb:maj [2, 5, 10] 10 1 
G:sus4(b7) [0, 2, 7] 7 2 
G:min7 [2, 5, 7, 10] 7 2 
C:min [0, 3, 7] 0 8 
F:min [0, 5, 8] 5 4 
Bb:maj [2, 5, 10] 10 4 
Eb:sus2 [3, 5, 10] 3 2 
Eb:maj7/7 [1, 3, 7, 10] 2 2 
Ab:sus2 [3, 8, 10] 8 4 
Bb:maj [2, 5, 10] 10 4 
Ab:maj [0, 3, 8] 8 2 
Bb:maj [2, 5, 10] 10 2 
C:min [0, 3, 7] 0 4 
C:sus2 [0, 2, 7] 0 2 
C:min [0, 3, 7] 0 2 
F:min [0, 5, 8] 5 4 
Bb:7 [2, 5, 8, 10] 10 4 
Eb:maj [3, 7, 10] 3 4 
Ab:maj [0, 3, 8] 8 2 
Ab:maj(9) [0, 3, 6, 8, 10] 8 2 
Bb:maj [2, 5, 10] 10 4 
F:min/b3 [0, 5, 8] 8 1 
Eb:maj [3, 7, 10] 3 1 
Bb:maj [2, 5, 10] 10 2 
C:min [0, 3, 7] 0 3 
C:sus2 [0, 2, 7] 0 3 
C:min [0, 3, 7] 0 2 
F:min7 [0, 3, 5, 8] 5 4 
Bb:sus2 [0, 5, 10] 10 2 
Bb:maj [2, 5, 10] 10 2 
Eb:maj6 [0, 3, 7, 10] 3 1 
Bb:maj/3 [2, 5, 10] 2 3 
Ab:maj [0, 3, 8] 8 4 
Bb:maj [2, 5, 10] 10 4 
C:min [0, 3, 7] 0 8 
Ab:maj [0, 3, 8] 8 4 
Bb:sus2 [0, 5, 10] 10 2 
Bb:maj [2, 5, 10] 10 2 
G:min [2, 7, 10] 7 3 
C:sus2 [0, 2, 7] 0 1 
C:min [0, 3, 7] 0 4 
F:maj [0, 5, 9] 5 4 
Bb:sus2 [0, 5, 10] 10 4 
Ab:maj [0, 3, 8] 8 4 
G:sus4 [0, 2, 7] 7 4 
Ab:maj7 [0, 3, 6, 8] 8 3 
Bb:maj [2, 5, 10] 10 5 
G:min7 [2, 5, 7, 10] 7 3 
C:sus2 [0, 2, 7] 0 1 
C:min [0, 3, 7] 0 4 
Ab:maj [0, 3, 8] 8 4 
Bb:maj [2, 5, 10] 10 4 
C:min [0, 3, 7] 0 12 
F:min7 [0, 3, 5, 8] 5 4 
Bb:sus2 [0, 5, 10] 10 2 
Bb:maj [2, 5, 10] 10 1 
Eb:maj/5 [3, 7, 10] 10 1 
Eb:maj [3, 7, 10] 3 4 
Ab:maj [0, 3, 8] 8 3 
Ab:maj(9) [0, 3, 6, 8, 10] 8 1 
Bb:maj [2, 5, 10] 10 4 
Ab:maj [0, 3, 8] 8 2 
Bb:maj [2, 5, 10] 10 2 
C:min [0, 3, 7] 0 8 
F:min7 [0, 3, 5, 8] 5 4 
Bb:sus2 [0, 5, 10] 10 2 
Bb:maj [2, 5, 10] 10 1 
Eb:maj/5 [3, 7, 10] 10 1 
Eb:maj [3, 7, 10] 3 4 
Ab:maj [0, 3, 8] 8 4 
Bb:maj [2, 5, 10] 10 4 
C:min [0, 3, 7] 0 8 
C#:maj/5 [1, 5, 8] 8 1 
Ab:maj [0, 3, 8] 8 1 
Ab:maj/5 [0, 3, 8] 3 2 
Bb:maj [2, 5, 10] 10 4 
C:min [0, 3, 7] 0 8 
Ab:maj [0, 3, 8] 8 4 
Bb:maj [2, 5, 10] 10 4 
G:min [2, 7, 10] 7 4 
C:min [0, 3, 7] 0 4 
Ab:maj [0, 3, 8] 8 4 
Bb:maj [2, 5, 10] 10 4 
G:min [2, 7, 10] 7 4 
C:min [0, 3, 7] 0 4 
Ab:maj [0, 3, 8] 8 4 
Bb:maj [2, 5, 10] 10 4 
G:min [2, 7, 10] 7 4 
C:sus2 [0, 2, 7] 0 4 
Ab:maj7 [0, 3, 6, 8] 8 4 
Bb:maj [2, 5, 10] 10 3 
Eb:maj/5 [3, 7, 10] 10 1 
C:min [0, 3, 7] 0 2 
C:min7/b7 [0, 3, 7, 10] 10 6 
Ab:maj [0, 3, 8] 8 2 
Eb:sus2 [3, 5, 10] 3 2 
Bb:maj [2, 5, 10] 10 4 
C:min [0, 3, 7] 0 7 
C:sus2 [0, 2, 7] 0 5 
