0 132
67 2
67 2
67 2
72 4
70 2
70 2
68 2
68 2
68 8
68 2
70 4
65 2
65 4
68 4
67 22
63 1
0 1
63 1
0 1
63 2
67 3
0 1
67 2
67 1
0 1
65 1
0 1
65 1
0 1
65 8
0 2
65 3
0 1
63 2
65 4
68 4
67 22
67 1
0 1
67 2
67 2
72 4
70 2
70 4
68 2
68 6
68 2
68 2
70 4
65 2
65 4
68 4
67 22
63 2
63 2
63 2
63 2
63 2
72 1
0 1
72 2
70 2
67 2
70 7
0 1
67 2
75 4
74 2
74 4
75 4
74 4
72 8
0 2
72 2
74 2
75 3
0 1
75 4
75 4
72 2
74 2
75 4
75 3
0 1
75 1
0 1
75 2
77 2
75 2
74 4
74 4
74 8
72 4
70 2
74 4
72 2
70 2
67 2
72 4
70 2
72 10
72 2
70 4
67 4
67 2
65 2
63 2
65 4
63 2
65 4
68 3
0 1
68 4
67 9
72 2
74 2
0 1
75 4
75 4
75 4
72 2
74 2
75 3
0 1
75 4
75 1
0 1
75 2
77 2
75 2
74 4
74 4
74 8
72 4
70 2
74 3
72 2
70 4
0 1
72 4
70 2
72 10
74 4
74 4
75 4
74 2
74 4
75 1
74 1
72 19
0 269
67 2
67 2
67 2
72 4
70 2
70 2
68 2
68 2
68 6
68 1
0 1
68 2
70 4
65 2
65 4
68 4
67 22
63 2
63 2
63 2
63 2
63 2
72 1
0 1
72 2
70 2
67 2
70 7
0 1
67 2
75 4
74 2
74 4
75 4
74 4
72 8
0 2
72 2
74 2
75 3
0 1
75 4
75 4
72 2
74 2
75 4
75 4
75 2
75 2
77 2
75 2
74 4
74 4
74 8
72 4
70 2
74 3
0 1
72 2
70 2
67 2
72 4
70 2
72 10
72 2
70 4
67 4
67 2
65 2
63 2
65 4
63 2
65 4
68 4
68 4
67 10
72 2
74 2
75 4
75 4
75 4
72 2
74 2
75 4
75 4
75 2
75 2
77 2
75 2
74 4
74 4
74 8
72 4
70 2
74 3
0 1
72 2
70 4
72 4
70 2
72 10
74 4
74 4
75 4
74 2
74 4
75 1
74 1
72 19
0 1
72 4
74 4
75 6
0 2
67 2
72 4
70 9
0 5
70 2
72 2
74 6
0 2
67 2
74 6
72 10
0 2
72 2
75 1
0 1
77 3
0 1
77 1
0 1
77 1
0 1
77 3
0 1
75 1
0 1
74 3
0 1
74 7
0 3
72 1
0 1
74 1
0 1
75 3
0 1
75 4
0 2
77 3
0 1
80 1
0 1
79 14
0 2
84 8
0 2
87 2
0 2
84 1
0 1
84 2
0 1
84 2
0 1
82 5
0 1
77 2
79 2
0 1
79 2
0 1
79 1
0 1
79 2
0 1
79 2
0 1
77 1
0 1
77 2
0 1
79 6
0 7
72 1
0 1
79 6
0 5
75 5
77 8
0 4
74 3
0 1
74 3
75 1
74 1
72 13
0 10
72 2
74 2
75 3
0 1
75 4
75 4
72 2
74 2
75 4
75 3
0 1
75 1
0 1
75 2
77 2
75 2
74 4
74 4
74 8
72 4
70 2
74 4
72 2
70 2
0 2
72 4
70 2
72 10
72 2
70 4
67 4
67 2
65 2
63 2
65 4
63 2
65 4
68 3
0 1
68 4
67 9
0 1
72 1
0 1
74 2
75 4
75 4
75 4
72 2
74 2
75 3
0 1
75 4
75 1
0 1
75 2
77 2
75 2
74 4
74 4
74 8
72 4
70 2
74 3
0 1
72 2
70 4
72 4
70 2
72 10
74 4
74 4
75 4
74 2
74 4
75 1
74 1
72 19
0 5
72 2
70 2
72 3
0 1
70 2
72 10
74 3
0 1
74 4
75 3
0 1
74 2
74 1
0 3
75 1
74 1
72 11
