A:min [0, 4, 9] 9 4 
E:min7 [2, 4, 7, 11] 4 4 
F:maj [0, 5, 9] 5 4 
E:maj [4, 8, 11] 4 4 
A:sus2 [4, 9, 11] 9 4 
E:maj [4, 8, 11] 4 4 
A:min [0, 4, 9] 9 4 
E:min [4, 7, 11] 4 4 
D:min [2, 5, 9] 2 4 
A:sus2 [4, 9, 11] 9 4 
D:sus2 [2, 4, 9] 2 4 
E:maj [4, 8, 11] 4 4 
A:sus2 [4, 9, 11] 9 4 
E:min [4, 7, 11] 4 4 
A:min [0, 4, 9] 9 4 
E:min [4, 7, 11] 4 4 
D:min7 [0, 2, 5, 9] 2 4 
A:min [0, 4, 9] 9 4 
D:sus2 [2, 4, 9] 2 4 
A:min [0, 4, 9] 9 4 
D:min [2, 5, 9] 2 2 
A:min [0, 4, 9] 9 2 
F:maj [0, 5, 9] 5 2 
A:min [0, 4, 9] 9 2 
G:maj [2, 7, 11] 7 4 
C:maj [0, 4, 7] 0 4 
D:min [2, 5, 9] 2 2 
A:min [0, 4, 9] 9 2 
F:maj [0, 5, 9] 5 2 
A:min [0, 4, 9] 9 2 
G:maj [2, 7, 11] 7 8 
A:min [0, 4, 9] 9 4 
E:maj [4, 8, 11] 4 4 
F:maj [0, 5, 9] 5 4 
E:maj [4, 8, 11] 4 4 
A:sus2 [4, 9, 11] 9 4 
E:min [4, 7, 11] 4 4 
A:min [0, 4, 9] 9 4 
E:min [4, 7, 11] 4 4 
D:min [2, 5, 9] 2 4 
A:min [0, 4, 9] 9 4 
D:sus2 [2, 4, 9] 2 4 
A:sus2 [4, 9, 11] 9 4 
D:min [2, 5, 9] 2 2 
A:min7/b7 [0, 4, 7, 9] 7 2 
F:maj [0, 5, 9] 5 2 
A:min [0, 4, 9] 9 2 
G:maj [2, 7, 11] 7 4 
C:maj [0, 4, 7] 0 4 
D:min [2, 5, 9] 2 2 
A:min [0, 4, 9] 9 2 
F:maj [0, 5, 9] 5 2 
A:min [0, 4, 9] 9 2 
G:maj [2, 7, 11] 7 4 
A:min [0, 4, 9] 9 4 
D:min [2, 5, 9] 2 2 
A:min [0, 4, 9] 9 2 
F:maj [0, 5, 9] 5 2 
A:min [0, 4, 9] 9 2 
G:maj [2, 7, 11] 7 4 
C:maj [0, 4, 7] 0 4 
D:min [2, 5, 9] 2 2 
A:min [0, 4, 9] 9 2 
F:maj [0, 5, 9] 5 2 
A:min [0, 4, 9] 9 2 
G:maj [2, 7, 11] 7 8 
A:min [0, 4, 9] 9 2 
A:sus4 [2, 4, 9] 9 2 
A:min [0, 4, 9] 9 2 
E:maj [4, 8, 11] 4 2 
F:maj7 [0, 3, 5, 9] 5 2 
A:min [0, 4, 9] 9 2 
E:maj [4, 8, 11] 4 5 
A:min [0, 4, 9] 9 4 
