0 192
75 4
74 4
70 4
72 16
67 2
65 2
63 4
65 4
70 4
67 20
67 8
70 4
67 4
65 12
72 2
72 2
70 4
72 4
74 4
70 2
67 18
75 4
74 4
70 4
72 16
67 2
65 2
63 4
65 4
70 4
67 16
63 2
65 2
67 8
70 4
67 4
65 8
63 4
62 4
62 3
60 29
75 4
74 4
70 4
72 16
67 2
65 2
63 4
65 4
70 4
67 20
67 8
70 4
67 2
67 2
65 12
72 2
72 2
70 4
72 4
74 4
70 2
70 4
67 14
75 4
74 4
70 4
72 16
67 2
65 2
63 4
65 4
70 4
67 16
63 2
65 2
67 4
67 2
70 6
67 4
65 6
67 6
70 4
72 36
72 4
72 4
75 4
77 4
79 4
79 4
75 8
72 4
72 4
74 4
72 4
74 2
72 2
70 4
67 8
72 4
72 4
75 4
77 4
79 4
79 4
75 8
72 4
72 4
74 4
72 4
74 2
72 2
70 4
67 8
77 2
77 2
77 4
77 4
74 4
72 4
70 4
67 8
77 2
77 2
77 4
77 4
74 4
72 4
70 4
67 4
72 4
72 28
0 224
75 4
74 4
70 4
72 16
67 2
65 2
63 4
65 4
70 4
67 20
67 8
70 4
67 2
65 14
72 2
72 2
70 4
72 4
74 4
70 2
67 18
75 4
74 4
70 4
72 16
67 2
65 2
63 4
65 4
70 4
67 16
63 2
65 2
67 4
67 2
70 6
67 4
65 5
67 7
70 4
72 36
72 4
72 4
75 4
77 4
79 4
79 4
75 8
72 4
72 4
74 4
72 4
74 2
72 2
70 4
67 8
72 4
72 4
75 4
77 4
79 4
79 4
75 8
72 4
72 4
74 4
72 4
74 2
72 2
70 4
67 8
77 2
77 2
77 4
77 4
74 4
72 4
70 4
67 8
77 2
77 2
77 4
77 4
74 4
72 4
70 4
67 4
72 4
72 32
72 4
72 4
75 4
77 4
79 4
79 4
75 8
72 4
72 4
74 4
72 4
74 2
72 2
70 4
67 8
72 4
72 4
75 4
77 4
79 4
79 4
75 8
72 4
72 4
74 4
72 4
74 2
72 2
70 4
67 8
77 2
77 2
77 4
77 4
74 4
72 4
70 4
67 8
77 2
77 2
77 4
77 4
74 4
72 4
70 4
67 4
72 4
72 60
75 4
74 4
70 4
72 16
67 2
65 2
63 4
65 4
70 4
67 20
67 8
70 4
67 4
65 12
72 2
72 2
70 4
72 4
74 4
70 2
67 18
75 4
74 4
70 4
72 16
67 2
65 2
63 4
65 4
70 4
67 16
63 2
65 2
67 6
70 6
67 4
65 8
63 4
62 4
62 2
60 14
