0 160
68 1
73 1
73 1
73 1
73 2
71 1
73 1
73 5
0 3
71 1
71 1
71 1
71 1
71 1
0 1
66 1
0 1
68 2
0 6
68 1
0 1
73 1
73 1
73 1
0 1
68 1
68 1
68 2
0 1
66 1
66 2
0 2
66 1
0 1
66 1
66 1
71 1
0 1
68 1
66 1
68 5
0 3
68 2
73 1
73 1
76 1
0 1
75 1
71 1
73 6
0 2
71 1
71 1
71 1
68 1
66 1
68 1
70 1
0 1
68 5
0 3
68 1
73 1
0 1
73 1
73 1
0 1
68 1
68 1
68 2
0 2
66 2
0 1
59 1
63 1
63 1
63 1
64 1
66 1
64 1
0 1
63 1
61 5
0 3
64 1
64 1
64 1
61 1
64 1
0 1
66 2
68 1
71 1
66 1
71 1
68 3
0 1
73 1
73 1
73 1
71 1
66 1
68 1
70 2
68 3
0 5
68 1
0 1
73 1
0 1
73 1
0 1
68 2
66 1
68 1
0 1
66 1
66 1
0 2
68 1
71 1
71 1
71 1
68 1
71 1
0 1
73 1
0 1
73 7
0 1
73 2
0 1
76 1
73 1
0 1
80 1
78 1
76 3
0 5
75 2
0 1
75 1
75 1
0 1
73 1
71 1
73 7
0 1
68 1
73 1
0 1
73 1
73 1
0 1
68 1
0 1
66 1
68 1
0 1
66 1
66 1
0 3
66 1
66 1
66 1
64 1
66 2
71 1
73 1
68 3
0 5
73 2
0 1
76 1
73 1
0 1
80 1
78 1
76 4
0 4
75 2
0 1
75 1
75 1
0 1
73 1
71 1
73 5
0 2
71 1
73 1
0 1
76 1
76 1
76 1
0 1
73 1
73 1
78 1
80 2
78 1
78 2
0 1
73 1
75 1
75 1
75 1
73 1
71 1
0 1
73 1
0 1
73 4
0 4
0 128
68 2
73 1
73 1
76 1
0 1
75 1
71 1
73 6
0 2
71 1
71 1
71 1
68 1
66 1
68 1
70 1
0 1
68 5
0 3
68 1
73 1
0 1
73 1
73 1
0 1
68 1
68 1
68 2
0 2
66 2
0 1
59 1
63 1
63 1
63 1
64 1
66 1
64 1
0 1
63 1
61 5
0 3
64 1
64 1
64 1
61 1
64 1
0 1
66 2
68 1
71 1
66 1
71 1
68 3
0 1
73 1
73 1
73 1
71 1
66 1
68 1
70 2
68 3
0 5
68 1
0 1
73 1
0 1
73 1
0 1
68 2
66 1
68 1
0 1
66 1
66 1
0 2
68 1
71 1
71 1
71 1
68 1
71 1
0 1
73 1
0 1
73 7
0 1
73 2
0 1
76 1
73 1
0 1
80 1
78 1
76 3
0 5
75 2
0 1
75 1
75 1
0 1
73 1
71 1
73 7
0 1
68 1
73 1
0 1
73 1
73 1
0 1
68 1
0 1
66 1
68 1
0 1
66 1
66 1
0 3
66 1
66 1
66 1
64 1
66 2
71 1
73 1
68 3
0 5
73 2
0 1
76 1
73 1
0 1
80 1
78 1
76 4
0 4
75 2
0 1
75 1
75 1
0 1
73 1
71 1
73 5
0 2
71 1
73 1
0 1
76 1
76 1
76 1
0 1
73 1
73 1
78 1
80 2
78 1
78 2
0 1
73 1
75 1
75 1
75 1
73 1
71 1
0 1
73 1
0 1
73 4
0 4
73 2
0 1
76 1
73 1
0 1
80 1
78 1
76 3
0 5
75 2
0 1
75 1
75 1
0 1
73 1
71 1
73 7
0 1
68 1
73 1
0 1
73 1
73 1
0 1
68 1
0 1
66 1
68 1
0 1
66 1
66 1
0 3
66 1
66 1
66 1
64 1
66 2
71 1
73 1
68 3
0 5
73 2
0 1
76 1
73 1
0 1
80 1
78 1
76 4
0 4
75 2
0 1
75 1
75 1
0 1
73 1
71 1
73 5
0 2
71 1
73 1
0 1
76 1
76 1
76 1
0 1
73 1
73 1
78 1
80 2
78 1
78 2
0 1
73 1
75 1
75 1
75 1
73 1
71 1
0 1
73 1
0 1
73 4
0 4
68 1
73 1
73 1
73 1
73 2
71 1
73 1
73 5
0 3
71 1
71 1
71 1
71 1
71 1
0 1
66 1
0 1
68 2
0 6
68 1
0 1
73 1
73 1
73 1
0 1
68 1
68 1
68 2
0 1
66 1
66 2
0 2
63 1
0 1
63 4
64 1
0 1
