B:maj [3, 6, 11] 11 2 
C#:maj [1, 5, 8] 1 2 
Bb:min [1, 5, 10] 10 2 
Eb:min [3, 6, 10] 3 2 
B:maj [3, 6, 11] 11 2 
C#:maj [1, 5, 8] 1 2 
F#:maj [1, 6, 10] 6 4 
B:maj [3, 6, 11] 11 1 
B:maj7 [3, 6, 9, 11] 11 1 
C#:maj [1, 5, 8] 1 2 
Bb:min [1, 5, 10] 10 2 
Eb:min [3, 6, 10] 3 2 
B:maj [3, 6, 11] 11 1 
B:maj7 [3, 6, 9, 11] 11 1 
C#:maj [1, 5, 8] 1 2 
F#:maj [1, 6, 10] 6 4 
B:maj [3, 6, 11] 11 2 
C#:maj [1, 5, 8] 1 2 
Bb:min [1, 5, 10] 10 2 
Eb:min [3, 6, 10] 3 2 
B:maj [3, 6, 11] 11 2 
C#:maj [1, 5, 8] 1 2 
F#:maj [1, 6, 10] 6 4 
B:maj [3, 6, 11] 11 2 
C#:maj [1, 5, 8] 1 2 
Bb:min [1, 5, 10] 10 2 
Eb:min [3, 6, 10] 3 2 
B:maj [3, 6, 11] 11 2 
C#:maj [1, 5, 8] 1 2 
F#:maj [1, 6, 10] 6 4 
B:maj [3, 6, 11] 11 1 
B:maj7 [3, 6, 9, 11] 11 1 
C#:maj [1, 5, 8] 1 2 
Bb:min [1, 5, 10] 10 2 
Eb:min [3, 6, 10] 3 2 
B:maj [3, 6, 11] 11 1 
B:maj7 [3, 6, 9, 11] 11 1 
C#:maj [1, 5, 8] 1 2 
F#:maj [1, 6, 10] 6 4 
B:maj [3, 6, 11] 11 1 
B:maj7 [3, 6, 9, 11] 11 1 
C#:maj [1, 5, 8] 1 2 
Bb:min [1, 5, 10] 10 2 
Eb:min [3, 6, 10] 3 2 
B:maj [3, 6, 11] 11 1 
B:maj7 [3, 6, 9, 11] 11 1 
C#:maj [1, 5, 8] 1 2 
F#:maj [1, 6, 10] 6 4 
B:maj [3, 6, 11] 11 2 
B:maj7 [3, 6, 9, 11] 11 2 
Bb:min [1, 5, 10] 10 2 
Bb:min7 [1, 5, 8, 10] 10 2 
B:maj [3, 6, 11] 11 2 
C#:maj [1, 5, 8] 1 2 
F#:maj [1, 6, 10] 6 4 
B:maj [3, 6, 11] 11 2 
B:maj9 [1, 3, 6, 9, 11] 11 2 
Bb:min [1, 5, 10] 10 2 
Eb:min [3, 6, 10] 3 2 
B:maj [3, 6, 11] 11 2 
C#:maj [1, 5, 8] 1 2 
F#:maj [1, 6, 10] 6 4 
B:maj [3, 6, 11] 11 2 
C#:maj [1, 5, 8] 1 2 
Bb:min [1, 5, 10] 10 2 
Eb:min [3, 6, 10] 3 2 
B:maj [3, 6, 11] 11 2 
C#:maj [1, 5, 8] 1 2 
F#:maj [1, 6, 10] 6 4 
B:maj [3, 6, 11] 11 1 
B:maj7 [3, 6, 9, 11] 11 1 
C#:maj [1, 5, 8] 1 2 
Bb:min [1, 5, 10] 10 2 
Eb:min [3, 6, 10] 3 2 
B:maj [3, 6, 11] 11 1 
B:maj7 [3, 6, 9, 11] 11 1 
C#:maj [1, 5, 8] 1 2 
F#:maj [1, 6, 10] 6 4 
B:maj [3, 6, 11] 11 1 
B:maj7 [3, 6, 9, 11] 11 1 
C#:maj [1, 5, 8] 1 2 
Bb:min [1, 5, 10] 10 2 
Eb:min [3, 6, 10] 3 2 
B:maj [3, 6, 11] 11 1 
B:maj7 [3, 6, 9, 11] 11 1 
C#:maj [1, 5, 8] 1 2 
F#:maj [1, 6, 10] 6 4 
B:maj [3, 6, 11] 11 2 
C#:maj [1, 5, 8] 1 2 
Bb:min [1, 5, 10] 10 2 
Eb:min [3, 6, 10] 3 2 
B:maj [3, 6, 11] 11 2 
C#:maj [1, 5, 8] 1 2 
F#:maj [1, 6, 10] 6 4 
B:maj [3, 6, 11] 11 2 
C#:maj [1, 5, 8] 1 2 
Bb:min [1, 5, 10] 10 2 
Eb:min [3, 6, 10] 3 2 
B:maj [3, 6, 11] 11 2 
C#:maj [1, 5, 8] 1 2 
F#:maj [1, 6, 10] 6 4 
B:maj [3, 6, 11] 11 2 
C#:maj [1, 5, 8] 1 2 
Bb:min [1, 5, 10] 10 2 
Eb:min [3, 6, 10] 3 2 
B:maj [3, 6, 11] 11 2 
C#:maj [1, 5, 8] 1 2 
F#:maj [1, 6, 10] 6 4 
B:maj [3, 6, 11] 11 1 
B:maj7 [3, 6, 9, 11] 11 1 
C#:maj [1, 5, 8] 1 2 
Bb:min [1, 5, 10] 10 2 
Eb:min [3, 6, 10] 3 2 
B:maj [3, 6, 11] 11 1 
B:maj9 [1, 3, 6, 9, 11] 11 1 
C#:maj [1, 5, 8] 1 2 
F#:maj [1, 6, 10] 6 4 
B:maj [3, 6, 11] 11 2 
C#:maj [1, 5, 8] 1 2 
Bb:min [1, 5, 10] 10 2 
Eb:min [3, 6, 10] 3 2 
B:maj [3, 6, 11] 11 1 
B:maj7 [3, 6, 9, 11] 11 1 
C#:maj [1, 5, 8] 1 2 
F#:maj [1, 6, 10] 6 4 
B:maj [3, 6, 11] 11 1 
B:maj7 [3, 6, 9, 11] 11 1 
C#:maj [1, 5, 8] 1 4 
Eb:min [3, 6, 10] 3 2 
B:maj [3, 6, 11] 11 1 
B:maj7 [3, 6, 9, 11] 11 1 
C#:maj [1, 5, 8] 1 2 
F#:maj [1, 6, 10] 6 4 
B:maj [3, 6, 11] 11 1 
C#:maj [1, 5, 8] 1 3 
Bb:min [1, 5, 10] 10 1 
Eb:min [3, 6, 10] 3 3 
B:maj [3, 6, 11] 11 1 
C#:maj [1, 5, 8] 1 3 
