D:sus2 [2, 4, 9] 2 7 
G:sus2 [2, 7, 9] 7 5 
D:maj [2, 6, 9] 2 8 
G:maj7 [2, 5, 7, 11] 7 8 
D:maj [2, 6, 9] 2 1 
D:maj(9) [0, 2, 4, 6, 9] 2 3 
D:maj [2, 6, 9] 2 6 
A:maj/3 [1, 4, 9] 1 2 
B:min [2, 6, 11] 11 2 
B:min7 [2, 6, 9, 11] 11 2 
D:maj [2, 6, 9] 2 2 
A:maj/3 [1, 4, 9] 1 2 
F#:min [1, 6, 9] 6 4 
G:maj [2, 7, 11] 7 2 
A:maj [1, 4, 9] 9 2 
D:maj7/7 [0, 2, 6, 9] 1 2 
B:min [2, 6, 11] 11 2 
G:maj [2, 7, 11] 7 2 
A:maj [1, 4, 9] 9 2 
D:maj [2, 6, 9] 2 6 
D:maj7/7 [0, 2, 6, 9] 1 2 
B:min [2, 6, 11] 11 4 
D:maj [2, 6, 9] 2 2 
F#:min7/5 [1, 4, 6, 9] 1 2 
F#:min7 [1, 4, 6, 9] 6 4 
G:maj [2, 7, 11] 7 2 
A:maj [1, 4, 9] 9 2 
D:maj [2, 6, 9] 2 1 
A:maj/3 [1, 4, 9] 1 1 
B:min7 [2, 6, 9, 11] 11 2 
G:maj [2, 7, 11] 7 4 
A:sus4 [2, 4, 9] 9 4 
D:maj [2, 6, 9] 2 4 
B:min [2, 6, 11] 11 4 
G:maj [2, 7, 11] 7 2 
A:7/b7 [1, 4, 7, 9] 7 2 
E:min7 [2, 4, 7, 11] 4 2 
A:maj [1, 4, 9] 9 2 
D:maj [2, 6, 9] 2 4 
B:min [2, 6, 11] 11 4 
G:maj [2, 7, 11] 7 2 
A:maj [1, 4, 9] 9 2 
D:maj [2, 6, 9] 2 8 
G:maj [2, 7, 11] 7 6 
A:sus4(b7) [2, 4, 9] 9 2 
D:maj [2, 6, 9] 2 2 
A:maj/3 [1, 4, 9] 1 2 
B:min [2, 6, 11] 11 2 
B:min7 [2, 6, 9, 11] 11 2 
D:maj [2, 6, 9] 2 2 
A:maj/3 [1, 4, 9] 1 2 
F#:min [1, 6, 9] 6 4 
G:maj [2, 7, 11] 7 2 
A:maj [1, 4, 9] 9 2 
D:maj7/7 [0, 2, 6, 9] 1 2 
B:min [2, 6, 11] 11 2 
G:maj [2, 7, 11] 7 2 
A:maj [1, 4, 9] 9 2 
D:maj [2, 6, 9] 2 6 
D:maj7/7 [0, 2, 6, 9] 1 2 
B:min [2, 6, 11] 11 4 
D:maj [2, 6, 9] 2 2 
F#:min7/5 [1, 4, 6, 9] 1 2 
F#:min7 [1, 4, 6, 9] 6 4 
G:maj [2, 7, 11] 7 2 
A:maj [1, 4, 9] 9 2 
D:maj [2, 6, 9] 2 1 
A:maj/3 [1, 4, 9] 1 1 
B:min7 [2, 6, 9, 11] 11 2 
G:maj [2, 7, 11] 7 4 
A:sus4 [2, 4, 9] 9 4 
D:maj [2, 6, 9] 2 4 
B:min [2, 6, 11] 11 4 
G:maj [2, 7, 11] 7 2 
A:7/b7 [1, 4, 7, 9] 7 2 
E:min7 [2, 4, 7, 11] 4 2 
A:7/b7 [1, 4, 7, 9] 7 2 
D:maj [2, 6, 9] 2 4 
B:min [2, 6, 11] 11 4 
G:maj [2, 7, 11] 7 2 
A:maj [1, 4, 9] 9 2 
D:maj [2, 6, 9] 2 4 
B:min7 [2, 6, 9, 11] 11 4 
G:maj [2, 7, 11] 7 4 
A:maj [1, 4, 9] 9 3 
D:maj/3 [2, 6, 9] 6 1 
D:maj [2, 6, 9] 2 4 
B:min7 [2, 6, 9, 11] 11 4 
G:maj [2, 7, 11] 7 4 
B:min7/b7 [2, 6, 9, 11] 9 4 
D:maj [2, 6, 9] 2 4 
B:min [2, 6, 11] 11 4 
G:maj [2, 7, 11] 7 2 
A:7/b7 [1, 4, 7, 9] 7 2 
E:min7 [2, 4, 7, 11] 4 2 
A:maj [1, 4, 9] 9 2 
D:maj [2, 6, 9] 2 4 
B:min [2, 6, 11] 11 4 
G:maj [2, 7, 11] 7 2 
A:maj [1, 4, 9] 9 2 
D:maj [2, 6, 9] 2 8 
B:min [2, 6, 11] 11 4 
G:maj [2, 7, 11] 7 2 
A:7/b7 [1, 4, 7, 9] 7 2 
E:min7 [2, 4, 7, 11] 4 2 
A:maj [1, 4, 9] 9 2 
D:maj [2, 6, 9] 2 4 
B:min [2, 6, 11] 11 4 
G:maj [2, 7, 11] 7 2 
A:maj [1, 4, 9] 9 2 
D:maj [2, 6, 9] 2 8 
B:min [2, 6, 11] 11 4 
G:maj [2, 7, 11] 7 2 
A:maj [1, 4, 9] 9 2 
E:min7 [2, 4, 7, 11] 4 2 
B:min7/b7 [2, 6, 9, 11] 9 2 
D:sus2 [2, 4, 9] 2 3 
