0 142
74 1
76 1
78 6
78 2
78 2
76 3
74 2
71 1
74 14
74 1
76 1
78 6
78 2
78 3
76 2
74 2
83 4
81 11
78 1
81 1
83 3
83 3
83 2
81 6
78 1
76 1
78 4
76 4
74 6
74 1
76 1
78 6
78 1
78 1
78 2
76 4
74 1
71 1
74 14
74 1
76 1
78 6
78 2
78 2
76 3
74 2
71 1
74 14
74 1
76 1
78 2
78 4
78 2
78 3
76 3
74 1
83 4
81 11
78 1
81 1
83 2
83 3
85 2
86 1
85 2
85 4
86 1
88 1
86 4
85 4
83 6
78 1
78 1
76 2
74 3
74 1
83 1
83 1
83 2
83 2
83 1
83 3
81 13
81 1
81 1
81 1
91 2
90 2
88 1
86 2
81 9
88 2
86 2
85 1
83 2
78 9
83 1
83 1
83 1
83 1
83 2
86 1
81 7
76 1
78 1
79 1
79 2
79 1
79 2
79 1
81 1
78 2
76 3
81 1
81 1
81 1
91 2
90 2
88 1
86 2
81 9
88 2
86 2
85 1
83 2
78 9
83 1
83 1
83 1
83 1
83 2
86 1
81 5
76 1
78 1
76 2
74 48
0 14
74 1
76 1
78 6
78 2
78 2
76 3
74 2
71 1
74 14
74 1
76 1
78 6
78 2
78 3
76 2
74 2
83 4
81 11
78 1
81 1
83 3
83 3
83 2
81 5
78 2
76 1
78 4
76 4
74 6
74 1
76 1
78 6
78 1
78 1
78 2
76 4
74 1
71 1
74 13
74 2
76 1
78 6
78 2
78 2
76 3
74 2
71 1
74 14
74 1
76 1
78 2
78 4
78 2
78 3
76 3
74 1
83 4
81 11
78 1
81 1
83 2
83 3
85 2
86 1
85 2
85 4
86 1
88 1
86 4
85 4
83 6
78 1
78 1
76 2
74 3
74 1
83 1
83 1
83 2
83 2
83 1
83 3
81 13
81 1
81 1
81 1
91 2
90 2
88 1
86 2
81 9
88 2
86 2
85 1
83 2
78 9
83 1
83 1
83 1
83 1
83 2
86 1
81 7
76 1
78 1
79 1
79 2
79 1
79 2
79 1
81 1
78 2
76 3
81 1
81 1
81 1
91 2
90 2
88 1
86 2
81 9
88 2
86 2
85 1
83 2
78 9
83 1
83 1
83 1
83 1
83 2
86 1
81 5
76 1
78 1
76 2
74 16
0 109
81 1
81 1
81 1
91 2
90 2
88 1
86 2
81 9
88 2
86 2
85 1
83 2
78 9
83 1
83 1
83 1
83 1
83 2
86 1
81 7
76 1
78 1
79 1
79 2
79 1
79 2
79 1
81 1
78 2
76 3
81 1
81 1
81 1
91 2
90 2
88 1
86 2
81 9
88 2
86 2
85 1
83 2
78 9
83 1
83 1
83 1
83 1
83 2
86 1
81 5
76 1
78 1
76 2
74 13
81 1
81 1
81 1
91 2
90 2
88 1
86 2
81 9
88 2
86 2
85 1
83 2
78 9
83 1
83 1
83 1
83 1
83 2
86 1
81 7
76 1
78 1
79 1
79 2
79 1
79 2
79 1
81 1
78 2
76 3
81 1
81 1
81 1
91 2
90 2
88 1
86 2
81 9
88 2
86 2
85 1
83 2
78 9
83 1
83 1
83 1
83 1
83 2
86 1
81 5
76 1
78 1
76 2
74 13
81 1
81 1
81 1
91 2
90 2
88 1
86 2
81 9
88 2
86 2
85 1
83 2
78 9
83 1
83 1
83 1
83 1
83 2
86 1
81 7
76 1
78 1
79 1
79 2
79 1
79 2
79 1
81 1
78 2
76 3
