C#:min [1, 4, 8] 1 4 
E:maj [4, 8, 11] 4 4 
F#:min [1, 6, 9] 6 4 
Ab:maj [0, 3, 8] 8 4 
C#:min [1, 4, 8] 1 4 
F#:min [1, 6, 9] 6 4 
Ab:min [3, 8, 11] 8 4 
C#:min [1, 4, 8] 1 4 
F#:min [1, 6, 9] 6 2 
Ab:min [3, 8, 11] 8 2 
C#:min [1, 4, 8] 1 2 
A:maj [1, 4, 9] 9 4 
E:maj [4, 8, 11] 4 2 
Ab:maj [0, 3, 8] 8 2 
C#:min [1, 4, 8] 1 4 
F#:min [1, 6, 9] 6 2 
C#:min [1, 4, 8] 1 2 
F#:min [1, 6, 9] 6 4 
Ab:min [3, 8, 11] 8 2 
C#:maj [1, 5, 8] 1 4 
F#:min [1, 6, 9] 6 2 
Ab:min [3, 8, 11] 8 2 
C#:min [1, 4, 8] 1 2 
A:maj [1, 4, 9] 9 4 
E:maj [4, 8, 11] 4 2 
Ab:maj [0, 3, 8] 8 2 
C#:min [1, 4, 8] 1 4 
F#:min [1, 6, 9] 6 2 
C#:min [1, 4, 8] 1 2 
F#:min [1, 6, 9] 6 4 
Ab:min [3, 8, 11] 8 2 
C#:maj [1, 5, 8] 1 8 
A:maj [1, 4, 9] 9 4 
E:maj [4, 8, 11] 4 2 
C#:min [1, 4, 8] 1 2 
F#:min [1, 6, 9] 6 2 
C#:min [1, 4, 8] 1 2 
Ab:min [3, 8, 11] 8 2 
F#:min [1, 6, 9] 6 2 
Ab:min [3, 8, 11] 8 2 
B:maj [3, 6, 11] 11 2 
C#:min [1, 4, 8] 1 2 
F#:min [1, 6, 9] 6 2 
B:maj [3, 6, 11] 11 2 
Ab:min [3, 8, 11] 8 2 
C#:min [1, 4, 8] 1 8 
A:maj [1, 4, 9] 9 4 
E:maj [4, 8, 11] 4 2 
C#:min [1, 4, 8] 1 2 
F#:min [1, 6, 9] 6 2 
C#:min [1, 4, 8] 1 2 
Ab:min [3, 8, 11] 8 2 
F#:min [1, 6, 9] 6 2 
Ab:min [3, 8, 11] 8 2 
B:maj [3, 6, 11] 11 2 
C#:min [1, 4, 8] 1 2 
F#:min [1, 6, 9] 6 2 
B:maj [3, 6, 11] 11 2 
Ab:min [3, 8, 11] 8 2 
C#:min [1, 4, 8] 1 6 
F#:min [1, 6, 9] 6 2 
B:maj [3, 6, 11] 11 2 
Ab:min [3, 8, 11] 8 2 
A:maj [1, 4, 9] 9 2 
B:maj [3, 6, 11] 11 2 
E:maj [4, 8, 11] 4 4 
F#:min [1, 6, 9] 6 4 
Ab:min [3, 8, 11] 8 2 
C#:min [1, 4, 8] 1 2 
A:maj [1, 4, 9] 9 2 
B:maj [3, 6, 11] 11 2 
C#:maj [1, 5, 8] 1 4 
F#:min [1, 6, 9] 6 2 
Ab:min [3, 8, 11] 8 2 
C#:min [1, 4, 8] 1 2 
A:maj [1, 4, 9] 9 4 
E:maj [4, 8, 11] 4 2 
Ab:maj [0, 3, 8] 8 2 
C#:min [1, 4, 8] 1 4 
F#:min [1, 6, 9] 6 2 
C#:min [1, 4, 8] 1 2 
F#:min [1, 6, 9] 6 4 
Ab:min [3, 8, 11] 8 2 
C#:maj [1, 5, 8] 1 8 
A:maj [1, 4, 9] 9 4 
E:maj [4, 8, 11] 4 2 
C#:min [1, 4, 8] 1 2 
F#:min [1, 6, 9] 6 2 
C#:min [1, 4, 8] 1 2 
Ab:min [3, 8, 11] 8 2 
F#:min [1, 6, 9] 6 2 
Ab:min [3, 8, 11] 8 2 
B:maj [3, 6, 11] 11 2 
C#:min [1, 4, 8] 1 2 
F#:min [1, 6, 9] 6 2 
B:maj [3, 6, 11] 11 2 
Ab:min [3, 8, 11] 8 2 
C#:min [1, 4, 8] 1 8 
A:maj [1, 4, 9] 9 4 
E:maj [4, 8, 11] 4 2 
C#:min [1, 4, 8] 1 2 
F#:min [1, 6, 9] 6 2 
C#:min [1, 4, 8] 1 2 
Ab:min [3, 8, 11] 8 2 
F#:min [1, 6, 9] 6 2 
Ab:min [3, 8, 11] 8 2 
B:maj [3, 6, 11] 11 2 
C#:min [1, 4, 8] 1 2 
F#:min [1, 6, 9] 6 2 
B:maj [3, 6, 11] 11 2 
Ab:min [3, 8, 11] 8 2 
C#:min [1, 4, 8] 1 8 
A:maj [1, 4, 9] 9 4 
E:maj [4, 8, 11] 4 2 
C#:min [1, 4, 8] 1 2 
F#:min [1, 6, 9] 6 2 
C#:min [1, 4, 8] 1 2 
Ab:min [3, 8, 11] 8 2 
F#:min [1, 6, 9] 6 2 
Ab:min [3, 8, 11] 8 2 
B:maj [3, 6, 11] 11 2 
C#:min [1, 4, 8] 1 2 
F#:min [1, 6, 9] 6 2 
B:maj [3, 6, 11] 11 2 
Ab:min [3, 8, 11] 8 2 
C#:min [1, 4, 8] 1 8 
A:maj [1, 4, 9] 9 4 
E:maj [4, 8, 11] 4 2 
C#:min [1, 4, 8] 1 2 
F#:min [1, 6, 9] 6 2 
C#:min [1, 4, 8] 1 2 
Ab:min [3, 8, 11] 8 2 
F#:min [1, 6, 9] 6 2 
Ab:min [3, 8, 11] 8 2 
B:maj [3, 6, 11] 11 2 
C#:min [1, 4, 8] 1 2 
F#:min [1, 6, 9] 6 2 
B:maj [3, 6, 11] 11 2 
Ab:min [3, 8, 11] 8 2 
C#:min [1, 4, 8] 1 6 
F#:min [1, 6, 9] 6 2 
B:maj [3, 6, 11] 11 2 
Ab:min [3, 8, 11] 8 2 
A:maj [1, 4, 9] 9 2 
B:maj [3, 6, 11] 11 2 
E:maj [4, 8, 11] 4 2 
E:maj7 [2, 4, 8, 11] 4 2 
F#:min [1, 6, 9] 6 4 
Ab:min [3, 8, 11] 8 2 
C#:min [1, 4, 8] 1 2 
A:maj [1, 4, 9] 9 2 
B:maj [3, 6, 11] 11 6 
C#:sus4(b7) [1, 6, 8] 1 2 
C#:min [1, 4, 8] 1 4 
