0 128
66 2
68 1
0 1
71 1
0 1
68 2
66 2
68 1
0 1
68 2
59 2
61 7
0 1
64 1
0 1
64 4
61 2
64 4
66 4
68 1
0 1
71 1
0 1
71 1
0 1
66 2
68 6
0 2
73 2
68 1
0 1
68 2
71 1
0 1
73 6
0 2
66 1
0 1
66 2
68 2
66 2
64 7
0 1
66 1
0 1
68 1
0 1
71 1
0 1
68 2
66 1
0 1
66 3
0 1
68 1
0 1
59 2
56 2
64 2
63 1
0 1
61 8
0 8
66 2
68 1
0 1
71 1
0 1
68 2
66 2
68 1
0 1
68 2
59 2
61 7
0 1
64 1
0 1
64 4
61 2
64 4
66 4
68 1
0 1
71 1
0 1
71 1
0 1
66 2
68 6
0 2
73 2
68 1
0 1
68 2
71 1
0 1
73 6
0 2
66 1
0 1
66 2
68 2
66 2
64 7
0 1
66 1
0 1
68 1
0 1
71 1
0 1
68 2
66 1
0 1
68 3
0 1
68 1
0 1
59 2
56 2
64 2
63 1
0 1
61 8
0 6
68 2
73 1
0 1
73 1
0 1
73 1
0 1
76 2
68 4
0 2
71 2
73 1
0 1
73 1
0 1
73 2
71 1
0 1
73 1
0 1
71 1
0 1
64 2
66 1
0 1
68 6
0 2
73 1
0 1
73 1
0 1
73 1
0 1
76 1
0 1
78 3
0 1
78 3
0 1
73 1
0 1
73 1
0 1
73 2
76 1
0 1
68 5
0 3
66 2
66 1
0 1
66 1
0 1
68 2
71 3
0 1
71 1
0 1
68 1
0 1
66 1
0 1
66 2
66 1
0 1
68 1
0 1
61 6
0 2
66 1
0 1
66 1
0 1
66 2
68 1
0 1
71 3
0 1
71 4
71 2
75 1
0 1
75 1
0 1
71 1
0 1
73 12
0 2
68 2
73 1
0 1
73 1
0 1
73 1
0 1
76 2
68 4
0 2
71 2
73 1
0 1
73 1
0 1
73 2
71 1
0 1
73 1
0 1
71 1
0 1
64 2
66 1
0 1
68 6
0 2
73 1
0 1
73 1
0 1
73 1
0 1
76 1
0 1
78 3
0 1
78 3
0 1
73 1
0 1
73 1
0 1
73 2
76 1
0 1
68 5
0 3
66 2
66 1
0 1
66 1
0 1
68 2
71 3
0 1
71 1
0 1
68 1
0 1
66 1
0 1
66 2
66 1
0 1
68 1
0 1
61 6
0 2
66 1
0 1
66 1
0 1
66 2
68 1
0 1
71 3
0 1
71 4
71 2
75 1
0 1
75 1
0 1
71 1
0 1
73 12
0 132
66 2
68 1
0 1
71 1
0 1
68 2
66 2
68 1
0 1
68 2
59 2
61 7
0 1
64 1
0 1
64 4
61 2
64 4
66 4
68 1
0 1
71 1
0 1
71 1
0 1
66 2
68 6
0 2
73 2
68 1
0 1
68 2
71 1
0 1
73 6
0 2
66 1
0 1
66 2
68 2
66 2
64 7
0 1
66 1
0 1
68 1
0 1
71 1
0 1
68 2
66 1
0 1
68 3
0 1
68 1
0 1
59 2
56 2
64 2
63 1
0 1
61 8
0 6
68 2
73 1
0 1
73 1
0 1
73 1
0 1
76 2
68 4
0 2
71 2
73 1
0 1
73 1
0 1
73 2
71 1
0 1
73 1
0 1
71 1
0 1
64 2
66 1
0 1
68 6
0 2
73 1
0 1
73 1
0 1
73 1
0 1
76 1
0 1
78 3
0 1
78 3
0 1
73 1
0 1
73 1
0 1
73 2
76 1
0 1
68 5
0 3
66 2
66 1
0 1
66 1
0 1
68 2
71 3
0 1
71 1
0 1
68 1
0 1
66 1
0 1
66 2
66 1
0 1
68 1
0 1
61 6
0 2
66 1
0 1
66 1
0 1
66 2
68 1
0 1
71 3
0 1
71 4
71 2
75 1
0 1
75 1
0 1
71 1
0 1
73 12
0 2
68 2
73 1
0 1
73 1
0 1
73 1
0 1
76 2
68 4
0 2
71 2
73 1
0 1
73 1
0 1
73 2
71 1
0 1
73 1
0 1
71 1
0 1
64 2
66 1
0 1
68 6
0 2
73 1
0 1
73 1
0 1
73 1
0 1
76 1
0 1
78 3
0 1
78 3
0 1
73 1
0 1
73 1
0 1
73 2
76 1
0 1
68 5
0 3
66 2
66 1
0 1
66 1
0 1
68 2
71 3
0 1
71 1
0 1
68 1
0 1
66 1
0 1
66 2
66 1
0 1
68 1
0 1
61 6
0 2
66 1
0 1
66 1
0 1
66 2
68 1
0 1
71 3
0 1
71 4
71 2
75 1
0 1
75 1
0 1
71 1
0 1
73 12
0 2
68 2
73 1
0 1
73 1
0 1
73 1
0 1
76 2
68 4
0 2
71 2
73 1
0 1
73 1
0 1
73 2
71 1
0 1
73 1
0 1
71 1
0 1
64 2
66 1
0 1
68 6
0 2
73 1
0 1
73 1
0 1
73 1
0 1
76 1
0 1
78 3
0 1
78 3
0 1
73 1
0 1
73 1
0 1
73 2
76 1
0 1
68 5
0 3
66 2
66 1
0 1
66 1
0 1
68 2
71 3
0 1
71 1
0 1
68 1
0 1
66 1
0 1
66 2
66 1
0 1
68 1
0 1
61 6
0 2
66 1
0 1
66 1
0 1
66 2
68 1
0 1
71 3
0 1
71 4
71 2
75 1
0 1
75 1
0 1
71 1
0 1
73 12
0 2
68 2
73 1
0 1
73 1
0 1
73 1
0 1
76 2
68 4
0 2
71 2
73 1
0 1
73 1
0 1
73 2
71 1
0 1
73 1
0 1
71 1
0 1
64 2
66 1
0 1
68 6
0 2
73 1
0 1
73 1
0 1
73 1
0 1
76 1
0 1
78 3
0 1
78 3
0 1
73 1
0 1
73 1
0 1
73 2
76 1
0 1
68 5
0 3
66 2
66 1
0 1
66 1
0 1
68 2
71 3
0 1
71 1
0 1
68 1
0 1
66 1
0 1
66 2
66 1
0 1
68 1
0 1
61 6
0 2
66 1
0 1
66 1
0 1
66 2
68 1
0 1
71 3
0 1
71 4
71 2
75 1
0 1
75 1
0 1
71 1
0 1
73 12
