F#:maj [1, 6, 10] 6 2 
C#:maj/3 [1, 5, 8] 5 2 
C:min/b3 [0, 3, 7] 3 4 
B:maj7 [3, 6, 9, 11] 11 2 
C#:maj [1, 5, 8] 1 2 
F#:maj [1, 6, 10] 6 6 
C#:maj/3 [1, 5, 8] 5 2 
Eb:min [3, 6, 10] 3 4 
B:maj [3, 6, 11] 11 2 
C#:maj [1, 5, 8] 1 2 
F#:maj [1, 6, 10] 6 6 
C#:maj/3 [1, 5, 8] 5 2 
Eb:sus4 [3, 8, 10] 3 4 
F#:maj [1, 6, 10] 6 2 
C#:maj [1, 5, 8] 1 2 
Eb:sus4 [3, 8, 10] 3 4 
B:maj [3, 6, 11] 11 2 
C#:sus4 [1, 6, 8] 1 2 
F#:maj [1, 6, 10] 6 1 
C#:maj/3 [1, 5, 8] 5 1 
Eb:min [3, 6, 10] 3 2 
B:maj [3, 6, 11] 11 1 
F#:maj [1, 6, 10] 6 3 
C#:maj [1, 5, 8] 1 4 
F#:maj [1, 6, 10] 6 2 
C#:maj/3 [1, 5, 8] 5 2 
Eb:min [3, 6, 10] 3 4 
F#:maj [1, 6, 10] 6 2 
C#:maj/3 [1, 5, 8] 5 2 
Eb:min [3, 6, 10] 3 4 
B:maj [3, 6, 11] 11 2 
C#:maj [1, 5, 8] 1 2 
F#:maj [1, 6, 10] 6 1 
C#:maj/3 [1, 5, 8] 5 1 
Eb:min [3, 6, 10] 3 2 
B:maj [3, 6, 11] 11 2 
C#:maj [1, 5, 8] 1 2 
C#:7 [1, 5, 8, 11] 1 4 
F#:maj [1, 6, 10] 6 2 
C#:maj [1, 5, 8] 1 2 
Eb:min [3, 6, 10] 3 4 
B:maj [3, 6, 11] 11 2 
C#:maj [1, 5, 8] 1 2 
Eb:min/b3 [3, 6, 10] 6 6 
C#:maj [1, 5, 8] 1 2 
Eb:min [3, 6, 10] 3 4 
B:maj [3, 6, 11] 11 2 
C#:maj [1, 5, 8] 1 2 
F#:maj [1, 6, 10] 6 4 
B:maj [3, 6, 11] 11 2 
C#:maj [1, 5, 8] 1 2 
B:min [2, 6, 11] 11 2 
C#:sus2 [1, 3, 8] 1 4 
C#:maj [1, 5, 8] 1 2 
F#:maj [1, 6, 10] 6 2 
C#:maj/3 [1, 5, 8] 5 2 
Eb:sus4 [3, 8, 10] 3 4 
F#:maj [1, 6, 10] 6 2 
C#:maj [1, 5, 8] 1 2 
Eb:sus4 [3, 8, 10] 3 4 
B:maj [3, 6, 11] 11 2 
C#:sus4 [1, 6, 8] 1 2 
F#:maj [1, 6, 10] 6 1 
C#:maj/3 [1, 5, 8] 5 1 
Eb:min [3, 6, 10] 3 2 
B:maj [3, 6, 11] 11 1 
F#:maj [1, 6, 10] 6 3 
C#:maj [1, 5, 8] 1 3 
C#:7 [1, 5, 8, 11] 1 1 
F#:maj [1, 6, 10] 6 2 
C#:maj [1, 5, 8] 1 2 
Eb:min [3, 6, 10] 3 4 
B:maj [3, 6, 11] 11 2 
C#:maj [1, 5, 8] 1 2 
F#:maj [1, 6, 10] 6 6 
C#:maj [1, 5, 8] 1 2 
Eb:min [3, 6, 10] 3 4 
B:maj [3, 6, 11] 11 2 
C#:maj [1, 5, 8] 1 2 
F#:maj [1, 6, 10] 6 6 
C#:maj [1, 5, 8] 1 2 
Eb:min [3, 6, 10] 3 4 
B:maj [3, 6, 11] 11 2 
C#:maj [1, 5, 8] 1 2 
F#:maj [1, 6, 10] 6 6 
C#:maj [1, 5, 8] 1 2 
Eb:min [3, 6, 10] 3 4 
B:maj [3, 6, 11] 11 2 
C#:maj [1, 5, 8] 1 2 
F#:maj [1, 6, 10] 6 4 
B:maj7 [3, 6, 9, 11] 11 2 
C#:maj [1, 5, 8] 1 3 
B:maj [3, 6, 11] 11 1 
C#:maj [1, 5, 8] 1 2 
G:maj/3 [2, 7, 11] 11 2 
C#:maj [1, 5, 8] 1 2 
F#:sus4 [1, 6, 11] 6 6 
