F#:maj [1, 6, 10] 6 4 
C#:min/b3 [1, 4, 8] 4 4 
C#:min [1, 4, 8] 1 4 
B:sus2 [1, 6, 11] 11 4 
F#:min [1, 6, 9] 6 4 
E:maj6 [1, 4, 8, 11] 4 4 
D:maj [2, 6, 9] 2 8 
C#:maj [1, 5, 8] 1 8 
F#:min [1, 6, 9] 6 12 
E:maj [4, 8, 11] 4 4 
F#:min [1, 6, 9] 6 4 
F#:min/b3 [1, 6, 9] 9 1 
F#:min [1, 6, 9] 6 7 
E:maj [4, 8, 11] 4 4 
A:maj [1, 4, 9] 9 6 
A:maj(9) [1, 4, 7, 9, 11] 9 1 
F#:sus2 [1, 6, 8] 6 1 
F#:min [1, 6, 9] 6 4 
B:min [2, 6, 11] 11 4 
E:maj [4, 8, 11] 4 4 
F#:min [1, 6, 9] 6 4 
D:maj [2, 6, 9] 2 4 
E:maj [4, 8, 11] 4 4 
F#:sus2 [1, 6, 8] 6 4 
F#:min/b3 [1, 6, 9] 9 8 
E:maj [4, 8, 11] 4 4 
F#:min [1, 6, 9] 6 6 
A:maj7/7 [1, 4, 7, 9] 8 2 
F#:min [1, 6, 9] 6 4 
E:maj [4, 8, 11] 4 4 
A:maj [1, 4, 9] 9 6 
E:maj/3 [4, 8, 11] 8 2 
F#:min7 [1, 4, 6, 9] 6 4 
B:min [2, 6, 11] 11 4 
E:maj [4, 8, 11] 4 4 
F#:min [1, 6, 9] 6 4 
D:maj [2, 6, 9] 2 4 
E:maj [4, 8, 11] 4 4 
F#:min [1, 6, 9] 6 4 
D:maj [2, 6, 9] 2 2 
E:maj [4, 8, 11] 4 2 
F#:min [1, 6, 9] 6 4 
E:sus4 [4, 9, 11] 4 2 
E:maj [4, 8, 11] 4 1 
E:sus4 [4, 9, 11] 4 1 
E:maj [4, 8, 11] 4 4 
A:maj [1, 4, 9] 9 4 
F#:min [1, 6, 9] 6 3 
D:maj/3 [2, 6, 9] 6 1 
E:maj [4, 8, 11] 4 3 
E:sus4 [4, 9, 11] 4 1 
D:maj [2, 6, 9] 2 4 
C#:sus4 [1, 6, 8] 1 4 
F#:min [1, 6, 9] 6 3 
D:maj/3 [2, 6, 9] 6 1 
E:maj [4, 8, 11] 4 3 
E:maj/5 [4, 8, 11] 11 1 
D:maj7 [0, 2, 6, 9] 2 2 
E:maj6 [1, 4, 8, 11] 4 1 
A:sus2 [4, 9, 11] 9 1 
A:maj [1, 4, 9] 9 4 
F#:min [1, 6, 9] 6 4 
E:maj [4, 8, 11] 4 3 
E:sus4 [4, 9, 11] 4 1 
D:maj [2, 6, 9] 2 4 
C#:sus4 [1, 6, 8] 1 8 
F#:min [1, 6, 9] 6 12 
E:maj [4, 8, 11] 4 4 
D:maj7 [0, 2, 6, 9] 2 4 
A:maj [1, 4, 9] 9 4 
F#:min [1, 6, 9] 6 4 
E:maj [4, 8, 11] 4 4 
D:maj [2, 6, 9] 2 4 
C#:maj [1, 5, 8] 1 4 
F#:min [1, 6, 9] 6 4 
E:maj [4, 8, 11] 4 4 
D:maj [2, 6, 9] 2 2 
F#:min7/b7 [1, 4, 6, 9] 4 1 
D:sus2 [2, 4, 9] 2 1 
A:maj [1, 4, 9] 9 4 
F#:min [1, 6, 9] 6 4 
E:maj [4, 8, 11] 4 4 
D:maj [2, 6, 9] 2 4 
C#:sus4 [1, 6, 8] 1 8 
F#:min [1, 6, 9] 6 12 
E:maj [4, 8, 11] 4 4 
F#:min [1, 6, 9] 6 12 
E:maj [4, 8, 11] 4 4 
A:maj [1, 4, 9] 9 8 
F#:min7 [1, 4, 6, 9] 6 4 
B:min [2, 6, 11] 11 4 
E:maj [4, 8, 11] 4 4 
F#:sus4 [1, 6, 11] 6 3 
F#:min [1, 6, 9] 6 1 
D:maj [2, 6, 9] 2 4 
E:maj [4, 8, 11] 4 4 
F#:min [1, 6, 9] 6 4 
D:maj [2, 6, 9] 2 2 
E:maj [4, 8, 11] 4 2 
F#:min [1, 6, 9] 6 4 
E:sus4 [4, 9, 11] 4 2 
E:maj [4, 8, 11] 4 1 
E:sus4 [4, 9, 11] 4 1 
D:maj [2, 6, 9] 2 2 
E:maj [4, 8, 11] 4 2 
A:maj [1, 4, 9] 9 4 
F#:min [1, 6, 9] 6 3 
D:maj/3 [2, 6, 9] 6 1 
E:maj [4, 8, 11] 4 3 
E:sus4 [4, 9, 11] 4 1 
D:maj [2, 6, 9] 2 4 
C#:sus4 [1, 6, 8] 1 4 
F#:min [1, 6, 9] 6 3 
D:maj/3 [2, 6, 9] 6 1 
E:maj [4, 8, 11] 4 3 
E:maj/5 [4, 8, 11] 11 1 
D:maj7 [0, 2, 6, 9] 2 2 
E:maj6 [1, 4, 8, 11] 4 1 
A:sus2 [4, 9, 11] 9 1 
A:maj [1, 4, 9] 9 4 
F#:min [1, 6, 9] 6 4 
E:maj [4, 8, 11] 4 3 
E:sus4 [4, 9, 11] 4 1 
D:maj [2, 6, 9] 2 4 
C#:sus4 [1, 6, 8] 1 8 
F#:min [1, 6, 9] 6 12 
E:maj [4, 8, 11] 4 3 
E:sus4 [4, 9, 11] 4 1 
D:maj [2, 6, 9] 2 4 
A:sus2 [4, 9, 11] 9 2 
A:maj [1, 4, 9] 9 2 
F#:min [1, 6, 9] 6 3 
D:maj/3 [2, 6, 9] 6 1 
E:maj [4, 8, 11] 4 4 
D:maj [2, 6, 9] 2 4 
C#:sus4 [1, 6, 8] 1 4 
F#:min [1, 6, 9] 6 4 
E:maj [4, 8, 11] 4 4 
D:maj [2, 6, 9] 2 2 
E:maj [4, 8, 11] 4 2 
A:maj [1, 4, 9] 9 4 
F#:min [1, 6, 9] 6 4 
E:maj [4, 8, 11] 4 3 
E:sus2 [4, 6, 11] 4 1 
D:maj [2, 6, 9] 2 4 
C#:sus4 [1, 6, 8] 1 8 
F#:min [1, 6, 9] 6 16 
D:sus2 [2, 4, 9] 2 4 
B:min [2, 6, 11] 11 4 
F#:min [1, 6, 9] 6 4 
E:maj [4, 8, 11] 4 4 
D:maj [2, 6, 9] 2 4 
C#:maj [1, 5, 8] 1 12 
F#:min [1, 6, 9] 6 3 
F#:maj [1, 6, 10] 6 3 
