Bb:maj [2, 5, 10] 10 2 
A:min7 [0, 4, 7, 9] 9 2 
G:min/5 [2, 7, 10] 2 2 
F:maj [0, 5, 9] 5 2 
Bb:maj [2, 5, 10] 10 2 
A:maj [1, 4, 9] 9 2 
G:min [2, 7, 10] 7 4 
C:maj [0, 4, 7] 0 4 
F:maj [0, 5, 9] 5 4 
D:min [2, 5, 9] 2 4 
Bb:maj [2, 5, 10] 10 4 
F:maj [0, 5, 9] 5 4 
Bb:maj [2, 5, 10] 10 4 
F:maj [0, 5, 9] 5 1 
C:maj [0, 4, 7] 0 1 
D:min [2, 5, 9] 2 2 
G:min [2, 7, 10] 7 4 
C:maj [0, 4, 7] 0 4 
F:maj [0, 5, 9] 5 4 
D:min [2, 5, 9] 2 4 
Bb:maj [2, 5, 10] 10 4 
F:maj [0, 5, 9] 5 4 
Bb:maj [2, 5, 10] 10 4 
F:maj [0, 5, 9] 5 1 
C:maj [0, 4, 7] 0 1 
D:min [2, 5, 9] 2 2 
G:min7 [2, 5, 7, 10] 7 2 
C:maj [0, 4, 7] 0 2 
F:maj [0, 5, 9] 5 4 
Bb:maj [2, 5, 10] 10 2 
A:min [0, 4, 9] 9 2 
G:min [2, 7, 10] 7 2 
F:maj7 [0, 3, 5, 9] 5 2 
D:min [2, 5, 9] 2 2 
A:min [0, 4, 9] 9 2 
Bb:maj [2, 5, 10] 10 2 
C:maj [0, 4, 7] 0 6 
F:maj [0, 5, 9] 5 2 
D:min [2, 5, 9] 2 2 
Bb:maj [2, 5, 10] 10 2 
C:maj [0, 4, 7] 0 2 
Bb:maj [2, 5, 10] 10 2 
A:min [0, 4, 9] 9 2 
G:min [2, 7, 10] 7 2 
C:maj [0, 4, 7] 0 2 
F:maj [0, 5, 9] 5 2 
D:min [2, 5, 9] 2 2 
Bb:maj [2, 5, 10] 10 2 
C:maj [0, 4, 7] 0 2 
Bb:maj [2, 5, 10] 10 2 
A:min [0, 4, 9] 9 1 
D:min [2, 5, 9] 2 1 
G:min [2, 7, 10] 7 1 
C:maj [0, 4, 7] 0 1 
F:maj [0, 5, 9] 5 6 
Bb:maj [2, 5, 10] 10 2 
A:min7 [0, 4, 7, 9] 9 2 
G:min/5 [2, 7, 10] 2 2 
F:maj [0, 5, 9] 5 2 
Bb:maj [2, 5, 10] 10 2 
A:maj [1, 4, 9] 9 2 
G:min [2, 7, 10] 7 4 
C:maj [0, 4, 7] 0 4 
F:maj [0, 5, 9] 5 4 
D:min [2, 5, 9] 2 4 
Bb:maj [2, 5, 10] 10 4 
F:maj [0, 5, 9] 5 4 
Bb:maj [2, 5, 10] 10 4 
F:maj [0, 5, 9] 5 1 
C:maj [0, 4, 7] 0 1 
D:min [2, 5, 9] 2 2 
G:min7 [2, 5, 7, 10] 7 2 
C:maj [0, 4, 7] 0 2 
F:maj [0, 5, 9] 5 4 
Bb:maj [2, 5, 10] 10 2 
A:min [0, 4, 9] 9 2 
G:min [2, 7, 10] 7 2 
F:maj7 [0, 3, 5, 9] 5 2 
D:min [2, 5, 9] 2 2 
A:min [0, 4, 9] 9 2 
Bb:maj [2, 5, 10] 10 2 
C:maj [0, 4, 7] 0 6 
F:maj [0, 5, 9] 5 2 
D:min [2, 5, 9] 2 2 
Bb:maj [2, 5, 10] 10 2 
C:maj [0, 4, 7] 0 2 
Bb:maj [2, 5, 10] 10 2 
A:min [0, 4, 9] 9 2 
G:min [2, 7, 10] 7 2 
C:maj [0, 4, 7] 0 2 
F:maj [0, 5, 9] 5 2 
D:min [2, 5, 9] 2 2 
Bb:maj [2, 5, 10] 10 2 
C:maj [0, 4, 7] 0 2 
Bb:maj [2, 5, 10] 10 2 
A:min [0, 4, 9] 9 1 
D:min [2, 5, 9] 2 1 
G:min [2, 7, 10] 7 1 
C:maj [0, 4, 7] 0 1 
F:maj [0, 5, 9] 5 6 
Bb:maj [2, 5, 10] 10 2 
A:min7 [0, 4, 7, 9] 9 2 
G:min7 [2, 5, 7, 10] 7 2 
F:maj [0, 5, 9] 5 2 
Bb:maj [2, 5, 10] 10 2 
A:maj [1, 4, 9] 9 2 
G:min [2, 7, 10] 7 4 
Bb:maj [2, 5, 10] 10 2 
A:min7 [0, 4, 7, 9] 9 2 
G:min/5 [2, 7, 10] 2 2 
F:maj [0, 5, 9] 5 2 
Bb:maj [2, 5, 10] 10 2 
A:maj [1, 4, 9] 9 2 
G:min [2, 7, 10] 7 4 
C:maj [0, 4, 7] 0 4 
F:maj [0, 5, 9] 5 1 
