C:maj [0, 4, 7] 0 10 
E:min [4, 7, 11] 4 2 
A:min [0, 4, 9] 9 2 
E:min [4, 7, 11] 4 2 
D:min [2, 5, 9] 2 2 
A:min [0, 4, 9] 9 2 
F:maj [0, 5, 9] 5 2 
G:maj [2, 7, 11] 7 2 
C:maj [0, 4, 7] 0 2 
E:min7 [2, 4, 7, 11] 4 2 
A:min [0, 4, 9] 9 2 
E:min [4, 7, 11] 4 2 
D:min7 [0, 2, 5, 9] 2 2 
A:min [0, 4, 9] 9 2 
E:min [4, 7, 11] 4 2 
A:sus2 [4, 9, 11] 9 2 
C:maj [0, 4, 7] 0 2 
A:min [0, 4, 9] 9 2 
E:min [4, 7, 11] 4 2 
A:min [0, 4, 9] 9 2 
F:maj [0, 5, 9] 5 2 
C:maj [0, 4, 7] 0 2 
D:min [2, 5, 9] 2 2 
G:maj [2, 7, 11] 7 2 
C:maj [0, 4, 7] 0 2 
A:min [0, 4, 9] 9 2 
E:min [4, 7, 11] 4 2 
A:min [0, 4, 9] 9 2 
D:7 [0, 2, 6, 9] 2 4 
G:maj [2, 7, 11] 7 4 
C:sus2 [0, 2, 7] 0 2 
E:min [4, 7, 11] 4 2 
A:min [0, 4, 9] 9 2 
E:min [4, 7, 11] 4 2 
D:min7 [0, 2, 5, 9] 2 2 
A:min [0, 4, 9] 9 2 
E:min7 [2, 4, 7, 11] 4 2 
A:sus2 [4, 9, 11] 9 2 
D:min [2, 5, 9] 2 2 
A:min [0, 4, 9] 9 2 
E:min7 [2, 4, 7, 11] 4 2 
A:min [0, 4, 9] 9 2 
D:min [2, 5, 9] 2 2 
A:min [0, 4, 9] 9 2 
G:maj [2, 7, 11] 7 4 
C:maj [0, 4, 7] 0 1 
G:maj [2, 7, 11] 7 3 
C:maj [0, 4, 7] 0 1 
F:maj [0, 5, 9] 5 3 
C:maj [0, 4, 7] 0 1 
G:sus2 [2, 7, 9] 7 3 
C:maj [0, 4, 7] 0 1 
F:maj [0, 5, 9] 5 3 
C:maj [0, 4, 7] 0 2 
E:min [4, 7, 11] 4 2 
A:min [0, 4, 9] 9 2 
E:min [4, 7, 11] 4 2 
D:min [2, 5, 9] 2 2 
A:min [0, 4, 9] 9 2 
F:maj [0, 5, 9] 5 2 
G:maj [2, 7, 11] 7 2 
C:maj [0, 4, 7] 0 2 
E:min7 [2, 4, 7, 11] 4 2 
A:min [0, 4, 9] 9 2 
E:min [4, 7, 11] 4 2 
D:min7 [0, 2, 5, 9] 2 2 
A:min [0, 4, 9] 9 2 
E:min7 [2, 4, 7, 11] 4 2 
A:sus2 [4, 9, 11] 9 2 
C:maj [0, 4, 7] 0 2 
A:min [0, 4, 9] 9 2 
E:min [4, 7, 11] 4 2 
A:min [0, 4, 9] 9 2 
F:maj [0, 5, 9] 5 2 
C:maj [0, 4, 7] 0 2 
D:min [2, 5, 9] 2 2 
G:maj [2, 7, 11] 7 2 
C:maj [0, 4, 7] 0 2 
A:min [0, 4, 9] 9 2 
E:min [4, 7, 11] 4 2 
A:min [0, 4, 9] 9 2 
D:7 [0, 2, 6, 9] 2 4 
G:maj [2, 7, 11] 7 4 
C:sus2 [0, 2, 7] 0 2 
E:min [4, 7, 11] 4 2 
A:min [0, 4, 9] 9 2 
E:min [4, 7, 11] 4 2 
D:min7 [0, 2, 5, 9] 2 2 
A:min [0, 4, 9] 9 2 
E:min [4, 7, 11] 4 2 
A:min [0, 4, 9] 9 2 
C:maj [0, 4, 7] 0 2 
A:min [0, 4, 9] 9 2 
E:min [4, 7, 11] 4 2 
A:min [0, 4, 9] 9 2 
F:maj [0, 5, 9] 5 2 
C:maj [0, 4, 7] 0 2 
D:min [2, 5, 9] 2 2 
G:maj [2, 7, 11] 7 2 
C:maj [0, 4, 7] 0 2 
A:min [0, 4, 9] 9 2 
E:min [4, 7, 11] 4 2 
A:min [0, 4, 9] 9 2 
D:7 [0, 2, 6, 9] 2 4 
G:maj [2, 7, 11] 7 4 
C:sus2 [0, 2, 7] 0 2 
E:min [4, 7, 11] 4 2 
A:min [0, 4, 9] 9 2 
E:min [4, 7, 11] 4 2 
D:min7 [0, 2, 5, 9] 2 2 
A:min [0, 4, 9] 9 2 
E:min7 [2, 4, 7, 11] 4 2 
A:min [0, 4, 9] 9 2 
D:min [2, 5, 9] 2 2 
A:min [0, 4, 9] 9 2 
G:maj [2, 7, 11] 7 2 
A:sus2 [4, 9, 11] 9 2 
D:min/b3 [2, 5, 9] 5 2 
A:min [0, 4, 9] 9 2 
E:min7 [2, 4, 7, 11] 4 3 
A:sus2 [4, 9, 11] 9 2 
