Bb:maj [2, 5, 10] 10 4 
F:maj/3 [0, 5, 9] 9 4 
Eb:maj [3, 7, 10] 3 4 
F:maj [0, 5, 9] 5 4 
Eb:maj [3, 7, 10] 3 4 
Bb:maj [2, 5, 10] 10 4 
Eb:maj [3, 7, 10] 3 4 
F:maj [0, 5, 9] 5 4 
Bb:maj [2, 5, 10] 10 4 
F:maj [0, 5, 9] 5 4 
G:min [2, 7, 10] 7 4 
F:maj [0, 5, 9] 5 4 
Eb:maj [3, 7, 10] 3 4 
Bb:maj [2, 5, 10] 10 4 
Eb:maj [3, 7, 10] 3 4 
F:maj [0, 5, 9] 5 4 
Bb:maj [2, 5, 10] 10 4 
F:maj [0, 5, 9] 5 4 
G:min [2, 7, 10] 7 4 
F:maj [0, 5, 9] 5 4 
Eb:maj [3, 7, 10] 3 4 
Bb:maj [2, 5, 10] 10 4 
Eb:maj [3, 7, 10] 3 4 
F:maj [0, 5, 9] 5 4 
Bb:maj [2, 5, 10] 10 2 
F:maj/3 [0, 5, 9] 9 2 
G:min [2, 7, 10] 7 2 
F:maj [0, 5, 9] 5 2 
Eb:maj [3, 7, 10] 3 2 
D:min [2, 5, 9] 2 2 
Eb:maj [3, 7, 10] 3 2 
F:maj [0, 5, 9] 5 2 
Bb:maj [2, 5, 10] 10 2 
F:maj/3 [0, 5, 9] 9 2 
G:min [2, 7, 10] 7 2 
F:maj [0, 5, 9] 5 2 
Eb:maj [3, 7, 10] 3 2 
D:min [2, 5, 9] 2 2 
Eb:maj [3, 7, 10] 3 2 
F:maj [0, 5, 9] 5 2 
Bb:maj [2, 5, 10] 10 8 
F:maj [0, 5, 9] 5 4 
G:min [2, 7, 10] 7 4 
F:maj [0, 5, 9] 5 4 
Eb:maj [3, 7, 10] 3 4 
Bb:maj [2, 5, 10] 10 4 
Eb:maj [3, 7, 10] 3 4 
F:maj [0, 5, 9] 5 4 
Bb:maj [2, 5, 10] 10 2 
F:maj [0, 5, 9] 5 2 
G:min [2, 7, 10] 7 2 
F:maj [0, 5, 9] 5 2 
Eb:maj [3, 7, 10] 3 2 
D:min [2, 5, 9] 2 2 
Eb:maj [3, 7, 10] 3 2 
F:maj [0, 5, 9] 5 2 
Bb:maj [2, 5, 10] 10 2 
F:maj [0, 5, 9] 5 2 
G:min [2, 7, 10] 7 2 
F:maj [0, 5, 9] 5 2 
Eb:maj [3, 7, 10] 3 2 
Bb:maj [2, 5, 10] 10 2 
Eb:maj [3, 7, 10] 3 3 
B:maj [3, 6, 11] 11 3 
F#:maj [1, 6, 10] 6 2 
Ab:min [3, 8, 11] 8 3 
F#:maj [1, 6, 10] 6 1 
E:maj [4, 8, 11] 4 2 
Eb:min [3, 6, 10] 3 2 
E:maj [4, 8, 11] 4 2 
F#:maj [1, 6, 10] 6 2 
B:maj [3, 6, 11] 11 2 
F#:maj [1, 6, 10] 6 2 
Ab:min [3, 8, 11] 8 2 
F#:maj [1, 6, 10] 6 2 
E:maj [4, 8, 11] 4 2 
B:maj [3, 6, 11] 11 2 
E:maj [4, 8, 11] 4 2 
F#:maj [1, 6, 10] 6 2 
B:maj [3, 6, 11] 11 2 
F#:maj [1, 6, 10] 6 2 
Ab:min [3, 8, 11] 8 2 
F#:maj [1, 6, 10] 6 2 
E:maj [4, 8, 11] 4 2 
B:maj [3, 6, 11] 11 2 
E:maj [4, 8, 11] 4 2 
F#:maj [1, 6, 10] 6 2 
B:maj [3, 6, 11] 11 3 
