0 160
64 1
0 2
64 1
64 1
0 1
64 1
0 1
71 2
0 2
71 3
0 1
69 1
0 1
67 1
0 1
69 1
0 1
71 1
0 1
71 2
0 6
64 1
0 2
64 1
64 1
0 1
64 1
0 1
69 1
0 3
69 1
0 3
67 1
0 1
64 1
0 1
67 1
0 1
69 1
0 1
69 2
0 6
71 1
0 1
71 1
0 1
71 1
0 1
71 1
0 1
76 2
0 2
76 1
0 3
74 1
0 1
71 1
0 1
71 1
0 1
74 1
0 1
64 4
0 4
69 2
0 1
69 1
69 1
0 1
67 1
0 1
71 2
0 2
69 1
0 3
62 1
0 1
59 1
0 1
62 1
0 1
64 1
0 1
64 2
0 6
64 1
0 2
64 1
64 1
0 1
64 1
0 1
71 1
0 3
71 2
0 2
69 1
0 1
67 1
0 1
69 1
0 1
71 1
0 1
71 2
0 6
64 1
0 2
64 1
64 1
0 1
64 1
0 1
69 2
0 2
69 2
0 2
67 1
0 1
64 1
0 1
67 1
0 1
69 1
0 1
69 2
0 6
71 1
0 1
71 1
0 1
71 1
0 1
71 1
0 1
76 2
0 2
76 1
0 3
74 1
0 1
71 1
0 1
71 1
0 1
74 1
0 1
64 2
0 6
69 1
0 1
69 1
0 1
69 1
0 1
67 1
0 1
71 2
0 2
71 1
0 3
62 1
0 3
59 1
0 1
62 1
0 1
64 2
0 6
64 2
0 2
67 1
0 1
64 1
0 1
71 3
0 1
71 1
0 3
67 2
0 2
64 1
0 1
62 1
0 1
64 3
0 5
67 2
0 1
67 1
64 1
0 1
62 1
0 1
67 2
0 1
67 1
64 1
0 1
62 1
0 1
67 3
67 1
69 1
0 1
71 1
0 1
71 2
0 6
71 3
0 1
74 3
0 1
72 3
0 1
72 2
0 2
71 1
0 1
71 1
0 1
71 1
0 1
69 1
0 1
67 2
0 6
69 2
0 1
69 1
69 1
0 1
67 1
0 1
69 1
0 1
71 1
0 1
69 1
0 3
62 1
0 1
59 1
0 1
62 1
0 1
64 1
0 1
64 2
0 6
64 3
0 1
67 1
0 1
64 1
0 1
71 3
0 1
71 2
0 2
67 2
0 2
64 1
0 1
62 1
0 1
64 3
0 5
67 2
0 1
67 1
64 1
0 1
62 1
0 1
67 1
0 2
67 1
64 1
0 1
62 1
0 1
67 3
67 1
69 1
0 1
71 1
0 1
71 2
0 6
71 3
0 1
71 1
0 1
74 1
0 1
72 3
0 1
72 2
0 2
71 3
0 1
71 1
0 1
69 1
0 1
67 2
0 6
69 1
0 1
69 1
0 1
69 1
0 1
67 1
0 1
69 1
0 1
71 1
0 1
69 2
0 2
62 2
0 1
62 1
67 1
0 1
66 1
0 1
64 3
0 5
64 1
0 2
64 1
64 1
0 1
64 1
0 1
71 2
0 2
71 3
0 1
69 1
0 1
67 1
0 1
69 1
0 1
71 1
0 1
71 2
0 6
64 1
0 2
64 1
64 1
0 1
64 1
0 1
69 1
0 3
69 1
0 3
67 1
0 1
64 1
0 1
67 1
0 1
69 1
0 1
69 2
0 6
71 1
0 1
71 1
0 1
71 1
0 1
71 1
0 1
76 2
0 2
76 1
0 3
74 1
0 1
71 1
0 1
71 1
0 1
74 1
0 1
64 4
0 4
69 2
0 1
69 1
69 1
0 1
67 1
0 1
71 2
0 2
69 1
0 3
62 1
0 1
59 1
0 1
62 1
0 1
64 1
0 1
64 2
0 6
64 1
0 2
64 1
64 1
0 1
64 1
0 1
71 1
0 3
71 2
0 2
69 1
0 1
67 1
0 1
69 1
0 1
71 1
0 1
71 2
0 6
64 1
0 2
64 1
64 1
0 1
64 1
0 1
69 2
0 2
69 2
0 2
67 1
0 1
64 1
0 1
67 1
0 1
69 1
0 1
69 2
0 6
71 1
0 1
71 1
0 1
71 1
0 1
71 1
0 1
76 2
0 2
76 1
0 3
74 1
0 1
71 1
0 1
71 1
0 1
74 1
0 1
64 2
0 6
69 1
0 1
69 1
0 1
69 1
0 1
67 1
0 1
71 2
0 2
71 1
0 3
62 1
0 3
59 1
0 1
62 1
0 1
64 2
0 134
64 2
0 2
67 1
0 1
64 1
0 1
71 3
0 1
71 1
0 3
67 2
0 2
64 1
0 1
62 1
0 1
64 3
0 5
67 2
0 1
67 1
64 1
0 1
62 1
0 1
67 2
0 1
67 1
64 1
0 1
62 1
0 1
67 3
67 1
69 1
0 1
71 1
0 1
71 2
0 6
71 3
0 1
74 3
0 1
72 3
0 1
72 2
0 2
71 1
0 1
71 1
0 1
71 1
0 1
69 1
0 1
67 2
0 6
69 2
0 1
69 1
69 1
0 1
67 1
0 1
69 1
0 1
71 1
0 1
69 1
0 3
62 1
0 1
59 1
0 1
62 1
0 1
64 1
0 1
64 2
0 6
64 1
0 2
64 1
64 1
0 1
64 1
0 1
71 1
0 3
71 2
0 2
69 1
0 1
67 1
0 1
69 1
0 1
71 1
0 1
71 2
0 6
64 1
0 2
64 1
64 1
0 1
64 1
0 1
69 2
0 2
69 2
0 2
67 1
0 1
64 1
0 1
67 1
0 1
69 1
0 1
69 2
0 6
71 1
0 1
71 1
0 1
71 1
0 1
71 1
0 1
76 2
0 2
76 1
0 3
74 1
0 1
71 1
0 1
71 1
0 1
74 1
0 1
64 2
0 6
69 1
0 1
69 1
0 1
69 1
0 1
67 1
0 1
71 2
0 2
71 1
0 3
62 1
0 3
59 1
0 1
62 1
0 1
64 2
0 6
64 1
0 2
64 1
64 1
0 1
64 1
0 1
71 2
0 2
71 3
0 1
69 1
0 1
67 1
0 1
69 1
0 1
71 1
0 1
71 2
0 6
64 1
0 2
64 1
64 1
0 1
64 1
0 1
69 1
0 3
69 1
0 3
67 1
0 1
64 1
0 1
67 1
0 1
69 1
0 1
69 2
0 6
71 1
0 1
71 1
0 1
71 1
0 1
71 1
0 1
76 2
0 2
76 1
0 3
74 1
0 1
71 1
0 1
71 1
0 1
74 1
0 1
64 4
0 4
69 2
0 1
69 1
69 1
0 1
67 1
0 1
71 2
0 2
71 1
0 3
62 1
0 2
59 1
0 2
62 1
0 1
64 5
0 3
69 2
0 1
69 1
69 1
0 1
67 1
0 1
71 2
0 2
71 1
0 3
74 1
0 2
71 1
0 2
74 1
0 1
76 12
