Ab:maj [0, 3, 8] 8 4 
F:min [0, 5, 8] 5 4 
Bb:min [1, 5, 10] 10 4 
Eb:sus2 [3, 5, 10] 3 4 
Ab:maj [0, 3, 8] 8 4 
F:min [0, 5, 8] 5 4 
Bb:min [1, 5, 10] 10 2 
Eb:sus2 [3, 5, 10] 3 2 
Ab:sus2 [3, 8, 10] 8 16 
Eb:sus2 [3, 5, 10] 3 4 
C:min [0, 3, 7] 0 4 
F:maj [0, 5, 9] 5 2 
F:min [0, 5, 8] 5 2 
Bb:min [1, 5, 10] 10 4 
Eb:sus2 [3, 5, 10] 3 4 
Ab:maj [0, 3, 8] 8 12 
Eb:sus2 [3, 5, 10] 3 4 
C:min [0, 3, 7] 0 4 
F:maj [0, 5, 9] 5 2 
Bb:7 [2, 5, 8, 10] 10 2 
Bb:min [1, 5, 10] 10 2 
Eb:sus2 [3, 5, 10] 3 2 
Ab:maj/5 [0, 3, 8] 3 8 
C:min [0, 3, 7] 0 4 
F:min [0, 5, 8] 5 4 
Eb:maj [3, 7, 10] 3 4 
C:min [0, 3, 7] 0 4 
F:min [0, 5, 8] 5 4 
Bb:min [1, 5, 10] 10 4 
Eb:maj [3, 7, 10] 3 4 
Ab:maj [0, 3, 8] 8 4 
C:min [0, 3, 7] 0 4 
F:min [0, 5, 8] 5 4 
Eb:maj [3, 7, 10] 3 4 
C:min [0, 3, 7] 0 4 
F:min [0, 5, 8] 5 4 
Bb:min [1, 5, 10] 10 4 
Eb:maj [3, 7, 10] 3 4 
Bb:min [1, 5, 10] 10 2 
Eb:maj [3, 7, 10] 3 2 
Ab:maj [0, 3, 8] 8 8 
F:min [0, 5, 8] 5 4 
Bb:min [1, 5, 10] 10 4 
Eb:sus2 [3, 5, 10] 3 4 
Ab:maj [0, 3, 8] 8 4 
F:min [0, 5, 8] 5 4 
Bb:min [1, 5, 10] 10 2 
Eb:sus2 [3, 5, 10] 3 2 
Ab:sus2 [3, 8, 10] 8 16 
Eb:sus2 [3, 5, 10] 3 4 
C:min [0, 3, 7] 0 4 
F:maj [0, 5, 9] 5 2 
D:dim [2, 5, 8] 2 2 
Bb:min [1, 5, 10] 10 4 
Eb:sus2 [3, 5, 10] 3 4 
Ab:maj [0, 3, 8] 8 12 
Eb:sus2 [3, 5, 10] 3 4 
C:min [0, 3, 7] 0 4 
F:maj [0, 5, 9] 5 2 
Bb:7 [2, 5, 8, 10] 10 2 
Bb:min [1, 5, 10] 10 2 
Eb:sus2 [3, 5, 10] 3 2 
Ab:maj/5 [0, 3, 8] 3 8 
C:min [0, 3, 7] 0 4 
F:min [0, 5, 8] 5 4 
Eb:maj [3, 7, 10] 3 4 
C:min [0, 3, 7] 0 4 
F:min [0, 5, 8] 5 4 
Bb:min [1, 5, 10] 10 4 
Eb:maj [3, 7, 10] 3 4 
Ab:maj [0, 3, 8] 8 4 
C:min [0, 3, 7] 0 4 
F:min [0, 5, 8] 5 4 
Eb:maj [3, 7, 10] 3 4 
C:min [0, 3, 7] 0 4 
F:min [0, 5, 8] 5 4 
Bb:min [1, 5, 10] 10 4 
Eb:maj [3, 7, 10] 3 4 
Bb:min [1, 5, 10] 10 2 
Eb:maj [3, 7, 10] 3 2 
Ab:maj [0, 3, 8] 8 4 
Bb:min [1, 5, 10] 10 3 
Eb:maj [3, 7, 10] 3 5 
Ab:sus2 [3, 8, 10] 8 4 
F:min [0, 5, 8] 5 4 
Bb:sus4(b7) [3, 5, 10] 10 3 
Eb:sus2 [3, 5, 10] 3 3 
Ab:maj [0, 3, 8] 8 7 
