D:maj [2, 6, 9] 2 2 
A:maj/b7 [1, 4, 9] 7 2 
F#:min [1, 6, 9] 6 2 
B:maj [3, 6, 11] 11 2 
E:sus2 [4, 6, 11] 4 2 
A:maj/3 [1, 4, 9] 1 1 
D:maj [2, 6, 9] 2 1 
C:maj [0, 4, 7] 0 4 
A:maj [1, 4, 9] 9 4 
D:maj [2, 6, 9] 2 2 
D:maj(9) [0, 2, 4, 6, 9] 2 2 
A:sus2 [4, 9, 11] 9 4 
G:maj [2, 7, 11] 7 2 
E:min [4, 7, 11] 4 2 
A:maj [1, 4, 9] 9 4 
D:maj [2, 6, 9] 2 2 
G:maj [2, 7, 11] 7 2 
A:maj [1, 4, 9] 9 1 
Eb:maj/5 [3, 7, 10] 10 1 
B:min [2, 6, 11] 11 2 
E:min [4, 7, 11] 4 2 
A:maj [1, 4, 9] 9 2 
G:maj7/5 [2, 5, 7, 11] 2 6 
G:maj [2, 7, 11] 7 2 
A:maj [1, 4, 9] 9 2 
B:min [2, 6, 11] 11 2 
E:min [4, 7, 11] 4 4 
A:maj [1, 4, 9] 9 2 
A:7 [1, 4, 7, 9] 9 2 
F#:maj [1, 6, 10] 6 2 
G:maj [2, 7, 11] 7 2 
Bb:maj7/7 [2, 5, 8, 10] 9 2 
B:min [2, 6, 11] 11 2 
E:min [4, 7, 11] 4 4 
A:maj [1, 4, 9] 9 4 
D:maj [2, 6, 9] 2 4 
B:sus2 [1, 6, 11] 11 3 
B:min [2, 6, 11] 11 1 
G:maj [2, 7, 11] 7 2 
A:maj [1, 4, 9] 9 2 
D:maj [2, 6, 9] 2 2 
E:sus2 [4, 6, 11] 4 2 
G:maj [2, 7, 11] 7 4 
F#:min [1, 6, 9] 6 2 
B:min [2, 6, 11] 11 2 
E:min [4, 7, 11] 4 4 
C:maj [0, 4, 7] 0 2 
A:maj [1, 4, 9] 9 2 
D:maj [2, 6, 9] 2 4 
B:sus2 [1, 6, 11] 11 2 
D:7 [0, 2, 6, 9] 2 2 
G:maj [2, 7, 11] 7 2 
A:maj [1, 4, 9] 9 2 
D:maj [2, 6, 9] 2 2 
E:sus4(b7) [4, 9, 11] 4 1 
F#:maj [1, 6, 10] 6 1 
G:maj [2, 7, 11] 7 4 
F#:min [1, 6, 9] 6 2 
B:min [2, 6, 11] 11 2 
E:min [4, 7, 11] 4 2 
A:maj [1, 4, 9] 9 2 
G:sus2 [2, 7, 9] 7 2 
A:sus4 [2, 4, 9] 9 2 
A:maj [1, 4, 9] 9 4 
G:sus2 [2, 7, 9] 7 2 
A:maj [1, 4, 9] 9 2 
C:maj [0, 4, 7] 0 1 
A:maj [1, 4, 9] 9 3 
D:maj [2, 6, 9] 2 2 
G:maj [2, 7, 11] 7 2 
A:maj [1, 4, 9] 9 2 
B:min [2, 6, 11] 11 2 
E:min [4, 7, 11] 4 4 
A:maj [1, 4, 9] 9 2 
A:7 [1, 4, 7, 9] 9 2 
F#:maj [1, 6, 10] 6 2 
G:maj [2, 7, 11] 7 2 
Bb:maj7/7 [2, 5, 8, 10] 9 2 
B:min [2, 6, 11] 11 2 
E:min [4, 7, 11] 4 4 
A:maj [1, 4, 9] 9 4 
D:maj [2, 6, 9] 2 4 
B:sus2 [1, 6, 11] 11 3 
B:min [2, 6, 11] 11 1 
G:maj [2, 7, 11] 7 2 
A:maj [1, 4, 9] 9 2 
D:maj [2, 6, 9] 2 2 
E:sus2 [4, 6, 11] 4 2 
G:maj [2, 7, 11] 7 4 
F#:min [1, 6, 9] 6 2 
B:min [2, 6, 11] 11 2 
E:min [4, 7, 11] 4 2 
E:maj [4, 8, 11] 4 2 
A:sus4(b7,9) [1, 4, 7, 9, 11] 9 2 
Bb:maj [2, 5, 10] 10 2 
Eb:maj [3, 7, 10] 3 4 
C:maj [0, 4, 7] 0 3 
Eb:maj [3, 7, 10] 3 1 
Ab:maj [0, 3, 8] 8 2 
Bb:maj [2, 5, 10] 10 2 
Bb:min7 [1, 5, 8, 10] 10 2 
Eb:maj [3, 7, 10] 3 2 
Ab:maj [0, 3, 8] 8 4 
G:min [2, 7, 10] 7 2 
C:min [0, 3, 7] 0 2 
F:min [0, 5, 8] 5 2 
Bb:maj [2, 5, 10] 10 2 
Eb:maj [3, 7, 10] 3 2 
C:min [0, 3, 7] 0 2 
Ab:maj [0, 3, 8] 8 2 
Bb:maj [2, 5, 10] 10 2 
G:min [2, 7, 10] 7 2 
C:min [0, 3, 7] 0 2 
F:min [0, 5, 8] 5 2 
G:min/b3 [2, 7, 10] 10 4 
Eb:maj [3, 7, 10] 3 2 
Bb:maj/b7 [2, 5, 10] 8 2 
G:min [2, 7, 10] 7 2 
F#:maj [1, 6, 10] 6 1 
Ab:maj [0, 3, 8] 8 1 
C:maj/3 [0, 4, 7] 4 1 
C:maj [0, 4, 7] 0 4 
