0 80
69 2
62 1
0 1
62 3
0 1
69 2
71 2
73 2
69 3
0 1
67 2
69 2
66 8
0 2
69 1
0 1
62 1
0 1
62 2
0 2
69 2
71 2
69 2
67 2
0 2
66 2
67 2
64 6
0 4
69 2
62 2
62 2
69 3
0 1
71 2
73 1
0 1
69 3
0 1
71 1
0 1
73 1
0 1
74 4
0 5
62 1
69 1
0 1
62 1
0 1
62 1
0 1
69 2
67 1
0 1
66 2
0 2
64 3
0 1
62 10
0 4
69 2
62 1
62 3
69 4
71 2
73 2
69 3
0 1
67 2
69 2
66 8
0 2
69 1
0 1
62 1
0 1
62 2
0 2
69 2
71 2
69 2
67 2
0 2
66 2
67 2
64 6
0 4
69 2
62 2
62 2
69 3
0 1
71 2
73 1
0 1
69 3
0 1
71 1
0 1
73 1
0 1
74 4
0 5
69 1
69 1
0 1
69 1
0 1
69 1
0 1
74 3
0 1
69 1
0 1
74 1
0 1
76 9
0 3
69 1
0 1
76 2
0 1
73 1
74 3
0 3
69 1
0 1
66 2
69 1
0 1
76 2
0 1
73 1
74 5
0 2
69 1
66 2
69 1
0 1
76 2
78 2
74 4
74 1
0 1
74 1
73 2
0 1
71 1
0 1
69 1
0 1
67 2
69 6
0 4
62 1
0 1
74 2
73 1
0 1
71 3
0 3
66 1
0 1
64 2
66 2
73 2
0 2
71 2
69 2
0 3
69 1
74 2
76 1
76 1
0 1
78 2
0 1
71 2
71 1
0 1
73 1
74 1
0 2
78 1
0 1
76 1
76 2
0 1
74 1
76 8
0 3
69 1
0 1
76 2
0 1
73 1
74 3
0 3
69 1
0 1
66 2
69 1
0 1
76 2
0 1
73 1
74 5
0 2
69 1
66 2
69 1
0 1
76 2
78 2
74 4
74 1
0 1
74 1
73 2
0 1
71 1
0 1
69 1
0 1
67 2
69 6
0 4
62 1
0 1
74 2
73 1
0 1
71 3
0 3
66 1
0 1
64 2
66 2
73 2
0 2
71 2
69 2
0 3
69 1
74 2
76 1
76 1
0 1
78 2
0 1
71 2
71 1
0 1
73 1
74 1
0 2
74 3
0 1
73 2
74 8
0 58
69 2
62 1
62 3
69 4
71 2
73 2
69 3
0 1
67 2
69 2
66 8
0 2
69 1
0 1
62 1
0 1
62 2
0 2
69 2
71 2
69 2
67 2
0 2
66 2
67 2
64 6
0 4
69 2
62 2
62 2
69 3
0 1
71 2
73 1
0 1
69 3
0 1
71 1
0 1
73 1
0 1
74 4
0 5
69 1
69 1
0 1
69 1
0 1
69 1
0 1
74 3
0 1
69 1
0 1
74 1
0 1
76 9
0 3
69 1
0 1
76 2
0 1
73 1
74 3
0 3
69 1
0 1
66 2
69 1
0 1
76 2
0 1
73 1
74 5
0 2
69 1
66 2
69 1
0 1
76 2
78 2
74 4
74 1
0 1
74 1
73 2
0 1
71 1
0 1
69 1
0 1
67 2
69 6
0 4
62 1
0 1
74 2
73 1
0 1
71 3
0 3
66 1
0 1
64 2
66 2
73 2
0 2
71 2
69 2
0 3
69 1
74 2
76 1
76 1
0 1
78 2
0 1
71 2
71 1
0 1
73 1
74 1
0 2
78 1
0 1
76 1
76 2
0 1
74 1
76 8
0 3
70 1
0 1
77 2
0 1
74 1
75 3
0 3
70 1
0 1
67 2
70 1
0 1
77 2
0 1
74 1
75 5
0 2
70 1
67 2
70 1
0 1
77 2
79 2
75 4
75 1
0 1
75 1
74 2
0 1
72 1
0 1
70 1
0 1
68 2
70 6
0 4
63 1
0 1
75 2
74 1
0 1
72 3
0 3
67 1
0 1
65 2
67 2
74 2
0 2
72 2
70 2
0 3
70 1
75 2
77 1
77 1
0 1
79 2
0 1
72 2
72 1
0 1
74 1
75 1
0 2
75 3
0 1
74 2
75 8
0 4
63 1
0 1
75 2
74 1
0 1
72 3
0 3
67 1
0 1
65 2
67 2
74 2
0 2
72 2
70 2
0 3
70 1
75 2
77 1
77 1
0 1
79 2
0 1
72 2
72 1
0 1
74 1
75 1
0 2
75 3
0 1
74 10
0 2
75 19
