Eb:min [3, 6, 10] 3 4 
C#:maj [1, 5, 8] 1 4 
B:maj [3, 6, 11] 11 2 
C#:maj [1, 5, 8] 1 2 
Eb:min [3, 6, 10] 3 8 
C#:maj [1, 5, 8] 1 4 
B:maj [3, 6, 11] 11 2 
C#:maj [1, 5, 8] 1 2 
Eb:min [3, 6, 10] 3 8 
C#:maj [1, 5, 8] 1 4 
B:maj [3, 6, 11] 11 2 
C#:maj [1, 5, 8] 1 2 
Eb:min [3, 6, 10] 3 8 
C#:maj [1, 5, 8] 1 4 
B:maj [3, 6, 11] 11 2 
C#:maj [1, 5, 8] 1 2 
Eb:sus2 [3, 5, 10] 3 4 
B:maj [3, 6, 11] 11 2 
C#:maj [1, 5, 8] 1 2 
Eb:min [3, 6, 10] 3 4 
Ab:min/b3 [3, 8, 11] 11 2 
C#:maj [1, 5, 8] 1 2 
B:maj [3, 6, 11] 11 4 
F#:maj [1, 6, 10] 6 2 
C#:maj [1, 5, 8] 1 2 
Eb:min [3, 6, 10] 3 2 
Bb:min [1, 5, 10] 10 2 
B:maj [3, 6, 11] 11 2 
C#:maj [1, 5, 8] 1 2 
F#:maj [1, 6, 10] 6 2 
C#:maj [1, 5, 8] 1 2 
F#:maj [1, 6, 10] 6 2 
C#:maj [1, 5, 8] 1 2 
Eb:min7 [1, 3, 6, 10] 3 2 
Bb:min [1, 5, 10] 10 2 
B:maj [3, 6, 11] 11 2 
C#:maj [1, 5, 8] 1 2 
B:maj [3, 6, 11] 11 4 
Eb:min [3, 6, 10] 3 2 
C#:maj [1, 5, 8] 1 2 
B:maj [3, 6, 11] 11 2 
Eb:min [3, 6, 10] 3 4 
C#:maj [1, 5, 8] 1 2 
B:maj [3, 6, 11] 11 4 
Eb:min [3, 6, 10] 3 4 
C#:maj [1, 5, 8] 1 4 
B:maj [3, 6, 11] 11 2 
C#:maj [1, 5, 8] 1 2 
Eb:min [3, 6, 10] 3 8 
C#:maj [1, 5, 8] 1 4 
B:maj [3, 6, 11] 11 2 
C#:maj [1, 5, 8] 1 2 
Eb:sus2 [3, 5, 10] 3 4 
B:maj [3, 6, 11] 11 2 
C#:maj [1, 5, 8] 1 2 
Eb:min [3, 6, 10] 3 4 
Ab:min/b3 [3, 8, 11] 11 2 
C#:maj [1, 5, 8] 1 2 
B:maj [3, 6, 11] 11 4 
F#:maj [1, 6, 10] 6 2 
C#:maj [1, 5, 8] 1 2 
Eb:min [3, 6, 10] 3 2 
Bb:min [1, 5, 10] 10 2 
B:maj [3, 6, 11] 11 2 
C#:maj [1, 5, 8] 1 2 
F#:maj [1, 6, 10] 6 2 
C#:maj [1, 5, 8] 1 2 
F#:maj [1, 6, 10] 6 2 
C#:maj [1, 5, 8] 1 2 
Eb:min7 [1, 3, 6, 10] 3 2 
Bb:min [1, 5, 10] 10 2 
B:maj [3, 6, 11] 11 2 
C#:maj [1, 5, 8] 1 2 
B:maj [3, 6, 11] 11 4 
F#:maj [1, 6, 10] 6 2 
C#:maj [1, 5, 8] 1 2 
Eb:min [3, 6, 10] 3 2 
Bb:min [1, 5, 10] 10 2 
B:maj [3, 6, 11] 11 2 
C#:maj [1, 5, 8] 1 2 
F#:maj [1, 6, 10] 6 2 
C#:maj [1, 5, 8] 1 2 
F#:maj [1, 6, 10] 6 2 
C#:maj [1, 5, 8] 1 2 
Eb:min7 [1, 3, 6, 10] 3 2 
Bb:min [1, 5, 10] 10 2 
B:maj [3, 6, 11] 11 2 
C#:maj [1, 5, 8] 1 2 
B:maj [3, 6, 11] 11 4 
F#:maj [1, 6, 10] 6 2 
C#:maj [1, 5, 8] 1 2 
Eb:min [3, 6, 10] 3 2 
Bb:min [1, 5, 10] 10 2 
B:maj [3, 6, 11] 11 2 
C#:maj [1, 5, 8] 1 2 
F#:maj [1, 6, 10] 6 2 
C#:maj [1, 5, 8] 1 2 
F#:maj [1, 6, 10] 6 2 
C#:maj [1, 5, 8] 1 2 
Eb:min [3, 6, 10] 3 2 
Bb:min [1, 5, 10] 10 2 
B:maj [3, 6, 11] 11 2 
C#:maj [1, 5, 8] 1 2 
B:maj [3, 6, 11] 11 4 
F#:maj [1, 6, 10] 6 2 
C#:maj [1, 5, 8] 1 2 
Eb:min [3, 6, 10] 3 2 
Bb:min [1, 5, 10] 10 2 
B:maj [3, 6, 11] 11 2 
C#:maj [1, 5, 8] 1 2 
F#:maj [1, 6, 10] 6 2 
C#:maj [1, 5, 8] 1 2 
F#:maj [1, 6, 10] 6 2 
C#:maj [1, 5, 8] 1 2 
Eb:min7 [1, 3, 6, 10] 3 2 
Bb:min [1, 5, 10] 10 2 
B:maj [3, 6, 11] 11 2 
C#:maj [1, 5, 8] 1 2 
B:maj [3, 6, 11] 11 4 
F#:maj [1, 6, 10] 6 2 
C#:maj [1, 5, 8] 1 2 
Eb:min [3, 6, 10] 3 2 
Bb:min [1, 5, 10] 10 2 
B:maj [3, 6, 11] 11 2 
C#:maj [1, 5, 8] 1 2 
F#:maj [1, 6, 10] 6 2 
C#:maj [1, 5, 8] 1 2 
F#:maj [1, 6, 10] 6 2 
C#:maj [1, 5, 8] 1 2 
Eb:min7 [1, 3, 6, 10] 3 2 
Bb:min [1, 5, 10] 10 2 
B:maj [3, 6, 11] 11 2 
C#:maj [1, 5, 8] 1 2 
B:maj [3, 6, 11] 11 4 
F#:maj [1, 6, 10] 6 2 
C#:maj [1, 5, 8] 1 2 
Eb:min [3, 6, 10] 3 2 
Bb:min [1, 5, 10] 10 2 
B:maj [3, 6, 11] 11 2 
C#:maj [1, 5, 8] 1 2 
F#:maj [1, 6, 10] 6 2 
C#:maj [1, 5, 8] 1 2 
F#:maj [1, 6, 10] 6 2 
C#:maj [1, 5, 8] 1 2 
Eb:min [3, 6, 10] 3 2 
Bb:min [1, 5, 10] 10 2 
B:maj [3, 6, 11] 11 2 
C#:maj [1, 5, 8] 1 2 
B:maj [3, 6, 11] 11 2 
B:maj(9) [1, 3, 6, 9, 11] 11 2 
