0 128
63 2
61 2
63 2
65 2
66 2
68 2
70 2
66 2
68 1
0 1
68 2
68 2
66 1
68 5
0 7
70 1
70 1
73 1
0 1
73 3
0 1
70 1
70 1
73 2
63 5
0 12
63 2
61 2
63 2
65 2
66 2
68 2
70 2
66 2
68 1
0 1
68 2
68 2
70 1
68 5
0 7
70 1
70 1
73 1
0 1
73 3
0 1
70 1
70 1
73 2
63 5
0 12
66 4
70 4
68 4
73 4
70 7
0 9
75 3
0 1
73 4
70 4
73 4
75 12
0 4
70 2
68 2
68 2
70 2
73 1
0 1
73 2
75 2
73 2
66 1
0 1
66 2
68 1
0 1
73 1
0 1
70 4
0 4
75 2
73 2
75 2
78 2
75 2
73 2
70 2
68 2
70 12
0 4
70 2
68 2
68 2
70 2
73 1
0 1
73 2
75 2
73 2
78 1
0 1
77 2
75 2
77 2
75 2
73 2
70 3
0 1
78 2
77 2
75 2
77 2
75 2
73 2
70 2
68 2
66 12
0 68
63 2
61 2
63 2
65 2
66 2
68 2
70 2
66 2
68 1
0 1
68 2
68 2
66 1
68 5
0 7
73 1
73 1
70 1
0 1
73 3
0 1
70 1
70 1
73 2
63 5
0 12
63 2
61 2
63 2
65 2
66 2
68 2
70 2
66 2
68 1
0 1
68 2
68 2
70 1
68 5
0 7
70 1
70 1
73 1
0 1
73 3
0 1
70 1
70 1
73 2
63 5
0 12
66 4
70 4
68 4
73 4
70 7
0 9
75 3
0 1
73 4
70 4
73 4
75 12
0 4
70 2
68 2
68 2
70 2
73 1
0 1
73 2
75 2
73 2
66 1
0 1
66 2
68 2
73 1
0 1
70 4
0 4
75 2
73 2
75 2
78 2
75 2
73 2
70 2
68 2
70 12
0 4
70 2
68 2
68 2
70 2
73 1
0 1
73 2
75 2
73 2
78 1
0 1
77 2
75 2
77 2
75 2
73 2
70 3
0 1
78 2
77 2
75 2
77 2
75 2
73 2
70 2
68 2
66 12
0 4
70 2
68 2
68 2
70 2
73 1
0 1
73 2
75 2
73 2
66 1
0 1
66 2
68 1
0 1
73 1
0 1
70 4
0 4
75 2
73 2
75 2
78 2
75 2
73 2
70 2
73 2
0 1
73 1
70 11
0 3
70 2
68 2
68 2
70 2
73 1
0 1
73 2
75 2
73 2
78 1
0 1
77 2
75 2
77 2
75 2
73 2
70 3
0 1
78 2
77 2
75 2
77 2
75 2
73 2
70 2
68 2
66 12
0 132
70 2
68 2
68 2
70 2
73 1
0 1
73 2
75 2
73 2
66 1
0 1
66 2
68 1
0 1
73 1
0 1
70 4
0 4
75 2
73 2
75 2
78 2
75 2
73 2
70 2
68 2
70 12
0 4
70 2
68 2
68 2
70 2
73 1
0 1
73 2
75 2
73 2
78 1
0 1
77 2
75 2
77 2
75 2
73 2
70 3
0 1
78 2
77 2
75 2
77 2
75 2
73 2
70 2
68 2
66 12
0 4
70 2
68 2
68 2
70 2
73 1
0 1
73 2
75 2
73 2
66 1
0 1
66 2
68 2
73 1
0 1
70 4
0 4
75 2
73 2
75 2
78 2
75 2
73 2
70 2
68 2
70 12
0 4
70 2
68 2
68 2
70 2
73 1
0 1
73 2
75 2
73 2
78 1
0 1
77 2
75 2
77 2
75 2
73 2
70 3
0 1
78 2
77 2
75 2
77 2
75 2
73 2
70 2
68 2
66 12
