C:maj [0, 4, 7] 0 8 
G:maj/3 [2, 7, 11] 11 8 
A:min [0, 4, 9] 9 8 
G:maj [2, 7, 11] 7 8 
C:maj [0, 4, 7] 0 7 
C:maj/3 [0, 4, 7] 4 1 
F:maj [0, 5, 9] 5 2 
G:sus4(b7) [0, 2, 7] 7 2 
C:maj [0, 4, 7] 0 4 
D:sus4 [2, 7, 9] 2 4 
E:sus4 [4, 9, 11] 4 4 
D:min [2, 5, 9] 2 4 
G:sus2 [2, 7, 9] 7 4 
C:maj [0, 4, 7] 0 4 
E:min [4, 7, 11] 4 3 
F:maj [0, 5, 9] 5 3 
G:maj [2, 7, 11] 7 2 
C:maj [0, 4, 7] 0 4 
D:min [2, 5, 9] 2 4 
E:min [4, 7, 11] 4 4 
F:maj [0, 5, 9] 5 8 
G:maj [2, 7, 11] 7 16 
C:maj [0, 4, 7] 0 8 
G:maj/3 [2, 7, 11] 11 6 
A:min [0, 4, 9] 9 2 
F:maj [0, 5, 9] 5 4 
E:min [4, 7, 11] 4 4 
D:min [2, 5, 9] 2 4 
G:sus2 [2, 7, 9] 7 4 
C:maj [0, 4, 7] 0 8 
G:maj/3 [2, 7, 11] 11 6 
A:min [0, 4, 9] 9 2 
F:maj [0, 5, 9] 5 4 
E:min [4, 7, 11] 4 4 
D:min [2, 5, 9] 2 4 
G:sus2 [2, 7, 9] 7 4 
C:maj [0, 4, 7] 0 16 
F:sus2 [0, 5, 7] 5 4 
E:min [4, 7, 11] 4 4 
A:min [0, 4, 9] 9 8 
D:min [2, 5, 9] 2 4 
G:maj [2, 7, 11] 7 4 
C:maj [0, 4, 7] 0 4 
G:maj [2, 7, 11] 7 4 
F:maj [0, 5, 9] 5 4 
E:sus4 [4, 9, 11] 4 4 
A:min [0, 4, 9] 9 4 
D:min7 [0, 2, 5, 9] 2 2 
D:sus2 [2, 4, 9] 2 2 
G:sus2 [2, 7, 9] 7 4 
C:maj [0, 4, 7] 0 6 
G:maj [2, 7, 11] 7 2 
C:maj [0, 4, 7] 0 4 
C:maj7 [0, 4, 7, 10] 0 1 
C:maj/3 [0, 4, 7] 4 2 
F:maj [0, 5, 9] 5 3 
G:sus4(b7) [0, 2, 7] 7 2 
C:maj [0, 4, 7] 0 4 
D:sus4 [2, 7, 9] 2 4 
E:sus4 [4, 9, 11] 4 4 
D:min [2, 5, 9] 2 4 
G:sus2 [2, 7, 9] 7 4 
C:maj [0, 4, 7] 0 4 
E:min [4, 7, 11] 4 3 
F:maj [0, 5, 9] 5 3 
G:maj [2, 7, 11] 7 2 
C:maj [0, 4, 7] 0 4 
D:min [2, 5, 9] 2 3 
E:min [4, 7, 11] 4 4 
F:maj [0, 5, 9] 5 9 
G:maj [2, 7, 11] 7 16 
C:maj [0, 4, 7] 0 8 
G:maj/3 [2, 7, 11] 11 6 
A:min [0, 4, 9] 9 2 
F:maj [0, 5, 9] 5 3 
E:min [4, 7, 11] 4 4 
D:min [2, 5, 9] 2 4 
G:sus2 [2, 7, 9] 7 5 
C:maj [0, 4, 7] 0 8 
G:maj/3 [2, 7, 11] 11 6 
A:min [0, 4, 9] 9 2 
F:maj [0, 5, 9] 5 3 
E:min [4, 7, 11] 4 4 
D:min [2, 5, 9] 2 4 
G:sus2 [2, 7, 9] 7 5 
C:maj [0, 4, 7] 0 8 
G:maj/3 [2, 7, 11] 11 6 
A:min [0, 4, 9] 9 2 
F:maj [0, 5, 9] 5 3 
E:min [4, 7, 11] 4 4 
D:min [2, 5, 9] 2 4 
G:sus2 [2, 7, 9] 7 5 
C:maj [0, 4, 7] 0 8 
G:maj/3 [2, 7, 11] 11 6 
A:min [0, 4, 9] 9 2 
F:maj [0, 5, 9] 5 3 
E:min [4, 7, 11] 4 4 
D:min [2, 5, 9] 2 4 
G:sus2 [2, 7, 9] 7 5 
C:maj [0, 4, 7] 0 16 
F:sus2 [0, 5, 7] 5 4 
E:min [4, 7, 11] 4 3 
A:min [0, 4, 9] 9 9 
D:min [2, 5, 9] 2 3 
G:maj [2, 7, 11] 7 5 
C:maj [0, 4, 7] 0 4 
G:maj [2, 7, 11] 7 4 
F:maj [0, 5, 9] 5 4 
E:sus4 [4, 9, 11] 4 3 
A:min [0, 4, 9] 9 9 
D:min7 [0, 2, 5, 9] 2 1 
D:sus2 [2, 4, 9] 2 2 
G:sus2 [2, 7, 9] 7 5 
C:maj [0, 4, 7] 0 5 
