0 118
67 2
76 4
74 2
76 8
79 2
79 4
74 2
76 11
0 3
76 2
74 2
72 5
0 1
72 1
0 1
72 2
74 2
72 2
76 13
0 1
69 2
72 2
74 2
74 5
0 1
74 3
0 1
72 2
76 4
79 9
0 1
69 2
72 2
74 1
0 1
74 3
0 1
76 2
74 4
72 2
74 7
0 1
67 2
76 4
74 2
76 8
79 2
79 4
74 2
76 11
0 3
76 2
74 2
72 4
72 1
0 1
72 4
74 2
72 2
76 13
0 1
69 2
72 2
74 2
74 4
74 2
74 3
0 1
72 2
76 4
79 9
0 1
76 2
79 1
0 1
81 1
0 1
81 20
0 2
81 3
0 1
83 1
0 1
81 6
79 28
0 16
84 8
83 7
0 1
81 2
79 2
79 2
76 1
0 1
79 4
79 2
76 2
79 2
81 3
0 1
79 4
0 2
84 2
83 2
81 2
79 1
0 1
79 1
0 1
76 1
0 1
79 3
0 1
79 1
0 1
76 2
79 2
81 3
0 1
72 6
72 2
84 1
0 1
84 1
0 1
81 1
0 1
81 1
0 1
81 1
0 1
79 3
0 1
72 1
0 1
76 3
0 1
79 6
0 4
67 2
76 2
74 1
0 1
74 1
0 1
74 1
0 1
74 1
0 1
74 4
72 2
76 4
74 6
84 4
83 4
81 2
79 2
79 2
76 1
0 1
79 4
79 2
76 2
79 2
81 3
0 1
79 4
0 2
84 2
83 2
81 2
79 1
0 1
79 1
0 1
76 1
0 1
79 3
0 1
79 1
0 1
76 2
79 2
81 3
0 1
72 6
72 2
84 1
0 1
84 1
0 1
81 1
0 1
81 1
0 1
81 1
0 1
79 3
0 1
72 1
0 1
76 3
0 1
79 6
0 4
67 2
76 2
74 1
0 1
74 4
72 2
74 12
0 2
67 2
76 4
74 2
72 1
0 1
72 21
0 289
67 2
76 4
74 2
76 8
79 2
79 4
74 2
76 11
0 3
76 2
74 2
72 5
0 1
72 1
0 1
72 2
74 2
72 2
76 13
0 1
69 2
72 2
74 2
74 5
0 1
74 3
0 1
72 2
76 4
79 9
0 1
69 2
72 2
74 1
0 1
74 3
0 1
76 2
74 4
72 2
74 7
0 1
67 2
76 4
74 2
76 8
79 2
79 4
74 2
76 11
0 3
76 2
74 2
72 4
72 1
0 1
72 4
74 2
72 2
76 13
0 1
69 2
72 2
74 2
74 4
74 2
74 3
0 1
72 2
76 4
79 9
0 1
76 2
79 1
0 1
81 1
0 1
81 20
0 2
81 3
0 1
83 1
0 1
81 6
79 28
0 16
84 8
83 7
0 1
81 2
79 2
79 2
76 1
0 1
79 4
79 2
76 2
79 2
81 3
0 1
79 4
0 2
84 2
83 2
81 2
79 1
0 1
79 1
0 1
76 1
0 1
79 3
0 1
79 1
0 1
76 2
79 2
81 3
0 1
72 6
72 2
84 1
0 1
84 1
0 1
81 1
0 1
81 1
0 1
81 1
0 1
79 3
0 1
72 1
0 1
76 3
0 1
79 6
0 4
67 2
76 2
74 1
0 1
74 1
0 1
74 1
0 1
74 1
0 1
74 4
72 2
76 4
74 6
84 4
83 4
81 2
79 2
79 2
76 1
0 1
79 4
79 2
76 2
79 2
81 3
0 1
79 4
0 2
84 2
83 2
81 2
79 1
0 1
79 1
0 1
76 1
0 1
79 3
0 1
79 1
0 1
76 2
79 2
81 3
0 1
72 6
72 2
84 1
0 1
84 1
0 1
81 1
0 1
81 1
0 1
81 1
0 1
79 3
0 1
72 1
0 1
76 3
0 1
79 6
0 4
67 2
76 2
74 1
0 1
74 4
72 2
74 12
0 2
74 2
76 4
84 2
83 2
81 2
79 2
79 2
76 1
0 1
79 4
79 2
76 2
79 2
81 3
0 1
79 4
0 2
84 2
83 2
81 2
79 1
0 1
79 1
0 1
76 1
0 1
79 3
0 1
79 1
0 1
76 2
79 2
81 3
0 1
72 6
72 2
84 1
0 1
84 1
0 1
81 1
0 1
81 1
0 1
81 1
0 1
79 3
0 1
72 1
0 1
76 3
0 1
79 6
0 4
67 2
76 2
74 1
0 1
74 1
0 1
74 1
0 1
74 1
0 1
74 4
72 2
76 4
74 6
84 4
83 4
81 2
79 2
79 2
76 1
0 1
79 4
79 2
76 2
79 2
81 3
0 1
79 4
0 2
84 2
83 2
81 2
79 1
0 1
79 1
0 1
76 1
0 1
79 3
0 1
79 1
0 1
76 2
79 2
81 3
0 1
72 6
72 2
84 1
0 1
84 1
0 1
81 1
0 1
81 1
0 1
81 1
0 1
79 3
0 1
72 1
0 1
76 3
0 1
79 6
0 4
67 2
76 2
74 1
0 1
74 4
72 2
74 12
0 2
67 2
76 4
74 2
72 1
0 1
72 21
