C:maj [0, 4, 7] 0 2
F:min [0, 5, 8] 5 2
C:maj [0, 4, 7] 0 2
F:min [0, 5, 8] 5 2
C:maj [0, 4, 7] 0 1
G:maj [2, 7, 11] 7 1
A:min [0, 4, 9] 9 2
F:maj [0, 5, 9] 5 4
C:maj [0, 4, 7] 0 4
G:maj [2, 7, 11] 7 1
A:min [0, 4, 9] 9 1
G:maj/3 [2, 7, 11] 11 2
C:maj [0, 4, 7] 0 2
G:maj [2, 7, 11] 7 2
A:min [0, 4, 9] 9 2
E:min [4, 7, 11] 4 2
F:maj [0, 5, 9] 5 2
C:maj [0, 4, 7] 0 2
D:min [2, 5, 9] 2 2
G:maj [2, 7, 11] 7 2
C:maj [0, 4, 7] 0 2
G:maj [2, 7, 11] 7 2
A:min [0, 4, 9] 9 2
E:min [4, 7, 11] 4 2
F:maj [0, 5, 9] 5 2
C:maj [0, 4, 7] 0 2
F:maj [0, 5, 9] 5 2
C:maj [0, 4, 7] 0 2
A:min [0, 4, 9] 9 2
E:min [4, 7, 11] 4 2
F:maj [0, 5, 9] 5 1
G:maj [2, 7, 11] 7 1
C:maj [0, 4, 7] 0 2
A:min [0, 4, 9] 9 2
E:min [4, 7, 11] 4 2
F:maj [0, 5, 9] 5 1
G:maj [2, 7, 11] 7 1
C:maj [0, 4, 7] 0 2
G:maj [2, 7, 11] 7 1
A:min [0, 4, 9] 9 1
G:maj [2, 7, 11] 7 2
F:maj [0, 5, 9] 5 2
G:maj [2, 7, 11] 7 2
E:min [4, 7, 11] 4 2
A:min [0, 4, 9] 9 2
D:min [2, 5, 9] 2 2
G:maj [2, 7, 11] 7 2
C:maj [0, 4, 7] 0 2
A:maj [1, 4, 9] 9 2
F:maj [0, 5, 9] 5 2
G:maj [2, 7, 11] 7 2
E:min [4, 7, 11] 4 2
A:min [0, 4, 9] 9 2
D:min [2, 5, 9] 2 2
G:maj [2, 7, 11] 7 2
C:maj [0, 4, 7] 0 2
F:min [0, 5, 8] 5 2
C:maj [0, 4, 7] 0 2
F:min [0, 5, 8] 5 2
C:maj [0, 4, 7] 0 2
G:maj [2, 7, 11] 7 2
A:min [0, 4, 9] 9 2
E:min [4, 7, 11] 4 2
F:maj [0, 5, 9] 5 2
C:maj [0, 4, 7] 0 2
D:min [2, 5, 9] 2 2
G:maj [2, 7, 11] 7 2
C:maj [0, 4, 7] 0 2
G:maj [2, 7, 11] 7 2
A:min [0, 4, 9] 9 2
E:min [4, 7, 11] 4 2
F:maj [0, 5, 9] 5 2
C:maj [0, 4, 7] 0 2
F:maj [0, 5, 9] 5 2
C:maj [0, 4, 7] 0 2
A:min [0, 4, 9] 9 2
E:min [4, 7, 11] 4 2
F:maj [0, 5, 9] 5 1
G:maj [2, 7, 11] 7 1
C:maj [0, 4, 7] 0 2
A:min [0, 4, 9] 9 2
E:min [4, 7, 11] 4 2
F:maj [0, 5, 9] 5 1
G:maj [2, 7, 11] 7 1
C:maj [0, 4, 7] 0 2
G:maj [2, 7, 11] 7 1
A:min [0, 4, 9] 9 1
G:maj [2, 7, 11] 7 2
F:maj [0, 5, 9] 5 2
G:maj [2, 7, 11] 7 2
E:min [4, 7, 11] 4 2
A:min [0, 4, 9] 9 2
D:min [2, 5, 9] 2 2
G:maj [2, 7, 11] 7 2
C:maj [0, 4, 7] 0 2
A:maj [1, 4, 9] 9 2
F:maj [0, 5, 9] 5 2
G:maj [2, 7, 11] 7 2
E:min [4, 7, 11] 4 2
A:min [0, 4, 9] 9 2
D:min [2, 5, 9] 2 2
G:maj [2, 7, 11] 7 2
C:maj [0, 4, 7] 0 2
F:min [0, 5, 8] 5 2
C:maj [0, 4, 7] 0 2
F:min [0, 5, 8] 5 2
C:maj [0, 4, 7] 0 2
G:maj [2, 7, 11] 7 2
A:min [0, 4, 9] 9 2
E:min [4, 7, 11] 4 2
F:maj [0, 5, 9] 5 2
C:maj [0, 4, 7] 0 2
D:min [2, 5, 9] 2 2
G:maj [2, 7, 11] 7 2
C:maj [0, 4, 7] 0 2
G:maj [2, 7, 11] 7 2
A:min [0, 4, 9] 9 2
E:min [4, 7, 11] 4 2
F:maj [0, 5, 9] 5 2
C:maj [0, 4, 7] 0 2
F:maj [0, 5, 9] 5 2
C:maj [0, 4, 7] 0 2
A:min [0, 4, 9] 9 2
E:min [4, 7, 11] 4 2
F:maj [0, 5, 9] 5 1
G:maj [2, 7, 11] 7 1
C:maj [0, 4, 7] 0 2
A:min [0, 4, 9] 9 2
E:min [4, 7, 11] 4 2
F:maj [0, 5, 9] 5 1
G:maj [2, 7, 11] 7 1
C:maj [0, 4, 7] 0 2
G:maj [2, 7, 11] 7 1
A:min [0, 4, 9] 9 1
G:maj [2, 7, 11] 7 2
F:maj [0, 5, 9] 5 2
G:maj [2, 7, 11] 7 2
E:min [4, 7, 11] 4 2
A:min [0, 4, 9] 9 2
D:min [2, 5, 9] 2 2
G:maj [2, 7, 11] 7 2
C:maj [0, 4, 7] 0 2
A:maj [1, 4, 9] 9 2
F:maj [0, 5, 9] 5 2
G:maj [2, 7, 11] 7 2
E:min [4, 7, 11] 4 2
A:min [0, 4, 9] 9 2
D:min [2, 5, 9] 2 2
G:maj [2, 7, 11] 7 2
C:maj [0, 4, 7] 0 2
A:maj [1, 4, 9] 9 2
F:maj [0, 5, 9] 5 2
G:maj [2, 7, 11] 7 2
E:min [4, 7, 11] 4 2
A:min [0, 4, 9] 9 2
D:min [2, 5, 9] 2 2
G:maj [2, 7, 11] 7 2
C:maj [0, 4, 7] 0 2
A:maj [1, 4, 9] 9 2
F:maj [0, 5, 9] 5 2
G:maj [2, 7, 11] 7 2
E:min [4, 7, 11] 4 2
A:min [0, 4, 9] 9 2
D:min [2, 5, 9] 2 2
G:maj [2, 7, 11] 7 2
C:maj [0, 4, 7] 0 2
A:maj [1, 4, 9] 9 2
D:min [2, 5, 9] 2 2
G:maj [2, 7, 11] 7 2
C:maj [0, 4, 7] 0 2
F:min [0, 5, 8] 5 2
C:maj [0, 4, 7] 0 2
F:min [0, 5, 8] 5 2
C:maj [0, 4, 7] 0 1
G:maj/3 [2, 7, 11] 11 1
A:min [0, 4, 9] 9 1
A:min7 [0, 4, 7, 9] 9 1
F:maj [0, 5, 9] 5 2
