0 96
67 1
0 1
67 1
67 2
0 1
67 1
67 1
67 2
69 1
67 3
65 1
0 1
64 1
0 1
69 1
71 2
0 1
72 1
0 1
71 1
67 2
0 3
67 1
67 1
69 1
0 1
60 1
60 1
0 2
62 1
64 1
0 1
67 2
0 4
67 1
65 1
0 1
67 1
65 2
62 1
60 1
62 4
0 5
67 1
0 1
67 1
67 2
0 1
67 1
0 1
67 1
0 1
69 1
67 2
0 1
65 1
0 1
64 2
69 1
71 2
0 1
72 1
0 1
71 1
67 4
0 1
67 1
67 1
69 1
0 1
60 1
60 2
0 1
62 1
64 2
67 2
0 4
67 1
65 2
67 1
64 2
62 1
60 1
0 1
60 2
0 2
72 1
0 1
71 1
0 1
69 1
0 1
69 1
71 1
72 2
74 1
76 1
0 1
71 3
0 2
67 1
67 1
69 1
0 1
76 1
74 1
0 2
72 1
0 1
72 3
0 1
72 1
0 1
71 1
0 1
69 1
0 1
71 1
72 2
0 1
74 1
76 2
0 1
71 3
0 1
67 1
67 1
69 1
0 1
76 1
76 1
74 1
0 1
72 1
0 1
72 3
0 5
0 14
72 1
72 1
79 1
0 1
79 1
79 1
0 2
79 1
0 1
79 1
0 1
71 1
71 2
0 1
71 1
71 1
79 1
0 1
79 1
79 2
0 1
81 1
0 1
79 1
0 1
72 1
72 2
0 1
72 1
74 1
76 2
74 1
0 1
77 2
76 1
0 1
76 2
74 1
77 2
0 1
76 1
0 1
76 2
74 2
77 2
76 1
0 1
79 3
0 3
72 1
72 1
79 1
0 1
79 1
79 2
0 1
79 1
0 1
79 1
0 1
71 1
71 2
0 1
71 1
71 1
79 1
0 1
79 1
79 1
79 1
0 1
81 1
0 1
79 1
0 1
72 1
72 2
0 1
72 1
74 1
76 1
0 1
74 1
77 2
0 1
76 1
0 1
76 1
0 1
74 1
72 3
71 1
0 1
72 7
0 25
67 1
0 1
67 1
67 2
0 1
67 1
67 1
67 2
69 1
67 3
65 1
0 1
64 1
0 1
69 1
71 2
0 1
72 1
0 1
71 1
67 2
0 3
67 1
67 1
69 1
0 1
60 1
60 1
0 2
62 1
64 1
0 1
67 2
0 4
67 1
65 1
0 1
67 1
65 2
62 1
60 1
62 4
0 5
67 1
0 1
67 1
67 2
0 1
67 1
0 1
67 1
0 1
69 1
67 2
0 1
65 1
0 1
64 2
69 1
71 2
0 1
72 1
0 1
71 1
67 4
0 1
67 1
67 1
69 1
0 1
60 1
60 2
0 1
62 1
64 2
67 2
0 4
67 1
65 2
67 1
64 2
62 1
60 1
0 1
60 2
0 2
72 1
0 1
71 1
0 1
69 1
0 1
71 2
72 2
74 1
76 1
0 1
71 3
0 2
67 1
67 1
69 1
0 1
76 1
76 1
74 1
0 1
72 1
72 3
0 2
72 1
0 1
71 1
0 1
69 1
0 1
71 1
72 2
0 1
74 1
76 2
0 1
71 3
0 1
67 1
67 1
69 1
0 1
76 1
74 1
0 2
72 1
0 1
72 3
0 5
0 14
72 1
72 1
79 1
0 1
79 1
79 1
0 2
79 1
0 1
79 1
0 1
71 1
71 2
0 1
71 1
71 1
79 1
0 1
79 1
79 2
0 1
81 1
0 1
79 1
0 1
72 1
72 2
0 1
72 1
74 1
76 2
74 1
0 1
77 2
76 1
0 1
76 2
74 1
77 2
0 1
76 1
0 1
76 2
74 2
77 2
76 1
0 1
79 3
0 3
72 1
72 1
79 1
0 1
79 1
79 2
0 1
79 1
0 1
79 1
0 1
71 1
71 2
0 1
71 1
71 1
79 1
0 1
79 1
79 1
79 1
0 1
81 1
0 1
79 1
0 1
72 1
72 2
0 1
72 1
74 1
76 1
0 1
74 1
77 2
0 1
76 1
0 1
76 1
0 1
74 1
72 3
71 1
0 1
72 7
0 149
72 1
0 1
71 1
0 1
69 1
0 1
71 1
72 2
0 1
74 1
0 1
76 1
0 1
71 1
71 2
0 1
67 1
67 1
69 1
0 1
76 1
0 1
76 2
72 1
0 1
72 3
0 1
72 1
0 1
71 1
0 1
69 1
0 1
71 1
72 2
0 1
74 1
0 1
76 2
71 1
71 1
0 4
69 1
0 1
76 1
76 1
74 1
0 1
72 1
0 1
72 3
0 5
0 14
72 1
72 1
79 1
0 1
79 1
79 1
0 2
79 1
0 1
79 1
0 1
71 1
71 2
0 1
71 1
71 1
79 1
0 1
79 1
79 2
0 1
81 1
0 1
79 1
0 1
72 1
72 2
0 1
72 1
74 1
76 2
74 1
0 1
77 2
76 1
0 1
76 2
74 1
77 2
0 1
76 1
0 1
76 2
74 2
77 2
76 1
0 1
79 3
0 3
72 1
72 1
79 1
0 1
79 1
79 2
0 1
79 1
0 1
79 1
0 1
71 1
71 2
0 1
71 1
71 1
79 1
0 1
79 1
79 1
79 1
0 1
81 1
0 1
79 1
0 1
72 1
72 2
0 1
72 1
74 1
76 1
0 1
74 1
77 2
0 1
76 1
0 1
76 1
0 1
74 1
72 3
71 1
0 1
72 4
0 2
72 1
76 5
0 2
72 1
72 1
79 1
0 1
79 1
79 1
0 2
79 1
0 1
79 1
0 1
71 1
71 2
0 1
71 1
71 1
79 1
0 1
79 1
79 2
0 1
81 1
0 1
79 1
0 1
72 1
72 2
0 1
72 1
74 1
76 2
74 1
0 1
77 2
76 1
0 1
76 2
74 1
77 2
0 1
76 1
0 1
76 2
74 2
77 2
76 1
0 1
79 3
0 3
72 1
72 1
79 1
0 1
79 1
79 2
0 1
79 1
0 1
79 1
0 1
71 1
71 2
0 1
71 1
71 1
79 1
0 1
79 1
79 1
79 1
0 1
81 1
0 1
79 1
0 1
72 1
72 2
0 1
72 1
74 1
76 1
0 1
74 1
77 2
0 1
76 1
0 1
76 1
0 1
74 1
72 3
71 1
0 1
72 7
0 7
72 1
74 1
76 2
74 1
0 1
77 2
76 1
76 3
74 1
0 1
72 2
71 2
72 9
