0 43
71 2
69 1
67 2
71 9
0 2
71 1
69 1
0 1
67 2
66 8
67 1
64 5
76 1
76 3
0 1
76 1
0 1
74 1
71 1
0 1
74 5
0 2
74 1
78 1
79 2
72 4
0 3
71 1
76 1
78 2
74 7
0 1
74 1
72 1
71 1
76 6
0 3
76 1
0 1
74 1
72 1
0 1
71 4
0 1
69 2
71 1
69 1
67 1
71 5
0 4
71 1
69 1
67 2
66 5
0 4
66 1
67 1
67 2
64 3
0 1
76 1
76 1
0 2
76 1
0 1
74 1
71 1
74 6
0 1
74 1
78 1
79 2
72 4
0 4
69 1
76 1
78 1
0 1
74 3
0 1
81 1
79 3
76 1
78 1
79 1
79 2
0 3
72 1
72 2
0 1
76 1
78 1
0 1
79 1
81 7
0 1
74 2
0 1
83 4
0 2
76 1
0 1
76 3
0 1
76 1
78 1
0 1
79 1
81 2
83 2
81 1
0 1
74 1
79 5
0 2
76 1
78 1
79 4
0 2
72 1
0 1
72 3
0 1
79 1
78 2
76 1
76 4
74 4
84 3
0 1
83 1
0 1
86 1
83 3
76 1
76 3
0 6
83 1
81 1
0 1
79 1
81 1
0 1
74 1
74 3
81 2
79 3
0 2
76 1
0 1
78 1
79 3
0 11
76 1
78 1
0 1
79 5
0 133
71 2
69 1
0 1
67 1
71 8
0 4
71 1
69 1
0 2
67 1
66 8
0 4
67 1
0 1
64 6
76 1
0 2
76 4
76 1
0 2
74 1
71 2
0 1
74 6
0 3
74 1
78 1
0 1
79 2
72 6
0 4
69 2
76 1
0 2
78 3
74 5
0 4
74 1
72 1
0 1
71 1
76 6
0 6
76 1
74 1
0 1
72 1
71 7
69 1
69 2
0 2
71 1
0 1
69 1
67 3
71 6
0 4
71 1
69 1
0 2
67 1
66 8
0 3
66 2
0 1
67 1
64 6
76 1
0 1
76 1
0 3
76 1
0 2
74 1
71 2
0 1
74 6
0 3
74 1
78 1
0 1
79 2
72 6
0 4
69 2
76 1
78 3
74 5
81 2
79 3
0 1
76 1
78 1
0 1
79 1
79 4
0 2
72 1
0 1
72 2
0 2
76 1
78 1
0 1
79 1
81 9
0 3
74 4
83 4
0 2
76 1
0 1
76 3
0 1
76 1
78 1
0 1
79 1
81 2
83 2
81 1
0 1
74 1
79 5
0 2
76 1
78 1
79 4
0 2
72 1
0 1
72 3
0 1
79 1
78 2
76 1
76 4
74 4
84 3
0 1
83 1
0 1
86 1
83 3
76 1
76 3
0 6
83 1
81 1
0 1
79 1
81 2
74 1
74 3
81 2
79 3
0 2
76 1
0 1
78 1
79 3
0 9
76 2
78 2
79 12
74 3
0 1
83 4
0 2
76 1
0 1
76 3
0 1
76 1
78 1
0 1
79 1
81 2
83 2
81 1
0 1
74 1
79 5
0 2
76 1
78 1
79 4
0 2
72 1
0 1
72 3
0 1
79 1
78 2
76 1
76 4
74 4
84 3
0 1
83 1
0 1
86 1
83 3
76 1
76 3
0 6
83 1
81 1
0 1
79 1
81 2
74 1
74 3
81 2
79 3
0 2
76 1
0 1
78 1
79 3
0 13
76 4
78 10
79 22
