Ab:maj [0, 3, 8] 8 2 
Ab:7/b7 [0, 3, 6, 8] 6 2 
C#:maj/3 [1, 5, 8] 5 2 
Bb:maj [2, 5, 10] 10 2 
Ab:maj [0, 3, 8] 8 4 
Ab:maj/5 [0, 3, 8] 3 4 
Ab:sus4 [1, 3, 8] 8 10 
C#:maj [1, 5, 8] 1 2 
Bb:min [1, 5, 10] 10 6 
Eb:maj [3, 7, 10] 3 2 
Ab:maj [0, 3, 8] 8 4 
C#:maj [1, 5, 8] 1 4 
Bb:maj [2, 5, 10] 10 4 
Eb:sus2 [3, 5, 10] 3 4 
Ab:maj [0, 3, 8] 8 2 
F:min [0, 5, 8] 5 2 
C#:maj [1, 5, 8] 1 2 
Bb:min [1, 5, 10] 10 8 
Eb:maj [3, 7, 10] 3 2 
Ab:maj [0, 3, 8] 8 2 
F:min [0, 5, 8] 5 2 
C#:maj [1, 5, 8] 1 2 
Bb:min [1, 5, 10] 10 6 
Eb:maj [3, 7, 10] 3 2 
Ab:maj [0, 3, 8] 8 4 
F#:maj [1, 6, 10] 6 2 
C#:maj [1, 5, 8] 1 2 
E:maj [4, 8, 11] 4 2 
Eb:sus4 [3, 8, 10] 3 4 
Ab:maj [0, 3, 8] 8 10 
C#:maj [1, 5, 8] 1 2 
Bb:min [1, 5, 10] 10 6 
Eb:maj [3, 7, 10] 3 2 
Ab:maj [0, 3, 8] 8 4 
C#:maj [1, 5, 8] 1 4 
Bb:maj [2, 5, 10] 10 4 
Eb:sus2 [3, 5, 10] 3 4 
Ab:maj [0, 3, 8] 8 2 
F:min [0, 5, 8] 5 2 
C#:maj [1, 5, 8] 1 2 
Bb:min [1, 5, 10] 10 8 
Eb:maj [3, 7, 10] 3 2 
Ab:maj [0, 3, 8] 8 2 
F:min [0, 5, 8] 5 2 
C#:maj [1, 5, 8] 1 2 
Bb:min [1, 5, 10] 10 6 
Eb:maj [3, 7, 10] 3 2 
E:maj [4, 8, 11] 4 2 
A:maj [1, 4, 9] 9 2 
F#:min [1, 6, 9] 6 2 
D:maj [2, 6, 9] 2 2 
B:min [2, 6, 11] 11 8 
E:maj [4, 8, 11] 4 2 
A:maj [1, 4, 9] 9 2 
F#:min [1, 6, 9] 6 2 
D:maj [2, 6, 9] 2 2 
B:min [2, 6, 11] 11 6 
E:maj [4, 8, 11] 4 2 
A:maj [1, 4, 9] 9 4 
F#:min [1, 6, 9] 6 2 
D:maj [2, 6, 9] 2 2 
B:min [2, 6, 11] 11 8 
E:maj [4, 8, 11] 4 2 
A:maj [1, 4, 9] 9 2 
F#:min [1, 6, 9] 6 2 
D:maj [2, 6, 9] 2 2 
B:min [2, 6, 11] 11 6 
E:maj [4, 8, 11] 4 2 
A:maj [1, 4, 9] 9 2 
