D:maj [2, 6, 9] 2 2 
A:maj [1, 4, 9] 9 4 
B:min7 [2, 6, 9, 11] 11 2 
G:maj [2, 7, 11] 7 2 
A:maj [1, 4, 9] 9 2 
F#:min [1, 6, 9] 6 2 
B:min [2, 6, 11] 11 2 
G:maj [2, 7, 11] 7 2 
A:maj [1, 4, 9] 9 2 
F#:min [1, 6, 9] 6 2 
B:min [2, 6, 11] 11 2 
G:maj [2, 7, 11] 7 2 
A:maj [1, 4, 9] 9 2 
F#:min [1, 6, 9] 6 2 
B:min [2, 6, 11] 11 2 
G:maj [2, 7, 11] 7 2 
A:maj [1, 4, 9] 9 2 
F#:min [1, 6, 9] 6 2 
B:min [2, 6, 11] 11 2 
G:maj [2, 7, 11] 7 2 
A:maj [1, 4, 9] 9 2 
F#:min [1, 6, 9] 6 2 
B:min [2, 6, 11] 11 2 
G:maj [2, 7, 11] 7 2 
A:maj [1, 4, 9] 9 2 
F#:min [1, 6, 9] 6 2 
B:min7 [2, 6, 9, 11] 11 2 
G:maj [2, 7, 11] 7 2 
A:maj [1, 4, 9] 9 2 
D:maj [2, 6, 9] 2 4 
G:maj [2, 7, 11] 7 2 
A:maj [1, 4, 9] 9 2 
F#:min [1, 6, 9] 6 2 
B:min7 [2, 6, 9, 11] 11 2 
G:maj [2, 7, 11] 7 2 
A:maj [1, 4, 9] 9 2 
D:maj [2, 6, 9] 2 4 
G:maj [2, 7, 11] 7 2 
A:maj [1, 4, 9] 9 2 
F#:min [1, 6, 9] 6 2 
B:min [2, 6, 11] 11 2 
G:maj [2, 7, 11] 7 2 
A:maj [1, 4, 9] 9 2 
F#:min [1, 6, 9] 6 2 
B:min [2, 6, 11] 11 2 
D:maj [2, 6, 9] 2 4 
A:maj [1, 4, 9] 9 4 
F#:min [1, 6, 9] 6 4 
E:min/5 [4, 7, 11] 11 4
E:min [4, 7, 11] 4 4 
G:maj [2, 7, 11] 7 4 
A:maj [1, 4, 9] 9 4 
E:min7 [2, 4, 7, 11] 4 2 
A:7 [1, 4, 7, 9] 9 2 
G:maj [2, 7, 11] 7 2 
A:maj [1, 4, 9] 9 2 
F#:min [1, 6, 9] 6 2 
B:min7 [2, 6, 9, 11] 11 2 
G:maj [2, 7, 11] 7 2 
A:maj [1, 4, 9] 9 2 
D:maj [2, 6, 9] 2 4 
G:maj [2, 7, 11] 7 2 
A:maj [1, 4, 9] 9 2 
F#:min [1, 6, 9] 6 2 
B:min7 [2, 6, 9, 11] 11 2 
G:maj [2, 7, 11] 7 2 
A:maj [1, 4, 9] 9 2 
D:maj [2, 6, 9] 2 4 
G:maj [2, 7, 11] 7 2 
A:maj/5 [1, 4, 9] 4 2 
F#:min [1, 6, 9] 6 2 
B:min7 [2, 6, 9, 11] 11 2 
G:maj [2, 7, 11] 7 2 
A:maj [1, 4, 9] 9 2 
D:maj [2, 6, 9] 2 4 
G:maj [2, 7, 11] 7 2 
A:maj [1, 4, 9] 9 2 
F#:min [1, 6, 9] 6 2 
B:min7 [2, 6, 9, 11] 11 2 
G:maj [2, 7, 11] 7 2 
A:maj [1, 4, 9] 9 2 
D:maj [2, 6, 9] 2 10 
G:maj(9) [2, 5, 7, 9, 11] 7 2 
G:maj [2, 7, 11] 7 2 
A:maj [1, 4, 9] 9 4 
D:sus4 [2, 7, 9] 2 2 
