0 128
71 1
0 1
71 1
0 1
71 1
0 1
71 1
0 1
68 2
0 2
66 1
0 1
68 7
0 1
64 1
0 1
64 2
66 2
68 4
61 13
0 19
66 1
0 1
68 2
66 1
0 1
68 1
0 1
71 3
0 1
68 4
66 6
64 1
0 1
64 1
0 1
61 2
59 4
68 16
0 16
71 1
0 1
71 1
0 1
71 1
0 1
71 1
0 1
68 2
0 2
66 1
0 1
68 7
0 1
64 1
0 1
64 1
0 1
66 1
0 1
68 3
0 1
61 20
0 12
66 1
0 1
68 1
0 1
66 1
0 1
68 1
0 1
71 3
0 1
68 3
0 1
66 4
0 2
59 2
68 2
66 2
68 4
64 11
0 21
71 1
0 1
71 1
0 1
71 1
0 1
71 1
0 1
68 2
0 2
66 1
0 1
68 7
0 1
64 1
0 1
64 2
66 2
68 4
61 13
0 19
66 1
0 1
68 2
66 1
0 1
68 1
0 1
71 3
0 1
68 4
66 6
64 1
0 1
64 1
0 1
61 2
59 4
68 16
0 16
71 1
0 1
71 1
0 1
71 1
0 1
71 1
0 1
68 2
0 2
66 1
0 1
68 7
0 1
64 1
0 1
64 1
0 1
66 1
0 1
68 3
0 1
61 20
0 12
66 1
0 1
68 1
0 1
66 1
0 1
68 1
0 1
71 3
0 1
68 3
0 1
66 4
0 2
59 2
68 2
66 2
68 4
64 11
0 21
71 4
0 2
68 1
0 1
71 4
73 3
0 1
76 4
0 2
73 1
0 1
76 2
0 2
73 3
0 1
71 3
0 1
71 1
0 1
68 1
0 1
71 3
0 1
73 2
71 2
68 11
0 5
66 1
0 1
68 1
0 1
66 1
0 1
68 1
0 1
71 2
0 2
68 3
0 1
66 4
0 2
61 1
0 1
64 4
68 4
66 21
0 11
68 4
0 2
68 1
0 1
66 3
0 1
68 3
0 1
71 4
0 2
68 1
0 1
71 3
0 1
73 2
0 2
76 3
0 1
76 2
73 1
0 1
76 2
0 2
78 3
0 1
73 5
0 11
76 1
0 1
76 1
0 1
76 1
0 1
76 1
0 1
73 2
0 2
71 2
0 2
66 1
0 1
66 3
0 1
66 1
0 1
66 3
0 1
68 3
0 1
71 14
0 16
71 2
0 2
71 1
0 1
71 1
0 1
71 1
0 1
68 2
0 2
66 3
0 1
68 3
0 3
64 1
0 1
64 1
0 1
66 1
0 1
68 3
0 1
61 10
0 22
66 1
0 1
68 1
0 1
66 1
0 1
68 1
0 1
71 2
0 2
68 3
0 1
66 2
0 4
64 1
0 1
64 1
0 1
61 1
0 1
59 3
0 1
68 14
0 18
71 1
0 1
71 1
0 1
71 1
0 1
71 1
0 1
68 2
0 2
66 1
0 1
68 6
0 2
64 1
0 1
64 2
66 2
68 3
0 1
61 24
0 8
66 1
0 1
68 1
0 1
66 1
0 1
68 1
0 1
71 3
0 1
68 3
0 1
66 4
0 2
59 1
0 1
68 1
0 1
66 1
0 1
68 3
0 1
64 17
0 143
71 1
0 1
71 1
0 1
71 1
0 1
71 1
0 1
68 2
0 2
66 1
0 1
68 7
0 1
64 1
0 1
64 2
66 2
68 4
61 13
0 19
66 1
0 1
68 2
66 1
0 1
68 1
0 1
71 3
0 1
68 4
66 6
64 1
0 1
64 1
0 1
61 2
59 4
68 16
0 16
71 1
0 1
71 1
0 1
71 1
0 1
71 1
0 1
68 2
0 2
66 1
0 1
68 7
0 1
64 1
0 1
64 1
0 1
66 1
0 1
68 3
0 1
61 20
0 12
66 1
0 1
68 1
0 1
66 1
0 1
68 1
0 1
71 3
0 1
68 3
0 1
66 4
0 2
59 2
68 2
66 2
68 4
64 11
0 21
71 4
0 2
68 1
0 1
71 4
73 3
0 1
76 4
0 2
73 1
0 1
76 2
0 2
73 3
0 1
71 3
0 1
71 1
0 1
68 1
0 1
71 3
0 1
73 2
71 2
68 11
0 5
66 1
0 1
68 1
0 1
66 1
0 1
68 1
0 1
71 2
0 2
68 3
0 1
66 4
0 2
61 1
0 1
64 4
68 4
66 21
0 11
68 4
0 2
68 1
0 1
66 3
0 1
68 3
0 1
71 4
0 2
68 1
0 1
71 3
0 1
73 2
0 2
76 3
0 1
76 2
73 1
0 1
76 2
0 2
78 3
0 1
73 5
0 11
76 1
0 1
76 1
0 1
76 1
0 1
76 1
0 1
73 2
0 2
71 2
0 2
66 1
0 1
66 3
0 1
66 1
0 1
66 3
0 1
68 3
0 1
71 14
0 16
71 2
0 2
71 1
0 1
71 1
0 1
71 1
0 1
68 2
0 2
66 3
0 1
68 3
0 3
64 1
0 1
64 1
0 1
66 1
0 1
68 3
0 1
61 10
0 22
66 1
0 1
68 1
0 1
66 1
0 1
68 1
0 1
71 2
0 2
68 3
0 1
66 2
0 4
64 1
0 1
64 1
0 1
61 1
0 1
59 3
0 1
68 14
0 18
71 1
0 1
71 1
0 1
71 1
0 1
71 1
0 1
68 2
0 2
66 1
0 1
68 6
0 2
64 1
0 1
64 2
66 2
68 3
0 1
61 24
0 8
66 1
0 1
68 1
0 1
66 1
0 1
68 1
0 1
71 3
0 1
68 3
0 1
66 4
0 2
59 1
0 1
68 1
0 1
66 1
0 1
68 3
0 1
64 17
0 15
66 1
0 1
68 1
0 1
66 1
0 1
68 1
0 1
71 3
0 1
68 3
0 1
66 4
0 2
59 1
0 1
68 1
0 1
66 1
0 1
68 3
0 1
64 16
