0 130
75 1
77 1
77 3
0 1
77 1
77 1
0 1
75 1
72 1
75 1
0 2
70 1
0 1
70 1
0 1
70 1
0 1
68 1
70 5
0 6
75 1
75 1
75 1
0 2
75 2
75 1
75 1
72 1
70 1
72 1
0 1
75 1
77 3
0 1
77 1
0 1
75 1
72 8
0 3
77 1
75 1
77 2
0 1
77 1
0 1
77 1
77 1
75 1
77 1
80 2
0 1
82 1
0 1
82 1
0 1
82 1
80 1
0 1
82 5
0 6
82 1
80 1
82 2
0 1
82 1
82 2
82 1
80 1
77 1
80 2
77 1
80 1
0 1
80 2
79 1
77 1
79 1
79 8
0 3
75 1
77 1
77 3
0 1
77 1
77 1
0 1
75 1
72 1
75 1
0 2
70 1
0 1
70 1
0 1
70 1
0 1
68 1
70 5
0 6
75 1
75 1
75 1
0 2
75 2
75 1
75 1
72 1
70 1
72 1
0 1
75 1
77 3
0 1
77 1
0 1
75 1
72 8
0 3
77 1
75 1
77 2
0 1
77 1
0 1
77 1
77 1
75 1
77 1
80 2
0 1
82 1
0 1
82 1
0 1
82 1
80 1
0 1
82 5
0 6
82 1
80 1
82 3
0 1
82 2
82 1
80 1
77 1
80 2
72 1
84 1
0 1
84 1
0 1
84 1
82 1
0 1
84 6
0 5
84 1
84 1
84 1
0 1
84 1
84 1
84 1
77 1
0 2
77 1
79 1
80 1
0 1
84 1
0 1
82 1
0 1
82 1
80 1
0 1
82 8
0 3
82 1
80 1
82 1
82 1
0 1
84 1
0 1
82 1
80 1
77 1
80 1
77 1
77 1
77 1
80 1
0 1
80 1
0 1
80 1
82 1
80 1
79 7
0 4
84 1
84 1
84 1
0 1
84 1
84 1
84 1
77 1
0 2
77 1
79 1
80 1
0 1
84 1
0 1
82 1
0 1
82 1
80 1
0 1
82 8
0 3
82 1
80 1
82 1
82 1
0 1
84 1
0 1
82 1
80 1
77 1
80 1
77 2
77 1
79 1
0 1
79 1
0 1
75 1
77 1
79 1
77 7
0 68
75 1
77 1
77 3
0 1
77 1
77 1
0 1
75 1
72 1
75 1
0 2
70 1
0 1
70 1
0 1
70 1
0 1
68 1
70 5
0 6
75 1
75 1
75 1
0 2
75 2
75 1
75 1
72 1
70 1
72 1
0 1
75 1
77 3
0 1
77 1
0 1
75 1
72 8
0 3
77 1
75 1
77 2
0 1
77 1
0 1
77 1
77 1
75 1
77 1
80 2
0 1
82 1
0 1
82 1
0 1
82 1
80 1
0 1
82 5
0 6
82 1
80 1
82 3
0 1
82 2
82 1
80 1
77 1
80 2
72 1
84 1
0 1
84 1
0 1
84 1
82 1
0 1
84 6
0 5
84 1
84 1
84 1
0 1
84 1
84 1
84 1
77 1
0 2
77 1
79 1
80 1
0 1
84 1
0 1
82 1
0 1
82 1
80 1
0 1
82 8
0 3
82 1
80 1
82 1
82 1
0 1
84 1
0 1
82 1
80 1
77 1
80 1
77 1
77 1
77 1
80 1
0 1
80 1
0 1
80 1
82 1
80 1
79 7
0 4
84 1
84 1
84 1
0 1
84 1
84 1
84 1
77 1
0 2
77 1
79 1
80 1
0 1
84 1
0 1
82 1
0 1
82 1
80 1
0 1
82 8
0 3
82 1
80 1
82 1
82 1
0 1
84 1
0 1
82 1
80 1
77 1
80 1
77 2
77 1
79 1
0 1
79 1
0 1
75 1
77 1
79 1
77 7
0 4
84 1
84 1
84 1
0 1
84 1
84 1
84 1
77 1
0 2
77 1
79 1
80 1
0 1
84 1
0 1
82 1
0 1
82 1
80 1
0 1
82 8
0 3
82 1
80 1
82 1
82 1
0 1
84 1
0 1
82 1
80 1
77 1
80 1
77 1
77 1
77 1
80 1
0 1
80 1
0 1
80 1
82 1
80 1
79 7
0 4
84 1
84 1
84 1
0 1
84 1
84 1
84 1
77 1
0 2
77 1
79 1
80 1
0 1
84 1
0 1
82 1
0 1
82 1
80 1
0 1
82 8
0 3
82 1
80 1
82 1
82 1
0 1
84 1
0 1
82 1
80 1
77 1
80 1
77 2
77 1
79 1
0 1
79 1
0 1
75 1
77 1
79 1
77 7
0 4
82 1
80 1
82 1
0 1
82 1
84 2
82 1
0 1
80 1
77 1
80 1
77 6
0 2
77 1
79 2
79 2
0 1
75 1
0 1
77 2
79 5
0 2
77 11
