0 44
62 2
64 1
0 1
71 1
0 1
71 8
0 2
71 1
74 1
74 1
71 1
76 2
74 2
71 7
0 1
69 1
71 1
69 1
67 1
69 2
71 1
69 8
0 1
64 1
67 1
67 1
64 1
69 2
71 1
69 1
71 7
0 1
62 1
64 3
71 2
71 6
0 4
71 1
74 1
74 1
71 1
76 2
74 1
71 1
74 7
0 1
69 1
71 1
69 1
67 1
69 2
71 1
69 5
0 4
64 1
67 1
67 1
64 1
69 2
71 1
69 1
71 2
69 5
0 1
74 1
76 3
71 2
69 1
67 7
0 2
71 1
74 1
74 1
71 3
76 2
74 7
0 1
71 1
72 1
74 1
71 3
69 1
67 6
0 3
67 1
67 1
64 1
62 1
69 2
71 1
69 1
71 4
0 4
74 1
76 5
71 1
69 2
71 6
0 1
71 1
74 1
74 1
71 1
76 2
74 1
74 2
76 1
71 5
0 1
69 1
71 1
69 1
67 1
69 2
71 1
69 5
0 4
64 1
67 1
67 1
64 1
69 2
67 1
69 2
71 3
74 4
0 4
76 1
76 1
76 1
76 1
76 1
76 1
76 1
76 4
0 1
76 2
76 1
71 1
74 2
76 1
76 2
74 5
0 6
76 1
76 1
76 1
76 1
76 1
76 1
76 1
76 4
0 1
76 2
76 1
71 1
74 2
76 1
76 3
74 6
0 4
76 2
76 8
76 2
76 2
72 2
74 4
76 2
71 9
0 1
71 4
69 4
64 3
0 1
69 2
71 4
69 10
0 68
76 1
76 1
76 1
76 1
76 1
76 1
76 1
76 4
0 1
76 2
76 1
71 1
74 2
76 1
76 2
74 5
0 6
76 1
76 1
76 1
76 1
76 1
76 1
76 1
76 4
0 1
76 2
76 1
71 1
74 2
76 1
76 3
74 6
0 4
76 2
76 8
76 2
76 2
72 2
74 4
76 2
71 9
0 1
71 4
69 3
0 1
69 2
74 3
0 1
76 4
74 14
75 10
80 6
77 2
75 6
0 4
80 1
77 1
77 1
77 1
77 2
77 2
75 7
0 1
72 1
73 1
75 1
72 3
70 1
68 6
0 3
80 1
80 1
77 1
75 1
77 2
79 1
77 1
75 4
0 4
75 1
77 5
72 1
70 2
72 6
0 1
72 1
75 1
75 1
72 1
77 2
75 1
75 2
77 1
72 5
0 1
70 1
72 1
70 1
68 1
70 2
72 1
70 5
0 4
72 1
70 1
68 1
70 1
68 12
0 4
73 5
0 1
72 1
70 1
68 3
0 1
80 3
82 1
84 3
82 1
80 1
82 1
80 5
0 1
87 2
0 1
85 1
84 1
0 1
85 1
84 2
80 8
0 2
75 1
77 1
80 1
82 1
84 1
80 1
82 7
0 1
80 1
82 1
84 1
80 1
82 4
80 11
