Bb:maj [2, 5, 10] 10 1 
C:maj [0, 4, 7] 0 1 
D:min [2, 5, 9] 2 1 
C:maj [0, 4, 7] 0 1 
Bb:maj [2, 5, 10] 10 1 
Bb:maj(9) [0, 2, 5, 8, 10] 10 1 
G:min [2, 7, 10] 7 1 
C:maj [0, 4, 7] 0 1 
D:min [2, 5, 9] 2 3 
C:maj [0, 4, 7] 0 1 
F:maj [0, 5, 9] 5 4 
C:maj [0, 4, 7] 0 4 
D:maj [2, 6, 9] 2 4 
G:min [2, 7, 10] 7 4 
Bb:maj [2, 5, 10] 10 2 
C:maj [0, 4, 7] 0 2 
A:maj [1, 4, 9] 9 2 
D:min [2, 5, 9] 2 2 
Bb:maj [2, 5, 10] 10 2 
C:maj [0, 4, 7] 0 2 
F:maj [0, 5, 9] 5 2 
C:7 [0, 4, 7, 10] 0 1 
C:maj [0, 4, 7] 0 1 
F:maj [0, 5, 9] 5 4 
C:maj [0, 4, 7] 0 4 
D:sus4 [2, 7, 9] 2 2 
D:maj/3 [2, 6, 9] 6 2 
G:min [2, 7, 10] 7 4 
Bb:maj [2, 5, 10] 10 2 
C:maj [0, 4, 7] 0 2 
A:maj [1, 4, 9] 9 2 
D:min [2, 5, 9] 2 2 
Bb:maj [2, 5, 10] 10 2 
C:maj [0, 4, 7] 0 2 
F:maj [0, 5, 9] 5 2 
C:maj [0, 4, 7] 0 2 
F:maj [0, 5, 9] 5 2 
C:maj [0, 4, 7] 0 2 
D:min [2, 5, 9] 2 2 
Bb:maj [2, 5, 10] 10 2 
F:sus2 [0, 5, 7] 5 1 
C:maj [0, 4, 7] 0 1 
F:maj [0, 5, 9] 5 2 
C:maj [0, 4, 7] 0 2 
D:min [2, 5, 9] 2 2 
Bb:sus2 [0, 5, 10] 10 1 
C:maj [0, 4, 7] 0 3 
Bb:maj [2, 5, 10] 10 1 
C:maj [0, 4, 7] 0 1 
D:maj [2, 6, 9] 2 1 
C:maj [0, 4, 7] 0 1 
Bb:maj [2, 5, 10] 10 1 
A:min [0, 4, 9] 9 1 
G:min [2, 7, 10] 7 1 
G:min7 [2, 5, 7, 10] 7 1 
D:min [2, 5, 9] 2 3 
C:maj [0, 4, 7] 0 1 
F:maj [0, 5, 9] 5 4 
C:maj [0, 4, 7] 0 4 
D:sus4 [2, 7, 9] 2 2 
D:maj/3 [2, 6, 9] 6 2 
G:min [2, 7, 10] 7 4 
Bb:maj [2, 5, 10] 10 2 
C:maj [0, 4, 7] 0 2 
A:maj [1, 4, 9] 9 2 
D:min [2, 5, 9] 2 2 
Bb:maj [2, 5, 10] 10 2 
C:maj [0, 4, 7] 0 2 
F:maj [0, 5, 9] 5 2 
C:maj [0, 4, 7] 0 2 
F:maj [0, 5, 9] 5 2 
C:maj [0, 4, 7] 0 2 
D:min [2, 5, 9] 2 2 
Bb:maj [2, 5, 10] 10 2 
F:sus2 [0, 5, 7] 5 1 
C:maj [0, 4, 7] 0 1 
F:maj [0, 5, 9] 5 2 
C:maj [0, 4, 7] 0 2 
D:min [2, 5, 9] 2 2 
Bb:sus2 [0, 5, 10] 10 1 
C:maj [0, 4, 7] 0 3 
Bb:maj [2, 5, 10] 10 1 
C:maj [0, 4, 7] 0 1 
D:min [2, 5, 9] 2 1 
C:maj [0, 4, 7] 0 1 
Bb:maj [2, 5, 10] 10 1 
A:min [0, 4, 9] 9 1 
G:min [2, 7, 10] 7 1 
C:maj [0, 4, 7] 0 1 
Bb:maj [2, 5, 10] 10 1 
C:maj [0, 4, 7] 0 1 
A:min [0, 4, 9] 9 1 
D:maj [2, 6, 9] 2 1 
Bb:maj [2, 5, 10] 10 2 
C:maj [0, 4, 7] 0 2 
Bb:maj [2, 5, 10] 10 1 
C:maj [0, 4, 7] 0 1 
D:min [2, 5, 9] 2 1 
C:maj [0, 4, 7] 0 1 
Bb:maj [2, 5, 10] 10 1 
C:maj [0, 4, 7] 0 1 
D:min [2, 5, 9] 2 1 
C:maj [0, 4, 7] 0 1 
Bb:maj [2, 5, 10] 10 1 
C:maj [0, 4, 7] 0 1 
A:min [0, 4, 9] 9 1 
D:maj [2, 6, 9] 2 1 
Bb:maj [2, 5, 10] 10 2 
C:maj [0, 4, 7] 0 2 
F:maj [0, 5, 9] 5 2 
C:maj [0, 4, 7] 0 2 
D:min7 [0, 2, 5, 9] 2 2 
Bb:maj6 [2, 5, 7, 10] 10 1 
F:maj [0, 5, 9] 5 3 
F:sus2 [0, 5, 7] 5 2 
C:maj [0, 4, 7] 0 2 
D:min [2, 5, 9] 2 2 
Bb:sus2 [0, 5, 10] 10 1 
Bb:maj [2, 5, 10] 10 1 
F:maj [0, 5, 9] 5 2 
C:maj [0, 4, 7] 0 2 
D:min [2, 5, 9] 2 2 
Bb:sus2 [0, 5, 10] 10 1 
Bb:maj [2, 5, 10] 10 1 
F:maj [0, 5, 9] 5 2 
C:maj [0, 4, 7] 0 2 
D:min [2, 5, 9] 2 2 
Bb:sus2 [0, 5, 10] 10 1 
C:maj [0, 4, 7] 0 1 
F:maj [0, 5, 9] 5 2 
C:maj [0, 4, 7] 0 2 
D:min [2, 5, 9] 2 2 
Bb:maj [2, 5, 10] 10 1 
F:sus4 [0, 5, 10] 5 1 
F:maj [0, 5, 9] 5 4 
C:maj [0, 4, 7] 0 2 
D:min [2, 5, 9] 2 2 
C:7/b7 [0, 4, 7, 10] 10 2 
F:maj [0, 5, 9] 5 2 
C:maj [0, 4, 7] 0 2 
D:min [2, 5, 9] 2 2 
C:7/b7 [0, 4, 7, 10] 10 2 
F:maj [0, 5, 9] 5 2 
C:maj [0, 4, 7] 0 2 
D:min [2, 5, 9] 2 2 
Bb:maj6 [2, 5, 7, 10] 10 1 
C:maj [0, 4, 7] 0 3 
Bb:maj [2, 5, 10] 10 1 
C:maj [0, 4, 7] 0 1 
D:min [2, 5, 9] 2 1 
C:maj [0, 4, 7] 0 1 
Bb:maj [2, 5, 10] 10 1 
Bb:maj7 [2, 5, 8, 10] 10 1 
G:min [2, 7, 10] 7 6 
Bb:maj [2, 5, 10] 10 3 
F:sus2 [0, 5, 7] 5 4 
