C:maj [0, 4, 7] 0 4 
B:min [2, 6, 11] 11 2 
C:maj/3 [0, 4, 7] 4 2 
A:min7 [0, 4, 7, 9] 9 4 
D:7 [0, 2, 6, 9] 2 4 
D:maj [2, 6, 9] 2 4 
G:sus2 [2, 7, 9] 7 2 
C:maj6 [0, 4, 7, 9] 0 2 
D:maj [2, 6, 9] 2 2 
G:maj [2, 7, 11] 7 1 
D:maj/4 [2, 6, 9] 7 1 
E:min [4, 7, 11] 4 2 
C:maj [0, 4, 7] 0 2 
D:maj [2, 6, 9] 2 2 
E:min/b3 [4, 7, 11] 7 1 
G:maj [2, 7, 11] 7 1 
G:sus2 [2, 7, 9] 7 2 
C:maj6 [0, 4, 7, 9] 0 2 
G:sus2 [2, 7, 9] 7 3 
D:maj/3 [2, 6, 9] 6 1 
C:maj/3 [0, 4, 7] 4 2 
C:maj(9) [0, 2, 4, 7, 10] 0 2 
D:maj [2, 6, 9] 2 2 
E:min/b3 [4, 7, 11] 7 1 
D:maj/3 [2, 6, 9] 6 1 
E:min [4, 7, 11] 4 2 
B:min7 [2, 6, 9, 11] 11 2 
C:maj [0, 4, 7] 0 1 
C:maj(9) [0, 2, 4, 7, 10] 0 1 
G:maj7/7 [2, 5, 7, 11] 6 2 
E:min [4, 7, 11] 4 2 
B:min7 [2, 6, 9, 11] 11 2 
A:min7 [0, 4, 7, 9] 9 2 
C:maj [0, 4, 7] 0 2 
D:maj [2, 6, 9] 2 4 
C:maj [0, 4, 7] 0 2 
D:maj [2, 6, 9] 2 2 
B:min7 [2, 6, 9, 11] 11 2 
E:min7 [2, 4, 7, 11] 4 2 
A:min7 [0, 4, 7, 9] 9 2 
D:maj [2, 6, 9] 2 2 
G:sus4 [0, 2, 7] 7 4 
C:maj [0, 4, 7] 0 2 
D:maj [2, 6, 9] 2 2 
B:min7 [2, 6, 9, 11] 11 2 
E:min7 [2, 4, 7, 11] 4 2 
A:min7 [0, 4, 7, 9] 9 2 
D:maj [2, 6, 9] 2 2 
E:min [4, 7, 11] 4 4 
C:maj [0, 4, 7] 0 2 
D:maj [2, 6, 9] 2 2 
E:min [4, 7, 11] 4 4 
C:maj [0, 4, 7] 0 2 
D:maj [2, 6, 9] 2 2 
E:min [4, 7, 11] 4 4 
G:sus2 [2, 7, 9] 7 2 
C:maj6 [0, 4, 7, 9] 0 2 
D:maj [2, 6, 9] 2 2 
G:maj [2, 7, 11] 7 2 
E:min [4, 7, 11] 4 2 
C:maj [0, 4, 7] 0 2 
D:maj [2, 6, 9] 2 2 
E:min/b3 [4, 7, 11] 7 1 
G:maj [2, 7, 11] 7 1 
G:sus2 [2, 7, 9] 7 2 
C:maj6 [0, 4, 7, 9] 0 2 
G:sus2 [2, 7, 9] 7 3 
D:maj/3 [2, 6, 9] 6 1 
C:maj/3 [0, 4, 7] 4 4 
D:maj [2, 6, 9] 2 2 
E:min/b3 [4, 7, 11] 7 1 
D:maj/3 [2, 6, 9] 6 1 
E:min [4, 7, 11] 4 2 
B:min7 [2, 6, 9, 11] 11 2 
C:maj [0, 4, 7] 0 1 
C:maj9 [0, 2, 4, 7, 10] 0 1 
G:maj7/7 [2, 5, 7, 11] 6 2 
E:min [4, 7, 11] 4 2 
B:min7 [2, 6, 9, 11] 11 2 
A:min7 [0, 4, 7, 9] 9 2 
C:maj [0, 4, 7] 0 2 
D:maj [2, 6, 9] 2 4 
C:maj [0, 4, 7] 0 2 
D:maj [2, 6, 9] 2 2 
B:min7 [2, 6, 9, 11] 11 2 
E:min7 [2, 4, 7, 11] 4 2 
A:min7 [0, 4, 7, 9] 9 2 
D:maj [2, 6, 9] 2 2 
G:sus4 [0, 2, 7] 7 4 
C:maj [0, 4, 7] 0 2 
D:maj [2, 6, 9] 2 2 
B:min7 [2, 6, 9, 11] 11 2 
E:min7 [2, 4, 7, 11] 4 2 
A:min7 [0, 4, 7, 9] 9 2 
D:maj [2, 6, 9] 2 2 
E:min [4, 7, 11] 4 4
C:maj [0, 4, 7] 0 2 
D:maj [2, 6, 9] 2 2 
B:min7 [2, 6, 9, 11] 11 2 
E:min [4, 7, 11] 4 2 
A:min7 [0, 4, 7, 9] 9 2 
D:maj [2, 6, 9] 2 2 
G:maj [2, 7, 11] 7 4 
C:maj [0, 4, 7] 0 2 
D:maj [2, 6, 9] 2 2 
B:min7 [2, 6, 9, 11] 11 2 
E:min7/b7 [2, 4, 7, 11] 2 2 
A:min7 [0, 4, 7, 9] 9 2 
D:maj [2, 6, 9] 2 2 
E:min [4, 7, 11] 4 4 
C:maj [0, 4, 7] 0 2 
D:maj [2, 6, 9] 2 6 
G:sus2 [2, 7, 9] 7 4 
