F:maj [0, 5, 9] 5 4 
A:min [0, 4, 9] 9 4 
G:min [2, 7, 10] 7 2 
C:maj [0, 4, 7] 0 2 
F:maj [0, 5, 9] 5 4 
A:min [0, 4, 9] 9 4 
D:min [2, 5, 9] 2 4 
G:min [2, 7, 10] 7 2 
C:maj [0, 4, 7] 0 2 
F:maj [0, 5, 9] 5 8 
A:min [0, 4, 9] 9 4 
D:min [2, 5, 9] 2 4 
G:min [2, 7, 10] 7 4 
A:min [0, 4, 9] 9 2 
D:min [2, 5, 9] 2 2 
G:min [2, 7, 10] 7 2 
D:min [2, 5, 9] 2 2 
G:min [2, 7, 10] 7 2 
G:maj/3 [2, 7, 11] 11 2 
C:maj [0, 4, 7] 0 4 
F:maj [0, 5, 9] 5 4 
A:min [0, 4, 9] 9 4 
D:min [2, 5, 9] 2 4 
G:min [2, 7, 10] 7 4 
A:min [0, 4, 9] 9 2 
D:min [2, 5, 9] 2 2 
G:min [2, 7, 10] 7 2 
D:min [2, 5, 9] 2 2 
Bb:maj [2, 5, 10] 10 2 
C:maj [0, 4, 7] 0 2 
F:maj [0, 5, 9] 5 8 
D:min [2, 5, 9] 2 4 
G:min [2, 7, 10] 7 2 
C:maj [0, 4, 7] 0 2 
F:maj [0, 5, 9] 5 4 
A:min [0, 4, 9] 9 4 
D:min [2, 5, 9] 2 4 
G:min [2, 7, 10] 7 4 
C:maj [0, 4, 7] 0 4 
F:maj [0, 5, 9] 5 4 
D:min [2, 5, 9] 2 4 
G:min [2, 7, 10] 7 2 
C:maj [0, 4, 7] 0 2 
F:maj [0, 5, 9] 5 4 
A:min [0, 4, 9] 9 4 
D:min [2, 5, 9] 2 4 
G:min [2, 7, 10] 7 2 
C:maj [0, 4, 7] 0 2 
F:maj [0, 5, 9] 5 8 
A:min [0, 4, 9] 9 4 
G:min [2, 7, 10] 7 2 
C:maj [0, 4, 7] 0 2 
F:maj [0, 5, 9] 5 4 
Bb:maj [2, 5, 10] 10 4 
A:min [0, 4, 9] 9 2 
D:min [2, 5, 9] 2 2 
G:min [2, 7, 10] 7 2 
C:maj [0, 4, 7] 0 2 
F:sus2 [0, 5, 7] 5 4 
F:maj/5 [0, 5, 9] 0 4 
A:min [0, 4, 9] 9 4 
D:min [2, 5, 9] 2 4 
G:min [2, 7, 10] 7 4 
A:min [0, 4, 9] 9 2 
D:min [2, 5, 9] 2 2 
G:min [2, 7, 10] 7 2 
D:min [2, 5, 9] 2 2 
Bb:maj [2, 5, 10] 10 2 
C:maj [0, 4, 7] 0 2 
F:maj [0, 5, 9] 5 8 
D:min [2, 5, 9] 2 4 
G:min [2, 7, 10] 7 2 
C:maj [0, 4, 7] 0 2 
F:maj [0, 5, 9] 5 4 
A:min [0, 4, 9] 9 4 
D:min [2, 5, 9] 2 4 
G:min [2, 7, 10] 7 4 
C:maj [0, 4, 7] 0 4 
F:maj [0, 5, 9] 5 4 
D:min [2, 5, 9] 2 4 
G:min [2, 7, 10] 7 2 
C:maj [0, 4, 7] 0 2 
F:maj [0, 5, 9] 5 4 
A:min [0, 4, 9] 9 4 
D:min [2, 5, 9] 2 4 
G:min [2, 7, 10] 7 2 
C:maj [0, 4, 7] 0 2 
F:maj [0, 5, 9] 5 4 
G:min [2, 7, 10] 7 2 
C:maj [0, 4, 7] 0 6 
F:sus2 [0, 5, 7] 5 8 
