0 128
60 2
62 2
65 2
72 2
69 3
0 1
67 2
65 2
62 2
60 4
0 10
65 2
67 2
69 2
74 2
74 2
69 4
72 2
67 8
0 8
69 2
72 2
0 2
65 2
62 5
0 1
69 1
0 1
67 2
65 2
0 2
67 1
65 1
62 4
0 4
60 2
62 2
65 2
69 2
67 2
65 1
0 1
67 1
0 1
62 2
60 5
0 11
60 2
62 2
65 2
72 2
69 3
0 1
67 2
65 2
62 2
60 4
0 10
65 2
67 2
69 2
74 2
74 2
69 4
72 2
67 8
0 8
69 2
72 2
0 2
65 2
62 5
0 1
69 1
0 1
67 2
65 2
0 2
67 1
65 1
62 4
0 4
60 2
62 2
65 2
69 2
67 2
65 1
0 1
67 2
69 2
65 10
0 4
72 1
0 1
72 5
0 1
72 2
74 2
77 1
0 1
74 2
72 2
69 4
0 8
62 2
65 1
0 1
67 4
0 2
69 1
0 1
72 2
74 1
0 1
74 2
72 2
69 5
0 7
69 2
72 1
0 1
72 3
0 3
69 1
0 1
77 2
76 1
0 1
74 1
0 1
72 2
74 4
0 8
72 2
69 2
67 2
67 2
0 2
69 2
76 2
74 2
0 2
74 1
76 1
72 6
0 6
69 2
72 1
0 1
72 3
0 3
72 1
0 1
74 1
0 1
77 2
74 2
72 1
0 1
69 5
0 7
62 2
65 1
0 1
67 3
0 3
69 1
0 1
72 1
0 1
74 1
0 1
74 1
0 1
72 2
0 2
69 4
0 6
69 2
72 1
0 1
72 3
0 3
69 1
0 1
77 1
0 1
76 1
0 1
74 1
0 1
72 2
74 3
0 9
72 2
69 2
67 1
0 1
67 2
0 2
69 2
72 2
74 1
0 1
67 2
69 2
65 5
0 139
60 2
62 2
65 2
72 2
69 3
0 1
67 2
65 2
62 2
60 4
0 10
65 2
67 2
69 2
74 2
74 2
69 4
72 2
67 8
0 8
69 2
72 2
0 2
65 2
62 5
0 1
69 1
0 1
67 2
65 2
0 2
67 1
65 1
62 4
0 4
60 2
62 2
65 2
69 2
67 2
65 1
0 1
67 2
69 2
65 10
0 4
72 1
0 1
72 5
0 1
72 2
74 2
77 1
0 1
74 2
72 2
69 4
0 8
62 2
65 1
0 1
67 4
0 2
69 1
0 1
72 2
74 1
0 1
74 2
72 2
69 5
0 7
69 2
72 1
0 1
72 3
0 3
69 1
0 1
77 2
76 1
0 1
74 1
0 1
72 2
74 4
0 8
72 2
69 2
67 2
67 2
0 2
69 2
76 2
74 2
0 2
74 1
76 1
72 6
0 6
69 2
72 1
0 1
72 3
0 3
72 1
0 1
74 1
0 1
77 2
74 2
72 1
0 1
69 5
0 7
62 2
65 1
0 1
67 3
0 3
69 1
0 1
72 1
0 1
74 1
0 1
74 1
0 1
72 2
0 2
69 4
0 6
69 2
72 1
0 1
72 3
0 3
69 1
0 1
77 1
0 1
76 1
0 1
74 1
0 1
72 2
74 3
0 9
72 2
69 2
67 1
0 1
67 2
0 2
69 2
72 2
74 1
0 1
67 2
69 2
65 5
0 7
72 2
69 2
67 2
67 3
0 2
69 3
72 4
74 3
67 4
69 10
65 18
