0 32
62 3
62 3
60 2
57 3
60 3
62 2
64 2
65 1
64 2
60 2
57 9
62 3
62 3
60 2
57 3
60 3
62 2
64 2
65 1
64 2
60 2
62 9
62 3
62 3
60 2
64 3
64 3
65 2
64 2
65 2
67 2
65 1
69 5
67 2
69 2
67 3
62 5
64 3
60 3
64 2
62 16
0 128
62 3
62 3
60 2
57 3
60 3
62 2
64 2
65 1
64 2
60 2
57 9
62 3
62 3
60 2
57 3
60 3
62 2
64 2
65 1
64 2
60 2
62 9
62 3
62 3
60 2
64 3
64 3
65 2
64 2
65 2
67 2
65 1
69 5
67 2
65 2
62 4
69 4
64 4
0 2
60 2
62 16
67 1
0 1
65 1
62 1
0 1
65 2
67 2
0 1
65 1
62 2
65 2
0 1
67 1
0 1
69 1
67 2
0 1
65 2
62 2
0 6
67 1
0 1
65 1
62 2
65 2
0 1
64 2
60 1
60 2
62 2
0 1
57 4
0 6
55 2
57 1
0 1
60 1
0 1
67 1
0 1
65 1
62 2
65 2
67 2
65 1
0 1
62 1
0 1
65 2
0 1
67 1
0 1
65 1
67 1
0 1
72 1
0 1
69 4
0 1
67 2
65 1
0 1
62 3
0 1
69 3
0 1
64 5
0 1
65 2
67 5
65 1
67 1
69 1
0 2
57 2
72 1
0 1
69 1
0 1
67 2
65 1
67 2
0 2
65 1
67 1
0 1
65 1
62 2
65 2
0 1
67 4
0 1
65 1
67 1
69 1
0 2
57 1
0 1
72 1
0 1
69 1
0 1
67 1
0 1
65 1
67 2
0 3
67 1
0 1
65 1
72 2
74 3
69 8
0 2
57 1
0 1
72 1
0 1
69 1
0 1
67 1
0 1
65 1
67 4
0 1
67 1
0 1
65 1
62 1
0 1
65 2
0 1
72 1
0 1
69 1
0 1
67 1
0 1
69 1
67 2
0 1
65 2
62 1
0 1
60 1
0 1
62 3
0 1
62 1
0 1
65 1
0 1
67 2
65 1
0 1
62 1
0 1
60 1
62 8
0 137
62 3
62 3
60 2
57 3
60 3
62 2
64 2
65 1
64 2
60 2
57 9
62 3
62 3
60 2
57 3
60 3
62 2
64 2
65 1
64 2
60 2
62 9
62 3
62 3
60 2
64 3
64 3
65 2
64 2
65 2
67 2
65 1
69 5
67 2
65 2
62 4
69 4
64 4
0 2
60 2
62 16
67 1
0 1
65 1
62 1
0 1
65 2
67 2
0 1
65 1
62 2
65 2
0 1
67 1
0 1
69 1
67 2
0 1
65 2
62 2
0 6
67 1
0 1
65 1
62 2
65 2
0 1
64 2
60 1
60 1
0 1
62 2
0 1
57 4
0 6
55 2
57 1
0 1
60 1
0 1
67 1
0 1
65 1
62 2
65 2
67 2
65 1
0 1
62 1
0 1
65 2
0 1
67 1
0 1
65 1
67 1
0 1
72 1
0 1
69 4
0 1
67 2
65 1
0 1
62 3
0 1
69 3
0 1
64 5
0 1
65 2
67 5
65 1
67 1
69 1
0 2
57 2
72 1
0 1
69 1
0 1
67 2
65 1
67 2
0 2
65 1
67 1
0 1
65 1
62 2
65 2
0 1
67 4
0 1
65 1
67 1
69 1
0 2
57 1
0 1
72 1
0 1
69 1
0 1
67 1
0 1
65 1
67 2
0 3
67 1
0 1
65 1
72 2
74 3
69 8
0 2
57 1
0 1
72 1
0 1
69 1
0 1
67 1
0 1
65 1
67 4
0 1
67 1
0 1
65 1
62 1
0 1
65 2
0 1
72 1
0 1
69 1
0 1
67 1
0 1
69 1
67 2
0 1
65 2
62 1
0 1
60 1
0 1
62 3
0 1
62 1
0 1
65 1
0 1
67 2
65 1
0 1
62 1
0 1
60 1
62 8
0 3
57 2
72 1
0 1
69 1
0 1
67 2
65 1
67 2
0 2
65 1
67 1
0 1
65 1
62 2
65 2
0 1
67 4
0 1
65 1
67 1
69 1
0 2
57 1
0 1
72 1
0 1
69 1
0 1
67 1
0 1
65 1
67 2
0 3
67 1
0 1
65 1
72 2
74 3
69 8
0 2
57 1
0 1
72 1
0 1
69 1
0 1
67 1
0 1
65 1
67 4
0 1
67 1
0 1
65 1
62 1
0 4
72 1
0 1
69 1
0 1
67 1
0 1
69 1
67 2
0 1
65 2
62 1
0 1
60 1
0 1
62 3
0 1
62 1
0 1
65 1
0 1
67 2
65 1
0 1
62 1
0 1
60 1
62 8
0 5
72 1
0 1
69 1
0 1
67 2
65 1
67 2
0 3
67 1
0 1
65 1
62 2
65 2
0 1
72 1
0 1
69 2
67 2
69 1
67 2
0 1
65 2
62 1
0 1
60 1
0 1
62 3
0 1
62 1
0 1
65 1
0 1
67 1
0 1
65 1
0 1
62 1
0 1
60 1
62 10
