A:maj [1, 4, 9] 9 4 
D:maj [2, 6, 9] 2 4 
C#:maj [1, 5, 8] 1 4 
F#:maj/5 [1, 6, 10] 1 4 
E:maj [4, 8, 11] 4 2 
E:maj/5 [4, 8, 11] 11 1 
E:sus4 [4, 9, 11] 4 1 
A:maj/5 [1, 4, 9] 4 4 
D:maj [2, 6, 9] 2 8 
A:maj/5 [1, 4, 9] 4 6 
E:maj [4, 8, 11] 4 1 
E:sus4 [4, 9, 11] 4 1 
A:maj [1, 4, 9] 9 6 
A:maj(9) [1, 4, 7, 9, 11] 9 18 
A:maj/3 [1, 4, 9] 1 8 
A:maj/5 [1, 4, 9] 4 16 
D:maj [2, 6, 9] 2 8 
A:maj [1, 4, 9] 9 8 
E:maj [4, 8, 11] 4 8 
F#:min [1, 6, 9] 6 4 
E:maj [4, 8, 11] 4 4 
F#:min [1, 6, 9] 6 6 
E:maj [4, 8, 11] 4 2 
A:maj/3 [1, 4, 9] 1 16 
B:min [2, 6, 11] 11 8 
F#:min [1, 6, 9] 6 16 
E:maj [4, 8, 11] 4 8 
A:maj [1, 4, 9] 9 4 
E:maj [4, 8, 11] 4 2 
A:maj [1, 4, 9] 9 10 
D:maj [2, 6, 9] 2 4 
E:maj [4, 8, 11] 4 4 
A:maj [1, 4, 9] 9 8 
F:maj [0, 5, 9] 5 4 
E:maj [4, 8, 11] 4 4 
A:sus4 [2, 4, 9] 9 8 
C#:min7 [1, 4, 8, 11] 1 4 
F#:min [1, 6, 9] 6 4 
A:maj [1, 4, 9] 9 4 
D:maj [2, 6, 9] 2 4 
C#:min [1, 4, 8] 1 4 
F#:min [1, 6, 9] 6 4 
B:min [2, 6, 11] 11 4 
E:maj [4, 8, 11] 4 4 
A:maj [1, 4, 9] 9 8 
F#:min [1, 6, 9] 6 4 
E:maj [4, 8, 11] 4 12 
F#:maj [1, 6, 10] 6 6 
E:7 [2, 4, 8, 11] 4 2 
A:maj [1, 4, 9] 9 8 
A:maj(9) [1, 4, 7, 9, 11] 9 16 
A:maj [1, 4, 9] 9 16 
E:maj [4, 8, 11] 4 4 
A:maj [1, 4, 9] 9 4 
D:maj [2, 6, 9] 2 8 
A:maj [1, 4, 9] 9 8 
E:maj [4, 8, 11] 4 8 
F#:min [1, 6, 9] 6 4 
E:maj [4, 8, 11] 4 4 
F#:min [1, 6, 9] 6 7 
E:maj [4, 8, 11] 4 1 
A:maj [1, 4, 9] 9 16 
B:min [2, 6, 11] 11 8 
F#:min [1, 6, 9] 6 16 
E:maj [4, 8, 11] 4 8 
A:maj [1, 4, 9] 9 4 
E:maj [4, 8, 11] 4 2 
A:maj [1, 4, 9] 9 10 
D:maj [2, 6, 9] 2 4 
E:maj [4, 8, 11] 4 2 
A:maj/5 [1, 4, 9] 4 2 
A:maj [1, 4, 9] 9 8 
F:maj [0, 5, 9] 5 4 
E:maj [4, 8, 11] 4 4 
A:sus4 [2, 4, 9] 9 8 
C#:min7 [1, 4, 8, 11] 1 4 
F#:min [1, 6, 9] 6 4 
A:maj [1, 4, 9] 9 4 
D:maj [2, 6, 9] 2 4 
C#:min7 [1, 4, 8, 11] 1 4 
F#:min [1, 6, 9] 6 4 
D:maj [2, 6, 9] 2 4 
E:maj [4, 8, 11] 4 4 
A:maj [1, 4, 9] 9 8 
F#:min7 [1, 4, 6, 9] 6 4 
E:maj [4, 8, 11] 4 12 
F#:maj [1, 6, 10] 6 1 
