0 260
64 4
69 4
66 2
64 2
64 6
69 2
66 2
64 2
64 8
57 2
59 2
61 2
59 2
64 6
59 6
57 44
69 4
69 4
66 2
64 2
69 4
69 3
71 5
69 8
61 2
64 2
69 4
64 6
59 2
59 2
61 2
64 4
66 2
64 34
61 4
61 6
61 2
59 2
57 2
56 4
57 2
59 6
64 2
69 2
69 4
64 4
64 6
61 2
61 20
69 4
69 3
73 4
0 1
71 2
71 3
69 3
69 1
0 1
68 2
69 8
64 4
69 2
66 3
64 3
64 1
0 7
57 2
59 2
61 2
0 2
59 36
66 4
66 4
66 2
64 2
69 4
69 4
69 12
66 2
64 2
66 4
69 6
61 3
0 1
64 2
66 2
66 8
0 2
59 4
61 6
59 2
64 4
66 2
64 4
61 3
0 1
59 2
64 4
59 2
57 1
0 1
57 2
59 2
61 2
64 2
59 1
57 3
57 1
56 2
0 1
57 4
0 2
59 2
57 32
69 12
71 2
69 2
73 6
73 7
0 1
71 2
69 4
71 2
69 4
66 3
64 19
69 12
71 2
69 2
73 6
73 8
71 2
69 4
71 2
69 4
66 2
64 20
61 2
61 4
59 2
61 4
61 2
64 2
66 4
69 4
61 1
64 7
57 2
57 4
59 2
61 4
64 4
69 4
66 2
64 2
66 12
64 4
64 4
64 2
64 10
66 4
69 2
69 9
0 1
69 2
69 2
69 2
71 2
73 4
73 4
71 2
69 6
69 6
61 26
66 3
66 3
64 2
69 4
66 2
64 2
61 3
64 3
66 2
64 22
64 2
71 4
71 8
64 4
73 4
73 12
71 2
69 2
66 2
64 4
69 4
71 2
69 100
64 4
69 4
66 2
64 2
64 6
69 2
66 2
64 2
64 8
57 2
59 2
61 2
59 2
64 6
59 4
57 2
57 44
69 4
69 4
66 2
64 2
69 4
69 4
71 4
69 7
0 1
61 2
64 2
69 4
64 6
59 2
59 2
61 2
64 3
0 1
66 2
64 34
61 4
61 6
61 1
59 2
0 1
57 2
56 4
57 2
59 6
64 1
0 1
69 2
69 4
64 4
64 5
61 3
61 20
69 4
69 4
73 4
71 2
71 3
71 3
69 1
0 1
68 2
69 7
0 1
64 4
69 2
69 4
64 1
64 5
57 4
59 4
0 2
61 2
59 36
66 4
66 4
64 4
69 4
69 4
69 2
69 10
66 2
64 2
66 4
69 7
61 3
64 2
66 2
64 2
66 8
59 4
61 2
61 2
0 2
59 2
64 4
66 2
64 3
0 1
61 4
59 2
64 4
59 2
57 1
0 1
57 2
59 2
61 2
64 2
59 3
56 7
57 4
59 2
57 32
69 12
71 2
69 2
73 6
73 7
0 1
71 2
69 4
71 2
69 4
66 2
64 19
0 1
69 12
71 2
69 2
73 6
73 1
0 7
71 2
69 4
71 2
69 4
66 2
64 20
61 2
61 4
59 2
61 4
61 2
64 2
66 4
69 4
61 2
64 6
57 2
57 4
59 2
61 4
64 4
69 2
66 2
66 2
64 2
66 12
64 4
64 4
64 2
64 10
66 4
69 2
69 10
69 2
69 2
69 2
71 2
73 4
73 4
71 2
69 6
69 6
61 26
66 2
66 4
64 2
69 4
61 6
64 3
0 1
66 2
64 22
64 2
71 4
71 8
64 4
73 4
76 24
73 3
71 1
69 2
66 2
64 6
69 3
71 3
69 60
