0 4
63 2
63 1
0 1
63 7
61 2
58 8
0 5
63 2
65 2
66 4
65 4
63 7
61 3
63 15
0 5
66 2
66 2
66 5
65 4
63 11
0 1
63 2
0 1
65 1
66 7
65 2
63 4
61 5
63 9
66 1
68 2
70 2
73 2
68 4
66 4
65 2
63 4
61 2
63 5
0 1
66 1
65 1
63 6
66 1
65 1
65 4
61 4
58 15
0 1
66 2
68 2
70 2
73 2
68 4
66 4
65 4
65 1
0 1
70 2
63 5
0 2
66 1
65 1
63 5
66 1
65 1
0 1
63 4
70 3
0 1
70 14
0 1
66 2
68 2
70 2
73 2
68 4
66 4
65 2
63 4
61 2
63 5
0 1
66 1
65 1
63 6
66 1
65 1
0 1
63 4
66 1
65 4
63 12
0 2
66 2
68 2
70 2
73 2
68 4
66 4
65 4
65 1
0 1
70 2
63 5
0 1
66 1
65 1
0 1
63 5
66 1
65 1
0 1
63 4
0 2
66 2
65 3
63 13
0 3
66 1
0 1
65 4
63 14
0 12
65 4
0 3
63 16
0 150
0 3
63 2
63 2
63 6
61 2
58 11
0 1
63 2
65 2
66 4
65 4
63 6
61 2
63 11
0 9
66 1
0 1
66 1
0 1
66 6
65 2
63 6
70 1
0 1
70 5
0 1
63 1
65 1
66 6
65 2
63 4
61 4
63 12
0 4
66 2
68 2
70 2
73 2
68 4
66 4
65 4
63 2
61 2
63 6
66 1
65 1
63 5
0 1
66 1
65 1
63 4
61 4
58 14
0 2
66 2
68 2
70 2
73 2
68 4
66 4
65 4
65 2
70 2
63 5
0 1
66 1
65 1
63 5
66 2
65 1
63 3
0 1
70 4
70 15
0 1
66 2
68 2
70 2
73 2
68 4
66 4
65 4
63 2
61 2
63 6
66 1
65 1
63 5
0 1
66 1
65 1
63 4
0 1
66 1
65 4
63 9
0 2
66 2
65 4
66 14
68 15
0 1
70 2
71 6
70 8
68 2
75 12
0 33
66 2
68 2
70 2
73 2
68 4
66 4
65 4
63 2
61 2
63 6
66 1
65 1
63 5
0 1
66 1
65 1
63 4
70 4
70 14
0 2
66 2
68 2
70 2
73 2
68 4
66 4
65 4
65 2
70 2
63 5
0 1
66 1
65 1
63 5
66 2
65 1
63 3
0 1
66 2
65 4
63 14
0 48
70 1
68 1
70 10
68 2
73 2
70 12
70 1
0 1
68 2
66 7
0 1
65 2
66 2
68 4
58 2
65 4
63 9
0 7
63 3
63 2
63 7
61 3
58 13
0 1
63 2
0 1
65 2
66 7
65 7
63 9
0 9
61 15
63 22
