Bb:min [1, 5, 10] 10 4 
F#:maj [1, 6, 10] 6 4 
C#:maj [1, 5, 8] 1 4 
Ab:maj [0, 3, 8] 8 4 
Bb:min [1, 5, 10] 10 4 
F#:maj7 [1, 4, 6, 10] 6 3 
F#:maj/3 [1, 6, 10] 10 1 
C#:maj [1, 5, 8] 1 4 
Ab:maj [0, 3, 8] 8 4 
Bb:sus2 [0, 5, 10] 10 3 
Bb:min [1, 5, 10] 10 1 
F#:maj7 [1, 4, 6, 10] 6 3 
F#:maj/3 [1, 6, 10] 10 1 
C#:maj [1, 5, 8] 1 4 
Ab:maj [0, 3, 8] 8 4 
Bb:maj [2, 5, 10] 10 3 
Bb:min [1, 5, 10] 10 1 
F#:maj7 [1, 4, 6, 10] 6 4 
C#:maj [1, 5, 8] 1 4 
Ab:maj6 [0, 3, 5, 8] 8 4 
Bb:min [1, 5, 10] 10 1 
Bb:maj [2, 5, 10] 10 2 
Bb:min [1, 5, 10] 10 1 
F#:maj7 [1, 4, 6, 10] 6 4 
C#:maj [1, 5, 8] 1 3 
Ab:maj [0, 3, 8] 8 9 
C#:maj [1, 5, 8] 1 4 
F:maj [0, 5, 9] 5 4 
Bb:min [1, 5, 10] 10 4 
Ab:maj [0, 3, 8] 8 4 
F#:maj [1, 6, 10] 6 2 
Ab:maj [0, 3, 8] 8 2 
C#:maj [1, 5, 8] 1 1 
Bb:sus2 [0, 5, 10] 10 3 
Eb:maj [3, 7, 10] 3 4 
Ab:maj [0, 3, 8] 8 4 
C#:maj [1, 5, 8] 1 4 
F:maj [0, 5, 9] 5 4 
Bb:min [1, 5, 10] 10 4 
Ab:maj [0, 3, 8] 8 4 
F#:maj [1, 6, 10] 6 2 
Ab:maj [0, 3, 8] 8 2 
C#:maj [1, 5, 8] 1 1 
Bb:sus2 [0, 5, 10] 10 3 
Eb:maj [3, 7, 10] 3 4 
Ab:maj [0, 3, 8] 8 3 
Ab:maj6 [0, 3, 5, 8] 8 9 
C#:maj [1, 5, 8] 1 4 
F:maj [0, 5, 9] 5 4 
Bb:min [1, 5, 10] 10 5 
F:min7 [0, 3, 5, 8] 5 3 
F#:maj [1, 6, 10] 6 3 
C#:maj7/3 [1, 5, 8, 11] 5 2 
Bb:min/5 [1, 5, 10] 5 2 
F#:maj/3 [1, 6, 10] 10 1 
Eb:min [3, 6, 10] 3 3 
F#:min [1, 6, 9] 6 3 
Ab:maj [0, 3, 8] 8 2 
C#:maj [1, 5, 8] 1 4 
F:maj [0, 5, 9] 5 4 
Bb:sus2 [0, 5, 10] 10 4 
Ab:min [3, 8, 11] 8 3 
G:maj7/7 [2, 5, 7, 11] 6 3 
Ab:maj [0, 3, 8] 8 2 
C#:maj [1, 5, 8] 1 1 
F:min/5 [0, 5, 8] 0 1 
Bb:maj [2, 5, 10] 10 2 
F#:maj [1, 6, 10] 6 2 
Ab:maj [0, 3, 8] 8 6 
A:maj [1, 4, 9] 9 4 
D:maj [2, 6, 9] 2 4 
F#:maj [1, 6, 10] 6 4 
B:min [2, 6, 11] 11 4 
A:maj [1, 4, 9] 9 4 
G:maj [2, 7, 11] 7 2 
A:maj [1, 4, 9] 9 2 
D:maj [2, 6, 9] 2 1 
B:sus2 [1, 6, 11] 11 3 
E:maj [4, 8, 11] 4 4 
A:maj [1, 4, 9] 9 10 
D:maj [2, 6, 9] 2 1 
C:maj [0, 4, 7] 0 2 
Bb:maj [2, 5, 10] 10 1 
Ab:maj [0, 3, 8] 8 2 
