0 68
65 1
0 1
65 1
0 1
65 1
0 1
65 1
0 1
65 1
0 1
66 6
0 2
66 1
0 1
66 2
0 2
66 1
0 1
68 2
0 2
65 4
65 1
0 1
65 3
0 1
66 1
0 1
68 2
0 2
63 4
0 14
65 1
0 1
65 1
0 1
65 1
0 1
65 1
0 1
65 1
0 1
66 5
0 3
66 1
0 1
66 3
0 1
66 2
68 3
0 1
65 4
58 1
0 1
65 3
0 1
65 1
0 1
68 3
0 1
63 6
0 12
73 2
70 1
0 1
70 2
68 2
65 2
68 3
0 3
73 2
70 1
0 1
70 2
68 1
0 1
65 2
68 3
0 3
73 1
0 1
70 1
0 1
70 2
68 1
0 1
65 2
63 1
65 1
63 7
0 13
73 2
70 1
0 1
70 2
68 2
65 2
68 3
0 3
73 2
70 1
0 1
70 2
68 1
0 1
65 2
68 3
0 3
73 1
0 1
70 1
0 1
70 2
68 1
0 1
65 2
63 1
65 1
63 9
0 13
68 2
77 2
75 2
73 1
0 1
73 6
0 2
68 1
0 1
77 1
0 1
75 1
0 1
73 1
0 1
75 3
0 1
72 1
0 3
68 1
0 1
77 2
75 2
73 1
0 1
73 3
0 1
70 1
0 1
73 1
0 1
70 1
0 1
73 1
0 1
70 1
0 1
73 1
0 1
75 1
77 3
75 2
73 1
0 1
73 2
0 2
77 1
0 1
78 1
0 1
77 3
0 1
73 2
73 1
0 1
73 1
0 1
73 1
0 1
75 1
0 3
77 3
0 1
78 1
0 1
77 1
0 1
75 1
0 1
73 2
0 2
70 2
73 1
0 3
70 1
0 1
73 1
0 1
70 1
0 1
73 1
0 1
75 1
0 1
77 1
0 1
75 4
0 4
68 1
0 1
77 2
75 2
73 1
0 1
73 6
0 2
68 1
0 1
77 1
0 1
75 1
0 1
73 1
0 1
75 3
0 1
72 1
0 3
68 1
0 1
77 2
75 2
73 1
0 1
73 3
0 1
70 1
0 1
73 1
0 1
70 1
0 1
73 1
0 1
70 1
0 1
73 1
0 1
75 1
77 3
75 2
73 1
0 1
73 2
0 2
77 1
0 1
78 1
0 1
77 3
0 1
73 2
73 1
0 1
73 1
0 1
73 1
0 1
75 1
0 3
77 3
0 1
78 1
0 1
77 1
0 1
75 1
0 1
73 2
0 2
70 2
73 1
0 3
70 1
0 1
73 1
0 1
70 1
0 1
73 1
0 1
75 1
0 1
77 1
0 1
75 4
0 4
68 2
77 2
75 2
73 1
0 1
73 11
0 141
68 2
77 2
75 2
73 1
0 1
73 6
0 2
68 1
0 1
77 1
0 1
75 1
0 1
73 1
0 1
75 3
0 1
72 1
0 3
68 1
0 1
77 2
75 2
73 1
0 1
73 3
0 1
70 1
0 1
73 1
0 1
70 1
0 1
73 1
0 1
70 1
0 1
73 1
0 1
75 1
77 3
75 2
73 1
0 1
73 2
0 2
77 1
0 1
78 1
0 1
77 3
0 1
73 2
73 1
0 1
73 1
0 1
73 1
0 1
75 1
0 3
77 3
0 1
78 1
0 1
77 1
0 1
75 1
0 1
73 2
0 2
70 2
73 1
0 3
70 1
0 1
73 1
0 1
70 1
0 1
73 1
0 1
75 1
0 1
77 1
0 1
75 11
0 7
76 5
0 1
69 1
0 1
78 2
76 2
74 1
0 1
74 6
0 2
69 1
0 1
78 1
0 1
76 1
0 1
74 1
0 1
76 3
0 1
73 1
0 3
69 1
0 1
78 2
76 2
74 1
0 1
74 3
0 1
71 1
0 1
74 1
0 1
71 1
0 1
74 1
0 1
71 1
0 1
74 1
0 1
76 1
78 3
76 2
74 1
0 1
74 2
0 2
78 1
0 1
79 1
0 1
78 3
0 1
74 2
74 1
0 1
74 1
0 1
74 1
0 1
76 1
0 3
78 3
0 1
79 1
0 1
78 1
0 1
76 1
0 1
74 2
0 2
71 2
74 1
0 3
71 1
0 1
74 1
0 1
71 1
0 1
74 1
0 1
76 1
0 1
78 1
0 1
76 18
0 6
69 1
0 1
78 2
0 1
76 2
74 1
0 2
74 23
