0 96
70 3
0 1
70 2
68 2
66 2
68 2
70 7
0 1
70 2
75 2
73 4
70 2
68 2
66 2
68 2
70 9
0 3
68 4
68 1
0 1
70 2
71 2
75 2
70 8
0 4
70 3
0 1
70 2
75 2
77 1
0 1
78 2
77 11
0 1
70 3
0 1
70 2
68 2
66 2
68 2
70 7
0 1
70 2
75 2
73 4
70 2
68 2
66 2
68 2
70 9
0 3
68 4
68 1
0 1
70 2
71 2
75 2
70 8
0 4
70 3
0 1
70 2
75 2
77 1
0 1
78 2
75 11
0 11
70 2
78 4
78 1
0 1
80 1
0 1
78 2
70 2
77 4
77 2
78 2
77 3
0 1
75 3
0 1
75 1
0 1
75 2
78 4
75 9
0 3
71 3
0 1
71 1
0 1
73 2
71 3
0 1
70 4
75 4
78 4
80 3
0 1
80 2
82 1
0 1
80 4
77 9
0 1
70 2
78 4
78 1
0 1
80 1
0 1
78 4
77 4
77 2
78 2
77 3
0 1
75 3
0 1
75 1
0 1
75 2
78 4
75 9
0 3
71 3
0 1
71 1
0 1
73 2
71 3
0 1
70 4
75 4
82 4
80 3
0 1
78 4
77 4
75 12
0 204
70 3
0 1
70 2
68 2
66 2
68 2
70 7
0 1
70 2
75 2
73 4
70 2
68 2
66 2
68 2
70 9
0 3
68 4
68 1
0 1
70 2
71 2
75 2
70 8
0 4
70 3
0 1
70 2
75 2
77 1
0 1
78 2
75 11
0 11
70 2
78 4
78 1
0 1
80 1
0 1
78 2
70 2
77 4
77 2
78 2
77 3
0 1
75 3
0 1
75 1
0 1
75 2
78 4
75 9
0 3
71 3
0 1
71 1
0 1
73 2
71 3
0 1
70 4
75 4
78 4
80 3
0 1
80 2
82 1
0 1
80 4
77 9
0 1
70 2
78 4
78 1
0 1
80 1
0 1
78 4
77 4
77 2
78 2
77 3
0 1
75 3
0 1
75 1
0 1
75 2
78 4
75 9
0 3
71 3
0 1
71 1
0 1
73 2
71 3
0 1
70 4
75 4
82 4
80 3
0 1
78 4
77 4
75 12
0 10
70 2
78 4
78 1
0 1
80 1
0 1
78 2
70 2
77 4
77 2
78 2
77 3
0 1
75 3
0 1
75 1
0 1
75 2
78 4
75 9
0 3
71 3
0 1
71 1
0 1
73 2
71 3
0 1
70 4
75 4
78 4
80 3
0 1
80 2
82 1
0 1
80 4
77 9
0 1
70 2
78 4
78 1
0 1
80 1
0 1
78 4
77 4
77 2
78 2
77 3
0 1
75 3
0 1
75 1
0 1
75 2
78 4
75 9
0 3
71 3
0 1
71 1
0 1
73 2
71 3
0 1
70 4
75 4
82 4
80 3
0 1
78 4
77 4
75 8
0 4
71 3
0 1
71 1
0 1
73 2
71 3
0 1
70 4
75 4
82 4
80 3
0 3
78 5
77 12
75 20
