E:min7 [2, 4, 7, 11] 4 2 
D:maj [2, 6, 9] 2 2 
C:maj [0, 4, 7] 0 2 
B:min7 [2, 6, 9, 11] 11 2 
A:min7 [0, 4, 7, 9] 9 4 
D:maj/3 [2, 6, 9] 6 2 
E:min7 [2, 4, 7, 11] 4 1 
D:maj/3 [2, 6, 9] 6 1 
G:sus2 [2, 7, 9] 7 5 
D:sus4 [2, 7, 9] 2 2 
D:maj [2, 6, 9] 2 1 
G:maj [2, 7, 11] 7 6 
D:maj [2, 6, 9] 2 1 
B:7 [3, 6, 9, 11] 11 1 
E:sus2 [4, 6, 11] 4 2 
D:maj [2, 6, 9] 2 2 
C:maj [0, 4, 7] 0 2 
B:min7 [2, 6, 9, 11] 11 2 
A:min7 [0, 4, 7, 9] 9 3 
A:sus2 [4, 9, 11] 9 1 
F:maj [0, 5, 9] 5 2 
D:maj [2, 6, 9] 2 2 
G:maj [2, 7, 11] 7 6 
D:maj/3 [2, 6, 9] 6 2 
G:maj [2, 7, 11] 7 6 
D:maj [2, 6, 9] 2 1 
B:7 [3, 6, 9, 11] 11 1 
E:min [4, 7, 11] 4 2 
D:maj [2, 6, 9] 2 2 
C:sus2 [0, 2, 7] 0 2 
B:min7 [2, 6, 9, 11] 11 1 
G:maj/3 [2, 7, 11] 11 1 
A:min7 [0, 4, 7, 9] 9 4 
D:sus2 [2, 4, 9] 2 4 
G:sus2 [2, 7, 9] 7 2 
B:min [2, 6, 11] 11 2 
E:sus4 [4, 9, 11] 4 2 
G:maj/5 [2, 7, 11] 2 2 
C:maj [0, 4, 7] 0 2 
B:min7 [2, 6, 9, 11] 11 1 
G:maj/3 [2, 7, 11] 11 1 
A:min7 [0, 4, 7, 9] 9 2 
D:sus4(b7) [2, 7, 9] 2 2 
G:sus2 [2, 7, 9] 7 2 
B:maj [3, 6, 11] 11 2 
E:min7 [2, 4, 7, 11] 4 2 
A:maj [1, 4, 9] 9 4 
D:sus2 [2, 4, 9] 2 2 
G:sus4 [0, 2, 7] 7 2 
E:min7 [2, 4, 7, 11] 4 2 
G:sus2 [2, 7, 9] 7 5 
G:maj [2, 7, 11] 7 1 
D:sus4 [2, 7, 9] 2 1 
D:maj [2, 6, 9] 2 1 
G:maj [2, 7, 11] 7 6 
D:maj [2, 6, 9] 2 1 
B:7 [3, 6, 9, 11] 11 1 
E:sus2 [4, 6, 11] 4 2 
D:maj [2, 6, 9] 2 2 
C:maj [0, 4, 7] 0 2 
B:min7 [2, 6, 9, 11] 11 2 
A:min7 [0, 4, 7, 9] 9 4 
D:9 [0, 2, 4, 6, 9] 2 2 
D:maj [2, 6, 9] 2 2 
G:sus2 [2, 7, 9] 7 2 
B:min [2, 6, 11] 11 2 
E:sus4 [4, 9, 11] 4 2 
G:maj/5 [2, 7, 11] 2 2 
C:maj [0, 4, 7] 0 2 
B:min7 [2, 6, 9, 11] 11 1 
G:maj/3 [2, 7, 11] 11 1 
A:min7 [0, 4, 7, 9] 9 2 
D:sus4(b7) [2, 7, 9] 2 2 
G:sus2 [2, 7, 9] 7 2 
B:maj [3, 6, 11] 11 2 
E:min7 [2, 4, 7, 11] 4 2 
A:maj [1, 4, 9] 9 4 
D:sus2 [2, 4, 9] 2 2 
G:maj [2, 7, 11] 7 4 
E:min7 [2, 4, 7, 11] 4 2 
D:maj [2, 6, 9] 2 2 
C:sus2 [0, 2, 7] 0 2 
G:maj [2, 7, 11] 7 2 
A:min [0, 4, 9] 9 4 
D:sus4(b7) [2, 7, 9] 2 3 
B:7 [3, 6, 9, 11] 11 1 
E:min [4, 7, 11] 4 2 
D:maj [2, 6, 9] 2 2 
C:maj [0, 4, 7] 0 2 
G:maj [2, 7, 11] 7 2 
A:min [0, 4, 9] 9 4 
E:min7/b7 [2, 4, 7, 11] 2 2 
Eb:9 [1, 3, 5, 7, 10] 3 1 
Eb:maj [3, 7, 10] 3 1 
Ab:sus2 [3, 8, 10] 8 2 
C:min [0, 3, 7] 0 2 
F:sus4 [0, 5, 10] 5 2 
Ab:maj/5 [0, 3, 8] 3 2 
C#:maj [1, 5, 8] 1 2 
C:min7 [0, 3, 7, 10] 0 1 
Ab:maj/3 [0, 3, 8] 0 1 
Bb:min7 [1, 5, 8, 10] 10 2 
Eb:sus4(b7) [3, 8, 10] 3 2 
Ab:sus2 [3, 8, 10] 8 2 
C:maj [0, 4, 7] 0 2 
F:min7 [0, 3, 5, 8] 5 2 
Bb:maj [2, 5, 10] 10 4 
Eb:sus2 [3, 5, 10] 3 2 
Ab:sus4 [1, 3, 8] 8 2 
Ab:maj [0, 3, 8] 8 2 
C#:maj [1, 5, 8] 1 2 
C:min7 [0, 3, 7, 10] 0 1 
Eb:sus4(b7) [3, 8, 10] 3 4 
Ab:maj [0, 3, 8] 8 3 
Ab:maj/3 [0, 3, 8] 0 2 
Ab:maj [0, 3, 8] 8 2 
Eb:sus4 [3, 8, 10] 3 1 
Ab:maj [0, 3, 8] 8 1 
Ab:sus4 [1, 3, 8] 8 2 
