0 68
69 1
71 2
69 1
71 4
67 1
69 1
71 1
72 1
74 2
72 1
72 3
72 1
71 3
69 1
67 2
69 6
62 1
69 1
71 2
69 1
71 4
67 2
76 2
74 2
72 1
72 3
72 1
74 1
71 2
69 1
71 3
69 1
67 4
67 1
79 1
79 1
78 1
79 1
78 2
74 1
74 4
67 1
76 2
74 1
74 1
74 2
74 1
74 7
69 1
71 1
72 1
71 1
72 1
79 9
67 1
69 1
0 1
71 1
71 3
72 1
71 1
0 7
71 2
69 1
67 5
69 1
71 2
69 1
71 4
67 1
69 1
71 1
72 1
74 2
72 1
72 3
72 1
71 3
69 1
67 2
69 6
62 1
69 1
71 2
69 1
71 4
67 2
76 2
74 2
72 1
72 3
72 1
74 1
71 2
69 1
71 3
69 1
67 4
67 1
79 2
78 1
78 3
74 2
74 1
71 2
67 1
76 2
74 1
74 2
72 1
74 1
72 1
74 6
69 1
71 1
72 1
71 1
72 1
79 8
76 1
79 2
81 2
81 11
0 1
79 2
81 2
83 1
0 1
83 1
0 1
83 1
0 1
83 1
84 3
83 1
83 1
0 1
83 2
0 1
81 1
79 2
0 1
79 2
76 1
83 6
0 1
74 1
74 1
76 1
79 1
0 1
79 1
79 2
76 1
74 1
74 1
83 1
0 1
83 1
83 1
0 1
81 1
79 1
0 2
79 1
79 1
79 2
76 1
81 4
0 1
79 2
81 1
0 1
83 1
0 1
83 1
83 1
83 1
0 1
83 1
83 1
84 2
83 1
83 2
83 2
0 1
81 1
79 2
0 1
79 2
81 1
81 5
0 2
74 1
74 1
76 1
79 1
0 1
79 1
79 1
0 1
76 1
74 1
74 1
0 1
83 1
83 1
83 1
81 2
79 2
0 1
76 2
79 6
0 10
69 1
71 1
69 1
71 5
67 1
69 1
71 1
72 1
74 2
72 1
72 2
79 3
72 2
71 1
69 2
71 7
69 1
71 2
69 1
71 4
67 2
76 2
74 2
72 1
72 3
72 1
74 1
71 2
69 1
71 3
69 1
67 4
67 1
79 2
78 1
78 3
76 2
74 1
71 2
67 1
76 2
74 1
74 2
74 1
72 1
74 7
69 1
71 1
72 1
71 1
72 1
79 8
76 1
79 2
81 2
81 12
79 2
81 2
83 2
83 2
83 2
83 1
84 3
83 1
83 2
83 3
81 1
79 3
79 2
76 1
83 7
74 1
74 1
76 1
79 2
79 1
79 2
76 1
74 1
74 1
83 2
83 1
83 2
81 1
79 3
79 1
79 1
79 1
83 3
83 2
81 2
79 2
81 2
83 2
83 1
83 1
83 2
83 1
83 1
84 2
83 1
83 2
83 3
81 1
79 3
79 2
81 1
81 7
74 1
74 1
76 1
0 1
79 1
79 1
79 2
76 1
74 1
74 1
83 1
0 1
83 1
83 2
81 1
79 3
76 2
79 12
0 68
79 2
78 1
78 3
76 2
74 1
71 2
67 1
76 2
74 1
74 2
72 1
74 1
72 1
74 6
69 1
71 1
72 1
71 1
72 1
79 8
76 1
79 2
81 2
81 8
80 4
82 4
84 2
84 2
84 2
84 1
85 3
84 1
84 2
84 3
82 1
80 3
80 2
77 1
84 7
75 1
75 1
77 1
80 2
80 1
80 2
77 1
75 1
75 1
84 2
84 1
84 2
82 1
80 3
80 1
80 1
80 1
84 3
84 2
82 2
80 2
82 2
84 2
84 1
84 1
84 2
84 1
84 1
85 2
84 1
84 2
84 3
82 1
80 3
80 2
82 1
82 7
75 1
75 1
77 2
80 1
80 1
80 2
77 1
75 1
75 1
84 2
84 1
84 2
82 1
80 3
77 2
80 10
75 1
75 1
77 1
80 2
80 1
80 2
77 1
75 3
75 1
84 2
87 2
84 1
82 2
80 2
77 8
80 1
0 1
82 4
80 15
