G:min [2, 7, 10] 7 6 
F:maj [0, 5, 9] 5 2 
G:min [2, 7, 10] 7 2 
Eb:maj [3, 7, 10] 3 4 
D:min [2, 5, 9] 2 4 
G:min [2, 7, 10] 7 4 
Bb:maj [2, 5, 10] 10 4 
C:min [0, 3, 7] 0 2 
D:min [2, 5, 9] 2 2 
G:min [2, 7, 10] 7 8 
F:maj [0, 5, 9] 5 2 
G:sus4 [0, 2, 7] 7 2 
Eb:maj [3, 7, 10] 3 4 
G:min/b3 [2, 7, 10] 10 2 
D:maj [2, 6, 9] 2 2 
G:sus2 [2, 7, 9] 7 4 
G:min/b3 [2, 7, 10] 10 2 
F:maj [0, 5, 9] 5 2 
C:min [0, 3, 7] 0 2 
D:maj [2, 6, 9] 2 2 
G:min [2, 7, 10] 7 8 
D:min7 [0, 2, 5, 9] 2 2 
G:sus4 [0, 2, 7] 7 2 
Eb:maj [3, 7, 10] 3 4 
G:min/b3 [2, 7, 10] 10 2 
D:maj [2, 6, 9] 2 2 
G:sus2 [2, 7, 9] 7 4 
G:min/b3 [2, 7, 10] 10 2 
F:maj [0, 5, 9] 5 2 
C:min [0, 3, 7] 0 2 
D:maj [2, 6, 9] 2 2 
G:min [2, 7, 10] 7 8 
Eb:maj [3, 7, 10] 3 2 
Eb:maj7 [1, 3, 7, 10] 3 6 
C:min [0, 3, 7] 0 2 
D:min [2, 5, 9] 2 2 
G:min/5 [2, 7, 10] 2 4 
Bb:maj [2, 5, 10] 10 1 
Eb:sus2 [3, 5, 10] 3 1 
Eb:maj [3, 7, 10] 3 2 
C:min [0, 3, 7] 0 2 
F:maj [0, 5, 9] 5 2 
D:min [2, 5, 9] 2 2 
G:min [2, 7, 10] 7 6 
Eb:maj [3, 7, 10] 3 2 
G:min [2, 7, 10] 7 2 
Eb:maj7 [1, 3, 7, 10] 3 4 
C:min [0, 3, 7] 0 2 
D:min [2, 5, 9] 2 2 
G:min [2, 7, 10] 7 4 
Eb:maj7 [1, 3, 7, 10] 3 2 
Eb:maj [3, 7, 10] 3 2 
C:min [0, 3, 7] 0 2 
F:maj [0, 5, 9] 5 2 
D:maj [2, 6, 9] 2 2 
G:min [2, 7, 10] 7 2 
C:min [0, 3, 7] 0 2 
F:maj [0, 5, 9] 5 2 
G:min [2, 7, 10] 7 8 
Eb:maj [3, 7, 10] 3 2 
G:min [2, 7, 10] 7 2 
Eb:maj7 [1, 3, 7, 10] 3 4 
C:min [0, 3, 7] 0 2 
D:sus4 [2, 7, 9] 2 2 
G:sus2 [2, 7, 9] 7 4 
Bb:maj [2, 5, 10] 10 2 
Eb:maj [3, 7, 10] 3 2 
C:min [0, 3, 7] 0 2 
F:maj [0, 5, 9] 5 2 
G:min [2, 7, 10] 7 8 
D:min7 [0, 2, 5, 9] 2 2 
G:sus4 [0, 2, 7] 7 2 
Eb:maj [3, 7, 10] 3 4 
G:min/b3 [2, 7, 10] 10 2 
D:maj [2, 6, 9] 2 2 
G:sus2 [2, 7, 9] 7 4 
G:min/b3 [2, 7, 10] 10 2 
F:maj [0, 5, 9] 5 2 
C:min [0, 3, 7] 0 2 
D:min [2, 5, 9] 2 2 
G:min [2, 7, 10] 7 8 
Eb:maj [3, 7, 10] 3 2 
Eb:maj7 [1, 3, 7, 10] 3 6 
C:min [0, 3, 7] 0 2 
D:min [2, 5, 9] 2 2 
G:min [2, 7, 10] 7 4 
Bb:maj [2, 5, 10] 10 2 
Eb:maj [3, 7, 10] 3 2 
C:min [0, 3, 7] 0 2 
F:maj [0, 5, 9] 5 2 
D:min [2, 5, 9] 2 2 
G:min [2, 7, 10] 7 6 
Eb:maj [3, 7, 10] 3 2 
G:min [2, 7, 10] 7 2 
Eb:maj7 [1, 3, 7, 10] 3 4 
C:min [0, 3, 7] 0 2 
D:min [2, 5, 9] 2 2 
G:min [2, 7, 10] 7 4 
G:min/b3 [2, 7, 10] 10 2 
Eb:maj [3, 7, 10] 3 2 
C:min [0, 3, 7] 0 2 
F:maj [0, 5, 9] 5 2 
D:maj [2, 6, 9] 2 2 
G:min [2, 7, 10] 7 2 
C:min [0, 3, 7] 0 2 
F:maj [0, 5, 9] 5 2 
G:sus2 [2, 7, 9] 7 4 
C:min [0, 3, 7] 0 2 
F:maj [0, 5, 9] 5 2 
G:sus2 [2, 7, 9] 7 7 
