0 136
67 2
74 1
74 1
74 2
72 2
74 1
72 1
70 5
0 1
72 2
72 3
0 1
69 2
67 4
0 4
67 2
79 1
79 1
79 1
0 1
77 1
0 1
74 2
74 1
72 1
70 2
67 2
74 5
0 11
74 2
79 1
79 1
79 1
0 1
77 2
79 1
0 1
74 2
0 4
77 2
74 3
0 1
74 2
72 6
0 2
72 1
0 1
72 1
72 1
72 1
0 1
72 1
74 1
77 2
77 1
0 1
70 2
72 1
70 1
67 10
0 6
67 2
74 1
74 1
74 2
72 2
74 1
72 1
70 5
0 1
72 2
72 3
0 1
69 2
67 4
0 4
67 2
79 1
79 1
79 1
0 1
77 1
0 1
74 1
0 1
74 1
72 1
70 2
67 2
74 5
0 11
74 2
79 1
79 1
79 1
0 1
77 2
79 1
0 1
74 2
0 4
77 2
74 3
0 1
74 2
72 6
0 2
72 1
0 1
72 1
0 1
72 1
0 1
72 1
74 1
77 2
77 1
0 1
70 2
72 1
70 1
67 10
0 6
74 1
0 1
79 1
79 1
79 1
0 1
77 1
0 1
79 3
0 3
74 1
74 1
82 1
0 1
79 1
81 1
77 1
0 1
74 2
79 8
74 1
0 1
79 1
79 1
79 1
0 1
77 1
77 1
79 1
0 1
79 3
0 3
79 1
0 1
79 2
0 2
72 2
74 7
0 1
74 1
0 1
79 1
79 1
79 1
0 1
77 1
0 1
79 1
0 1
74 3
0 1
74 1
0 1
77 1
0 1
74 3
0 1
72 1
0 1
70 5
0 1
72 1
72 1
72 1
0 1
72 1
74 1
72 1
0 1
74 1
0 1
77 2
74 2
0 2
74 1
0 1
77 1
0 1
77 1
77 1
77 1
0 1
74 1
0 1
79 7
0 1
74 1
0 1
79 1
79 1
79 1
0 1
77 1
0 1
79 3
0 3
74 1
74 1
82 1
0 1
79 1
81 1
77 1
0 1
74 2
79 8
74 1
0 1
79 1
79 1
79 1
0 1
77 1
77 1
79 1
0 1
79 3
0 3
79 1
0 1
79 2
0 2
72 2
74 7
0 1
74 1
0 1
79 1
79 1
79 1
0 1
77 1
0 1
79 1
0 1
74 3
0 3
77 1
0 1
74 3
0 1
72 1
0 1
70 5
0 1
72 1
72 1
72 1
0 1
72 1
74 1
72 1
0 1
74 1
0 1
77 2
74 2
0 2
74 1
74 1
77 1
0 1
74 3
0 1
79 1
0 1
79 8
72 1
0 1
72 1
72 1
72 1
0 1
74 1
0 1
77 2
77 2
0 2
70 1
72 1
67 10
0 134
67 2
74 1
74 1
74 2
72 2
74 1
72 1
70 5
0 1
72 2
72 3
0 1
69 2
67 4
0 4
67 2
79 1
79 1
79 1
0 1
77 1
0 1
74 1
0 1
74 1
72 1
70 2
67 2
74 5
0 11
74 2
79 1
79 1
79 1
0 1
77 2
79 1
0 1
74 2
0 4
77 2
74 3
0 1
74 2
72 6
0 2
72 1
0 1
72 1
0 1
72 1
0 1
72 1
74 1
77 2
77 1
0 1
70 2
72 1
70 1
67 10
0 6
74 1
0 1
79 1
79 1
79 1
0 1
77 1
0 1
79 3
0 3
74 1
74 1
82 1
0 1
79 1
81 1
77 1
0 1
74 2
79 8
74 1
0 1
79 1
79 1
79 1
0 1
77 1
77 1
79 1
0 1
79 3
0 3
79 1
0 1
79 2
0 2
72 2
74 7
0 1
74 1
0 1
79 1
79 1
79 1
0 1
77 1
0 1
79 1
0 1
74 3
0 1
74 1
0 1
77 1
0 1
74 3
0 1
72 1
0 1
70 5
0 1
72 1
72 1
72 1
0 1
72 1
74 1
72 1
0 1
74 1
0 1
77 2
74 2
0 2
74 1
0 1
77 1
0 1
77 1
77 1
77 1
0 1
74 1
0 1
79 7
0 1
74 1
0 1
79 1
79 1
79 1
0 1
77 1
0 1
79 3
0 3
74 1
74 1
82 1
0 1
79 1
81 1
77 1
0 1
74 2
79 8
74 1
0 1
79 1
79 1
79 1
0 1
77 1
77 1
79 1
0 1
79 3
0 3
79 1
0 1
79 2
0 2
72 2
74 7
0 1
74 1
0 1
79 1
79 1
79 1
0 1
77 1
0 1
79 1
0 1
74 3
0 3
77 1
0 1
74 3
0 1
72 1
0 1
70 5
0 1
72 1
72 1
72 1
0 1
72 1
74 1
72 1
0 1
74 1
0 1
77 2
74 2
0 2
74 1
74 1
77 1
0 1
74 3
0 1
79 1
0 1
79 8
72 1
0 1
72 1
72 1
72 1
0 1
74 1
0 1
77 2
77 2
0 2
70 1
72 1
67 10
0 6
72 1
0 1
72 1
72 1
72 2
74 2
77 2
0 1
77 4
0 1
70 3
0 1
67 18
