C:maj [0, 4, 7] 0 4 
Ab:maj7 [0, 3, 6, 8] 8 4 
Bb:maj [2, 5, 10] 10 4 
Eb:maj [3, 7, 10] 3 4 
C:min [0, 3, 7] 0 4 
Ab:maj7 [0, 3, 6, 8] 8 3 
Ab:maj [0, 3, 8] 8 1 
Bb:sus4(b7) [3, 5, 10] 10 4 
G:min [2, 7, 10] 7 12  
C:sus2 [0, 2, 7] 0 3 
C:min(9) [0, 2, 3, 7, 10] 0 1 
Ab:maj [0, 3, 8] 8 4 
Bb:maj [2, 5, 10] 10 4 
Eb:maj7 [1, 3, 7, 10] 3 4 
F:min [0, 5, 8] 5 4 
C:min [0, 3, 7] 0 4 
Ab:maj7 [0, 3, 6, 8] 8 4 
Bb:maj [2, 5, 10] 10 4 
C:min [0, 3, 7] 0 4 
Ab:maj7 [0, 3, 6, 8] 8 4 
Bb:maj [2, 5, 10] 10 4 
Eb:maj [3, 7, 10] 3 4 
F:maj [0, 5, 9] 5 4 
C:min [0, 3, 7] 0 4 
Ab:maj [0, 3, 8] 8 4 
G:maj [2, 7, 11] 7 8 
C:sus2 [0, 2, 7] 0 4 
Ab:maj [0, 3, 8] 8 3 
Bb:sus4 [3, 5, 10] 10 5 
Eb:maj [3, 7, 10] 3 4 
C:min [0, 3, 7] 0 4 
Ab:maj [0, 3, 8] 8 4 
Bb:maj [2, 5, 10] 10 3 
C:min [0, 3, 7] 0 9 
Ab:maj [0, 3, 8] 8 3 
Bb:sus4 [3, 5, 10] 10 5 
Eb:maj [3, 7, 10] 3 4 
C:min [0, 3, 7] 0 4 
Ab:maj [0, 3, 8] 8 4 
Bb:maj [2, 5, 10] 10 3 
C:min [0, 3, 7] 0 9 
Ab:maj [0, 3, 8] 8 4 
Bb:maj [2, 5, 10] 10 3 
Eb:maj [3, 7, 10] 3 5 
F:min [0, 5, 8] 5 4 
C:min [0, 3, 7] 0 4 
Eb:maj7/7 [1, 3, 7, 10] 2 4 
G:maj [2, 7, 11] 7 8 
C:min [0, 3, 7] 0 4 
Ab:maj7 [0, 3, 6, 8] 8 3 
Bb:maj [2, 5, 10] 10 4 
Eb:maj [3, 7, 10] 3 4 
F:maj [0, 5, 9] 5 5 
C:min [0, 3, 7] 0 3 
Ab:maj [0, 3, 8] 8 4 
G:maj [2, 7, 11] 7 9 
C:sus2 [0, 2, 7] 0 4 
Ab:maj [0, 3, 8] 8 3 
Bb:sus4 [3, 5, 10] 10 5 
Eb:maj [3, 7, 10] 3 4 
C:min [0, 3, 7] 0 4 
Ab:maj [0, 3, 8] 8 4 
Bb:maj [2, 5, 10] 10 3 
C:min [0, 3, 7] 0 9 
Ab:maj [0, 3, 8] 8 3 
Bb:sus4 [3, 5, 10] 10 5 
Eb:maj [3, 7, 10] 3 4 
C:min [0, 3, 7] 0 4 
Ab:maj [0, 3, 8] 8 4 
Bb:maj [2, 5, 10] 10 3 
C:min [0, 3, 7] 0 9 
Ab:maj [0, 3, 8] 8 4 
Bb:sus4(b7) [3, 5, 10] 10 3 
Eb:maj [3, 7, 10] 3 5 
C:min [0, 3, 7] 0 4 
Ab:maj7 [0, 3, 6, 8] 8 3 
Bb:maj [2, 5, 10] 10 5 
C:min [0, 3, 7] 0 4 
Bb:maj [2, 5, 10] 10 12 
C:sus4 [0, 5, 7] 0 3 
C:min [0, 3, 7] 0 2 
Ab:maj [0, 3, 8] 8 4 
G:maj [2, 7, 11] 7 11 
