0 164
72 1
0 1
67 1
0 1
70 1
0 1
72 1
0 1
72 1
0 1
75 1
0 1
75 1
0 1
72 1
0 1
70 2
72 5
0 9
70 1
0 1
70 1
0 1
72 2
70 2
0 2
70 2
67 1
0 1
65 1
0 1
63 1
0 1
67 6
60 1
0 1
63 1
0 1
65 6
0 2
65 3
0 1
63 1
0 1
65 1
0 1
67 1
0 1
67 1
0 1
65 1
0 1
67 4
0 2
67 1
0 1
70 1
0 1
72 1
0 1
72 3
0 1
70 1
0 1
72 3
0 1
75 3
0 1
74 2
72 4
70 5
0 9
72 1
0 1
67 1
0 1
70 1
0 1
72 1
0 1
72 1
0 1
75 1
0 1
75 1
0 1
72 1
0 1
70 2
72 5
0 7
70 1
0 1
70 1
0 1
70 1
0 1
72 2
70 2
0 2
70 2
67 1
0 1
65 1
0 1
63 1
0 1
67 6
60 1
0 1
63 1
0 1
65 4
65 2
65 2
65 3
0 1
63 1
0 1
65 1
0 1
67 1
0 1
67 1
0 1
70 1
0 1
67 2
0 2
67 2
70 1
0 1
67 1
0 1
72 1
0 1
72 2
72 2
75 1
0 1
77 3
0 1
75 2
72 2
74 12
0 12
67 3
0 1
70 3
0 1
72 1
0 1
72 1
0 1
72 1
0 1
70 1
0 1
72 2
79 1
0 1
77 1
0 1
75 1
0 1
77 3
0 1
77 1
0 1
75 3
0 1
72 4
72 1
0 1
74 1
0 1
74 1
0 1
74 1
0 1
75 1
0 1
77 1
0 1
75 1
0 1
77 1
0 1
80 3
0 1
79 5
0 9
79 1
0 1
79 1
0 1
79 1
0 1
79 1
0 1
79 1
0 1
77 1
0 1
77 1
0 1
75 1
0 1
75 1
0 1
77 1
0 1
77 1
0 1
75 4
72 5
0 1
74 1
0 1
74 1
0 1
74 1
0 1
72 1
0 1
70 2
67 1
0 1
70 1
0 1
72 3
0 1
72 10
67 2
70 2
72 1
0 1
72 1
0 1
72 1
0 1
70 1
0 1
72 2
79 1
0 1
77 1
0 1
75 1
0 1
77 3
0 1
77 1
0 1
75 3
0 1
72 4
72 1
0 1
74 1
0 1
74 1
0 1
74 1
0 1
75 1
0 1
77 1
0 1
75 1
0 1
77 1
0 1
80 3
0 1
79 5
0 9
79 1
0 1
79 1
0 1
79 1
0 1
79 1
0 1
79 1
0 1
77 1
0 1
77 1
0 1
75 1
0 1
77 2
0 2
77 1
0 1
75 4
72 4
72 2
74 1
0 1
74 1
0 1
74 1
0 1
72 1
0 1
70 2
67 1
0 1
70 1
0 1
72 3
0 1
72 10
0 152
72 1
0 1
67 1
0 1
70 1
0 1
72 1
0 1
72 1
0 1
75 1
0 1
75 1
0 1
72 1
0 1
70 2
72 5
0 7
70 1
0 1
70 1
0 1
70 1
0 1
72 2
70 2
0 2
70 2
67 1
0 1
65 1
0 1
63 1
0 1
67 6
60 1
0 1
63 1
0 1
65 4
65 2
65 2
65 3
0 1
63 1
0 1
65 1
0 1
67 1
0 1
67 1
0 1
70 1
0 1
67 2
0 2
67 2
70 1
0 1
67 1
0 1
72 1
0 1
72 2
72 2
75 1
0 1
77 3
0 1
75 2
72 2
74 12
0 12
67 3
0 1
70 3
0 1
72 1
0 1
72 1
0 1
72 1
0 1
70 1
0 1
72 2
79 1
0 1
77 1
0 1
75 1
0 1
77 3
0 1
77 1
0 1
75 3
0 1
72 4
72 1
0 1
74 1
0 1
74 1
0 1
74 1
0 1
75 1
0 1
77 1
0 1
75 1
0 1
77 1
0 1
80 3
0 1
79 5
0 9
79 1
0 1
79 1
0 1
79 1
0 1
79 1
0 1
79 1
0 1
77 1
0 1
77 1
0 1
75 1
0 1
75 1
0 1
77 1
0 1
77 1
0 1
75 4
72 5
0 1
74 1
0 1
74 1
0 1
74 1
0 1
72 1
0 1
70 2
67 1
0 1
70 1
0 1
72 3
0 1
72 10
67 2
70 2
72 1
0 1
72 1
0 1
72 1
0 1
70 1
0 1
72 2
79 1
0 1
77 1
0 1
75 1
0 1
77 3
0 1
77 1
0 1
75 3
0 1
72 4
72 1
0 1
74 1
0 1
74 1
0 1
74 1
0 1
75 1
0 1
77 1
0 1
75 1
0 1
77 1
0 1
80 3
0 1
79 5
0 9
79 1
0 1
79 1
0 1
79 1
0 1
79 1
0 1
79 1
0 1
77 1
0 1
77 1
0 1
75 1
0 1
77 2
0 2
77 1
0 1
75 4
72 4
72 2
74 1
0 1
74 1
0 1
74 1
0 1
72 1
0 1
70 2
67 1
0 1
70 1
0 1
72 3
0 1
72 10
0 4
79 9
0 1
79 2
77 2
75 1
0 1
77 2
79 4
72 6
0 2
72 2
74 1
0 1
74 1
0 1
74 1
0 1
75 1
0 1
77 1
0 1
75 2
77 1
0 1
80 3
0 1
79 12
0 2
79 9
0 1
79 2
77 2
75 1
0 1
77 2
79 4
72 6
0 2
72 2
74 1
0 1
74 1
0 1
74 1
0 1
75 1
0 1
74 1
0 1
72 4
70 2
72 4
72 8
0 2
72 2
74 1
0 1
74 1
0 1
74 1
0 1
75 2
0 1
74 2
0 1
72 2
0 1
70 15
0 6
72 6
0 7
72 14
