A:maj [1, 4, 9] 9 4 
F#:min [1, 6, 9] 6 4 
D:maj [2, 6, 9] 2 4 
E:sus2 [4, 6, 11] 4 4 
A:maj [1, 4, 9] 9 4 
F#:min [1, 6, 9] 6 4 
D:maj [2, 6, 9] 2 2 
E:maj [4, 8, 11] 4 2 
A:sus2 [4, 9, 11] 9 6 
C#:min/5 [1, 4, 8] 8 2 
F#:min [1, 6, 9] 6 4 
A:maj [1, 4, 9] 9 2 
C#:min/5 [1, 4, 8] 8 2 
C#:min [1, 4, 8] 1 4 
D:maj [2, 6, 9] 2 2 
E:maj [4, 8, 11] 4 2 
A:maj/5 [1, 4, 9] 4 2 
F#:min [1, 6, 9] 6 2 
B:min [2, 6, 11] 11 4 
E:maj [4, 8, 11] 4 4 
A:maj [1, 4, 9] 9 2 
C#:min/5 [1, 4, 8] 8 2 
F#:min [1, 6, 9] 6 4 
A:maj [1, 4, 9] 9 2 
C#:min/5 [1, 4, 8] 8 2 
C#:min [1, 4, 8] 1 4 
D:maj [2, 6, 9] 2 2 
E:maj [4, 8, 11] 4 2 
A:maj7/7 [1, 4, 7, 9] 8 2 
F#:min [1, 6, 9] 6 2 
B:min [2, 6, 11] 11 4 
E:maj [4, 8, 11] 4 4 
A:maj [1, 4, 9] 9 4 
F#:min [1, 6, 9] 6 4 
B:min [2, 6, 11] 11 4 
E:maj [4, 8, 11] 4 4 
A:maj [1, 4, 9] 9 4 
F#:min [1, 6, 9] 6 4 
B:min [2, 6, 11] 11 2 
E:maj [4, 8, 11] 4 2 
D:maj [2, 6, 9] 2 2 
C#:min [1, 4, 8] 1 2 
B:min [2, 6, 11] 11 2 
E:maj [4, 8, 11] 4 4 
A:maj [1, 4, 9] 9 4 
F#:min [1, 6, 9] 6 4 
B:min [2, 6, 11] 11 4 
E:maj [4, 8, 11] 4 4 
A:maj [1, 4, 9] 9 4 
F#:min [1, 6, 9] 6 4 
B:min [2, 6, 11] 11 2 
E:maj [4, 8, 11] 4 4 
A:maj [1, 4, 9] 9 2 
C#:min/5 [1, 4, 8] 8 2 
F#:min [1, 6, 9] 6 4 
A:maj [1, 4, 9] 9 2 
C#:min [1, 4, 8] 1 6 
D:maj [2, 6, 9] 2 2 
E:maj [4, 8, 11] 4 2 
A:maj7/7 [1, 4, 7, 9] 8 2 
F#:min [1, 6, 9] 6 2 
B:min [2, 6, 11] 11 4 
E:maj [4, 8, 11] 4 4 
A:maj [1, 4, 9] 9 4 
F#:min [1, 6, 9] 6 4 
B:min [2, 6, 11] 11 4 
E:maj [4, 8, 11] 4 4 
A:maj [1, 4, 9] 9 4 
F#:min [1, 6, 9] 6 4 
B:min [2, 6, 11] 11 2 
E:maj [4, 8, 11] 4 2 
A:maj [1, 4, 9] 9 3 
E:maj [4, 8, 11] 4 1 
A:maj7/5 [1, 4, 7, 9] 4 4 
F#:min [1, 6, 9] 6 4 
B:min [2, 6, 11] 11 4 
E:maj [4, 8, 11] 4 4 
A:maj [1, 4, 9] 9 4 
F#:min [1, 6, 9] 6 4 
B:min [2, 6, 11] 11 2 
E:maj [4, 8, 11] 4 2 
A:maj [1, 4, 9] 9 9 
F#:min [1, 6, 9] 6 4 
B:min [2, 6, 11] 11 1 
E:sus4(b7) [4, 9, 11] 4 7 
D:maj [2, 6, 9] 2 2 
C#:min [1, 4, 8] 1 2 
B:min [2, 6, 11] 11 4 
A:maj [1, 4, 9] 9 4 
