0 130
69 1
69 1
69 1
66 1
73 1
71 3
0 1
64 1
73 1
0 2
71 1
69 2
66 4
0 12
69 1
69 1
69 1
64 1
73 1
71 3
0 1
71 1
71 1
0 1
73 1
76 1
0 2
73 2
0 10
73 1
76 1
78 1
78 1
78 1
78 1
78 1
0 1
78 1
69 1
0 1
71 3
0 2
71 1
73 1
76 1
76 1
76 1
76 1
76 1
78 1
0 1
71 1
73 4
0 2
66 1
69 1
73 1
71 1
69 1
71 3
0 5
66 1
73 1
0 1
71 1
69 1
71 6
0 12
69 1
69 1
69 1
66 1
73 1
71 4
64 1
73 1
71 1
0 1
69 1
69 2
66 5
0 11
69 1
69 1
69 1
64 1
73 1
71 3
0 1
71 1
71 1
0 1
73 1
76 1
0 1
73 5
0 8
73 1
76 1
78 1
78 1
78 1
78 1
76 1
0 1
78 1
73 2
71 3
0 1
73 1
76 1
73 1
76 1
71 1
71 1
73 1
73 1
0 1
71 1
69 2
66 3
0 1
66 1
69 1
66 1
73 1
71 1
69 1
71 2
0 6
69 1
73 1
0 1
69 1
73 2
0 1
71 4
0 7
76 1
78 1
73 1
76 1
76 1
76 1
76 1
76 1
73 1
71 1
73 4
73 1
73 1
71 1
0 1
73 1
71 2
0 1
69 2
0 9
66 1
69 1
73 1
71 1
71 1
71 1
71 1
71 1
69 1
71 1
0 2
71 1
69 1
78 1
0 1
76 1
69 1
0 1
71 4
0 8
76 1
78 1
73 1
76 1
76 1
76 1
76 1
76 1
73 1
71 1
73 4
73 1
81 1
80 1
0 1
81 1
81 1
0 1
80 1
78 3
0 8
71 1
73 1
74 1
0 1
74 1
0 1
74 1
78 3
76 2
0 1
73 1
71 2
73 1
71 2
0 1
69 6
0 154
69 1
69 1
69 1
66 1
73 1
71 4
64 1
73 1
71 1
0 1
69 1
69 2
66 5
0 11
69 1
69 1
69 1
64 1
73 1
71 3
0 1
71 1
71 1
0 1
73 1
76 1
0 1
73 5
0 8
73 1
76 1
78 1
78 1
78 1
78 1
76 1
0 1
78 1
73 2
71 3
0 1
73 1
76 1
73 1
76 1
71 1
71 1
73 1
73 1
0 1
71 1
69 2
66 3
0 1
66 1
69 1
66 1
73 1
71 1
69 1
71 2
0 6
69 1
73 1
0 1
69 1
73 2
0 1
71 4
0 7
76 1
78 1
73 1
76 1
76 1
76 1
76 1
76 1
73 1
71 1
73 4
73 1
73 1
71 1
0 1
73 1
71 2
0 1
69 2
0 9
66 1
69 1
73 1
71 1
71 1
71 1
71 1
71 1
69 1
71 1
0 2
71 1
69 1
78 1
0 1
76 1
69 1
0 1
71 4
0 8
76 1
78 1
73 1
76 1
76 1
76 1
76 1
76 1
73 1
71 1
73 4
73 1
81 1
80 1
0 1
81 1
81 1
0 1
80 1
78 3
0 8
71 1
73 1
74 1
0 1
74 1
0 1
74 1
78 3
76 2
0 1
73 1
71 2
73 1
71 2
0 1
69 6
0 5
76 1
78 1
73 1
76 1
76 1
76 1
76 1
76 1
73 1
71 1
73 4
73 1
73 1
71 1
0 1
73 1
71 2
0 1
69 2
0 9
66 1
69 1
73 1
71 1
71 1
71 1
71 1
71 1
69 1
71 1
0 2
71 1
69 1
78 1
0 1
76 1
69 1
0 1
71 4
0 8
76 1
78 1
73 1
76 1
76 1
76 1
76 1
76 1
73 1
71 1
73 4
73 1
81 1
80 1
0 1
81 1
81 1
0 1
80 1
78 3
0 8
71 1
73 1
74 1
0 1
74 1
0 1
74 1
78 3
76 2
0 1
73 1
71 2
73 1
71 2
0 1
69 6
0 5
76 1
78 1
0 1
73 1
76 1
76 1
76 1
76 1
76 1
0 1
73 1
71 1
73 3
73 1
73 1
0 1
71 1
73 1
71 2
69 1
66 8
0 3
66 1
69 1
73 2
71 1
71 2
71 2
0 1
69 1
71 5
0 11
64 1
0 1
73 2
0 1
69 2
71 1
0 1
71 3
69 14
