Eb:min [3, 6, 10] 3 4 
Ab:maj [0, 3, 8] 8 4 
Eb:min [3, 6, 10] 3 4 
Eb:min7 [1, 3, 6, 10] 3 2 
F#:maj [1, 6, 10] 6 4 
B:maj [3, 6, 11] 11 4 
F#:maj [1, 6, 10] 6 4 
B:maj [3, 6, 11] 11 2 
B:maj7 [3, 6, 9, 11] 11 2 
Eb:min [3, 6, 10] 3 4 
C#:maj [1, 5, 8] 1 4 
C:dim [0, 3, 6] 0 4 
Ab:min [3, 8, 11] 8 2 
F#:maj [1, 6, 10] 6 10 
B:maj [3, 6, 11] 11 8 
F#:maj [1, 6, 10] 6 4 
B:maj [3, 6, 11] 11 4 
Eb:min [3, 6, 10] 3 2 
C#:maj [1, 5, 8] 1 2 
B:maj [3, 6, 11] 11 1 
F#:maj/3 [1, 6, 10] 10 1 
Ab:min [3, 8, 11] 8 1 
C:dim [0, 3, 6] 0 5 
C#:maj [1, 5, 8] 1 4 
F#:maj [1, 6, 10] 6 12 
F#:maj6 [1, 3, 6, 10] 6 1 
F#:maj [1, 6, 10] 6 2 
Ab:min7 [3, 6, 8, 11] 8 1 
Ab:min [3, 8, 11] 8 6 
B:maj [3, 6, 11] 11 4 
Eb:min [3, 6, 10] 3 4 
B:maj [3, 6, 11] 11 4 
B:maj7/7 [3, 6, 9, 11] 10 1 
F#:sus2 [1, 6, 8] 6 1 
F#:maj(9) [1, 4, 6, 8, 10] 6 4 
F#:maj [1, 6, 10] 6 4 
B:maj [3, 6, 11] 11 4 
F#:maj [1, 6, 10] 6 4 
B:maj [3, 6, 11] 11 4 
Eb:min [3, 6, 10] 3 4 
C#:maj [1, 5, 8] 1 4 
C:dim [0, 3, 6] 0 4 
Ab:min [3, 8, 11] 8 2 
Ab:min9 [3, 6, 8, 10, 11] 8 2 
F#:maj [1, 6, 10] 6 8 
B:maj [3, 6, 11] 11 8 
F#:maj [1, 6, 10] 6 4 
B:maj [3, 6, 11] 11 4 
Eb:min [3, 6, 10] 3 2 
C#:maj [1, 5, 8] 1 2 
B:maj [3, 6, 11] 11 1 
F#:maj/3 [1, 6, 10] 10 1 
Ab:min [3, 8, 11] 8 1 
C:dim [0, 3, 6] 0 4 
C#:maj [1, 5, 8] 1 5 
F#:maj [1, 6, 10] 6 2 
F#:maj7 [1, 4, 6, 10] 6 10 
F#:maj6 [1, 3, 6, 10] 6 1 
F#:maj [1, 6, 10] 6 3 
Ab:min [3, 8, 11] 8 6 
F#:maj [1, 6, 10] 6 3 
