0 128
68 5
0 1
63 1
0 1
68 1
0 1
70 1
0 1
72 1
0 1
73 1
0 1
75 8
0 4
75 1
0 1
77 1
0 1
80 4
0 2
82 1
0 1
80 2
0 1
77 2
0 1
72 1
0 1
75 7
0 11
72 1
0 1
72 1
0 1
73 1
0 1
72 3
0 1
65 1
0 1
68 3
0 1
70 8
0 8
70 1
0 1
70 1
0 1
68 1
0 1
70 3
0 1
72 1
0 1
70 3
0 1
63 6
0 8
68 5
0 1
63 1
0 1
68 1
0 1
70 1
0 1
68 1
0 1
75 10
0 4
75 1
0 1
77 1
0 1
80 4
0 2
82 1
0 1
80 2
0 1
77 2
0 1
72 1
0 1
75 7
0 11
77 1
0 1
77 1
0 1
80 1
0 1
77 3
0 1
72 1
0 1
75 3
0 1
70 7
0 3
63 1
0 1
65 1
0 1
72 5
0 1
70 1
0 1
68 3
0 1
67 2
68 9
0 11
70 1
0 1
70 1
0 1
68 1
0 1
70 3
0 1
70 1
0 1
68 1
0 1
72 1
0 1
75 11
0 5
80 1
0 1
80 1
0 1
82 1
0 1
80 3
0 1
77 1
0 1
80 4
75 10
0 6
72 1
0 1
72 1
0 1
75 1
0 1
75 3
0 1
72 1
0 1
75 1
0 1
80 5
0 1
79 3
0 1
77 6
0 2
77 1
0 1
77 1
0 1
75 1
0 1
77 3
0 1
80 1
0 1
82 4
75 13
0 13
75 1
0 1
77 1
0 1
82 1
0 1
82 3
0 1
80 1
0 1
77 3
0 1
84 3
0 1
82 8
0 4
80 2
82 1
0 1
84 1
0 1
87 1
0 1
87 1
0 1
87 1
0 3
87 2
75 4
77 12
75 1
0 1
77 1
0 1
82 1
0 1
82 3
0 1
80 1
0 1
77 3
0 1
84 3
0 1
82 8
0 4
82 1
0 1
80 1
0 1
85 3
84 2
0 1
80 1
0 1
82 3
0 1
84 3
0 1
75 9
0 3
75 1
0 1
77 1
0 1
82 1
0 1
82 3
0 1
80 1
0 1
77 3
0 1
84 3
0 1
82 8
0 4
80 2
82 1
0 1
84 1
0 1
87 1
0 1
87 1
0 1
87 2
0 2
87 2
75 4
77 12
75 1
0 1
77 1
0 1
82 1
0 1
82 3
0 1
80 1
0 1
77 3
0 1
84 3
0 1
82 8
0 4
82 1
0 1
80 1
0 1
85 6
84 1
0 1
80 3
0 1
82 3
0 1
80 9
0 135
68 5
0 1
63 1
0 1
68 1
0 1
70 1
0 1
68 1
0 1
75 10
0 4
75 1
0 1
77 1
0 1
80 4
0 2
82 1
0 1
80 2
0 1
77 2
0 1
72 1
0 1
75 7
0 11
77 1
0 1
77 1
0 1
80 1
0 1
77 3
0 1
72 1
0 1
75 3
0 1
70 7
0 3
63 1
0 1
65 1
0 1
72 5
0 1
70 1
0 1
68 3
0 1
67 2
68 9
0 11
70 1
0 1
70 1
0 1
68 1
0 1
70 3
0 1
70 1
0 1
68 1
0 1
72 1
0 1
75 11
0 5
80 1
0 1
80 1
0 1
82 1
0 1
80 3
0 1
77 1
0 1
80 4
75 10
0 6
72 1
0 1
72 1
0 1
75 1
0 1
75 3
0 1
72 1
0 1
75 1
0 1
80 5
0 1
79 3
0 1
77 6
0 2
77 1
0 1
77 1
0 1
75 1
0 1
77 3
0 1
80 1
0 1
79 4
75 13
0 13
75 1
0 1
77 1
0 1
82 1
0 1
82 3
0 1
80 1
0 1
77 3
0 1
84 3
0 1
82 8
0 4
80 2
82 1
0 1
84 1
0 1
87 1
0 1
87 1
0 1
87 1
0 3
87 2
75 4
77 12
75 1
0 1
77 1
0 1
82 1
0 1
82 3
0 1
80 1
0 1
77 3
0 1
84 3
0 1
82 8
0 4
82 1
0 1
80 1
0 1
85 3
84 2
0 1
80 1
0 1
82 3
0 1
84 3
0 1
75 9
0 3
75 1
0 1
77 1
0 1
82 1
0 1
82 3
0 1
80 1
0 1
77 3
0 1
84 3
0 1
82 8
0 4
80 2
82 1
0 1
84 1
0 1
87 1
0 1
87 1
0 1
87 2
0 2
87 2
75 4
77 12
75 1
0 1
77 1
0 1
82 1
0 1
82 3
0 1
80 1
0 1
77 3
0 1
84 3
0 1
82 8
0 4
82 1
0 1
80 1
0 1
85 6
84 1
0 1
80 3
0 1
82 3
0 1
80 9
0 3
75 1
0 1
77 1
0 1
82 1
0 1
82 3
0 1
80 1
0 1
77 3
0 1
84 3
0 1
82 8
0 4
80 2
82 1
0 1
84 1
0 1
87 1
0 1
87 1
0 1
87 2
0 2
87 2
75 4
77 12
75 1
0 1
77 1
0 1
82 1
0 1
82 3
0 1
80 1
0 1
77 3
0 1
84 3
0 1
82 8
0 4
82 1
0 1
80 1
0 1
85 6
84 1
0 1
80 3
0 1
82 3
0 1
80 9
