C#:maj [1, 5, 8] 1 4 
A:maj7 [1, 4, 7, 9] 9 4 
E:maj [4, 8, 11] 4 2 
E:maj/5 [4, 8, 11] 11 2 
Ab:sus4 [1, 3, 8] 8 4 
C#:min [1, 4, 8] 1 4 
A:maj7 [1, 4, 7, 9] 9 4 
E:maj [4, 8, 11] 4 4 
Ab:sus4 [1, 3, 8] 8 4 
C#:min [1, 4, 8] 1 4 
A:maj7 [1, 4, 7, 9] 9 4 
E:maj [4, 8, 11] 4 2 
E:maj/5 [4, 8, 11] 11 2 
Ab:maj [0, 3, 8] 8 4 
A:maj7/7 [1, 4, 7, 9] 8 3 
C#:min [1, 4, 8] 1 5 
E:maj6 [1, 4, 8, 11] 4 3 
Ab:maj [0, 3, 8] 8 5 
C#:min [1, 4, 8] 1 3 
A:maj [1, 4, 9] 9 4 
A:maj7 [1, 4, 7, 9] 9 2 
E:maj [4, 8, 11] 4 3 
E:maj7/3 [2, 4, 8, 11] 8 4 
C#:min [1, 4, 8] 1 3 
A:maj [1, 4, 9] 9 4 
A:maj7 [1, 4, 7, 9] 9 2 
E:maj [4, 8, 11] 4 3 
E:maj7/3 [2, 4, 8, 11] 8 4 
C#:min [1, 4, 8] 1 4 
A:maj [1, 4, 9] 9 4 
E:maj [4, 8, 11] 4 4 
Ab:min [3, 8, 11] 8 4 
C#:min [1, 4, 8] 1 4 
A:maj [1, 4, 9] 9 4 
E:maj [4, 8, 11] 4 4 
Ab:min [3, 8, 11] 8 4 
C#:min/5 [1, 4, 8] 8 4 
A:maj [1, 4, 9] 9 3 
E:maj [4, 8, 11] 4 5 
Ab:min [3, 8, 11] 8 4 
C#:min [1, 4, 8] 1 4 
A:maj [1, 4, 9] 9 3 
E:maj [4, 8, 11] 4 5 
Ab:min [3, 8, 11] 8 4 
A:maj7 [1, 4, 7, 9] 9 3 
C#:min [1, 4, 8] 1 5 
E:maj6 [1, 4, 8, 11] 4 3 
Ab:maj [0, 3, 8] 8 5 
C#:min [1, 4, 8] 1 3 
A:maj [1, 4, 9] 9 4 
A:maj7 [1, 4, 7, 9] 9 1 
E:maj6 [1, 4, 8, 11] 4 3 
E:maj7/3 [2, 4, 8, 11] 8 5 
C#:min [1, 4, 8] 1 3 
A:maj [1, 4, 9] 9 5 
E:maj6 [1, 4, 8, 11] 4 3 
E:maj7/3 [2, 4, 8, 11] 8 5 
C#:min [1, 4, 8] 1 4 
A:maj [1, 4, 9] 9 4 
E:maj [4, 8, 11] 4 4 
Ab:min [3, 8, 11] 8 4 
C#:min [1, 4, 8] 1 4 
A:maj [1, 4, 9] 9 4 
E:maj [4, 8, 11] 4 4 
Ab:min [3, 8, 11] 8 4 
A:maj7/7 [1, 4, 7, 9] 8 4 
E:maj [4, 8, 11] 4 4 
Ab:min [3, 8, 11] 8 4 
C#:min [1, 4, 8] 1 4 
A:maj7 [1, 4, 7, 9] 9 2 
E:maj [4, 8, 11] 4 6 
Ab:min [3, 8, 11] 8 8 
C#:min [1, 4, 8] 1 3 
A:maj [1, 4, 9] 9 5 
E:maj6 [1, 4, 8, 11] 4 3 
E:maj7/3 [2, 4, 8, 11] 8 5 
C#:min [1, 4, 8] 1 3 
A:maj [1, 4, 9] 9 5 
E:maj6 [1, 4, 8, 11] 4 3 
E:maj7/3 [2, 4, 8, 11] 8 5 
C#:min [1, 4, 8] 1 4 
A:maj [1, 4, 9] 9 4 
E:maj [4, 8, 11] 4 4 
Ab:min [3, 8, 11] 8 4 
C#:min [1, 4, 8] 1 4 
A:maj [1, 4, 9] 9 4 
E:maj [4, 8, 11] 4 4 
Ab:min [3, 8, 11] 8 2 
