0 192
69 2
76 3
0 1
74 1
72 1
74 2
79 1
0 1
72 2
69 1
69 1
67 2
69 12
0 2
69 2
74 1
74 3
72 2
69 2
79 2
79 2
76 1
74 1
76 13
0 3
76 3
81 1
79 2
76 2
74 2
74 4
69 1
72 1
74 12
0 2
79 1
76 1
74 1
0 1
72 3
0 1
67 1
67 1
67 1
0 1
74 2
72 2
74 2
72 2
69 9
0 5
69 2
76 3
0 1
74 1
72 1
74 2
79 1
0 1
72 2
69 1
69 1
67 2
69 12
0 2
69 2
74 1
74 3
72 2
69 2
79 2
79 2
76 1
74 1
76 13
0 3
76 3
81 1
79 2
76 2
74 2
74 4
69 1
72 1
74 12
0 2
74 1
76 1
79 2
76 3
0 1
74 1
76 1
79 1
0 1
79 1
0 1
79 2
79 1
79 1
76 2
81 10
0 2
76 1
0 1
81 1
0 1
81 1
0 1
79 1
0 1
79 1
0 1
81 2
0 1
84 1
81 2
79 2
76 2
79 3
0 1
74 1
0 1
72 2
69 4
69 1
72 1
74 6
74 1
76 1
79 1
0 1
81 1
0 1
79 1
76 1
74 2
76 12
0 2
76 1
0 1
81 1
0 1
81 1
0 1
79 1
0 1
79 1
0 1
81 2
0 1
84 1
81 2
79 2
76 2
79 3
0 1
74 1
0 1
72 2
69 4
69 1
72 1
74 6
76 2
79 1
0 1
79 1
0 1
79 2
79 2
76 12
0 2
76 1
0 1
81 1
0 1
81 1
0 1
79 1
0 1
79 1
0 1
81 2
0 1
84 1
81 2
79 2
76 2
79 3
0 1
74 1
0 1
72 2
69 4
69 1
72 1
74 6
74 1
76 1
79 1
0 1
81 1
0 1
79 1
76 1
74 2
76 12
0 2
76 1
79 1
81 1
0 1
81 1
0 1
79 1
0 1
79 1
0 1
81 2
0 1
84 1
81 2
79 2
76 2
79 3
0 1
74 1
0 1
72 2
69 4
69 1
72 1
74 2
74 4
74 1
76 1
79 1
0 1
79 4
67 2
69 12
0 132
69 2
76 3
0 1
74 1
72 1
74 2
79 1
0 1
72 2
69 1
69 1
67 2
69 12
0 2
69 2
74 1
74 3
72 2
69 2
79 2
79 2
76 1
74 1
76 13
0 3
76 3
81 1
79 2
76 2
74 2
74 4
69 1
72 1
74 12
0 2
74 1
76 1
79 2
76 3
0 1
74 1
76 1
79 1
0 1
79 1
0 1
79 2
79 1
79 1
76 2
81 10
0 2
76 1
0 1
81 1
0 1
81 1
0 1
79 1
0 1
79 1
0 1
81 2
0 1
84 1
81 2
79 2
76 2
79 3
0 1
74 1
0 1
72 2
69 4
69 1
72 1
74 6
74 1
76 1
79 1
0 1
81 1
0 1
79 1
76 1
74 2
76 12
0 2
76 1
0 1
81 1
0 1
81 1
0 1
79 1
0 1
79 1
0 1
81 2
0 1
84 1
81 2
79 2
76 2
79 3
0 1
74 1
0 1
72 2
69 4
69 1
72 1
74 6
76 2
79 1
0 1
79 1
0 1
79 2
79 2
76 12
0 6
74 1
74 1
74 2
72 2
69 1
0 1
72 1
0 1
79 1
0 1
76 1
74 1
76 13
0 5
74 1
74 1
74 2
74 1
76 1
79 2
79 1
0 1
79 1
0 1
79 1
76 1
81 13
0 1
76 1
0 1
81 1
0 1
81 1
0 1
79 1
0 1
79 1
0 1
81 2
0 1
84 1
81 2
79 2
76 2
79 3
0 1
74 1
0 1
72 2
69 4
69 1
72 1
74 6
74 1
76 1
79 1
0 1
81 1
0 1
79 1
76 1
74 2
76 12
0 2
76 1
79 1
81 1
0 1
81 1
0 1
79 1
0 1
79 1
0 1
81 2
0 1
84 1
81 2
79 2
76 2
79 3
0 1
74 1
0 1
72 2
69 4
69 1
72 1
74 2
74 3
0 1
74 1
76 1
79 1
0 1
84 4
79 2
81 12
