0 80
68 1
70 1
70 1
68 1
70 1
70 2
61 1
63 1
65 1
65 1
65 4
68 2
70 1
70 1
68 1
73 1
70 2
61 1
63 1
65 1
68 1
65 4
68 1
68 1
70 1
70 1
68 1
70 1
70 2
61 1
63 1
65 1
65 1
65 3
68 4
61 2
63 12
68 1
70 1
70 1
68 1
70 1
70 2
61 1
63 1
65 1
65 1
65 4
68 2
70 1
70 1
68 1
73 1
70 2
61 1
63 1
65 1
68 1
65 4
68 1
68 1
70 1
70 1
68 1
70 1
70 2
61 1
63 1
65 1
65 1
65 2
68 3
68 1
66 1
66 1
65 1
66 1
65 1
66 3
68 1
66 1
65 1
66 1
65 1
63 1
61 1
65 2
65 2
65 2
65 2
65 6
73 1
75 1
77 1
75 1
77 1
75 1
77 1
80 1
77 3
75 1
80 1
77 3
73 1
75 1
75 2
75 2
75 2
73 1
75 6
70 1
70 1
72 1
73 1
72 1
73 1
72 1
73 1
80 1
75 4
73 1
72 2
70 3
70 1
68 1
70 1
68 1
70 1
73 2
77 5
73 1
0 1
75 1
0 1
77 1
75 1
77 1
75 1
77 1
80 1
77 3
75 1
80 1
77 3
73 1
75 1
75 2
75 2
75 2
73 1
75 6
70 1
70 1
72 1
73 1
72 1
73 1
72 1
73 1
80 1
75 6
73 4
72 2
70 9
0 53
68 1
70 1
70 1
68 1
70 1
70 2
61 1
63 1
65 1
65 1
65 4
68 2
70 1
70 1
68 1
73 1
70 2
61 1
63 1
65 1
68 1
65 4
68 1
68 1
70 1
70 1
68 1
70 1
70 2
61 1
63 1
65 1
65 1
65 3
68 4
61 2
63 12
68 1
70 1
70 1
68 1
70 1
70 2
61 1
63 1
65 1
65 1
65 4
68 2
70 1
70 1
68 1
73 1
70 2
61 1
63 1
65 1
68 1
65 4
68 1
68 1
70 1
70 1
68 1
70 1
70 2
61 1
63 1
65 1
65 1
65 2
68 3
68 1
66 1
66 1
65 1
66 1
65 1
66 3
68 1
66 1
65 1
66 1
65 1
63 1
61 1
65 2
65 2
65 2
65 2
65 6
73 1
75 1
77 1
75 1
77 1
75 1
77 1
80 1
77 3
75 1
80 1
77 3
73 1
75 1
75 2
75 2
75 2
73 1
75 6
70 1
70 1
72 1
73 1
72 1
73 1
72 1
73 1
80 1
75 4
73 1
72 2
70 3
70 1
68 1
70 1
68 1
70 1
73 2
77 5
73 2
75 2
77 1
75 1
77 1
75 1
77 1
80 1
77 3
75 1
80 1
77 3
73 1
75 1
75 2
75 2
75 2
73 1
75 6
70 1
70 1
72 1
73 1
72 1
73 1
72 1
73 1
80 1
75 6
70 1
73 3
77 9
0 83
73 2
75 2
77 1
75 1
77 1
75 1
77 1
80 1
77 3
75 1
80 1
77 3
73 1
75 1
75 2
75 2
75 2
73 1
75 6
70 1
70 1
72 1
73 1
72 1
73 1
72 1
73 1
80 1
75 4
73 1
72 2
70 3
70 1
68 1
70 1
68 1
70 1
73 2
77 5
73 2
75 2
77 1
75 1
77 1
75 1
77 1
80 1
77 3
75 1
80 1
77 3
73 1
75 1
75 2
75 2
75 2
73 1
75 6
70 1
70 1
72 1
73 1
72 1
73 1
72 1
73 1
80 1
75 6
73 4
72 4
70 12
