Bb:min [1, 5, 10] 10 15 
F:maj [0, 5, 9] 5 3 
C#:maj/5 [1, 5, 8] 8 1 
Ab:maj [0, 3, 8] 8 1 
Eb:7/3 [1, 3, 7, 10] 7 4 
F#:maj7 [1, 4, 6, 10] 6 2 
F#:maj [1, 6, 10] 6 1 
Ab:maj [0, 3, 8] 8 3 
C#:maj [1, 5, 8] 1 3 
F:sus4 [0, 5, 10] 5 3 
Bb:min7 [1, 5, 8, 10] 10 3 
F:maj [0, 5, 9] 5 2 
F:maj/3 [0, 5, 9] 9 1 
C#:maj/5 [1, 5, 8] 8 3 
G:hdim7 [1, 4, 7, 10] 7 3 
F#:maj [1, 6, 10] 6 3 
Ab:maj [0, 3, 8] 8 3 
Bb:sus2 [0, 5, 10] 10 2 
Bb:min [1, 5, 10] 10 7 
A:aug [1, 5, 9] 9 2 
C#:sus2 [1, 3, 8] 1 1 
C#:maj/5 [1, 5, 8] 8 2 
C#:sus2 [1, 3, 8] 1 1 
G:hdim7 [1, 4, 7, 10] 7 2 
Eb:maj/3 [3, 7, 10] 7 1 
F#:maj [1, 6, 10] 6 3 
Ab:maj [0, 3, 8] 8 3 
C#:maj7 [1, 5, 8, 11] 1 3 
F:7 [0, 3, 5, 9] 5 2 
Bb:min/5 [1, 5, 10] 5 3 
Bb:min [1, 5, 10] 10 3 
C#:sus2 [1, 3, 8] 1 1 
C#:maj/5 [1, 5, 8] 8 3 
G:hdim7 [1, 4, 7, 10] 7 3 
F#:maj6 [1, 3, 6, 10] 6 3 
Ab:maj [0, 3, 8] 8 3 
Bb:min [1, 5, 10] 10 6 
Ab:maj [0, 3, 8] 8 6 
Eb:sus4 [3, 8, 10] 3 3 
Bb:min [1, 5, 10] 10 3 
Ab:maj [0, 3, 8] 8 6 
Bb:min [1, 5, 10] 10 6 
Ab:sus2 [3, 8, 10] 8 5 
Ab:maj [0, 3, 8] 8 1 
Eb:min [3, 6, 10] 3 3 
Bb:min [1, 5, 10] 10 3 
B:maj [3, 6, 11] 11 6 
F:sus4 [0, 5, 10] 5 4 
Bb:sus2 [0, 5, 10] 10 2 
F:sus4 [0, 5, 10] 5 12 
Bb:min [1, 5, 10] 10 3 
Ab:maj [0, 3, 8] 8 3 
F#:maj [1, 6, 10] 6 3 
C#:maj [1, 5, 8] 1 3 
Eb:min [3, 6, 10] 3 3 
F#:maj7/5 [1, 4, 6, 10] 1 3 
Ab:maj/3 [0, 3, 8] 0 2 
C:hdim7 [0, 3, 6, 9] 0 1 
F:sus4 [0, 5, 10] 5 3 
Bb:sus2 [0, 5, 10] 10 2 
Bb:min [1, 5, 10] 10 1 
F:min/b3 [0, 5, 8] 8 3 
F#:maj [1, 6, 10] 6 2 
F#:maj6 [1, 3, 6, 10] 6 1 
C#:maj [1, 5, 8] 1 3 
Eb:min7 [1, 3, 6, 10] 3 6 
C:hdim7 [0, 3, 6, 9] 0 3 
F:sus4 [0, 5, 10] 5 3 
F#:maj [1, 6, 10] 6 3 
Ab:sus2 [3, 8, 10] 8 3 
Bb:min [1, 5, 10] 10 6 
F#:maj [1, 6, 10] 6 2 
F#:maj7 [1, 4, 6, 10] 6 1 
Ab:maj [0, 3, 8] 8 3 
Bb:sus2 [0, 5, 10] 10 3 
Bb:min [1, 5, 10] 10 24 
G:hdim7 [1, 4, 7, 10] 7 2 
C#:maj/5 [1, 5, 8] 8 1 
F#:maj [1, 6, 10] 6 3 
Ab:maj [0, 3, 8] 8 3 
C#:maj7 [1, 5, 8, 11] 1 3 
F:7 [0, 3, 5, 9] 5 3 
Bb:sus2 [0, 5, 10] 10 2 
Bb:min [1, 5, 10] 10 3 
C#:sus2 [1, 3, 8] 1 1 
C#:maj/5 [1, 5, 8] 8 3 
G:hdim7 [1, 4, 7, 10] 7 3 
F#:maj6 [1, 3, 6, 10] 6 3 
Ab:maj [0, 3, 8] 8 3 
Bb:min [1, 5, 10] 10 6 
Ab:maj [0, 3, 8] 8 6 
Eb:sus4 [3, 8, 10] 3 3 
Bb:min [1, 5, 10] 10 3 
Ab:maj [0, 3, 8] 8 6 
Bb:min [1, 5, 10] 10 6 
Ab:sus2 [3, 8, 10] 8 5 
Ab:maj [0, 3, 8] 8 1 
Eb:min [3, 6, 10] 3 3 
Bb:min [1, 5, 10] 10 3 
B:maj [3, 6, 11] 11 6 
F:sus4 [0, 5, 10] 5 4 
Bb:sus2 [0, 5, 10] 10 2 
F:sus4 [0, 5, 10] 5 12 
Bb:min [1, 5, 10] 10 3 
Ab:maj [0, 3, 8] 8 3 
F#:maj [1, 6, 10] 6 3 
C#:maj [1, 5, 8] 1 3 
Eb:min [3, 6, 10] 3 3 
F#:maj7/5 [1, 4, 6, 10] 1 3 
Ab:maj/3 [0, 3, 8] 0 2 
C:hdim7 [0, 3, 6, 9] 0 1 
F:sus4 [0, 5, 10] 5 3 
Bb:sus2 [0, 5, 10] 10 2 
Bb:min [1, 5, 10] 10 1 
F:min/b3 [0, 5, 8] 8 3 
F#:maj [1, 6, 10] 6 3 
C#:maj [1, 5, 8] 1 3 
Eb:min [3, 6, 10] 3 3 
C#:maj/3 [1, 5, 8] 5 2 
C#:sus2 [1, 3, 8] 1 1 
C:hdim7 [0, 3, 6, 9] 0 3 
F:sus4 [0, 5, 10] 5 3 
Bb:min [1, 5, 10] 10 3 
Ab:maj [0, 3, 8] 8 3 
F#:maj [1, 6, 10] 6 3 
C#:maj [1, 5, 8] 1 3 
Eb:min [3, 6, 10] 3 3 
F#:maj7/5 [1, 4, 6, 10] 1 3 
Ab:maj/3 [0, 3, 8] 0 2 
C:hdim7 [0, 3, 6, 9] 0 1 
F:sus4 [0, 5, 10] 5 3 
Bb:sus2 [0, 5, 10] 10 2 
Bb:min [1, 5, 10] 10 1 
F:min/b3 [0, 5, 8] 8 3 
F#:maj [1, 6, 10] 6 3 
C#:maj [1, 5, 8] 1 3 
Eb:min7 [1, 3, 6, 10] 3 3 
Eb:min [3, 6, 10] 3 3 
C:hdim7 [0, 3, 6, 9] 0 3 
F:sus4 [0, 5, 10] 5 3 
F#:maj [1, 6, 10] 6 3 
Ab:maj [0, 3, 8] 8 3 
Bb:min [1, 5, 10] 10 6 
F#:maj [1, 6, 10] 6 3 
Ab:maj [0, 3, 8] 8 3 
Bb:min [1, 5, 10] 10 21 
