0 240
77 2
77 2
77 2
70 2
72 2
73 2
77 2
77 2
77 2
70 2
72 2
73 2
77 2
77 2
77 2
77 2
75 2
73 2
70 12
73 2
73 2
73 2
70 2
72 2
73 2
75 2
75 2
75 2
75 2
75 2
68 2
77 2
77 2
77 2
77 2
75 2
73 2
77 12
77 2
77 2
77 2
70 2
72 2
73 2
77 2
77 2
77 2
70 2
72 2
73 2
77 2
77 2
77 2
82 2
77 2
73 2
70 12
73 6
75 2
73 4
72 4
70 4
68 4
70 24
80 6
80 2
80 4
80 4
78 4
75 4
78 6
80 2
78 2
75 2
77 12
75 6
75 2
75 4
75 4
73 4
75 4
77 2
77 2
77 2
78 2
77 2
72 2
77 12
80 6
80 2
80 4
80 4
78 4
75 4
78 2
78 2
78 2
80 2
78 2
75 2
77 12
75 6
75 2
75 4
75 4
73 4
71 4
69 10
69 2
69 4
70 4
72 4
77 44
77 2
77 2
85 2
84 2
85 2
84 2
85 2
77 2
80 12
82 2
80 2
82 2
80 2
82 2
73 2
77 12
78 2
77 2
78 2
77 2
78 2
75 2
77 2
75 2
77 2
75 2
77 2
73 2
75 2
75 2
75 2
77 2
78 2
75 2
77 8
77 2
77 2
85 2
84 2
85 2
84 2
85 2
82 2
84 12
82 2
80 2
82 2
84 2
85 3
82 3
80 10
78 6
80 2
78 4
77 4
75 4
73 4
75 2
75 2
75 2
77 2
78 2
75 2
72 12
73 4
75 4
73 4
72 4
70 6
68 2
70 23
0 1
73 6
75 2
73 4
72 4
73 7
72 5
70 12
0 56
77 2
77 1
0 1
77 1
0 1
70 2
72 2
73 2
77 2
77 1
0 1
77 1
0 1
70 2
72 2
73 2
77 2
77 1
0 1
77 1
0 1
77 1
0 1
75 2
73 2
70 12
73 2
73 2
73 2
70 2
72 2
73 2
75 2
75 2
75 2
75 2
75 2
68 2
77 2
77 2
77 2
77 2
75 2
73 2
77 12
77 1
0 1
77 2
77 2
70 2
72 2
73 2
77 2
77 2
77 2
70 2
72 2
73 2
77 2
77 1
0 1
77 1
0 1
82 2
77 2
73 2
70 12
73 6
75 2
73 4
72 4
70 4
68 4
70 24
80 6
80 2
80 4
80 4
78 4
75 4
78 6
80 2
78 2
75 2
77 12
75 6
75 2
75 4
75 4
73 4
75 4
77 2
77 2
77 2
78 2
77 2
72 4
77 10
80 6
80 2
80 4
80 4
78 4
75 4
78 2
78 2
78 2
80 2
78 2
75 4
77 10
75 6
75 2
75 4
75 4
73 4
71 4
69 10
69 2
69 4
70 4
72 4
77 44
77 2
77 2
85 2
84 2
85 2
84 2
85 2
77 2
80 12
82 2
80 2
82 2
80 2
82 2
73 2
77 12
78 2
77 2
78 2
77 2
78 2
75 2
77 2
75 2
77 2
75 2
77 2
73 2
75 2
75 2
75 2
77 2
78 2
75 2
77 8
77 2
77 2
85 2
84 2
85 2
84 2
85 2
82 2
84 12
82 2
80 2
82 2
84 2
85 2
82 2
80 12
78 6
80 2
78 4
77 4
75 4
73 4
75 2
75 2
75 2
77 2
78 2
75 2
77 8
77 2
77 2
85 2
84 2
85 2
84 2
85 2
77 2
80 12
82 2
80 2
82 2
80 2
82 2
73 2
77 12
78 2
77 2
78 2
77 2
78 2
75 2
77 2
75 2
77 2
75 2
77 2
73 2
75 2
75 2
75 2
77 2
78 2
75 4
77 6
77 2
77 2
85 2
84 2
85 2
84 2
85 2
82 2
84 12
82 2
80 2
82 2
84 2
85 2
82 2
80 12
78 6
80 4
78 2
77 4
75 4
73 4
75 2
75 2
75 2
77 2
78 2
75 2
72 12
73 4
75 6
73 2
72 4
70 4
68 4
70 24
73 6
75 2
73 4
72 4
73 8
72 3
70 13
