D:min [2, 5, 9] 2 4 
G:min [2, 7, 10] 7 4 
C:maj [0, 4, 7] 0 8 
G:min [2, 7, 10] 7 4 
A:min [0, 4, 9] 9 2 
D:min [2, 5, 9] 2 6 
G:min [2, 7, 10] 7 4 
A:min [0, 4, 9] 9 6 
D:min [2, 5, 9] 2 4 
G:min [2, 7, 10] 7 2 
C:maj [0, 4, 7] 0 4 
G:maj [2, 7, 11] 7 4 
A:min [0, 4, 9] 9 2 
D:sus2 [2, 4, 9] 2 6 
G:maj [2, 7, 11] 7 4 
A:min [0, 4, 9] 9 4 
D:min [2, 5, 9] 2 6 
G:maj [2, 7, 11] 7 2 
C:sus4 [0, 5, 7] 0 2 
C:maj/5 [0, 4, 7] 7 6 
G:min [2, 7, 10] 7 2 
C:maj [0, 4, 7] 0 2 
Bb:maj7 [2, 5, 8, 10] 10 2 
D:min [2, 5, 9] 2 2 
G:min [2, 7, 10] 7 4 
A:min [0, 4, 9] 9 4 
A:min7 [0, 4, 7, 9] 9 2 
D:min [2, 5, 9] 2 6 
C:maj [0, 4, 7] 0 8 
G:min [2, 7, 10] 7 2 
C:maj [0, 4, 7] 0 2 
Bb:maj [2, 5, 10] 10 2 
D:min [2, 5, 9] 2 2 
G:min [2, 7, 10] 7 4 
A:min [0, 4, 9] 9 4 
A:min7 [0, 4, 7, 9] 9 2 
D:min [2, 5, 9] 2 6 
G:min [2, 7, 10] 7 4 
C:maj [0, 4, 7] 0 4 
G:min [2, 7, 10] 7 2 
C:maj [0, 4, 7] 0 2 
Bb:maj7 [2, 5, 8, 10] 10 2 
D:min [2, 5, 9] 2 2 
G:min [2, 7, 10] 7 4 
A:min [0, 4, 9] 9 6 
D:min [2, 5, 9] 2 4 
G:maj [2, 7, 11] 7 2 
C:maj [0, 4, 7] 0 4 
G:maj [2, 7, 11] 7 4 
A:min [0, 4, 9] 9 2 
D:sus2 [2, 4, 9] 2 6 
G:maj [2, 7, 11] 7 4 
A:min [0, 4, 9] 9 4 
D:min [2, 5, 9] 2 6 
G:maj [2, 7, 11] 7 2 
C:sus4 [0, 5, 7] 0 8 
G:min [2, 7, 10] 7 2 
C:maj [0, 4, 7] 0 2 
Bb:maj7 [2, 5, 8, 10] 10 2 
D:min [2, 5, 9] 2 2 
G:min [2, 7, 10] 7 4 
A:min [0, 4, 9] 9 4 
A:min7 [0, 4, 7, 9] 9 2 
D:min [2, 5, 9] 2 6 
C:maj [0, 4, 7] 0 8 
G:min [2, 7, 10] 7 2 
C:maj [0, 4, 7] 0 2 
Bb:maj [2, 5, 10] 10 2 
D:min [2, 5, 9] 2 2 
G:min [2, 7, 10] 7 4 
A:min [0, 4, 9] 9 4 
A:min7 [0, 4, 7, 9] 9 2 
D:min [2, 5, 9] 2 8 
