0 64
79 4
0 2
81 1
79 1
77 4
74 2
77 2
72 3
0 1
69 2
72 1
0 1
77 1
0 7
74 5
0 1
77 2
84 2
86 3
0 1
81 2
79 2
0 14
81 4
79 2
81 2
84 3
0 1
81 2
0 2
72 2
69 2
72 2
74 2
77 2
0 6
74 3
0 3
77 1
0 1
74 2
72 3
0 1
69 1
0 1
72 2
0 14
79 4
0 2
81 1
79 1
77 4
74 2
77 2
72 3
0 1
69 2
72 1
0 1
77 1
0 7
74 5
0 1
77 2
84 2
86 3
0 1
81 2
79 2
0 14
81 4
79 2
81 2
84 3
0 1
81 2
0 2
72 2
69 2
72 2
74 2
77 2
0 6
74 3
0 3
77 1
0 1
74 2
72 3
0 1
69 1
0 1
72 2
0 14
79 3
0 1
79 1
0 1
81 1
0 1
84 3
0 1
86 2
84 2
82 3
0 3
84 1
0 1
84 2
0 6
84 2
86 2
84 2
81 2
79 2
81 2
77 2
74 1
0 1
79 2
0 14
81 4
79 2
81 1
0 1
84 1
0 3
81 2
0 2
72 2
69 2
72 2
74 2
77 2
0 6
74 2
0 4
77 1
0 1
79 1
0 1
74 1
0 1
77 1
0 1
81 1
0 1
79 1
0 15
79 3
0 1
79 1
0 1
81 1
0 1
84 3
0 1
86 2
84 2
82 3
0 3
84 1
0 1
84 2
0 6
84 2
86 2
84 2
81 2
79 2
81 2
77 2
74 1
0 1
79 2
0 14
81 4
79 2
81 1
0 1
84 1
0 3
81 2
0 2
72 2
69 2
72 2
74 2
77 2
0 6
74 2
0 4
77 1
0 1
79 1
0 1
74 1
0 1
77 1
0 1
81 1
0 1
79 1
0 143
79 4
0 2
81 1
79 1
77 4
74 2
77 2
72 3
0 1
69 2
72 1
0 1
77 1
0 7
74 5
0 1
77 2
84 2
86 3
0 1
81 2
79 2
0 14
81 4
79 2
81 2
84 3
0 1
81 2
0 2
72 2
69 2
72 2
74 2
77 2
0 6
74 3
0 3
77 1
0 1
74 2
72 3
0 1
69 1
0 1
72 2
0 14
79 3
0 1
79 1
0 1
81 1
0 1
84 3
0 1
86 2
84 2
82 3
0 3
84 1
0 1
84 2
0 6
84 2
86 2
84 2
81 2
79 2
81 2
77 2
74 1
0 1
79 2
0 14
81 4
79 2
81 1
0 1
84 1
0 3
81 2
0 2
72 2
69 2
72 2
74 2
77 2
0 6
74 2
0 4
77 1
0 1
79 1
0 1
74 1
0 1
77 1
0 1
81 1
0 1
79 1
0 15
79 3
0 1
79 1
0 1
81 1
0 1
84 3
0 1
86 2
84 2
82 3
0 3
84 1
0 1
84 2
0 6
84 2
86 2
84 2
81 2
79 2
81 2
77 2
74 1
0 1
79 2
0 14
81 4
79 2
81 1
0 1
84 1
0 3
81 2
0 2
72 2
69 2
72 2
74 2
77 2
0 6
74 2
0 4
77 1
0 1
79 1
0 1
74 1
0 1
77 1
0 1
81 1
0 9
79 1
