C#:sus2 [1, 3, 8] 1 8 
Bb:min [1, 5, 10] 10 7 
Bb:min7 [1, 5, 8, 10] 10 1 
Eb:min [3, 6, 10] 3 3 
Ab:sus2 [3, 8, 10] 8 5 
C#:maj [1, 5, 8] 1 28 
Bb:min [1, 5, 10] 10 4 
Eb:sus4(b7) [3, 8, 10] 3 3 
Ab:maj [0, 3, 8] 8 5 
C#:maj [1, 5, 8] 1 18 
Bb:min [1, 5, 10] 10 6 
Bb:sus4 [3, 5, 10] 10 1 
Eb:min [3, 6, 10] 3 3 
C#:sus2 [1, 3, 8] 1 7 
C#:maj [1, 5, 8] 1 1 
Bb:min [1, 5, 10] 10 4 
Eb:min [3, 6, 10] 3 3 
Ab:sus2 [3, 8, 10] 8 4 
Ab:maj [0, 3, 8] 8 1 
F:min7 [0, 3, 5, 8] 5 4 
Bb:min [1, 5, 10] 10 4 
Eb:min [3, 6, 10] 3 3 
Ab:sus2 [3, 8, 10] 8 5 
C#:maj [1, 5, 8] 1 3 
Bb:min [1, 5, 10] 10 5 
Eb:min [3, 6, 10] 3 3 
Ab:sus2 [3, 8, 10] 8 4 
Ab:maj [0, 3, 8] 8 1 
F:min [0, 5, 8] 5 3 
Bb:min [1, 5, 10] 10 5 
Eb:maj [3, 7, 10] 3 2 
F:min/b3 [0, 5, 8] 8 2 
C#:maj [1, 5, 8] 1 8 
Bb:min [1, 5, 10] 10 4 
Eb:min [3, 6, 10] 3 3 
Ab:maj [0, 3, 8] 8 5 
F:min [0, 5, 8] 5 4 
F#:maj [1, 6, 10] 6 3 
Eb:min [3, 6, 10] 3 4 
Ab:sus2 [3, 8, 10] 8 5 
C#:maj [1, 5, 8] 1 4 
Bb:min [1, 5, 10] 10 3 
Bb:min7 [1, 5, 8, 10] 10 1 
Eb:min [3, 6, 10] 3 4 
Ab:sus2 [3, 8, 10] 8 3 
Ab:maj [0, 3, 8] 8 1 
F:maj [0, 5, 9] 5 4 
F#:maj [1, 6, 10] 6 4 
Ab:sus2 [3, 8, 10] 8 4 
C#:maj [1, 5, 8] 1 22 
Bb:min [1, 5, 10] 10 6 
Bb:sus4 [3, 5, 10] 10 1 
Eb:min [3, 6, 10] 3 3 
C#:sus2 [1, 3, 8] 1 7 
C#:maj [1, 5, 8] 1 1 
Bb:min [1, 5, 10] 10 4 
Eb:min [3, 6, 10] 3 3 
Ab:sus2 [3, 8, 10] 8 4 
Ab:maj [0, 3, 8] 8 1 
F:min7 [0, 3, 5, 8] 5 4 
Bb:min [1, 5, 10] 10 4 
Eb:min [3, 6, 10] 3 3 
Ab:sus2 [3, 8, 10] 8 5 
C#:maj [1, 5, 8] 1 3 
Bb:min [1, 5, 10] 10 5 
Eb:min [3, 6, 10] 3 3 
Ab:sus2 [3, 8, 10] 8 4 
Ab:maj [0, 3, 8] 8 1 
F:min [0, 5, 8] 5 3 
Bb:min [1, 5, 10] 10 5 
Eb:maj [3, 7, 10] 3 2 
F:min/b3 [0, 5, 8] 8 2 
C#:maj [1, 5, 8] 1 8 
Bb:min [1, 5, 10] 10 4 
Eb:min [3, 6, 10] 3 3 
Ab:sus2 [3, 8, 10] 8 4 
Ab:maj [0, 3, 8] 8 1 
F:min7 [0, 3, 5, 8] 5 4 
Bb:min [1, 5, 10] 10 4 
Eb:min [3, 6, 10] 3 3 
Ab:sus2 [3, 8, 10] 8 5 
C#:maj [1, 5, 8] 1 3 
Bb:min [1, 5, 10] 10 5 
Eb:min [3, 6, 10] 3 3 
Ab:sus2 [3, 8, 10] 8 4 
Ab:maj [0, 3, 8] 8 1 
F:min [0, 5, 8] 5 3 
Bb:min [1, 5, 10] 10 5 
Eb:maj [3, 7, 10] 3 2 
F:min/b3 [0, 5, 8] 8 2 
C#:maj [1, 5, 8] 1 4 
Eb:min [3, 6, 10] 3 3 
Ab:maj [0, 3, 8] 8 8 
C#:maj [1, 5, 8] 1 3 
Bb:maj [2, 5, 10] 10 3 
