Bb:maj [2, 5, 10] 10 2 
Bb:maj7/7 [2, 5, 8, 10] 9 2 
G:min [2, 7, 10] 7 2 
D:maj/3 [2, 6, 9] 6 2 
Bb:maj [2, 5, 10] 10 2 
F:maj/3 [0, 5, 9] 9 2 
G:min [2, 7, 10] 7 1 
G:min7 [2, 5, 7, 10] 7 1 
Eb:min/b3 [3, 6, 10] 6 2 
Bb:maj [2, 5, 10] 10 4 
G:min [2, 7, 10] 7 4 
Eb:maj [3, 7, 10] 3 4 
F:maj [0, 5, 9] 5 4 
Bb:maj [2, 5, 10] 10 4 
G:min [2, 7, 10] 7 4 
Eb:maj [3, 7, 10] 3 4 
F:maj [0, 5, 9] 5 4 
D:min [2, 5, 9] 2 4 
G:min [2, 7, 10] 7 4 
Eb:maj [3, 7, 10] 3 4 
F:maj [0, 5, 9] 5 4 
Bb:maj [2, 5, 10] 10 4 
G:min [2, 7, 10] 7 4 
Eb:maj [3, 7, 10] 3 4 
F:maj [0, 5, 9] 5 4 
D:min [2, 5, 9] 2 4 
G:min [2, 7, 10] 7 4 
Eb:maj(9) [1, 3, 5, 7, 10] 3 2 
C:min [0, 3, 7] 0 2 
F:maj [0, 5, 9] 5 4 
Bb:maj [2, 5, 10] 10 3 
Bb:maj7/7 [2, 5, 8, 10] 9 1 
G:min [2, 7, 10] 7 4 
Eb:maj [3, 7, 10] 3 4 
F:maj [0, 5, 9] 5 4 
D:min [2, 5, 9] 2 4 
G:min [2, 7, 10] 7 4 
Eb:maj [3, 7, 10] 3 4 
Bb:maj [2, 5, 10] 10 2 
F:maj/3 [0, 5, 9] 9 2 
G:min [2, 7, 10] 7 2 
Eb:min/b3 [3, 6, 10] 6 2 
Bb:maj [2, 5, 10] 10 2 
F:maj/3 [0, 5, 9] 9 2 
G:min [2, 7, 10] 7 2 
Eb:min/b3 [3, 6, 10] 6 2 
Bb:maj [2, 5, 10] 10 4 
G:min [2, 7, 10] 7 4 
Eb:maj [3, 7, 10] 3 4 
F:maj [0, 5, 9] 5 4 
D:min [2, 5, 9] 2 4 
G:min [2, 7, 10] 7 4 
Eb:maj [3, 7, 10] 3 4 
F:maj [0, 5, 9] 5 4 
Bb:maj [2, 5, 10] 10 4 
G:min [2, 7, 10] 7 4 
Eb:maj [3, 7, 10] 3 4 
F:maj [0, 5, 9] 5 4 
D:min [2, 5, 9] 2 4 
G:min [2, 7, 10] 7 4 
Eb:maj(9) [1, 3, 5, 7, 10] 3 2 
C:min [0, 3, 7] 0 2 
F:maj [0, 5, 9] 5 4 
Bb:maj [2, 5, 10] 10 4 
G:min [2, 7, 10] 7 4 
Eb:maj [3, 7, 10] 3 4 
F:maj [0, 5, 9] 5 4 
D:min [2, 5, 9] 2 4 
G:min [2, 7, 10] 7 4 
Eb:maj [3, 7, 10] 3 6 
F:maj [0, 5, 9] 5 2 
Eb:min [3, 6, 10] 3 1 
Bb:maj [2, 5, 10] 10 7 
G:min [2, 7, 10] 7 4 
Eb:maj [3, 7, 10] 3 4 
F:maj [0, 5, 9] 5 4 
D:min [2, 5, 9] 2 4 
G:min [2, 7, 10] 7 4 
Eb:maj [3, 7, 10] 3 2 
F:maj [0, 5, 9] 5 2 
Bb:maj [2, 5, 10] 10 4 
C:min11 [0, 2, 3, 5, 7, 10] 0 2 
F:maj [0, 5, 9] 5 6 
Bb:maj [2, 5, 10] 10 3 
