0 62
70 1
72 1
72 1
0 1
70 1
0 1
72 1
0 1
70 1
72 1
0 1
74 1
0 5
70 1
77 2
69 1
69 2
70 2
72 1
0 1
70 1
0 6
74 1
0 1
72 1
74 1
0 2
72 1
74 1
0 2
72 1
67 1
0 3
67 1
74 1
0 1
72 1
74 1
0 2
72 1
74 1
0 2
67 1
70 1
0 1
72 1
0 1
67 1
72 1
0 1
70 1
72 1
0 3
70 1
72 1
74 1
0 5
70 1
77 1
0 1
69 1
69 2
0 1
70 1
72 1
0 2
70 1
0 4
67 1
74 1
0 1
72 1
74 1
0 2
72 1
74 1
0 2
72 1
67 1
0 3
67 1
74 1
0 1
72 1
74 1
0 2
72 1
74 1
0 1
75 1
0 1
75 1
0 2
77 1
79 1
81 1
0 1
81 1
81 1
0 2
82 1
81 1
0 1
77 1
0 4
74 1
81 1
81 1
0 1
82 1
0 1
82 1
0 1
81 1
81 1
0 1
79 1
0 4
79 1
81 1
82 1
0 1
82 1
82 1
0 2
79 1
0 1
75 1
0 2
70 1
77 1
79 2
0 1
77 2
0 8
70 2
72 1
0 1
75 1
0 1
75 1
0 1
74 1
74 2
0 5
74 2
77 2
82 1
0 1
84 1
0 1
82 1
82 2
0 5
82 1
0 1
82 1
0 1
84 1
0 1
86 1
0 1
86 1
86 2
0 3
86 1
0 1
84 1
84 1
0 2
79 1
0 1
82 1
0 1
82 1
0 1
82 1
84 2
0 1
81 1
0 3
81 1
79 1
77 1
79 1
81 1
0 1
81 1
0 1
81 1
0 1
82 1
81 1
0 1
77 1
0 4
74 1
81 1
81 1
82 1
0 1
82 1
0 2
84 1
0 1
84 1
0 1
82 1
0 3
74 1
77 1
77 1
79 1
0 1
79 1
0 4
79 1
0 1
82 1
82 1
0 4
82 1
0 1
84 1
84 1
0 2
82 1
0 1
77 2
70 2
72 1
0 1
75 1
0 1
75 1
0 1
74 1
74 2
0 5
74 2
77 2
82 1
0 1
84 1
0 1
82 1
82 2
0 5
82 1
0 1
82 1
0 1
84 1
0 1
86 1
0 1
86 1
86 2
0 3
86 1
0 1
84 1
84 1
0 2
79 1
0 1
82 1
0 1
82 1
0 1
82 1
84 2
0 1
81 1
0 3
81 1
79 1
77 1
79 1
81 1
0 1
81 1
0 1
81 1
0 1
82 1
81 1
0 1
77 1
0 4
74 1
81 1
81 1
82 1
0 1
82 1
0 2
81 1
84 1
0 1
82 1
0 3
77 1
77 1
77 1
77 1
0 1
75 1
75 1
0 9
75 1
74 1
72 1
72 2
70 2
0 59
67 1
72 1
0 1
70 1
72 1
0 3
70 1
72 1
74 1
0 5
70 1
77 1
0 1
69 1
69 2
0 1
70 1
72 1
0 2
70 1
0 4
67 1
74 1
0 1
72 1
74 1
0 2
72 1
74 1
0 2
72 1
67 1
0 3
67 1
74 1
0 1
72 1
74 1
0 2
72 1
74 1
0 1
75 1
0 1
75 1
0 2
77 1
79 1
81 1
0 1
81 1
81 1
0 2
82 1
81 1
0 1
77 1
0 4
74 1
81 1
81 1
0 1
82 1
0 1
82 1
0 1
81 1
81 1
0 1
79 1
0 4
79 1
81 1
82 1
0 1
82 1
82 1
0 2
79 1
0 1
75 1
0 2
70 1
77 1
79 2
0 1
77 2
0 8
70 2
72 1
0 1
75 1
0 1
75 1
0 1
74 1
74 2
0 5
74 2
77 2
82 1
0 1
84 1
0 1
82 1
82 2
0 5
82 1
0 1
82 1
0 1
84 1
0 1
86 1
0 1
86 1
86 2
0 3
86 1
0 1
84 1
84 1
0 2
79 1
0 1
82 1
0 1
82 1
0 1
82 1
84 2
0 1
81 1
0 3
81 1
79 1
77 1
79 1
81 1
0 1
81 1
0 1
81 1
0 1
82 1
81 1
0 1
77 1
0 4
74 1
81 1
81 1
82 1
0 1
82 1
0 2
84 1
0 1
84 1
0 1
82 1
0 3
74 1
77 1
77 1
79 1
0 1
79 1
0 4
79 1
0 1
82 1
82 1
0 4
82 1
0 1
84 1
84 1
0 2
82 1
0 1
77 2
70 2
72 1
0 1
75 1
0 1
75 1
0 1
74 1
74 2
0 5
74 2
77 2
82 1
0 1
84 1
0 1
82 1
82 2
0 5
82 1
0 1
82 1
0 1
84 1
0 1
86 1
0 1
86 1
86 2
0 3
86 1
0 1
84 1
84 1
0 2
79 1
0 1
82 1
0 1
82 1
0 1
82 1
84 2
0 1
81 1
0 3
81 1
79 1
77 1
79 1
81 1
0 1
81 1
0 1
81 1
0 1
82 1
81 1
0 1
77 1
0 4
74 1
81 1
81 1
82 1
0 1
82 1
0 2
81 1
84 1
0 1
82 1
0 3
77 1
77 1
77 1
77 1
0 1
79 1
79 1
0 9
86 1
84 1
82 1
84 1
0 1
86 4
82 2
0 18
70 2
72 1
0 1
75 1
0 1
75 1
0 1
74 1
74 2
0 5
74 2
77 2
82 1
0 1
84 1
0 1
82 1
82 2
0 5
82 1
0 1
82 1
0 1
84 1
0 1
86 1
0 1
86 1
86 2
0 3
86 1
0 1
84 1
84 1
0 2
79 1
0 1
82 1
0 1
82 1
0 1
82 1
84 2
0 1
81 1
0 3
81 1
79 1
77 1
79 1
81 1
0 1
81 1
0 1
81 1
0 1
82 1
81 1
0 1
77 1
0 4
74 1
81 1
81 1
82 1
0 1
82 1
0 2
84 1
0 1
84 1
0 1
82 1
0 2
77 1
77 1
77 1
77 1
0 1
75 1
75 5
0 5
75 1
74 1
70 1
72 2
72 1
0 1
74 2
70 2
0 5
70 1
72 1
74 1
74 1
0 1
75 1
0 1
75 3
0 10
74 1
0 1
72 1
0 1
70 2
72 2
0 5
70 1
0 1
70 2
