0 140
65 2
67 2
70 6
72 1
0 1
74 2
0 2
77 1
0 1
77 1
0 1
79 3
0 3
77 1
0 1
74 2
0 2
74 2
72 2
70 4
0 2
70 1
0 1
70 1
0 1
67 1
0 1
67 1
0 1
70 1
0 1
72 10
0 2
65 1
0 1
67 1
0 1
70 3
0 3
72 1
0 1
74 2
0 2
77 1
0 1
77 1
0 1
79 5
0 1
77 1
0 1
74 2
0 2
74 2
72 1
0 1
70 4
0 2
70 1
0 1
70 1
0 1
67 2
67 2
65 2
70 4
0 8
70 1
0 1
70 1
0 1
72 5
0 1
70 2
72 2
0 2
74 1
0 1
75 1
0 1
77 5
0 1
79 2
77 2
0 2
74 2
77 2
79 5
0 1
79 1
0 1
79 1
0 3
77 2
74 1
0 1
72 4
0 2
70 2
72 2
0 2
65 1
0 1
67 2
70 3
0 3
72 1
0 1
74 1
0 3
77 1
0 1
77 1
0 1
79 4
0 2
77 1
0 1
74 1
0 3
74 2
72 2
70 5
0 1
70 1
0 1
70 1
0 1
67 1
0 1
67 2
65 2
70 10
0 82
65 2
67 2
70 6
72 1
0 1
74 2
0 2
77 1
0 1
77 1
0 1
79 3
0 3
77 1
0 1
74 2
0 2
74 2
72 2
70 4
0 2
70 1
0 1
70 1
0 1
67 1
0 1
67 1
0 1
70 1
0 1
72 10
0 2
65 1
0 1
67 1
0 1
70 3
0 3
72 1
0 1
74 2
0 2
77 1
0 1
77 1
0 1
79 5
0 1
77 1
0 1
74 2
0 2
74 2
72 1
0 1
70 4
0 2
70 1
0 1
70 1
0 1
67 2
67 2
65 2
70 4
0 8
70 1
0 1
70 1
0 1
72 5
0 1
70 2
72 2
0 2
74 1
0 1
75 1
0 1
77 5
0 1
79 2
77 2
0 2
74 2
77 2
79 5
0 1
79 1
0 1
79 1
0 3
77 2
74 1
0 1
72 4
0 2
70 2
72 2
0 2
65 1
0 1
67 2
70 3
0 3
72 1
0 1
74 1
0 3
77 1
0 1
77 1
0 1
79 4
0 2
77 1
0 1
74 1
0 3
74 2
72 2
70 5
0 1
70 1
0 1
70 1
0 1
67 1
0 1
67 2
65 2
70 10
0 2
66 2
68 2
71 6
73 1
0 1
75 2
0 2
78 1
0 1
78 1
0 1
80 3
0 3
78 1
0 1
75 2
0 2
75 2
73 2
71 4
0 2
71 1
0 1
71 1
0 1
68 1
0 1
68 1
0 1
71 1
0 1
73 10
0 2
66 1
0 1
68 1
0 1
71 3
0 3
73 1
0 1
75 2
0 2
78 1
0 1
78 1
0 1
80 5
0 1
78 1
0 1
75 2
0 2
75 2
73 1
0 1
71 4
0 2
71 1
0 1
71 1
0 1
68 2
68 2
66 2
71 4
0 8
71 1
0 1
71 1
0 1
73 5
0 1
71 2
73 2
0 2
75 1
0 1
76 1
0 1
78 5
0 1
80 2
78 2
0 2
75 2
78 2
80 5
0 1
80 1
0 1
80 1
0 3
78 2
75 1
0 1
73 4
0 2
71 2
73 2
0 2
66 1
0 1
68 2
71 3
0 3
73 1
0 1
75 1
0 3
78 1
0 1
78 1
0 1
80 4
0 2
78 1
0 1
75 1
0 3
75 2
73 2
71 5
0 1
71 1
0 1
71 1
0 1
68 1
0 1
68 2
66 2
71 10
