A:maj7 [1, 4, 7, 9] 9 4 
B:maj [3, 6, 11] 11 8 
C#:min [1, 4, 8] 1 4 
A:maj7 [1, 4, 7, 9] 9 4 
B:maj [3, 6, 11] 11 4 
E:maj [4, 8, 11] 4 8 
A:maj [1, 4, 9] 9 4 
B:maj [3, 6, 11] 11 8 
C#:min [1, 4, 8] 1 4 
A:maj [1, 4, 9] 9 4 
B:maj [3, 6, 11] 11 4 
E:maj [4, 8, 11] 4 8 
A:maj [1, 4, 9] 9 4 
B:maj [3, 6, 11] 11 8 
C#:min [1, 4, 8] 1 4 
A:maj [1, 4, 9] 9 4 
B:maj [3, 6, 11] 11 4 
E:maj [4, 8, 11] 4 8 
A:maj [1, 4, 9] 9 4 
B:maj [3, 6, 11] 11 4 
B:maj/3 [3, 6, 11] 3 4 
C#:min [1, 4, 8] 1 4 
A:maj [1, 4, 9] 9 4 
B:maj [3, 6, 11] 11 4 
E:maj [4, 8, 11] 4 8 
A:maj [1, 4, 9] 9 4 
B:maj [3, 6, 11] 11 8 
C#:min [1, 4, 8] 1 4 
A:maj [1, 4, 9] 9 4 
B:maj [3, 6, 11] 11 4 
E:maj [4, 8, 11] 4 8 
A:maj7 [1, 4, 7, 9] 9 4 
B:maj [3, 6, 11] 11 8 
C#:min [1, 4, 8] 1 4 
A:maj7 [1, 4, 7, 9] 9 4 
B:maj [3, 6, 11] 11 4 
E:maj [4, 8, 11] 4 8 
A:maj [1, 4, 9] 9 4 
B:maj [3, 6, 11] 11 8 
C#:min [1, 4, 8] 1 4 
A:maj [1, 4, 9] 9 4 
B:maj [3, 6, 11] 11 4 
E:maj [4, 8, 11] 4 8 
A:maj [1, 4, 9] 9 4 
B:maj [3, 6, 11] 11 4 
B:maj/3 [3, 6, 11] 3 4 
C#:min [1, 4, 8] 1 4 
A:maj [1, 4, 9] 9 4 
B:maj [3, 6, 11] 11 4 
E:maj [4, 8, 11] 4 8 
A:maj [1, 4, 9] 9 4 
B:maj [3, 6, 11] 11 8 
C#:min [1, 4, 8] 1 4 
A:maj [1, 4, 9] 9 4 
B:maj [3, 6, 11] 11 4 
E:maj [4, 8, 11] 4 8 
A:sus2 [4, 9, 11] 9 4 
B:maj [3, 6, 11] 11 4 
E:maj/3 [4, 8, 11] 8 4 
C#:min [1, 4, 8] 1 4 
A:maj [1, 4, 9] 9 4 
B:maj [3, 6, 11] 11 4 
E:maj [4, 8, 11] 4 7 
