Eb:min [3, 6, 10] 3 2 
C#:maj [1, 5, 8] 1 2 
B:maj [3, 6, 11] 11 4 
Eb:min [3, 6, 10] 3 2 
C#:maj [1, 5, 8] 1 2 
B:maj [3, 6, 11] 11 6 
C#:maj [1, 5, 8] 1 2 
F#:maj7 [1, 4, 6, 10] 6 2 
B:maj [3, 6, 11] 11 1 
C#:maj [1, 5, 8] 1 1 
B:maj [3, 6, 11] 11 4 
E:maj [4, 8, 11] 4 4 
F#:maj [1, 6, 10] 6 4 
C#:maj [1, 5, 8] 1 4 
Eb:min [3, 6, 10] 3 4 
B:maj [3, 6, 11] 11 3 
C#:maj [1, 5, 8] 1 1 
F#:maj [1, 6, 10] 6 4 
Eb:min [3, 6, 10] 3 4 
B:maj [3, 6, 11] 11 2 
Bb:min [1, 5, 10] 10 2 
B:maj [3, 6, 11] 11 3 
C#:maj [1, 5, 8] 1 1 
Eb:min [3, 6, 10] 3 2 
Bb:maj/3 [2, 5, 10] 2 2 
B:maj [3, 6, 11] 11 1 
C#:maj [1, 5, 8] 1 1 
F#:maj [1, 6, 10] 6 2 
Eb:min [3, 6, 10] 3 2 
Bb:min [1, 5, 10] 10 2 
B:maj [3, 6, 11] 11 3 
C#:maj [1, 5, 8] 1 1 
B:maj [3, 6, 11] 11 3 
C#:maj [1, 5, 8] 1 1 
F#:maj [1, 6, 10] 6 4 
Eb:min [3, 6, 10] 3 2 
C#:maj [1, 5, 8] 1 2 
B:maj [3, 6, 11] 11 2 
Bb:min [1, 5, 10] 10 2 
B:maj [3, 6, 11] 11 3 
C#:7 [1, 5, 8, 11] 1 1 
F#:maj [1, 6, 10] 6 4 
Eb:min [3, 6, 10] 3 2 
C#:maj [1, 5, 8] 1 2 
B:maj [3, 6, 11] 11 2 
Bb:min [1, 5, 10] 10 2 
B:maj [3, 6, 11] 11 3 
C#:maj [1, 5, 8] 1 1 
F#:maj [1, 6, 10] 6 4 
C#:maj [1, 5, 8] 1 4 
Eb:min [3, 6, 10] 3 4 
B:maj [3, 6, 11] 11 2 
C#:maj [1, 5, 8] 1 2 
F#:maj [1, 6, 10] 6 4 
C#:maj [1, 5, 8] 1 4 
Eb:min [3, 6, 10] 3 4 
B:maj [3, 6, 11] 11 3 
C#:maj [1, 5, 8] 1 1 
F#:maj [1, 6, 10] 6 8 
Eb:min [3, 6, 10] 3 4 
B:maj7 [3, 6, 9, 11] 11 3 
B:maj [3, 6, 11] 11 1 
F#:maj [1, 6, 10] 6 4 
Eb:min [3, 6, 10] 3 4 
B:maj [3, 6, 11] 11 2 
Bb:min [1, 5, 10] 10 2 
B:maj [3, 6, 11] 11 3 
C#:maj [1, 5, 8] 1 1 
Eb:min [3, 6, 10] 3 2 
Bb:maj/3 [2, 5, 10] 2 2 
B:maj [3, 6, 11] 11 1 
C#:maj [1, 5, 8] 1 1 
F#:maj [1, 6, 10] 6 2 
Eb:min [3, 6, 10] 3 2 
Bb:min [1, 5, 10] 10 2 
B:maj [3, 6, 11] 11 3 
C#:maj [1, 5, 8] 1 1 
B:maj [3, 6, 11] 11 3 
C#:maj [1, 5, 8] 1 1 
F#:maj [1, 6, 10] 6 4 
Eb:min [3, 6, 10] 3 2 
C#:maj [1, 5, 8] 1 2 
B:maj [3, 6, 11] 11 2 
Bb:min [1, 5, 10] 10 2 
B:maj [3, 6, 11] 11 3 
C#:7 [1, 5, 8, 11] 1 1 
F#:maj [1, 6, 10] 6 4 
Eb:min [3, 6, 10] 3 2 
C#:maj [1, 5, 8] 1 2 
B:maj [3, 6, 11] 11 2 
Bb:min [1, 5, 10] 10 2 
B:maj [3, 6, 11] 11 3 
C#:maj [1, 5, 8] 1 1 
F#:maj [1, 6, 10] 6 4 
B:maj [3, 6, 11] 11 2 
C#:maj [1, 5, 8] 1 2 
F#:maj [1, 6, 10] 6 4 
Eb:min [3, 6, 10] 3 3 
Eb:min7 [1, 3, 6, 10] 3 1 
B:maj [3, 6, 11] 11 2 
Bb:min [1, 5, 10] 10 2 
B:maj [3, 6, 11] 11 3 
C#:maj/5 [1, 5, 8] 8 1 
F#:maj [1, 6, 10] 6 4 
Eb:min [3, 6, 10] 3 2 
C#:maj [1, 5, 8] 1 2 
B:maj [3, 6, 11] 11 2 
Bb:min [1, 5, 10] 10 2 
B:maj [3, 6, 11] 11 4 
F#:maj [1, 6, 10] 6 4 
Eb:min [3, 6, 10] 3 2 
F#:maj/5 [1, 6, 10] 1 2 
B:maj [3, 6, 11] 11 2 
Bb:min [1, 5, 10] 10 2 
Ab:min [3, 8, 11] 8 2 
C#:maj [1, 5, 8] 1 7 
F#:maj [1, 6, 10] 6 5 
