C#:min [1, 4, 8] 1 8 
A:maj/3 [1, 4, 9] 1 4 
C#:min [1, 4, 8] 1 3 
A:maj [1, 4, 9] 9 5 
E:maj [4, 8, 11] 4 4 
A:maj [1, 4, 9] 9 4 
E:sus4 [4, 9, 11] 4 3 
E:maj/5 [4, 8, 11] 11 4 
B:maj/3 [3, 6, 11] 3 1 
C#:min [1, 4, 8] 1 2 
B:maj [3, 6, 11] 11 6 
C#:min [1, 4, 8] 1 4 
A:maj [1, 4, 9] 9 4 
E:maj [4, 8, 11] 4 4 
A:maj [1, 4, 9] 9 4 
E:sus4 [4, 9, 11] 4 1 
E:maj/5 [4, 8, 11] 11 6 
B:maj/3 [3, 6, 11] 3 1 
C#:min [1, 4, 8] 1 2 
B:maj [3, 6, 11] 11 6 
C#:min [1, 4, 8] 1 4 
B:maj [3, 6, 11] 11 4 
A:maj [1, 4, 9] 9 4 
B:maj [3, 6, 11] 11 4 
E:maj [4, 8, 11] 4 3 
C#:min [1, 4, 8] 1 5 
F#:min [1, 6, 9] 6 4 
B:maj [3, 6, 11] 11 4 
E:sus2 [4, 6, 11] 4 4 
B:maj [3, 6, 11] 11 4 
A:maj [1, 4, 9] 9 4 
B:maj [3, 6, 11] 11 4 
E:maj [4, 8, 11] 4 3 
C#:min [1, 4, 8] 1 5 
F#:min [1, 6, 9] 6 4 
A:maj/5 [1, 4, 9] 4 4 
B:maj/5 [3, 6, 11] 6 4 
A:maj [1, 4, 9] 9 4 
E:maj [4, 8, 11] 4 4 
A:maj [1, 4, 9] 9 4 
E:maj [4, 8, 11] 4 4 
B:maj [3, 6, 11] 11 4 
C#:min [1, 4, 8] 1 4 
B:maj [3, 6, 11] 11 4 
C#:maj [1, 5, 8] 1 4 
A:maj [1, 4, 9] 9 4 
E:maj [4, 8, 11] 4 4 
A:maj/5 [1, 4, 9] 4 4 
E:sus4 [4, 9, 11] 4 3 
E:maj/5 [4, 8, 11] 11 4 
B:maj/3 [3, 6, 11] 3 1 
C#:min [1, 4, 8] 1 2 
B:maj [3, 6, 11] 11 6 
C#:min [1, 4, 8] 1 8 
A:maj [1, 4, 9] 9 4 
B:maj [3, 6, 11] 11 4 
E:maj [4, 8, 11] 4 3 
C#:min [1, 4, 8] 1 5 
F#:min [1, 6, 9] 6 4 
B:maj [3, 6, 11] 11 4 
E:sus2 [4, 6, 11] 4 4 
B:maj [3, 6, 11] 11 4 
A:maj [1, 4, 9] 9 4 
Ab:min/b3 [3, 8, 11] 11 4 
E:maj [4, 8, 11] 4 3 
C#:min [1, 4, 8] 1 5 
F#:min [1, 6, 9] 6 4 
E:maj [4, 8, 11] 4 4 
B:maj [3, 6, 11] 11 8 
E:maj [4, 8, 11] 4 4 
A:maj/5 [1, 4, 9] 4 4 
E:sus4 [4, 9, 11] 4 3 
E:maj/5 [4, 8, 11] 11 4 
B:maj/3 [3, 6, 11] 3 1 
C#:min [1, 4, 8] 1 2 
B:maj [3, 6, 11] 11 6 
C#:min [1, 4, 8] 1 4 
A:maj [1, 4, 9] 9 4 
E:maj [4, 8, 11] 4 4 
A:maj/5 [1, 4, 9] 4 4 
E:sus4 [4, 9, 11] 4 3 
E:maj/5 [4, 8, 11] 11 4 
B:maj/3 [3, 6, 11] 3 1 
C#:min [1, 4, 8] 1 2 
B:maj [3, 6, 11] 11 6 
C#:min [1, 4, 8] 1 4 
A:maj [1, 4, 9] 9 4 
E:maj [4, 8, 11] 4 4 
A:maj/5 [1, 4, 9] 4 4 
E:sus4 [4, 9, 11] 4 3 
E:maj/5 [4, 8, 11] 11 4 
B:maj/3 [3, 6, 11] 3 1 
C#:min [1, 4, 8] 1 2 
B:maj [3, 6, 11] 11 6 
C#:min [1, 4, 8] 1 4 
A:maj [1, 4, 9] 9 4 
E:maj [4, 8, 11] 4 4 
A:maj/5 [1, 4, 9] 4 4 
E:sus4 [4, 9, 11] 4 3 
E:maj/5 [4, 8, 11] 11 4 
B:maj/3 [3, 6, 11] 3 1 
C#:min [1, 4, 8] 1 2 
B:maj [3, 6, 11] 11 6 
C#:min [1, 4, 8] 1 4 
