0 66
73 2
73 2
71 2
73 1
0 1
73 2
71 2
73 2
71 12
0 6
73 1
0 1
73 1
0 1
73 1
0 1
76 1
0 1
75 2
73 2
71 1
0 1
68 13
0 5
78 1
0 1
78 3
71 1
78 1
0 1
78 2
71 1
0 1
73 1
0 1
76 2
73 8
0 8
78 2
78 1
0 1
71 1
0 1
71 2
68 1
0 1
71 1
0 1
73 11
0 9
73 1
0 1
73 2
0 1
71 1
73 1
0 1
73 1
0 1
71 1
0 1
73 2
71 9
0 9
73 2
73 1
0 1
73 2
76 1
0 1
75 1
0 1
73 1
0 1
71 1
0 1
68 13
0 5
78 1
0 1
78 1
0 1
71 1
0 1
78 1
0 1
78 1
0 1
71 1
0 1
73 1
0 1
80 2
76 1
0 1
73 1
0 1
76 1
0 1
73 8
0 2
78 1
0 1
78 1
0 1
71 1
0 1
71 1
0 1
68 1
0 1
71 1
0 1
73 13
0 7
76 1
0 1
78 1
0 1
76 1
0 1
75 1
76 1
75 1
73 1
71 1
0 1
73 17
0 3
76 1
0 1
78 1
0 1
76 1
0 1
75 1
76 1
75 1
73 1
71 1
0 1
68 17
0 3
68 1
69 1
71 2
73 1
0 1
75 1
76 1
75 1
73 1
71 1
0 1
69 5
0 9
73 2
76 2
75 2
71 3
0 1
69 3
0 1
68 1
0 1
66 1
0 1
69 1
0 1
68 13
0 5
76 1
0 1
78 1
0 1
76 1
0 1
76 2
75 1
73 1
71 1
0 1
73 17
0 3
76 1
0 1
78 1
0 1
76 1
0 1
76 2
75 1
73 1
71 1
0 1
68 17
0 3
68 1
69 1
71 2
73 1
0 1
75 1
76 1
75 1
73 1
71 1
0 1
69 5
0 7
61 2
73 1
0 1
71 1
69 1
68 12
0 2
69 1
0 1
66 16
0 130
76 1
0 1
76 2
76 2
76 1
0 1
76 1
0 1
75 1
0 1
73 2
71 9
0 9
76 2
76 1
0 1
76 2
78 1
0 1
76 1
0 1
75 1
0 1
71 1
0 1
68 13
0 5
78 1
0 1
78 1
0 1
71 1
0 1
78 1
0 1
78 1
0 1
71 1
0 1
73 1
0 1
80 2
76 1
0 1
73 1
0 1
76 1
0 1
73 8
0 2
78 1
0 1
78 1
0 1
71 1
0 1
71 1
0 1
68 1
0 1
71 1
0 1
73 13
0 7
76 1
0 1
78 1
0 1
76 1
0 1
76 2
75 1
73 1
71 1
0 1
73 17
0 3
76 1
0 1
78 1
0 1
76 1
0 1
76 2
75 1
73 1
71 1
0 1
68 17
0 3
68 1
69 1
71 2
73 1
0 1
75 1
76 1
75 1
73 1
71 1
0 1
69 5
0 9
73 2
76 2
75 2
71 3
0 1
69 3
0 1
68 1
0 1
66 1
0 1
69 1
0 1
68 13
0 5
76 1
0 1
78 1
0 1
76 1
0 1
76 2
75 1
73 1
71 1
0 1
73 17
0 3
76 1
0 1
78 1
0 1
76 1
0 1
76 2
75 1
73 1
71 1
0 1
68 17
0 3
68 1
69 1
71 2
73 1
0 1
75 1
76 1
75 1
73 1
71 1
0 1
69 5
0 7
61 2
73 1
0 1
71 1
69 1
68 12
0 2
69 1
0 1
66 16
0 2
76 1
0 1
76 2
76 2
76 1
0 1
76 1
0 1
75 1
0 1
73 2
71 9
0 9
76 2
76 1
0 1
76 2
78 1
0 1
76 1
0 1
75 1
0 1
71 1
0 1
68 13
0 5
78 1
0 1
78 1
0 1
71 1
0 1
78 1
0 1
78 1
0 1
71 1
0 1
73 1
0 1
80 2
76 1
0 1
73 1
0 1
76 1
0 1
73 8
0 2
78 1
0 1
78 1
0 1
71 1
0 1
71 1
0 1
68 1
0 1
71 1
0 1
73 13
0 7
76 1
0 1
76 2
76 2
76 1
0 1
76 1
0 1
75 1
0 1
73 2
71 9
0 9
76 2
76 1
0 1
76 2
78 1
0 1
76 1
0 1
75 1
0 1
71 1
0 1
68 13
0 5
78 1
0 1
78 1
0 1
71 1
0 1
78 1
0 1
78 1
0 1
71 1
0 1
73 1
0 1
80 2
76 1
0 1
73 1
0 1
76 1
0 1
73 8
0 2
78 1
0 1
78 1
0 1
71 1
0 1
71 1
0 1
68 1
0 1
71 1
0 1
73 13
0 7
76 1
0 1
76 2
76 2
76 1
0 1
76 1
0 1
75 1
0 1
73 2
71 9
0 9
76 2
76 1
0 1
76 2
78 1
0 1
76 1
0 1
75 1
0 1
71 1
0 1
68 13
0 5
78 1
0 1
78 1
0 1
71 1
0 1
78 1
0 1
78 1
0 1
71 1
0 1
73 1
0 1
80 2
76 1
0 1
73 1
0 1
76 1
0 1
73 8
0 2
78 1
0 1
78 1
0 1
71 1
0 1
71 1
0 1
68 1
0 1
71 1
0 1
73 13
0 7
76 1
0 1
76 2
76 2
76 1
0 1
76 1
0 1
75 1
0 1
73 2
71 9
0 9
76 2
76 1
0 1
76 2
78 1
0 1
76 1
0 1
75 1
0 1
71 1
0 1
68 13
0 5
78 1
0 1
78 1
0 1
71 1
0 1
78 1
0 1
78 1
0 1
71 1
0 1
73 1
0 1
80 2
76 1
0 1
73 1
0 1
76 1
0 1
73 8
0 2
78 1
0 1
78 1
0 1
71 1
0 1
71 1
0 1
68 1
0 1
71 1
0 1
73 13
