0 138
74 2
72 2
70 2
72 2
72 8
77 4
70 12
74 2
72 2
70 2
72 2
72 2
72 4
72 2
77 6
79 4
77 2
70 4
70 2
70 2
70 2
79 4
77 2
79 4
82 10
82 2
82 2
82 6
70 4
74 4
72 20
74 2
72 2
70 2
72 4
72 1
0 3
72 2
77 4
72 4
70 8
74 2
72 2
70 2
72 2
72 2
72 2
70 2
72 2
77 4
77 2
79 4
82 2
79 4
79 2
79 2
77 2
82 4
82 2
79 12
82 2
82 2
82 2
82 2
79 2
79 2
82 2
79 2
77 24
77 2
79 2
82 18
82 2
82 4
82 2
82 4
79 4
82 26
74 2
72 2
70 2
72 4
70 2
72 4
74 6
78 4
78 2
79 4
81 4
74 2
84 4
82 2
82 4
81 2
81 2
79 2
81 4
82 2
74 4
72 2
70 4
72 2
72 2
72 2
70 2
72 2
70 6
79 2
77 4
79 4
77 6
79 2
82 2
82 2
79 2
82 2
79 4
79 2
86 2
84 4
77 2
86 2
84 4
84 2
84 2
82 2
82 2
82 2
79 2
77 4
78 4
78 2
78 2
78 2
79 2
81 4
74 2
84 2
82 4
82 4
81 2
81 2
79 2
81 4
82 2
74 4
72 2
70 4
72 2
72 2
72 2
70 2
72 3
70 5
79 2
77 4
79 4
77 6
79 2
82 2
82 2
79 2
82 2
79 8
86 4
84 2
84 2
82 4
79 2
84 6
82 31
0 277
74 2
72 2
70 2
72 4
72 6
77 4
70 12
74 2
72 2
70 2
72 2
72 2
72 4
72 2
77 6
79 2
77 4
70 4
70 2
70 2
70 2
79 4
77 2
79 4
82 10
82 2
82 2
82 6
70 6
74 2
72 20
74 2
72 2
70 2
72 4
72 4
72 2
77 4
72 4
70 8
74 2
72 2
70 2
72 2
72 2
72 2
70 2
72 2
77 4
77 2
79 4
82 2
79 4
79 2
79 2
77 2
82 4
82 2
79 13
82 3
82 2
82 2
79 2
79 2
82 2
79 2
77 24
77 2
79 2
82 18
82 2
82 4
82 2
82 4
79 4
82 26
74 2
72 2
70 2
72 4
70 2
72 4
74 6
78 4
78 2
79 4
81 4
74 2
84 4
82 2
82 4
81 2
81 2
79 2
81 4
82 2
74 4
72 2
70 4
72 2
72 2
72 2
70 2
72 2
70 6
79 2
77 4
79 4
77 6
79 2
82 2
82 2
79 2
82 2
79 4
79 2
86 2
84 4
77 2
86 2
84 4
84 2
84 2
82 2
82 2
82 2
79 2
77 4
78 4
78 2
78 2
78 2
79 2
81 4
74 2
84 2
82 4
82 4
81 2
81 2
79 2
81 4
82 2
74 4
72 2
70 4
72 2
72 2
72 2
70 2
72 2
70 6
79 2
77 4
79 4
77 6
79 2
82 2
82 2
79 2
82 2
79 8
86 4
84 2
84 3
82 3
79 2
84 6
82 52
84 6
84 1
0 1
82 2
82 2
82 2
79 2
77 4
78 4
78 2
78 2
78 2
79 2
81 4
74 2
84 2
82 4
82 4
81 2
81 2
79 2
81 4
82 2
74 4
72 2
70 4
72 2
72 2
72 2
70 2
72 2
70 6
79 2
77 4
79 4
77 6
79 2
82 2
82 2
79 2
82 2
79 4
79 1
0 1
86 2
84 4
77 2
86 2
84 4
86 2
86 2
84 2
84 1
0 1
84 1
0 1
81 2
79 4
80 4
80 2
80 2
80 2
81 2
83 4
76 2
86 2
84 4
84 4
83 2
83 2
81 2
83 4
84 2
76 4
74 2
72 4
74 2
74 2
74 2
72 2
74 2
72 6
81 2
79 4
81 4
79 6
81 2
84 2
84 2
81 2
84 2
81 8
88 4
86 2
86 1
0 2
84 3
81 2
86 6
84 34
79 4
81 4
84 16
84 4
84 4
84 4
84 4
81 4
84 33
