63 1
65 2
65 8
65 1
65 1
63 2
65 1
63 3
61 8
61 1
61 1
63 1
65 1
68 1
70 2
68 1
70 7
70 1
70 1
70 1
70 2
65 1
68 1
70 1
68 9
61 1
61 1
63 1
65 1
68 1
70 2
68 1
70 7
70 1
70 1
70 2
65 2
68 2
65 2
68 2
70 1
65 5
65 1
65 2
61 1
65 2
63 10
65 1
65 2
61 1
58 2
65 1
63 10
61 1
61 1
63 1
63 1
65 2
65 7
65 1
65 1
65 1
63 2
65 1
63 3
61 8
61 1
61 1
63 1
65 1
68 1
70 2
68 1
70 7
70 1
70 1
70 1
70 2
65 1
68 1
70 1
68 9
61 1
61 1
63 1
65 1
68 1
70 2
68 1
70 2
77 5
70 1
70 1
70 2
70 1
65 1
68 2
65 2
68 1
70 2
65 5
58 1
65 2
65 1
65 1
63 3
63 2
61 1
63 5
65 2
58 1
63 2
61 11
73 2
75 2
77 1
73 1
73 1
70 1
70 1
66 1
66 1
77 1
77 1
78 1
77 1
75 5
75 1
72 1
72 1
68 1
68 1
65 1
65 1
75 1
75 1
73 1
72 1
73 3
73 1
75 1
82 2
77 1
77 1
75 4
70 2
72 1
73 2
75 2
77 13
73 2
75 2
77 1
73 1
73 1
70 1
70 1
66 1
66 1
77 1
77 1
78 1
77 1
75 5
75 1
72 1
72 1
68 1
68 1
65 1
65 1
75 1
75 1
73 1
72 1
73 3
73 1
65 1
66 2
73 1
73 5
73 2
72 2
70 2
72 2
73 2
0 75
61 1
61 1
63 1
63 1
65 2
65 7
65 1
65 1
65 1
63 2
65 1
63 1
61 10
61 1
61 1
63 1
65 1
68 1
70 2
68 1
70 7
70 1
70 1
70 1
70 2
65 1
68 1
70 1
68 9
61 1
61 1
63 1
65 1
68 1
70 2
68 1
70 2
77 5
70 1
70 1
70 2
70 1
65 1
68 2
65 2
68 1
70 2
65 5
58 1
65 2
65 1
65 1
63 3
63 2
61 1
63 5
65 2
58 1
63 2
61 7
0 4
73 2
75 2
77 1
73 1
73 1
70 1
70 1
66 1
66 1
77 1
77 1
78 1
77 1
75 5
75 1
72 1
72 1
68 1
68 1
65 1
65 1
75 1
75 1
73 1
72 1
73 3
73 1
75 1
82 2
77 1
77 1
75 4
70 2
72 1
73 2
75 2
77 13
73 2
75 2
77 1
73 1
73 1
70 1
70 1
66 1
66 1
77 1
77 1
78 1
77 1
75 5
75 1
72 1
72 1
68 1
68 1
65 1
65 1
75 1
75 1
73 1
72 1
73 3
73 1
65 1
66 2
73 1
73 5
73 2
72 2
70 2
72 1
73 3
0 10
73 2
75 2
77 1
73 1
73 1
70 1
70 1
66 1
66 1
77 1
77 1
78 1
77 1
75 5
0 8
75 1
72 1
72 1
68 1
68 1
65 1
65 1
75 1
75 1
73 1
72 1
73 3
73 1
75 1
82 2
77 1
77 1
75 4
70 2
72 1
73 2
80 2
80 2
75 1
77 10
73 2
75 2
77 1
73 1
73 1
70 1
70 1
66 1
66 1
77 1
77 1
78 1
77 1
75 5
75 1
72 1
72 1
68 1
68 1
65 1
65 1
75 1
75 1
73 1
72 1
73 3
73 1
65 1
66 2
73 1
73 5
73 2
72 2
70 4
72 2
73 6
