D:min7 [0, 2, 5, 9] 2 4 
D:min7/b7 [0, 2, 5, 9] 0 2
C:maj [0, 4, 7] 0 2 
Bb:maj [2, 5, 10] 10 2 
D:sus2 [2, 4, 9] 2 2 
D:min [2, 5, 9] 2 4 
A:min [0, 4, 9] 9 4 
D:min [2, 5, 9] 2 4 
F:maj [0, 5, 9] 5 2 
G:min [2, 7, 10] 7 2 
G:min7 [2, 5, 7, 10] 7 2 
C:maj [0, 4, 7] 0 2 
D:min [2, 5, 9] 2 6 
F:maj/5 [0, 5, 9] 0 2 
Bb:maj [2, 5, 10] 10 4 
Bb:maj7 [2, 5, 8, 10] 10 2 
Bb:maj [2, 5, 10] 10 2 
A:min [0, 4, 9] 9 4 
D:min [2, 5, 9] 2 4 
C:maj [0, 4, 7] 0 2 
C:sus2 [0, 2, 7] 0 2 
G:min [2, 7, 10] 7 2 
A:sus4 [2, 4, 9] 9 2 
D:sus4 [2, 7, 9] 2 6 
A:min7 [0, 4, 7, 9] 9 2 
Bb:maj [2, 5, 10] 10 8 
A:min [0, 4, 9] 9 4 
D:min [2, 5, 9] 2 4 
D:min/b3 [2, 5, 9] 5 2 
C:sus2 [0, 2, 7] 0 2 
G:min [2, 7, 10] 7 2 
A:sus4 [2, 4, 9] 9 2 
D:sus4 [2, 7, 9] 2 8 
Bb:maj7 [2, 5, 8, 10] 10 4 
Bb:maj [2, 5, 10] 10 4 
A:min [0, 4, 9] 9 4 
D:min [2, 5, 9] 2 4 
F:maj [0, 5, 9] 5 2 
C:maj [0, 4, 7] 0 2 
G:min [2, 7, 10] 7 2 
A:min7 [0, 4, 7, 9] 9 2 
D:min [2, 5, 9] 2 8 
Bb:maj7 [2, 5, 8, 10] 10 4 
Bb:maj [2, 5, 10] 10 4 
A:min [0, 4, 9] 9 4 
D:min [2, 5, 9] 2 4 
F:maj [0, 5, 9] 5 2 
C:maj [0, 4, 7] 0 2 
G:min [2, 7, 10] 7 2 
A:min7 [0, 4, 7, 9] 9 2 
D:sus4 [2, 7, 9] 2 4 
Eb:maj/3 [3, 7, 10] 7 2 
A:min7 [0, 4, 7, 9] 9 2 
D:sus4 [2, 7, 9] 2 6 
D:min7/b7 [0, 2, 5, 9] 0 2 
Bb:maj [2, 5, 10] 10 2 
D:sus2 [2, 4, 9] 2 2 
D:min [2, 5, 9] 2 4 
A:min [0, 4, 9] 9 4 
D:min [2, 5, 9] 2 4 
F:maj [0, 5, 9] 5 2 
C:maj [0, 4, 7] 0 2 
G:min [2, 7, 10] 7 2 
A:min [0, 4, 9] 9 2 
D:min [2, 5, 9] 2 6 
F:maj/5 [0, 5, 9] 0 2 
Bb:maj [2, 5, 10] 10 8 
A:min [0, 4, 9] 9 4 
D:min [2, 5, 9] 2 4 
D:min/b3 [2, 5, 9] 5 2 
C:sus2 [0, 2, 7] 0 2 
G:min [2, 7, 10] 7 2 
A:sus4 [2, 4, 9] 9 2 
D:sus4 [2, 7, 9] 2 8 
Bb:maj7 [2, 5, 8, 10] 10 4 
Bb:maj [2, 5, 10] 10 4 
A:min [0, 4, 9] 9 4 
D:min [2, 5, 9] 2 4 
F:maj [0, 5, 9] 5 2 
C:maj [0, 4, 7] 0 2 
G:min [2, 7, 10] 7 2 
A:min7 [0, 4, 7, 9] 9 2 
D:min [2, 5, 9] 2 8 
Bb:maj7 [2, 5, 8, 10] 10 4 
Bb:maj [2, 5, 10] 10 4 
A:min [0, 4, 9] 9 4 
D:min [2, 5, 9] 2 4 
F:maj [0, 5, 9] 5 2 
C:maj [0, 4, 7] 0 2 
G:min [2, 7, 10] 7 2 
A:min7 [0, 4, 7, 9] 9 2 
D:sus4 [2, 7, 9] 2 4 
Eb:maj/3 [3, 7, 10] 7 2 
A:min7 [0, 4, 7, 9] 9 2 
D:sus4 [2, 7, 9] 2 4 
G:min7 [2, 5, 7, 10] 7 2 
A:min [0, 4, 9] 9 2 
D:sus2 [2, 4, 9] 2 8 
