0 64
71 1
70 1
71 1
63 6
0 2
63 1
63 1
68 1
70 1
71 1
70 1
68 1
70 1
63 5
0 3
63 1
63 1
68 1
70 1
71 1
68 1
66 1
68 1
59 5
0 3
58 1
59 1
68 1
0 1
68 1
68 1
0 1
66 1
66 1
66 2
63 1
0 1
61 5
0 3
71 1
70 1
71 1
63 6
0 2
63 1
63 1
68 1
70 1
71 1
73 1
0 1
73 1
73 1
73 2
73 1
71 2
70 4
0 2
59 1
66 1
0 1
68 4
71 1
71 1
70 2
68 2
70 2
68 1
66 3
68 10
0 2
73 1
75 1
76 2
75 1
76 2
68 2
0 1
76 1
0 1
76 1
76 1
76 1
68 1
73 1
76 1
75 1
75 1
75 1
73 1
71 2
73 1
75 6
0 1
73 1
75 1
76 2
75 1
76 2
68 2
0 1
76 1
0 1
76 1
76 1
80 2
0 1
80 1
78 2
75 9
0 3
73 1
75 1
76 2
75 1
76 2
68 2
0 1
76 1
0 1
76 1
76 1
76 1
68 1
73 1
76 1
75 1
0 1
75 1
73 1
0 1
71 3
73 2
73 1
71 2
70 2
0 1
71 2
71 1
70 2
68 3
0 1
70 1
70 1
70 1
70 2
68 1
66 2
68 15
0 128
71 1
70 1
71 1
63 6
0 2
63 1
63 1
68 1
70 1
71 1
70 1
68 1
70 1
63 5
0 3
63 1
63 1
68 1
70 1
71 1
68 1
66 1
68 1
59 5
0 3
58 1
59 1
68 1
0 1
68 1
68 1
66 1
0 1
66 1
66 2
71 1
73 5
0 4
71 1
70 1
71 1
63 6
0 2
63 1
63 1
68 1
70 1
71 1
73 1
0 1
73 1
73 1
73 2
73 1
71 2
70 4
0 2
59 1
66 1
0 1
68 4
71 1
71 1
70 2
68 2
70 2
68 1
66 3
68 10
0 2
73 1
75 1
76 2
75 1
76 2
68 2
0 1
76 1
0 1
76 1
76 1
76 1
68 1
73 1
76 1
75 1
75 1
75 1
73 1
71 2
73 1
75 6
0 1
73 1
75 1
76 2
75 1
76 2
68 2
0 1
76 1
0 1
76 1
76 1
80 2
0 1
80 1
78 2
75 9
0 3
73 1
75 1
76 2
75 1
76 2
68 2
0 1
76 1
0 1
76 1
76 1
76 1
68 1
73 1
76 1
75 1
0 1
75 1
73 1
0 1
71 3
73 2
73 1
71 2
70 2
0 1
71 2
71 1
70 2
68 3
0 1
70 1
70 1
70 1
70 2
68 1
66 2
68 7
0 6
74 1
76 1
77 2
76 1
77 2
69 2
0 1
77 1
0 1
77 1
77 1
77 1
69 1
74 1
77 1
76 1
76 1
76 1
74 1
72 2
74 1
76 6
0 1
74 1
76 1
77 2
76 1
77 2
69 2
0 1
77 1
0 1
77 1
77 1
81 2
0 1
81 1
79 2
76 9
0 3
74 1
76 1
77 2
76 1
77 2
69 2
0 1
77 1
0 1
77 1
77 1
77 1
69 1
74 1
77 1
76 1
0 1
76 1
74 1
0 1
72 3
74 2
74 1
72 2
71 2
0 1
72 2
72 1
71 2
69 3
0 1
71 1
71 1
71 1
71 2
69 1
67 2
69 12
0 1
67 1
69 1
74 2
0 1
74 1
72 2
71 3
0 1
71 1
71 2
71 1
0 1
69 2
67 1
0 1
69 9
