G:maj [2, 7, 11] 7 2
B:min/5 [2, 6, 11] 6 2
A:min [0, 4, 9] 9 2
E:min [4, 7, 11] 4 2
B:min [2, 6, 11] 11 2
A:min [0, 4, 9] 9 2
D:maj [2, 6, 9] 2 8
G:maj [2, 7, 11] 7 2
G:maj7/7 [2, 5, 7, 11] 6 2
E:min [4, 7, 11] 4 2
D:maj [2, 6, 9] 2 2
C:maj [0, 4, 7] 0 2
B:min [2, 6, 11] 11 2
A:min [0, 4, 9] 9 2
D:maj [2, 6, 9] 2 2
G:maj [2, 7, 11] 7 2
B:min/5 [2, 6, 11] 6 2
E:min [4, 7, 11] 4 2
D:maj [2, 6, 9] 2 2
C:maj [0, 4, 7] 0 2
B:min [2, 6, 11] 11 1
D:7/5 [0, 2, 6, 9] 9 1
G:maj [2, 7, 11] 7 6
B:min/5 [2, 6, 11] 6 1
A:min [0, 4, 9] 9 2
E:min [4, 7, 11] 4 3
B:min [2, 6, 11] 11 2
A:min [0, 4, 9] 9 2
D:maj [2, 6, 9] 2 4
G:maj [2, 7, 11] 7 2
D:maj [2, 6, 9] 2 1
A:min [0, 4, 9] 9 3
E:min [4, 7, 11] 4 2
B:min [2, 6, 11] 11 1
A:min [0, 4, 9] 9 3
D:maj [2, 6, 9] 2 4
E:maj [4, 8, 11] 4 4
B:maj [3, 6, 11] 11 4
C:maj [0, 4, 7] 0 4
E:maj [4, 8, 11] 4 8
F:maj [0, 5, 9] 5 4
E:maj [4, 8, 11] 4 4
F:maj [0, 5, 9] 5 4
D:maj [2, 6, 9] 2 8
G:maj [2, 7, 11] 7 2
G:maj7/7 [2, 5, 7, 11] 6 1
E:min7 [2, 4, 7, 11] 4 1
E:min [4, 7, 11] 4 2
D:maj [2, 6, 9] 2 2
C:maj [0, 4, 7] 0 2
B:min [2, 6, 11] 11 2
A:min [0, 4, 9] 9 2
D:maj [2, 6, 9] 2 2
G:maj [2, 7, 11] 7 2
B:min/5 [2, 6, 11] 6 2
E:min [4, 7, 11] 4 2
D:maj [2, 6, 9] 2 2
C:maj [0, 4, 7] 0 2
B:min [2, 6, 11] 11 1
D:7/5 [0, 2, 6, 9] 9 1
G:maj [2, 7, 11] 7 6
B:min/5 [2, 6, 11] 6 1
A:min [0, 4, 9] 9 2
E:min [4, 7, 11] 4 3
B:min [2, 6, 11] 11 2
A:min [0, 4, 9] 9 2
D:maj [2, 6, 9] 2 4
G:maj [2, 7, 11] 7 2
B:min/5 [2, 6, 11] 6 2
A:min [0, 4, 9] 9 2
E:min [4, 7, 11] 4 2
B:min [2, 6, 11] 11 2
A:min [0, 4, 9] 9 1
D:maj [2, 6, 9] 2 5
E:maj [4, 8, 11] 4 8
A:maj [1, 4, 9] 9 2
C#:min/5 [1, 4, 8] 8 2
B:min [2, 6, 11] 11 2
F#:min [1, 6, 9] 6 2
C#:min [1, 4, 8] 1 2
B:min [2, 6, 11] 11 2
E:maj [4, 8, 11] 4 4
A:maj [1, 4, 9] 9 2
C#:min/5 [1, 4, 8] 8 2
B:min [2, 6, 11] 11 2
F#:min [1, 6, 9] 6 2
C#:min [1, 4, 8] 1 2
B:min [2, 6, 11] 11 2
E:maj [4, 8, 11] 4 4
A:maj [1, 4, 9] 9 2
C#:min/5 [1, 4, 8] 8 2
B:min [2, 6, 11] 11 2
F#:min [1, 6, 9] 6 2
C#:min [1, 4, 8] 1 2
B:min [2, 6, 11] 11 2
E:maj [4, 8, 11] 4 4
A:maj [1, 4, 9] 9 2
C#:min/5 [1, 4, 8] 8 2
B:min [2, 6, 11] 11 2
F#:min [1, 6, 9] 6 2
C#:min [1, 4, 8] 1 2
B:min [2, 6, 11] 11 2
E:maj [4, 8, 11] 4 4
A:maj [1, 4, 9] 9 2
C#:min/5 [1, 4, 8] 8 2
B:min [2, 6, 11] 11 2
F#:min [1, 6, 9] 6 2
C#:min [1, 4, 8] 1 2
B:min [2, 6, 11] 11 2
E:maj [4, 8, 11] 4 4
A:maj [1, 4, 9] 9 2
C#:min/5 [1, 4, 8] 8 2
B:min [2, 6, 11] 11 2
F#:min [1, 6, 9] 6 2
C#:min [1, 4, 8] 1 2
B:min [2, 6, 11] 11 2
E:maj [4, 8, 11] 4 4
A:maj [1, 4, 9] 9 2
C#:min/5 [1, 4, 8] 8 2
B:min [2, 6, 11] 11 2
F#:min [1, 6, 9] 6 2
C#:min [1, 4, 8] 1 2
B:min [2, 6, 11] 11 2
E:maj [4, 8, 11] 4 4
A:maj [1, 4, 9] 9 2
C#:min/5 [1, 4, 8] 8 2
B:min [2, 6, 11] 11 2
