0 76
59 2
60 1
0 1
62 3
0 1
62 1
0 1
67 1
0 1
69 3
0 1
67 1
0 1
69 1
0 1
71 1
0 1
72 1
0 1
74 1
0 1
67 1
0 1
69 3
0 1
67 1
0 1
66 1
0 1
64 3
0 1
66 1
0 1
67 1
0 1
62 2
74 1
76 1
74 1
0 1
72 1
0 1
71 2
0 2
72 2
71 1
0 1
69 2
0 2
59 1
0 1
60 1
0 1
62 3
0 1
62 2
67 2
69 2
0 2
67 1
0 1
69 1
0 1
71 1
0 1
72 1
0 1
74 1
0 1
67 1
69 1
69 3
0 1
67 2
66 2
64 2
0 2
76 3
0 1
74 2
0 2
0 2
69 2
67 9
0 3
67 2
69 1
0 1
71 1
69 1
71 1
69 1
71 1
0 1
74 1
0 1
69 3
0 3
69 1
71 1
72 1
71 1
72 1
71 1
72 1
0 1
76 1
0 1
71 2
0 4
71 1
72 1
74 1
72 1
71 1
72 1
74 2
0 1
74 1
72 1
71 1
69 1
71 1
72 2
0 1
72 1
71 1
69 1
67 1
69 1
71 1
0 1
76 1
0 1
74 4
67 2
69 1
0 1
71 1
69 1
71 1
69 1
71 1
0 1
74 1
0 1
69 3
0 3
69 1
71 1
72 1
71 1
72 1
71 1
72 1
0 1
76 1
0 1
71 2
0 4
71 1
72 1
74 1
72 1
71 1
72 1
74 2
0 1
74 1
72 1
71 1
69 1
71 1
72 2
0 1
72 1
71 1
69 1
67 1
69 1
71 1
0 1
76 1
0 1
74 4
72 1
71 1
69 1
0 1
71 16
0 140
59 2
60 1
0 1
62 3
0 1
62 1
0 1
67 1
0 1
69 3
0 1
67 1
0 1
69 1
0 1
71 1
0 1
72 1
0 1
74 1
0 1
67 1
0 1
69 3
0 1
67 1
0 1
66 1
0 1
64 3
0 1
66 1
0 1
67 1
0 1
62 2
74 1
76 1
74 1
0 1
72 1
0 1
71 2
0 2
72 2
71 1
0 1
69 2
0 2
59 1
0 1
60 1
0 1
62 3
0 1
62 2
67 2
69 2
0 2
67 1
0 1
69 1
0 1
71 1
0 1
72 1
0 1
74 1
0 1
67 1
69 1
69 3
0 1
67 2
66 2
64 2
0 2
76 3
0 1
74 2
0 2
0 2
69 2
67 9
0 3
67 2
69 1
0 1
71 1
69 1
71 1
69 1
71 1
0 1
74 1
0 1
69 3
0 3
69 1
71 1
72 1
71 1
72 1
71 1
72 1
0 1
76 1
0 1
71 2
0 4
71 1
72 1
74 1
72 1
71 1
72 1
74 2
0 1
74 1
72 1
71 1
69 1
71 1
72 2
0 1
72 1
71 1
69 1
67 1
69 1
71 1
0 1
76 1
0 1
74 4
67 2
69 1
0 1
71 1
69 1
71 1
69 1
71 1
0 1
74 1
0 1
69 3
0 3
69 1
71 1
72 1
71 1
72 1
71 1
72 1
0 1
76 1
0 1
71 2
0 4
71 1
72 1
74 1
72 1
71 1
72 1
74 2
0 1
74 1
72 1
71 1
69 1
71 1
72 2
0 1
72 1
71 1
69 1
67 1
69 1
71 1
0 1
76 1
0 1
74 4
72 1
71 1
69 1
0 1
71 16
0 16
73 1
71 1
73 1
71 1
73 1
0 1
76 1
0 1
71 3
0 3
71 1
73 1
74 1
73 1
74 1
73 1
74 1
0 1
78 1
0 1
73 2
0 4
73 1
74 1
76 1
74 1
73 1
74 1
76 2
0 1
76 1
74 1
73 1
71 1
73 1
74 2
0 1
74 1
73 1
71 1
69 1
71 1
73 1
0 1
78 1
0 1
76 4
69 2
71 1
0 1
73 1
71 1
73 1
71 1
73 1
0 1
76 1
0 1
71 3
0 3
71 1
73 1
74 1
73 1
74 1
73 1
74 1
0 1
78 1
0 1
73 2
0 4
73 1
74 1
76 1
74 1
73 1
74 1
76 2
0 1
76 1
74 1
73 1
71 1
73 1
74 2
0 1
74 1
73 1
71 1
69 1
71 1
73 1
0 1
78 1
0 1
76 4
69 2
71 2
73 1
71 1
73 1
71 1
73 1
0 1
76 1
0 1
71 3
0 3
71 1
73 1
74 1
73 1
74 1
73 1
74 1
0 1
78 1
0 1
73 2
0 4
73 1
74 1
76 1
74 1
73 1
74 1
76 2
0 1
76 1
74 1
73 1
71 1
73 1
74 2
0 1
74 1
73 1
71 1
69 1
71 1
73 1
0 1
78 1
0 1
76 4
69 2
71 1
0 1
73 1
71 1
73 1
71 1
73 1
0 1
76 1
0 1
71 3
0 3
71 1
73 1
74 1
73 1
74 1
73 1
74 1
0 1
78 1
0 1
73 2
0 4
73 1
74 1
76 1
74 1
73 1
74 1
76 2
0 1
76 1
74 1
73 1
71 1
73 1
74 2
0 1
74 1
73 1
71 1
69 1
71 1
73 1
0 1
78 1
0 1
76 3
0 1
69 2
71 2
73 1
71 1
73 1
71 1
73 1
0 1
76 1
0 1
71 3
0 3
71 1
73 1
74 1
73 1
74 1
73 1
74 1
0 1
78 1
0 1
73 2
0 4
73 1
74 1
76 1
74 1
73 1
74 1
76 2
0 1
76 1
74 1
73 1
71 1
73 1
74 2
0 1
74 1
73 1
71 1
69 1
71 1
73 1
0 1
78 1
0 1
76 4
69 2
71 1
0 1
73 1
71 1
73 1
71 1
73 1
0 1
76 1
0 1
71 3
0 3
71 1
73 1
74 1
73 1
74 1
73 1
74 1
0 1
78 1
0 1
73 2
0 4
73 1
74 1
76 1
74 1
73 1
74 1
76 2
0 1
76 1
74 1
73 1
71 1
73 1
74 2
0 1
74 1
73 1
71 1
69 1
71 1
73 1
0 1
78 1
0 1
76 3
0 1
69 2
71 2
73 1
71 1
73 1
71 1
73 1
0 1
76 1
0 1
71 3
0 3
71 1
73 1
74 1
73 1
74 1
73 1
74 1
0 1
78 1
0 1
73 2
0 4
73 1
74 1
76 1
74 1
73 1
74 1
76 2
0 1
76 1
74 1
73 1
71 1
73 1
74 2
0 1
74 1
73 1
71 1
69 1
71 1
73 1
0 1
78 1
0 1
76 4
69 2
71 1
0 1
73 1
71 1
73 1
71 1
73 1
0 1
76 1
0 1
71 3
0 3
71 1
73 1
74 1
73 1
74 1
73 1
74 1
0 1
78 1
0 1
