0 124
69 2
71 2
72 6
72 2
72 2
71 2
69 2
72 2
71 6
67 2
67 4
69 2
71 2
72 4
72 2
72 2
72 2
72 2
72 2
72 2
76 2
76 2
76 4
74 4
69 2
71 2
72 6
72 2
72 2
71 2
69 2
72 2
71 6
67 2
67 4
69 2
71 2
72 6
69 2
76 2
74 2
72 2
74 2
71 6
69 6
69 1
0 1
71 2
72 8
72 2
71 2
69 2
72 2
71 4
71 2
67 2
67 4
69 2
71 2
72 4
72 2
72 2
72 2
72 2
72 2
72 2
76 2
76 2
76 2
74 2
74 4
69 2
71 2
72 6
72 2
72 2
71 2
69 2
72 2
71 6
67 2
67 4
69 2
71 2
72 8
76 2
74 2
72 2
74 2
71 3
69 3
69 10
76 6
76 2
76 4
74 2
72 2
76 4
74 8
74 2
76 2
77 6
77 2
79 4
74 2
77 4
76 12
76 2
77 6
76 2
74 4
74 2
76 2
76 4
74 4
72 4
69 2
71 2
72 2
72 4
72 2
71 2
71 2
72 4
69 14
0 126
69 2
71 2
72 4
0 2
72 1
0 1
72 2
71 2
69 2
72 2
71 4
71 2
67 2
67 3
0 1
69 2
71 2
72 4
0 2
72 2
72 1
0 1
72 2
72 1
0 1
72 2
76 2
76 1
0 1
76 4
74 4
69 2
71 2
72 5
0 1
72 1
0 1
72 2
71 2
69 2
72 2
71 2
71 2
71 2
67 2
67 2
0 2
69 2
71 2
72 4
0 4
76 2
74 2
72 2
74 2
72 4
69 2
69 6
69 2
71 2
72 5
0 3
72 2
71 2
69 2
72 2
71 3
0 1
71 2
67 2
67 2
0 2
69 2
71 2
72 3
0 1
72 1
0 1
72 1
0 1
72 1
0 1
72 1
0 1
72 1
0 1
72 2
76 1
0 1
76 1
0 1
76 2
74 1
0 1
74 2
0 2
69 2
71 2
72 3
0 3
72 1
0 1
72 2
71 2
69 2
72 2
71 6
67 2
67 2
0 2
69 2
71 2
72 4
0 4
76 2
74 2
72 2
74 2
71 2
69 4
69 7
0 3
76 4
0 2
76 2
76 3
0 1
74 2
72 2
76 4
74 6
0 2
74 2
76 2
77 5
0 1
77 2
79 4
74 2
77 4
76 9
0 3
76 2
77 6
76 2
74 4
74 2
76 1
0 1
76 4
74 4
72 3
0 1
69 2
71 2
72 1
0 1
72 2
0 2
72 2
71 2
71 2
72 2
69 2
69 11
0 5
76 4
0 2
76 2
76 3
0 1
74 2
72 2
76 4
74 6
0 2
74 2
76 2
77 5
0 1
77 2
79 4
74 2
77 4
76 9
0 3
76 2
77 6
76 2
74 4
74 2
76 2
76 4
74 4
72 3
0 1
69 2
71 2
72 1
0 1
72 2
0 2
72 2
71 2
71 2
72 2
69 2
69 12
