C#:maj [1, 5, 8] 1 4 
Ab:maj/3 [0, 3, 8] 0 4 
Bb:maj [2, 5, 10] 10 4 
C#:maj [1, 5, 8] 1 8 
Ab:maj/3 [0, 3, 8] 0 4 
Bb:maj [2, 5, 10] 10 4 
F:min7 [0, 3, 5, 8] 5 3 
Ab:maj/3 [0, 3, 8] 0 1 
Eb:min [3, 6, 10] 3 2 
Ab:maj/3 [0, 3, 8] 0 2 
C#:maj [1, 5, 8] 1 1 
Ab:maj/3 [0, 3, 8] 0 1 
Bb:min [1, 5, 10] 10 2 
Eb:min [3, 6, 10] 3 4 
Ab:maj [0, 3, 8] 8 4 
C#:maj [1, 5, 8] 1 4 
Ab:maj/3 [0, 3, 8] 0 4 
Bb:min [1, 5, 10] 10 4 
Ab:maj [0, 3, 8] 8 4 
Bb:min [1, 5, 10] 10 2 
Eb:min [3, 6, 10] 3 2 
C#:maj [1, 5, 8] 1 2 
Bb:min [1, 5, 10] 10 2 
C#:maj [1, 5, 8] 1 4 
Ab:maj [0, 3, 8] 8 4 
C#:maj [1, 5, 8] 1 4 
Ab:maj [0, 3, 8] 8 2 
C#:maj [1, 5, 8] 1 1 
Ab:maj/3 [0, 3, 8] 0 1 
Bb:min [1, 5, 10] 10 2 
F:min [0, 5, 8] 5 2 
Bb:min [1, 5, 10] 10 2 
C#:maj [1, 5, 8] 1 6 
Ab:maj [0, 3, 8] 8 2 
C#:maj [1, 5, 8] 1 2 
Bb:min [1, 5, 10] 10 2 
F:min [0, 5, 8] 5 2 
Bb:min [1, 5, 10] 10 2 
Ab:maj [0, 3, 8] 8 2 
C#:maj [1, 5, 8] 1 6 
F#:maj [1, 6, 10] 6 1 
C#:maj [1, 5, 8] 1 1 
F:min [0, 5, 8] 5 1 
Ab:maj [0, 3, 8] 8 1 
C#:maj [1, 5, 8] 1 2 
B:maj [3, 6, 11] 11 2 
Eb:min [3, 6, 10] 3 2 
Ab:maj [0, 3, 8] 8 4 
C#:maj [1, 5, 8] 1 4 
Ab:maj/3 [0, 3, 8] 0 4 
Bb:min [1, 5, 10] 10 4 
Ab:maj [0, 3, 8] 8 4 
Bb:min [1, 5, 10] 10 2 
Eb:min [3, 6, 10] 3 2 
C#:maj [1, 5, 8] 1 1 
Ab:maj/3 [0, 3, 8] 0 1 
Bb:min [1, 5, 10] 10 2 
C#:maj [1, 5, 8] 1 4 
Ab:maj [0, 3, 8] 8 4 
C#:maj [1, 5, 8] 1 4 
Ab:maj [0, 3, 8] 8 2 
C#:maj [1, 5, 8] 1 1 
Ab:maj/3 [0, 3, 8] 0 1 
Bb:min [1, 5, 10] 10 2 
F:min [0, 5, 8] 5 2 
Bb:min [1, 5, 10] 10 2 
C#:maj [1, 5, 8] 1 6 
Ab:maj [0, 3, 8] 8 2 
C#:maj [1, 5, 8] 1 1 
Ab:maj/3 [0, 3, 8] 0 1 
Bb:min [1, 5, 10] 10 2 
F:min [0, 5, 8] 5 2 
Bb:min [1, 5, 10] 10 2 
Ab:maj [0, 3, 8] 8 2 
C#:maj [1, 5, 8] 1 16 
F#:maj(9) [1, 4, 6, 8, 10] 6 2 
Ab:maj [0, 3, 8] 8 2 
C#:maj [1, 5, 8] 1 4 
Ab:maj [0, 3, 8] 8 2 
F:min7 [0, 3, 5, 8] 5 1 
F:7 [0, 3, 5, 9] 5 1 
Bb:min [1, 5, 10] 10 2 
F:min [0, 5, 8] 5 2 
Bb:min [1, 5, 10] 10 2 
Ab:maj [0, 3, 8] 8 2 
C#:maj [1, 5, 8] 1 7 
C#:maj7/7 [1, 5, 8, 11] 0 1 
C#:maj/5 [1, 5, 8] 8 8 
C#:maj [1, 5, 8] 1 5 
Ab:maj [0, 3, 8] 8 3 
C#:maj [1, 5, 8] 1 4 
Ab:maj [0, 3, 8] 8 4 
Ab:sus4(b7,9) [0, 3, 6, 8, 10] 8 2 
C#:maj [1, 5, 8] 1 4 
