0 63
65 1
65 1
66 1
65 1
0 1
65 1
66 1
65 1
0 1
65 1
66 1
65 2
63 1
61 1
63 2
0 1
68 6
0 7
61 1
61 1
73 1
75 1
73 1
0 1
73 1
75 1
73 1
0 1
73 1
75 1
77 2
0 3
68 1
70 1
0 1
68 8
0 5
65 1
70 1
70 1
72 2
0 1
73 2
75 2
72 2
70 3
73 1
75 1
77 1
77 1
77 2
0 1
68 2
70 2
73 4
0 2
70 1
73 1
75 1
73 2
75 2
73 2
0 1
73 1
75 1
77 2
75 3
0 1
73 2
75 5
0 8
65 1
65 1
66 1
65 2
65 1
66 1
65 1
0 1
65 1
66 1
65 2
63 2
61 1
63 2
68 8
0 4
61 1
61 1
73 1
73 1
75 1
73 1
0 1
73 1
75 1
73 1
0 1
73 1
75 1
77 4
0 1
68 2
70 2
68 9
0 2
68 1
70 1
0 1
70 1
72 1
0 1
72 2
73 1
75 2
70 1
68 3
73 1
75 1
77 2
77 1
75 1
0 1
68 2
70 2
73 4
0 2
73 1
77 2
75 1
73 1
77 3
77 1
77 1
75 2
73 1
77 2
78 2
77 2
75 6
0 8
77 1
77 1
77 1
77 1
77 1
0 1
68 1
70 3
73 1
78 3
77 1
75 3
73 2
75 2
73 1
77 4
0 1
75 2
77 1
73 3
0 1
73 1
80 1
0 1
80 1
80 2
72 2
73 2
75 2
73 4
70 1
78 1
0 1
77 1
75 3
75 1
0 1
73 1
75 3
77 1
77 1
77 1
77 1
77 1
0 1
68 1
70 3
73 1
78 3
77 1
75 3
73 2
75 2
73 1
77 4
0 1
75 1
73 1
72 1
0 1
73 4
85 1
84 1
82 1
80 3
75 2
0 1
73 1
82 5
0 5
78 2
73 1
73 2
75 2
0 1
73 7
0 70
72 4
65 1
66 1
65 2
65 1
66 1
65 1
0 1
65 1
66 1
65 2
0 1
63 2
61 2
63 2
68 8
0 2
61 1
61 1
73 1
73 1
75 1
73 1
0 1
73 1
75 1
73 1
0 1
73 1
75 1
77 4
0 1
68 2
70 2
68 9
0 2
68 1
70 1
0 1
70 1
72 1
0 1
72 2
73 1
75 2
70 1
68 3
73 1
75 1
77 2
77 1
75 1
0 1
77 2
80 2
73 4
0 2
73 1
77 2
75 1
73 1
77 3
77 1
77 1
75 2
73 1
77 2
78 2
80 2
77 2
75 3
73 1
80 1
82 1
80 4
0 2
77 1
77 1
77 1
77 1
77 1
0 1
68 1
70 3
73 1
78 3
77 1
75 3
73 2
75 2
73 1
77 4
0 1
75 2
77 1
73 3
0 1
73 1
80 1
0 1
80 1
80 2
72 2
73 2
75 2
73 4
0 1
78 1
0 1
77 1
75 3
75 1
0 1
73 1
75 3
77 1
77 1
77 1
77 1
77 1
0 1
68 1
70 3
73 1
78 3
77 1
75 3
73 2
75 2
73 1
77 4
0 1
75 1
73 1
72 1
0 1
73 4
85 1
84 1
82 1
80 3
75 2
0 1
73 1
82 5
0 5
78 2
73 1
73 2
75 2
0 1
73 7
0 9
77 1
77 1
77 1
77 1
77 1
0 1
68 1
70 3
73 1
78 3
0 1
77 1
75 2
73 2
75 2
73 2
77 4
75 2
77 1
73 3
0 1
73 1
80 1
0 1
80 1
80 2
72 2
73 2
75 2
73 4
70 1
78 1
0 1
77 1
75 3
75 1
0 1
73 1
75 3
77 1
77 1
77 1
77 1
77 1
0 1
68 1
70 3
73 1
78 3
77 1
75 3
73 2
75 2
73 1
77 4
0 1
75 1
73 1
72 1
0 1
73 4
85 1
84 1
82 1
80 3
75 2
0 1
73 1
82 5
0 5
78 2
73 1
73 2
75 2
0 1
73 7
0 3
77 2
75 2
72 2
73 4
85 2
84 2
82 2
80 2
75 2
73 2
82 7
0 2
78 3
73 1
0 1
73 9
0 2
75 3
0 1
73 13
