Ab:maj [0, 3, 8] 8 4 
C:maj [0, 4, 7] 0 4 
F:min [0, 5, 8] 5 4 
C:maj [0, 4, 7] 0 4 
F:maj [0, 5, 9] 5 4 
D:min [2, 5, 9] 2 4 
G:maj [2, 7, 11] 7 4 
Ab:maj [0, 3, 8] 8 4 
C:maj [0, 4, 7] 0 4 
G:maj [2, 7, 11] 7 8 
C:maj [0, 4, 7] 0 4 
E:min [4, 7, 11] 4 4 
F:maj [0, 5, 9] 5 4 
G:maj [2, 7, 11] 7 4 
E:min [4, 7, 11] 4 4 
A:min [0, 4, 9] 9 4 
F:maj [0, 5, 9] 5 4 
G:maj [2, 7, 11] 7 4 
A:min [0, 4, 9] 9 4 
E:min [4, 7, 11] 4 4 
F:maj [0, 5, 9] 5 4 
C:maj [0, 4, 7] 0 4 
A:min [0, 4, 9] 9 4 
E:min [4, 7, 11] 4 4 
F:maj [0, 5, 9] 5 4 
G:maj [2, 7, 11] 7 8 
C:maj [0, 4, 7] 0 4 
E:min [4, 7, 11] 4 4 
A:min [0, 4, 9] 9 4 
E:min [4, 7, 11] 4 4 
F:maj [0, 5, 9] 5 4 
E:min [4, 7, 11] 4 2 
A:min [0, 4, 9] 9 2 
D:min [2, 5, 9] 2 4 
G:maj [2, 7, 11] 7 4 
C:maj [0, 4, 7] 0 4 
E:min [4, 7, 11] 4 4 
A:min [0, 4, 9] 9 4 
E:min [4, 7, 11] 4 4 
F:maj [0, 5, 9] 5 4 
E:min [4, 7, 11] 4 2 
A:min [0, 4, 9] 9 2 
D:min [2, 5, 9] 2 4 
G:maj [2, 7, 11] 7 4 
C:maj [0, 4, 7] 0 4 
C:7/b7 [0, 4, 7, 10] 10 1 
Ab:maj [0, 3, 8] 8 3 
A:min [0, 4, 9] 9 4 
Ab:maj [0, 3, 8] 8 4 
G:maj [2, 7, 11] 7 8 
E:min [4, 7, 11] 4 2 
F:maj [0, 5, 9] 5 2 
D:maj [2, 6, 9] 2 4 
G:maj [2, 7, 11] 7 8 
C:maj [0, 4, 7] 0 4 
E:min [4, 7, 11] 4 4 
F:maj [0, 5, 9] 5 4 
G:maj [2, 7, 11] 7 4 
E:min [4, 7, 11] 4 4 
A:min [0, 4, 9] 9 4 
F:maj [0, 5, 9] 5 4 
G:maj [2, 7, 11] 7 4 
A:min [0, 4, 9] 9 4 
E:min [4, 7, 11] 4 4 
F:maj [0, 5, 9] 5 4 
C:maj [0, 4, 7] 0 4 
A:min [0, 4, 9] 9 4 
E:min [4, 7, 11] 4 4 
F:maj [0, 5, 9] 5 4 
G:maj [2, 7, 11] 7 8 
C:maj [0, 4, 7] 0 4 
E:min [4, 7, 11] 4 4 
A:min [0, 4, 9] 9 4 
E:min [4, 7, 11] 4 4 
F:maj [0, 5, 9] 5 4 
E:min [4, 7, 11] 4 2 
A:min [0, 4, 9] 9 1 
D:min [2, 5, 9] 2 4 
G:7 [2, 5, 7, 11] 7 1 
G:maj [2, 7, 11] 7 4 
C:maj [0, 4, 7] 0 4 
E:min [4, 7, 11] 4 3 
A:min [0, 4, 9] 9 5 
E:min [4, 7, 11] 4 3 
F:maj [0, 5, 9] 5 5 
E:min [4, 7, 11] 4 2 
A:min [0, 4, 9] 9 1 
D:min [2, 5, 9] 2 5 
G:maj [2, 7, 11] 7 4 
C:maj [0, 4, 7] 0 8 
F:maj [0, 5, 9] 5 4 
E:sus4 [4, 9, 11] 4 2 
A:min [0, 4, 9] 9 2 
D:maj [2, 6, 9] 2 4 
G:maj [2, 7, 11] 7 4 
C:maj [0, 4, 7] 0 20 
