0 176
67 1
0 1
67 1
0 1
67 1
0 1
67 1
0 1
67 2
0 1
62 1
0 2
64 1
0 3
67 10
0 4
69 1
0 1
69 1
0 1
69 1
0 1
69 1
0 1
69 3
65 1
0 2
64 3
62 13
60 1
0 1
71 1
0 1
71 1
0 1
71 1
0 1
71 1
0 1
71 2
0 1
67 1
0 2
64 3
0 1
60 8
0 4
60 1
0 1
69 1
0 1
69 1
0 1
69 1
0 1
69 1
0 1
69 1
0 2
65 1
0 2
69 2
0 2
71 9
0 3
67 2
72 4
0 1
72 3
0 4
64 2
67 9
0 7
67 1
0 1
69 2
67 1
0 1
69 1
0 1
72 3
0 1
60 2
0 2
67 7
0 9
67 1
0 1
72 2
0 4
72 3
0 3
64 2
69 5
0 1
67 8
0 2
67 1
0 1
69 1
0 1
67 1
0 1
69 1
0 1
72 3
0 1
69 2
0 2
72 2
0 2
74 13
0 15
67 1
0 1
72 1
0 1
74 1
0 1
74 1
0 1
76 1
0 1
76 2
74 1
0 1
74 1
0 1
72 1
0 1
71 2
71 1
0 3
72 1
0 3
67 2
0 2
67 1
0 1
72 1
0 1
74 1
0 1
74 1
0 1
76 1
0 1
76 1
0 1
74 1
0 1
74 1
0 1
72 1
0 1
71 2
0 1
69 2
0 1
71 3
0 1
64 2
0 4
69 2
71 1
0 1
71 2
72 1
0 1
72 2
71 1
0 1
71 2
69 2
67 3
0 1
69 1
0 1
71 3
0 1
72 3
0 3
76 2
0 1
74 2
0 1
72 2
0 2
69 2
0 4
76 2
0 1
74 2
0 1
72 2
0 2
67 3
0 1
67 1
0 1
72 1
0 1
74 1
0 1
74 1
0 1
76 1
0 1
76 1
0 1
74 1
0 1
74 2
72 1
0 1
71 2
0 1
71 2
0 1
71 1
0 3
67 2
0 2
67 2
72 2
74 1
0 1
74 2
76 1
0 1
76 2
74 1
0 1
74 1
0 1
72 1
0 1
71 2
0 1
69 2
0 1
71 2
0 2
64 2
0 4
69 2
71 1
0 1
71 2
72 1
72 3
71 1
0 1
71 2
69 1
0 1
67 3
69 2
0 1
71 3
0 2
72 2
0 3
76 2
0 1
74 1
0 2
72 2
0 2
69 2
0 4
76 2
0 1
74 2
0 1
72 1
0 1
69 2
0 1
67 2
0 3
69 3
72 6
0 151
67 1
0 1
67 1
0 1
67 1
0 1
67 1
0 1
67 2
0 1
62 1
0 2
64 1
0 3
67 10
0 4
69 1
0 1
69 1
0 1
69 1
0 1
69 1
0 1
69 3
65 1
0 2
64 3
62 13
60 1
0 1
71 1
0 1
71 1
0 1
71 1
0 1
71 1
0 1
71 2
0 1
67 1
0 2
64 3
0 1
60 8
0 4
60 1
0 1
69 1
0 1
69 1
0 1
69 1
0 1
69 1
0 1
69 1
0 2
65 1
0 2
69 2
0 2
71 9
0 3
67 2
72 4
0 1
72 3
0 4
64 2
67 9
0 7
67 1
0 1
69 2
67 1
0 1
69 1
0 1
72 3
0 1
60 2
0 2
67 7
0 9
67 1
0 1
72 2
0 4
72 3
0 3
64 2
69 5
0 1
67 8
0 2
67 1
0 1
69 1
0 1
67 1
0 1
69 1
0 1
72 3
0 1
69 2
0 2
72 2
0 2
74 13
0 15
67 1
0 1
72 1
0 1
74 1
0 1
74 1
0 1
76 1
0 1
76 2
74 1
0 1
74 1
0 1
72 1
0 1
71 2
71 1
0 3
72 1
0 3
67 2
0 2
67 1
0 1
72 1
0 1
74 1
0 1
74 1
0 1
76 1
0 1
76 1
0 1
74 1
0 1
74 1
0 1
72 1
0 1
71 2
0 1
69 2
0 1
71 3
0 1
64 2
0 4
69 2
71 1
0 1
71 2
72 1
0 1
72 2
71 1
0 1
71 2
69 2
67 3
0 1
69 1
0 1
71 3
0 1
72 3
0 3
76 2
0 1
74 2
0 1
72 2
0 2
69 2
0 4
76 2
0 1
74 2
0 1
72 2
0 2
67 3
0 1
67 1
0 1
72 1
0 1
74 1
0 1
74 1
0 1
76 1
0 1
76 1
0 1
74 1
0 1
74 2
72 1
0 1
71 2
0 1
71 2
0 1
71 1
0 3
67 2
0 2
67 2
72 2
74 1
0 1
74 2
76 1
0 1
76 2
74 1
0 1
74 1
0 1
72 1
0 1
71 2
0 1
69 2
0 1
71 2
0 2
64 2
0 4
69 2
71 1
0 1
71 2
72 1
72 3
71 1
0 1
71 2
69 1
0 1
67 3
69 2
0 1
71 3
0 2
72 2
0 3
76 2
0 1
74 1
0 2
72 2
0 2
69 2
0 4
76 2
0 1
74 2
0 1
72 1
0 1
69 2
0 1
67 2
0 3
69 3
72 6
0 23
69 2
71 1
0 1
71 2
72 1
72 3
71 1
0 1
71 2
69 1
0 1
67 3
69 2
0 1
71 3
0 2
72 2
0 3
76 2
0 1
74 1
0 2
72 2
0 2
69 2
0 4
76 2
0 1
74 2
0 1
72 1
0 1
69 2
0 1
67 2
0 6
69 2
0 2
72 12
