0 160
64 2
69 1
0 1
69 1
0 1
72 1
0 1
69 6
0 2
74 2
76 3
0 1
74 1
72 1
69 4
0 4
69 2
72 1
0 1
72 2
74 1
0 1
81 1
0 1
79 1
0 1
81 1
0 1
79 1
0 1
76 11
0 5
81 1
0 1
81 1
0 1
81 1
0 1
84 1
0 1
81 3
0 1
79 1
0 1
76 2
69 2
76 2
74 1
0 1
72 1
0 1
74 6
0 2
74 1
0 1
76 1
0 1
79 3
0 1
67 2
69 1
0 1
74 1
0 1
71 1
0 1
69 8
0 8
69 1
0 1
69 3
0 1
72 2
69 5
0 3
74 1
0 1
76 2
74 2
67 2
69 5
0 3
69 2
72 1
0 1
72 1
0 1
74 1
0 1
81 2
79 1
0 1
79 2
74 2
76 12
0 4
81 1
0 1
81 3
0 1
84 2
81 3
0 1
79 2
76 1
0 1
69 1
0 1
76 2
74 2
72 2
74 7
0 1
74 1
0 1
74 1
0 1
74 1
0 1
76 1
0 1
83 1
0 1
83 1
0 1
81 1
0 1
79 1
0 1
81 26
0 4
76 1
0 1
81 4
76 2
84 2
81 6
0 2
79 2
81 1
0 1
83 2
79 2
81 5
0 3
74 3
0 1
72 2
69 1
0 1
74 2
76 1
0 1
76 3
0 1
74 2
81 1
0 1
81 1
0 1
79 1
0 1
79 5
0 3
76 2
81 3
0 1
79 2
74 1
0 1
76 1
0 1
76 3
0 1
69 1
0 1
69 2
72 1
0 1
76 1
0 1
76 6
0 2
74 1
0 1
74 1
0 1
74 1
0 1
76 1
0 1
79 1
0 1
79 1
0 1
79 1
0 1
81 1
0 1
83 1
0 1
83 1
0 1
81 1
0 1
79 1
0 1
81 6
76 1
0 1
81 4
76 2
84 2
81 6
0 2
79 2
81 1
0 1
83 2
79 2
81 5
0 3
74 3
0 1
72 2
69 1
0 1
74 2
0 2
76 3
0 1
74 2
81 1
0 1
81 1
0 1
79 1
0 1
79 5
0 3
76 2
81 3
0 1
79 2
81 1
0 1
79 1
0 1
76 3
0 1
69 1
0 1
69 2
72 1
0 1
79 1
0 1
76 6
0 2
74 1
0 1
74 1
0 1
74 1
0 1
76 1
0 1
83 1
0 1
83 1
0 1
81 1
0 1
79 1
0 1
81 15
0 1
69 1
0 1
69 1
0 1
69 1
0 1
69 1
67 1
69 1
0 1
67 1
0 1
69 1
0 3
74 1
0 1
74 1
74 1
74 1
0 1
74 1
0 1
74 1
0 1
72 1
0 1
69 2
0 2
74 1
0 1
74 1
0 1
76 3
0 1
74 1
0 1
72 1
0 1
76 3
0 1
74 1
0 1
72 1
0 1
69 1
0 1
67 1
0 1
67 1
0 1
69 1
0 1
69 2
0 2
69 1
67 1
69 1
67 1
69 1
0 1
72 1
0 1
74 1
72 1
74 1
72 1
74 1
0 1
76 1
0 1
74 1
72 1
74 1
72 1
74 1
0 1
76 1
0 1
74 1
0 1
74 1
72 1
69 1
72 1
69 1
0 1
64 1
0 1
62 1
0 1
64 1
0 1
69 1
0 1
69 3
0 5
76 1
0 1
74 1
0 1
76 1
0 1
79 1
0 1
81 2
0 6
69 1
0 1
69 3
0 1
72 2
69 5
0 3
74 1
0 1
76 2
74 2
67 2
69 5
0 3
69 2
72 1
0 1
72 1
0 1
74 1
0 1
81 2
79 1
0 1
79 2
74 2
76 12
0 4
81 1
0 1
81 3
0 1
84 2
81 3
0 1
79 2
76 1
0 1
69 1
0 1
76 2
74 2
72 2
74 7
0 1
74 1
0 1
74 1
0 1
74 1
0 1
76 1
0 1
83 1
0 1
83 1
0 1
81 1
0 1
79 1
0 1
81 12
0 2
76 1
0 1
81 4
76 2
84 2
81 6
0 2
79 2
81 1
0 1
83 2
79 2
81 5
0 3
74 3
0 1
72 2
69 1
0 1
74 2
76 1
0 1
76 3
0 1
74 2
81 1
0 1
81 1
0 1
79 1
0 1
79 5
0 3
76 2
81 3
0 1
79 2
74 1
0 1
76 1
0 1
76 3
0 1
69 1
0 1
69 2
72 1
0 1
76 1
0 1
76 6
0 2
74 1
0 1
74 1
0 1
74 1
0 1
76 1
0 1
79 1
0 1
79 1
0 1
79 1
0 1
81 1
0 1
83 1
0 1
83 1
0 1
81 1
0 1
79 1
0 1
81 6
76 1
0 1
81 4
76 2
84 2
81 6
0 2
79 2
81 1
0 1
83 2
79 2
81 5
0 3
74 3
0 1
72 2
69 1
0 1
74 2
0 2
76 3
0 1
74 2
81 1
0 1
81 1
0 1
79 1
0 1
79 5
0 3
76 2
81 3
0 1
79 2
81 1
0 1
79 1
0 1
76 3
0 1
69 1
0 1
69 2
72 1
0 1
79 1
0 1
76 6
0 2
74 1
0 1
74 1
0 1
74 1
0 1
76 1
0 1
83 1
0 1
83 1
0 1
81 1
0 1
79 1
0 1
81 15
0 15
76 1
0 1
81 4
76 2
84 2
81 6
0 2
79 2
81 1
0 1
83 2
79 2
81 5
0 3
74 3
0 1
72 2
69 1
0 1
74 2
76 1
0 1
76 3
0 1
74 2
81 1
0 1
81 1
0 1
79 1
0 1
79 5
0 3
76 2
81 3
0 1
79 2
74 1
0 1
76 1
0 1
76 3
0 1
69 1
0 1
69 2
72 1
0 1
76 1
0 1
76 6
0 2
74 1
0 1
74 1
0 1
74 1
0 1
76 1
0 1
79 1
0 1
79 1
0 1
79 1
0 1
81 1
0 1
83 1
0 1
83 1
0 1
81 1
0 1
79 1
0 1
81 6
76 1
0 1
81 4
76 2
84 2
81 6
0 2
79 2
81 1
0 1
83 2
79 2
81 5
0 3
74 3
0 1
72 2
69 1
0 1
74 2
0 2
76 3
0 1
74 2
81 1
0 1
81 1
0 1
79 1
0 1
79 5
0 3
76 2
81 3
0 1
79 2
81 1
0 1
79 1
0 1
76 3
0 1
69 1
0 1
69 2
72 1
0 1
79 1
0 1
76 6
0 2
74 1
0 1
74 1
0 1
74 1
0 1
76 1
0 1
83 1
0 1
83 1
0 1
81 1
0 1
79 1
0 1
81 15
0 1
74 1
0 1
74 1
0 1
74 1
0 1
76 1
0 1
86 1
0 1
86 10
86 2
84 2
81 8
