0 128
62 1
0 1
62 1
0 1
62 2
64 2
71 1
0 1
71 2
69 1
0 1
69 1
0 1
67 13
0 3
69 3
69 1
71 1
0 1
71 2
69 1
0 1
67 2
64 2
67 2
62 6
0 10
71 2
74 1
0 1
74 1
0 1
71 1
0 1
74 3
0 5
76 2
0 1
74 1
71 2
69 1
0 1
67 6
0 2
69 2
0 1
69 1
69 1
0 1
67 2
69 2
71 2
67 2
64 2
62 11
0 5
62 1
0 1
62 1
0 1
62 2
64 2
71 1
0 1
71 2
71 1
0 1
69 1
0 1
67 13
0 3
69 3
69 1
71 1
0 1
71 2
69 1
0 1
67 2
64 2
67 2
62 6
0 10
71 2
74 1
0 1
74 1
0 1
71 1
0 1
74 3
0 5
76 2
0 1
74 1
71 2
69 1
0 1
67 6
0 2
69 2
0 1
69 1
69 1
0 1
67 2
69 2
71 2
76 2
71 2
74 13
0 3
74 2
0 1
74 1
74 1
0 1
71 1
0 1
74 1
0 1
76 1
0 1
79 1
0 1
78 1
0 1
76 5
0 11
76 1
0 1
79 2
76 2
74 1
0 1
76 2
74 1
0 1
74 1
0 1
67 1
0 1
69 13
0 1
67 1
0 1
69 1
0 1
69 1
0 1
69 1
0 1
67 1
0 1
69 3
0 5
76 2
0 1
74 1
71 1
0 1
69 1
0 1
67 6
0 2
69 2
0 1
69 1
69 1
0 1
67 1
0 1
69 1
0 1
71 1
0 1
79 1
0 1
71 1
0 1
74 14
0 2
74 2
0 1
74 1
74 1
0 1
71 1
0 1
74 1
0 1
76 1
0 1
79 1
0 1
78 1
0 1
76 8
0 8
76 1
0 1
79 2
76 2
74 1
0 1
74 2
64 2
74 3
0 1
69 12
0 2
67 1
0 1
69 1
0 1
69 1
0 1
69 1
0 1
67 1
0 1
69 3
0 1
69 2
71 2
74 2
71 1
0 1
74 3
0 1
71 6
0 2
69 2
0 1
69 1
69 1
0 1
67 1
0 1
69 1
0 1
71 1
0 1
79 2
71 2
74 12
0 2
62 1
0 1
71 2
0 1
69 2
0 1
64 1
0 1
67 15
0 121
62 1
0 1
62 1
0 1
62 2
64 2
71 1
0 1
71 2
71 1
0 1
69 1
0 1
67 13
0 3
69 3
69 1
71 1
0 1
71 2
69 1
0 1
67 2
64 2
67 2
62 6
0 10
71 2
74 1
0 1
74 1
0 1
71 1
0 1
74 3
0 5
76 2
0 1
74 1
71 2
69 1
0 1
67 6
0 2
69 2
0 1
69 1
69 1
0 1
67 2
69 2
71 2
76 2
71 2
74 13
0 3
74 2
0 1
74 1
74 1
0 1
71 1
0 1
74 1
0 1
76 1
0 1
79 1
0 1
78 1
0 1
76 5
0 11
76 1
0 1
79 2
76 2
74 1
0 1
76 2
74 1
0 1
74 1
0 1
67 1
0 1
69 13
0 1
67 1
0 1
69 1
0 1
69 1
0 1
69 1
0 1
67 1
0 1
69 3
0 5
76 2
0 1
74 1
71 1
0 1
69 1
0 1
67 6
0 2
69 2
0 1
69 1
69 1
0 1
67 1
0 1
69 1
0 1
71 1
0 1
79 1
0 1
71 1
0 1
74 14
0 2
74 2
0 1
74 1
74 1
0 1
71 1
0 1
74 1
0 1
76 1
0 1
79 1
0 1
78 1
0 1
76 8
0 8
76 1
0 1
79 2
76 2
74 1
0 1
74 2
64 2
74 3
0 1
69 12
0 2
67 1
0 1
69 1
0 1
69 1
0 1
69 1
0 1
67 1
0 1
69 3
0 1
69 2
71 2
74 2
71 1
0 1
74 3
0 1
71 6
0 2
69 2
0 1
69 1
69 1
0 1
67 1
0 1
69 1
0 1
71 1
0 1
79 2
71 2
74 12
0 2
62 1
0 1
71 2
0 1
69 2
0 1
64 1
0 1
67 8
74 2
0 1
74 1
74 1
0 1
71 1
0 1
74 1
0 1
76 1
0 1
79 1
0 1
78 1
0 1
76 5
0 11
76 1
0 1
79 2
76 2
74 1
0 1
76 2
74 1
0 1
74 1
0 1
67 1
0 1
69 13
0 1
67 1
0 1
69 1
0 1
69 1
0 1
69 1
0 1
67 1
0 1
69 3
0 5
76 2
0 1
74 1
71 1
0 1
69 1
0 1
67 6
0 2
69 2
0 1
69 1
69 1
0 1
67 1
0 1
69 1
0 1
71 1
0 1
79 1
0 1
71 1
0 1
74 14
0 2
74 2
0 1
74 1
74 1
0 1
71 1
0 1
74 1
0 1
76 1
0 1
79 1
0 1
78 1
0 1
76 8
0 8
76 1
0 1
79 2
76 2
74 1
0 1
74 2
64 2
74 3
0 1
69 12
0 2
67 1
0 1
69 1
0 1
69 1
0 1
69 1
0 1
67 1
0 1
69 3
0 1
69 2
71 2
74 2
71 1
0 1
74 3
0 1
71 6
0 2
69 2
0 1
69 1
69 1
0 1
67 1
0 1
69 1
0 1
71 1
0 1
79 2
71 2
74 12
0 2
62 1
0 1
71 2
0 1
69 2
0 1
64 1
0 1
67 8
