F:min7 [0, 3, 5, 8] 5 12 
Eb:maj7 [1, 3, 7, 10] 3 12 
F:min [0, 5, 8] 5 3 
D:hdim7 [2, 5, 8, 11] 2 3 
Ab:maj7 [0, 3, 6, 8] 8 6 
F:min [0, 5, 8] 5 3 
D:hdim7 [2, 5, 8, 11] 2 3 
Ab:maj7 [0, 3, 6, 8] 8 6 
F:min [0, 5, 8] 5 3 
Bb:maj [2, 5, 10] 10 3 
G:min [2, 7, 10] 7 3 
C:maj [0, 4, 7] 0 3 
F:min [0, 5, 8] 5 3 
G:min [2, 7, 10] 7 3 
C:sus4 [0, 5, 7] 0 6 
Ab:maj [0, 3, 8] 8 3 
Bb:maj [2, 5, 10] 10 3 
C:maj [0, 4, 7] 0 6 
Ab:maj [0, 3, 8] 8 3 
Bb:maj [2, 5, 10] 10 3 
C:maj [0, 4, 7] 0 6 
C#:maj [1, 5, 8] 1 3 
Eb:maj [3, 7, 10] 3 3 
C:maj [0, 4, 7] 0 3 
F:maj [0, 5, 9] 5 3 
Ab:maj [0, 3, 8] 8 3 
G:min [2, 7, 10] 7 3 
C:min [0, 3, 7] 0 6 
F:min [0, 5, 8] 5 3 
D:hdim7 [2, 5, 8, 11] 2 3 
Ab:maj7 [0, 3, 6, 8] 8 6 
F:min [0, 5, 8] 5 3 
D:hdim7 [2, 5, 8, 11] 2 3 
Ab:maj7 [0, 3, 6, 8] 8 6 
F:min [0, 5, 8] 5 3 
Bb:maj [2, 5, 10] 10 3 
G:min [2, 7, 10] 7 3 
C:maj [0, 4, 7] 0 3 
F:min [0, 5, 8] 5 3 
G:min [2, 7, 10] 7 3 
C:sus4 [0, 5, 7] 0 6 
Ab:maj [0, 3, 8] 8 3 
Bb:maj [2, 5, 10] 10 3 
C:maj [0, 4, 7] 0 6 
Ab:maj [0, 3, 8] 8 3 
Bb:maj [2, 5, 10] 10 3 
C:maj [0, 4, 7] 0 6 
C#:maj [1, 5, 8] 1 3 
Eb:maj [3, 7, 10] 3 3 
C:maj [0, 4, 7] 0 3 
F:maj [0, 5, 9] 5 3 
Ab:maj [0, 3, 8] 8 3 
G:min [2, 7, 10] 7 3 
C:min [0, 3, 7] 0 6 
Ab:maj [0, 3, 8] 8 3 
Bb:maj [2, 5, 10] 10 3 
C:maj [0, 4, 7] 0 6 
Ab:maj [0, 3, 8] 8 3 
Bb:maj [2, 5, 10] 10 3 
C:maj [0, 4, 7] 0 6 
C#:maj [1, 5, 8] 1 3 
Eb:maj [3, 7, 10] 3 3 
C:maj [0, 4, 7] 0 3 
F:maj [0, 5, 9] 5 3 
Ab:maj [0, 3, 8] 8 3 
G:min [2, 7, 10] 7 3 
C:maj/3 [0, 4, 7] 4 6 
C#:maj7 [1, 5, 8, 11] 1 3 
C:min/b3 [0, 3, 7] 3 3 
C:maj [0, 4, 7] 0 3 
F:maj [0, 5, 9] 5 3 
Ab:maj [0, 3, 8] 8 3 
G:min [2, 7, 10] 7 5 
C:sus4 [0, 5, 7] 0 6 
