0 254
53 1
55 1
60 2
60 1
0 1
60 1
0 1
58 1
60 1
0 1
60 1
0 1
55 1
62 1
0 1
60 1
0 1
58 3
0 13
60 1
0 1
60 1
60 1
60 1
0 1
58 1
58 1
0 1
60 1
0 1
53 1
62 1
0 1
60 1
58 1
55 2
0 14
60 1
0 1
60 1
0 1
60 1
0 1
58 1
60 1
0 1
60 1
0 2
65 1
63 1
62 1
0 1
62 2
58 1
0 1
58 1
60 1
0 1
58 3
0 6
60 1
0 1
60 1
0 1
60 1
0 1
58 1
58 1
0 1
60 1
0 2
57 1
0 1
53 1
57 1
0 1
55 6
0 7
53 1
55 1
60 2
60 1
0 1
60 1
0 1
58 1
58 1
0 1
60 1
0 1
55 1
62 1
0 1
60 1
0 1
60 1
0 1
58 6
0 6
55 1
55 1
60 1
0 1
60 1
0 1
60 1
0 1
58 1
58 1
0 1
60 1
0 1
53 1
62 1
0 1
60 1
58 1
55 8
0 8
60 1
0 1
60 1
0 1
60 1
0 1
58 1
60 1
0 1
60 1
0 2
65 1
63 1
62 1
0 1
62 2
58 1
0 1
58 1
60 1
0 1
58 3
0 6
60 1
0 1
60 1
0 1
60 1
0 1
58 1
58 1
0 1
60 1
0 2
57 1
0 1
53 1
57 1
0 1
55 6
0 5
58 1
0 1
65 1
0 1
65 6
63 1
62 1
60 3
0 1
60 1
60 1
60 1
58 1
62 1
0 1
62 1
0 1
58 1
60 1
0 1
58 2
0 3
58 1
0 1
65 1
0 1
65 4
0 2
63 1
62 1
60 3
0 1
60 1
60 1
60 1
58 1
60 1
0 1
58 5
0 5
58 1
0 1
65 1
0 1
65 5
0 1
63 1
62 1
60 3
0 1
60 1
60 1
60 1
58 1
62 1
0 1
62 2
63 1
0 1
62 1
60 1
0 1
58 2
0 1
58 1
0 1
62 1
0 1
62 3
0 3
65 1
63 1
60 1
0 1
60 2
0 1
57 1
0 1
58 1
60 2
58 4
0 6
58 1
0 1
62 2
57 9
0 3
57 1
58 2
0 1
60 2
58 8
0 2
58 1
0 1
62 2
57 6
0 5
57 1
57 1
0 1
53 1
57 1
0 1
55 11
0 132
60 1
60 1
60 1
58 1
60 1
0 1
58 1
60 1
0 1
60 1
0 2
62 1
0 1
60 1
0 1
58 4
0 10
55 1
55 1
60 1
0 1
60 1
0 1
60 1
0 1
58 1
58 1
0 1
60 1
0 1
53 1
62 1
0 1
60 1
58 1
55 10
0 6
60 1
0 1
60 1
0 1
60 1
0 1
58 1
60 1
0 1
60 1
0 2
65 1
63 1
62 1
0 1
62 1
0 1
58 1
0 1
58 1
60 1
0 1
58 4
0 5
60 1
0 1
60 1
0 1
60 1
0 1
58 1
58 1
0 1
60 1
0 2
57 2
53 1
57 1
0 1
55 10
0 1
58 1
0 1
65 1
0 1
65 6
63 1
62 1
60 3
0 1
60 1
60 1
60 1
58 1
62 1
0 1
62 1
0 1
58 1
60 1
0 1
58 2
0 3
58 1
0 1
65 1
0 1
65 4
0 2
63 1
62 1
60 3
0 1
60 1
60 1
60 1
58 1
60 1
0 1
58 5
0 5
58 1
0 1
65 1
0 1
65 5
0 1
63 1
62 1
60 3
0 1
60 1
60 1
60 1
58 1
62 1
0 1
62 2
63 1
0 1
62 1
60 1
0 1
58 2
0 1
58 1
0 1
62 1
0 1
62 3
0 3
65 1
63 1
60 1
0 1
60 2
0 1
57 1
0 1
58 1
60 2
58 4
0 6
58 1
0 1
62 2
57 9
0 3
57 1
58 2
0 1
60 2
58 8
0 2
58 1
0 1
62 2
57 6
0 5
57 1
57 1
0 1
53 1
57 1
0 1
55 11
58 1
0 1
65 1
0 1
65 6
63 1
62 1
60 3
0 1
60 1
60 1
60 1
58 1
62 1
0 1
62 1
0 1
58 1
60 1
0 1
58 2
0 3
58 1
0 1
65 1
0 1
65 4
0 2
63 1
62 1
60 3
0 1
60 1
60 1
60 1
58 1
60 1
0 1
58 5
0 5
58 1
0 1
65 1
0 1
65 5
0 1
63 1
62 1
60 3
0 1
60 1
60 1
60 1
58 1
62 1
0 1
62 2
63 1
0 1
62 1
60 1
0 1
58 2
0 1
58 1
0 1
62 1
0 1
62 3
0 3
65 1
63 1
60 1
0 1
60 2
0 1
57 1
0 1
58 1
60 2
58 4
0 6
58 1
0 1
62 2
57 9
0 3
57 1
58 2
0 1
60 2
58 8
0 2
58 1
0 1
62 2
57 6
0 5
57 1
57 1
0 1
53 1
57 1
0 1
55 11
