C:min [0, 3, 7] 0 2
Ab:maj [0, 3, 8] 8 2
Eb:maj [3, 7, 10] 3 4
C:min [0, 3, 7] 0 2
Ab:maj [0, 3, 8] 8 1
G:min/b3 [2, 7, 10] 10 1
Eb:maj [3, 7, 10] 3 4
C:min7 [0, 3, 7, 10] 0 2
Ab:maj [0, 3, 8] 8 2
Eb:sus2 [3, 5, 10] 3 4
C:min [0, 3, 7] 0 2
Ab:maj [0, 3, 8] 8 1
Bb:maj [2, 5, 10] 10 1
Eb:sus2 [3, 5, 10] 3 6
G:min [2, 7, 10] 7 2
Ab:maj [0, 3, 8] 8 2
Bb:sus4 [3, 5, 10] 10 2
Eb:maj [3, 7, 10] 3 2
G:min [2, 7, 10] 7 2
Ab:maj [0, 3, 8] 8 2
Bb:maj [2, 5, 10] 10 2
G:min [2, 7, 10] 7 2
C:min [0, 3, 7] 0 2
Ab:maj [0, 3, 8] 8 2
Eb:sus2 [3, 5, 10] 3 2
G:min [2, 7, 10] 7 2
Ab:maj [0, 3, 8] 8 2
Bb:maj [2, 5, 10] 10 2
Eb:sus2 [3, 5, 10] 3 2
Eb:sus2 [3, 5, 10] 3 2
G:min [2, 7, 10] 7 2
Ab:maj [0, 3, 8] 8 2
Bb:sus4 [3, 5, 10] 10 2
Eb:maj [3, 7, 10] 3 2
G:min [2, 7, 10] 7 2
Ab:maj [0, 3, 8] 8 2
Bb:maj [2, 5, 10] 10 2
G:min [2, 7, 10] 7 2
C:min [0, 3, 7] 0 2
Ab:maj [0, 3, 8] 8 2
Eb:sus2 [3, 5, 10] 3 2
G:min [2, 7, 10] 7 2
Ab:maj [0, 3, 8] 8 2
Eb:maj [3, 7, 10] 3 2
Eb:sus2 [3, 5, 10] 3 4
C:min [0, 3, 7] 0 2
Ab:maj [0, 3, 8] 8 1
Bb:maj [2, 5, 10] 10 1
Eb:sus2 [3, 5, 10] 3 4
C:min [0, 3, 7] 0 2
Ab:maj [0, 3, 8] 8 1
Bb:maj [2, 5, 10] 10 1
Eb:sus2 [3, 5, 10] 3 2
Ab:maj [0, 3, 8] 8 1
Bb:maj [2, 5, 10] 10 1
Eb:sus2 [3, 5, 10] 3 2
Bb:maj [2, 5, 10] 10 2
Eb:sus2 [3, 5, 10] 3 2
F:min [0, 5, 8] 5 4
Ab:maj [0, 3, 8] 8 2
Bb:maj [2, 5, 10] 10 4
Eb:maj [3, 7, 10] 3 2
C:min [0, 3, 7] 0 2
Ab:maj [0, 3, 8] 8 1
Bb:maj [2, 5, 10] 10 1
Eb:sus2 [3, 5, 10] 3 4
C:min [0, 3, 7] 0 2
Ab:maj [0, 3, 8] 8 1
Bb:maj [2, 5, 10] 10 1
Eb:sus2 [3, 5, 10] 3 2
Ab:maj [0, 3, 8] 8 1
Bb:maj [2, 5, 10] 10 1
Eb:sus2 [3, 5, 10] 3 2
Ab:maj [0, 3, 8] 8 1
Bb:maj [2, 5, 10] 10 1
Eb:sus2 [3, 5, 10] 3 2
F:min [0, 5, 8] 5 4
Ab:maj [0, 3, 8] 8 2
Bb:maj [2, 5, 10] 10 4
Eb:maj [3, 7, 10] 3 2
G:min [2, 7, 10] 7 2
Ab:maj [0, 3, 8] 8 2
Bb:maj [2, 5, 10] 10 2
Eb:maj [3, 7, 10] 3 2
G:min [2, 7, 10] 7 2
Ab:maj [0, 3, 8] 8 2
Bb:maj [2, 5, 10] 10 2
G:min [2, 7, 10] 7 2
C:min [0, 3, 7] 0 2
Ab:maj [0, 3, 8] 8 1
Bb:maj [2, 5, 10] 10 1
Eb:maj [3, 7, 10] 3 2
G:min [2, 7, 10] 7 2
Ab:maj [0, 3, 8] 8 1
Bb:maj [2, 5, 10] 10 1
Eb:sus2 [3, 5, 10] 3 6
C:min [0, 3, 7] 0 2
Ab:maj [0, 3, 8] 8 1
Bb:maj [2, 5, 10] 10 1
Eb:maj [3, 7, 10] 3 4
C:min [0, 3, 7] 0 2
Ab:maj [0, 3, 8] 8 1
Bb:maj [2, 5, 10] 10 1
Eb:maj [3, 7, 10] 3 2
Ab:maj [0, 3, 8] 8 1
Bb:maj [2, 5, 10] 10 1
Eb:sus2 [3, 5, 10] 3 2
F:min/b3 [0, 5, 8] 8 1
Bb:maj [2, 5, 10] 10 1
Eb:maj [3, 7, 10] 3 2
F:min [0, 5, 8] 5 4
Ab:maj [0, 3, 8] 8 2
Bb:maj [2, 5, 10] 10 6
Eb:maj [3, 7, 10] 3 2
C:sus4(b7) [0, 5, 7] 0 2
Ab:maj [0, 3, 8] 8 2
Eb:maj [3, 7, 10] 3 4
C:min7 [0, 3, 7, 10] 0 2
F:min/b3 [0, 5, 8] 8 1
G:min/b3 [2, 7, 10] 10 1
Eb:sus2 [3, 5, 10] 3 4
C:min [0, 3, 7] 0 2
Ab:maj [0, 3, 8] 8 1
Bb:maj [2, 5, 10] 10 1
Eb:sus2 [3, 5, 10] 3 4
C:min [0, 3, 7] 0 2
Ab:maj [0, 3, 8] 8 1
Bb:maj [2, 5, 10] 10 1
Eb:maj [3, 7, 10] 3 2
Ab:maj [0, 3, 8] 8 1
Bb:maj [2, 5, 10] 10 1
Eb:sus2 [3, 5, 10] 3 2
F:min/b3 [0, 5, 8] 8 1
Bb:maj [2, 5, 10] 10 1
Eb:maj [3, 7, 10] 3 2
F:min [0, 5, 8] 5 4
Ab:maj [0, 3, 8] 8 2
Bb:maj [2, 5, 10] 10 6
Bb:maj [2, 5, 10] 10 4
Eb:maj [3, 7, 10] 3 2
C:sus4(b7) [0, 5, 7] 0 2
Ab:maj [0, 3, 8] 8 1
G:min/b3 [2, 7, 10] 10 1
Eb:maj [3, 7, 10] 3 4
C:min7 [0, 3, 7, 10] 0 2
C:min [0, 3, 7] 0 1
G:min/b3 [2, 7, 10] 10 1
Eb:sus2 [3, 5, 10] 3 4
C:min7 [0, 3, 7, 10] 0 2
Ab:maj [0, 3, 8] 8 2
Eb:sus2 [3, 5, 10] 3 4
C:min [0, 3, 7] 0 1
Ab:maj [0, 3, 8] 8 1
Bb:maj [2, 5, 10] 10 5
Eb:sus2 [3, 5, 10] 3 1
