0 145
61 1
70 1
68 1
0 1
61 1
70 1
68 2
0 3
73 3
0 1
66 3
63 12
0 2
61 1
70 1
68 1
0 1
61 1
70 1
68 4
0 1
65 1
66 2
0 1
73 13
0 2
66 1
73 5
75 3
68 6
0 2
68 1
0 1
66 1
68 1
0 1
70 3
66 4
0 4
71 1
0 1
70 1
71 1
0 1
78 2
0 1
71 2
0 1
70 2
0 1
66 1
68 4
0 14
61 1
70 1
68 1
0 1
61 1
70 1
68 2
0 3
73 3
0 1
66 3
63 12
0 2
61 1
70 1
68 1
0 1
61 1
70 1
68 4
61 1
73 1
71 1
0 1
70 1
70 6
0 9
66 1
73 5
75 3
68 6
0 2
68 1
0 1
66 1
68 1
0 1
70 3
66 4
0 2
68 1
70 1
71 2
71 2
68 2
66 1
0 1
63 1
0 1
66 1
0 1
66 1
0 1
68 1
68 2
66 8
0 3
78 1
77 1
78 1
77 1
73 1
0 1
70 1
70 1
70 1
68 1
0 1
70 4
0 1
78 1
77 1
78 1
77 1
73 1
0 1
70 1
70 1
70 1
68 1
0 1
70 4
0 3
73 1
73 1
75 1
0 1
73 1
73 2
0 2
73 1
75 1
0 1
73 1
0 1
66 1
73 1
0 1
70 1
68 9
0 3
78 1
77 1
78 1
77 1
73 2
70 1
70 1
70 1
68 1
0 1
70 2
0 3
78 1
77 1
78 1
77 1
73 2
70 1
0 1
70 1
68 1
0 1
70 3
0 5
73 1
75 2
73 1
73 3
0 1
73 1
75 2
73 1
0 1
70 1
0 1
73 1
68 2
0 1
66 7
0 8
61 1
70 1
68 1
0 1
61 1
70 1
68 2
0 3
73 3
0 1
66 3
63 12
0 2
61 1
70 1
68 1
0 1
61 1
70 1
68 4
61 1
73 1
71 1
70 1
71 1
70 7
0 8
66 1
73 5
75 3
68 6
0 2
68 3
0 1
73 1
0 1
65 1
68 2
66 5
68 1
70 1
71 1
0 1
70 1
0 1
68 1
0 1
66 1
0 1
63 1
0 1
66 1
0 1
66 1
0 1
68 1
68 1
0 1
66 8
0 131
78 1
77 1
78 1
77 1
73 1
0 1
70 1
70 1
70 1
68 1
0 1
70 4
0 1
78 1
77 1
78 1
77 1
73 1
0 1
70 1
70 1
70 1
68 1
0 1
70 4
0 3
73 1
73 1
75 1
0 1
73 1
73 2
0 2
73 1
75 1
0 1
73 1
0 1
66 1
73 1
0 1
70 1
68 9
0 3
78 1
77 1
78 1
77 1
73 2
70 1
70 1
70 1
68 1
0 1
70 2
0 3
78 1
77 1
78 1
77 1
73 2
70 1
0 1
70 1
68 1
0 1
70 3
0 5
73 1
75 2
73 1
73 3
0 1
73 1
75 2
73 1
0 1
70 1
0 1
73 1
68 2
0 1
66 7
0 3
78 1
77 1
78 1
77 1
73 1
0 1
70 1
70 1
70 1
68 1
0 1
70 4
0 1
78 1
77 1
78 1
77 1
73 1
0 1
70 1
70 1
70 1
68 1
0 1
70 4
0 3
73 1
73 1
75 1
0 1
73 1
73 2
0 2
73 1
75 1
0 1
73 1
0 4
70 1
0 1
73 6
0 4
68 1
0 2
66 12
