F#:sus2 [1, 6, 8] 6 2 
C#:maj [1, 5, 8] 1 2 
Ab:sus2 [3, 8, 10] 8 4 
F#:sus2 [1, 6, 8] 6 2 
C#:maj [1, 5, 8] 1 2 
Ab:maj [0, 3, 8] 8 4 
Bb:min [1, 5, 10] 10 2 
C#:maj [1, 5, 8] 1 2 
Eb:sus2 [3, 5, 10] 3 4 
F#:maj [1, 6, 10] 6 4 
Ab:maj [0, 3, 8] 8 4 
Bb:min [1, 5, 10] 10 4 
Eb:sus2 [3, 5, 10] 3 4 
Eb:min7 [1, 3, 6, 10] 3 2 
Ab:maj [0, 3, 8] 8 2 
Bb:min [1, 5, 10] 10 4 
F:maj [0, 5, 9] 5 4 
Bb:min [1, 5, 10] 10 2 
Ab:maj6 [0, 3, 5, 8] 8 2 
F#:maj [1, 6, 10] 6 2 
Ab:maj [0, 3, 8] 8 2 
Bb:sus4 [3, 5, 10] 10 2 
Ab:maj [0, 3, 8] 8 2 
F#:maj [1, 6, 10] 6 2 
Ab:maj [0, 3, 8] 8 2 
Bb:min [1, 5, 10] 10 2 
Ab:maj [0, 3, 8] 8 2 
F#:maj [1, 6, 10] 6 2 
Ab:maj [0, 3, 8] 8 2 
Bb:min [1, 5, 10] 10 2 
Ab:maj [0, 3, 8] 8 2 
F#:maj [1, 6, 10] 6 4 
Eb:min [3, 6, 10] 3 2 
Ab:maj [0, 3, 8] 8 2 
Bb:min [1, 5, 10] 10 2 
Bb:min7 [1, 5, 8, 10] 10 2 
F#:sus2 [1, 6, 8] 6 1 
Ab:maj [0, 3, 8] 8 3 
Bb:min [1, 5, 10] 10 4 
F#:sus2 [1, 6, 8] 6 4 
Ab:sus2 [3, 8, 10] 8 4 
F#:sus2 [1, 6, 8] 6 4 
Ab:maj [0, 3, 8] 8 4 
Bb:min [1, 5, 10] 10 2 
C#:maj [1, 5, 8] 1 2 
Eb:sus2 [3, 5, 10] 3 4 
C#:sus4 [1, 6, 8] 1 4 
Ab:maj [0, 3, 8] 8 4 
Bb:min [1, 5, 10] 10 4 
Eb:sus2 [3, 5, 10] 3 4 
Eb:min7 [1, 3, 6, 10] 3 2 
Ab:maj [0, 3, 8] 8 2 
Bb:min [1, 5, 10] 10 4 
F:maj [0, 5, 9] 5 4 
Bb:min [1, 5, 10] 10 2 
Ab:maj6 [0, 3, 5, 8] 8 2 
F#:maj [1, 6, 10] 6 2 
Ab:maj [0, 3, 8] 8 2 
Bb:sus4 [3, 5, 10] 10 2 
Ab:maj [0, 3, 8] 8 2 
F#:maj [1, 6, 10] 6 2 
Ab:maj [0, 3, 8] 8 2 
Bb:min [1, 5, 10] 10 2 
Ab:maj [0, 3, 8] 8 2 
F#:maj [1, 6, 10] 6 2 
Ab:maj [0, 3, 8] 8 2 
Bb:min [1, 5, 10] 10 2 
Ab:maj [0, 3, 8] 8 2 
F#:maj [1, 6, 10] 6 4 
Eb:min [3, 6, 10] 3 2 
Ab:maj [0, 3, 8] 8 2 
Bb:min [1, 5, 10] 10 3 
Bb:min7 [1, 5, 8, 10] 10 1 
F#:sus2 [1, 6, 8] 6 4 
Bb:min [1, 5, 10] 10 4 
Ab:maj [0, 3, 8] 8 4 
Eb:maj [3, 7, 10] 3 4 
F#:maj [1, 6, 10] 6 2 
Ab:maj [0, 3, 8] 8 2 
Bb:min [1, 5, 10] 10 4 
Ab:maj [0, 3, 8] 8 4 
Eb:maj [3, 7, 10] 3 4 
Ab:maj [0, 3, 8] 8 4 
Eb:min [3, 6, 10] 3 2 
Ab:maj [0, 3, 8] 8 2 
Bb:min [1, 5, 10] 10 2 
Bb:min7 [1, 5, 8, 10] 10 2 
F#:maj [1, 6, 10] 6 4 
Ab:maj [0, 3, 8] 8 4 
Bb:min [1, 5, 10] 10 2 
Bb:min7(11) [0, 1, 3, 5, 8, 10] 10 2 
F#:maj [1, 6, 10] 6 2 
Ab:maj [0, 3, 8] 8 2 
Bb:sus4 [3, 5, 10] 10 2 
Ab:maj [0, 3, 8] 8 2 
F#:maj [1, 6, 10] 6 2 
Ab:maj [0, 3, 8] 8 2 
Bb:min [1, 5, 10] 10 2 
Ab:maj [0, 3, 8] 8 2 
F#:maj [1, 6, 10] 6 2 
Ab:maj [0, 3, 8] 8 2 
Bb:min [1, 5, 10] 10 2 
Bb:min7 [1, 5, 8, 10] 10 2 
F#:maj [1, 6, 10] 6 4 
Eb:min [3, 6, 10] 3 2 
Ab:maj [0, 3, 8] 8 2 
Bb:min [1, 5, 10] 10 2 
Bb:min7 [1, 5, 8, 10] 10 2 
F#:sus2 [1, 6, 8] 6 4 
Bb:min [1, 5, 10] 10 4 
F#:sus2 [1, 6, 8] 6 4 
Ab:sus2 [3, 8, 10] 8 4 
F#:sus2 [1, 6, 8] 6 4 
Ab:maj [0, 3, 8] 8 2 
