0 66
70 1
0 1
70 3
68 1
70 1
68 2
65 5
0 2
63 1
0 1
63 3
61 1
63 1
65 1
0 1
65 5
0 2
70 1
0 1
70 1
0 1
72 1
0 1
73 2
68 1
0 1
68 1
65 3
63 7
0 11
70 1
0 1
70 2
0 1
68 1
70 1
68 1
0 1
65 5
0 2
63 1
0 1
63 2
0 1
61 1
63 1
65 1
0 1
65 5
0 2
66 1
0 1
66 1
0 1
68 1
0 1
66 3
0 1
65 2
63 1
65 13
0 4
69 3
0 1
69 1
0 1
70 1
72 3
0 2
70 2
72 1
73 8
0 1
72 6
0 2
73 3
0 1
73 1
0 1
72 1
70 2
68 2
0 1
70 1
0 1
72 1
0 1
73 3
0 1
73 2
72 1
72 7
0 2
73 4
72 3
0 1
73 1
0 1
75 1
75 2
0 1
70 1
72 1
73 3
0 1
73 2
72 1
72 8
0 1
73 3
0 1
73 1
0 1
72 1
70 1
0 1
68 2
0 1
70 2
72 2
73 3
0 1
73 3
0 1
75 3
73 2
0 1
75 2
77 12
0 6
75 1
0 1
75 1
0 1
75 1
0 1
75 2
0 1
73 3
72 2
73 3
0 1
73 2
72 1
73 5
73 2
72 1
73 10
0 3
68 1
0 1
70 1
70 11
0 38
73 15
70 1
72 1
70 1
68 10
0 6
70 1
0 1
70 3
68 1
70 1
68 2
65 5
0 2
63 1
0 1
63 3
61 1
63 1
65 1
0 1
65 5
0 2
70 1
0 1
70 1
0 1
72 1
0 1
73 2
68 1
0 1
68 1
65 3
63 7
0 11
70 1
0 1
70 2
0 1
68 1
70 1
68 1
0 1
65 5
0 2
63 1
0 1
63 2
0 1
61 1
63 1
65 1
0 1
65 5
0 2
66 1
0 1
66 1
0 1
68 1
0 1
66 3
0 1
65 2
63 1
65 13
0 3
65 1
69 3
0 1
69 1
0 1
70 1
72 3
0 2
70 2
72 1
73 8
0 1
72 6
0 2
73 3
0 1
73 1
0 1
72 1
70 2
68 2
0 1
70 1
0 1
72 1
0 1
73 3
0 1
73 2
72 1
72 7
0 2
73 4
72 3
0 1
73 1
0 1
75 1
75 2
0 1
70 1
72 1
73 3
0 1
73 2
72 1
72 8
0 1
73 3
0 1
73 1
0 1
72 1
70 1
0 1
68 2
0 1
70 2
72 2
73 3
0 1
73 3
0 1
75 3
73 2
0 1
75 2
77 12
0 6
75 1
0 1
75 1
0 1
75 1
0 1
75 2
0 1
73 3
72 2
73 3
0 1
73 2
72 1
73 5
73 2
72 1
73 10
0 3
68 1
0 1
70 1
70 11
0 120
75 1
0 1
75 1
0 1
75 1
0 1
75 2
0 1
73 3
72 2
73 3
0 1
73 2
72 1
73 5
73 2
72 1
73 10
0 3
73 1
0 1
75 1
75 11
0 2
70 2
72 1
73 8
0 1
72 6
0 2
73 3
0 1
73 1
0 1
72 1
70 2
68 2
0 1
70 1
0 1
72 1
0 1
73 3
0 1
73 2
72 1
72 7
0 2
73 4
72 3
0 1
73 1
0 1
75 1
75 2
0 1
70 1
72 1
73 3
0 1
73 2
72 1
72 8
0 1
73 3
0 1
73 1
0 1
72 1
70 1
0 1
68 2
0 1
70 2
72 2
73 3
0 1
73 3
0 1
75 3
73 2
0 1
75 2
77 12
0 6
75 1
0 1
75 1
0 1
75 1
0 1
75 2
0 1
73 3
72 2
73 3
0 1
73 2
72 1
73 5
73 2
72 1
73 10
0 3
68 1
0 1
70 1
70 11
