G:maj [2, 7, 11] 7 4
G:maj(9) [2, 5, 7, 9, 11] 7 2
C:maj [0, 4, 7] 0 2
E:min [4, 7, 11] 4 4
D:maj [2, 6, 9] 2 4
G:maj [2, 7, 11] 7 6
C:sus2 [0, 2, 7] 0 2
G:maj [2, 7, 11] 7 2
C:sus2 [0, 2, 7] 0 2
G:maj [2, 7, 11] 7 2
C:sus2 [0, 2, 7] 0 2
G:maj [2, 7, 11] 7 2
C:sus2 [0, 2, 7] 0 2
G:maj [2, 7, 11] 7 2
C:sus2 [0, 2, 7] 0 2
G:maj [2, 7, 11] 7 2
C:sus2 [0, 2, 7] 0 2
G:maj [2, 7, 11] 7 2
F:maj [0, 5, 9] 5 2
B:min [2, 6, 11] 11 2
E:min [4, 7, 11] 4 2
B:min [2, 6, 11] 11 2
E:min [4, 7, 11] 4 2
A:min [0, 4, 9] 9 2
B:min [2, 6, 11] 11 2
D:maj [2, 6, 9] 2 2
C:maj [0, 4, 7] 0 1
D:maj [2, 6, 9] 2 1
G:maj [2, 7, 11] 7 2
B:min [2, 6, 11] 11 2
E:min [4, 7, 11] 4 2
B:min [2, 6, 11] 11 2
A:min [0, 4, 9] 9 2
B:min [2, 6, 11] 11 2
A:sus4 [2, 4, 9] 9 2
D:maj [2, 6, 9] 2 2
G:maj [2, 7, 11] 7 2
B:min [2, 6, 11] 11 2
E:min [4, 7, 11] 4 2
B:min [2, 6, 11] 11 2
A:min [0, 4, 9] 9 2
B:min [2, 6, 11] 11 2
C:maj6 [0, 4, 7, 9] 0 1
C:maj [0, 4, 7] 0 1
G:maj [2, 7, 11] 7 4
F:maj [0, 5, 9] 5 4
D:maj [2, 6, 9] 2 2
G:maj [2, 7, 11] 7 2
C:sus2 [0, 2, 7] 0 2
G:maj [2, 7, 11] 7 2
C:sus2 [0, 2, 7] 0 2
G:maj [2, 7, 11] 7 2
C:sus2 [0, 2, 7] 0 2
G:maj [2, 7, 11] 7 2
C:sus2 [0, 2, 7] 0 2
G:maj [2, 7, 11] 7 2
C:sus2 [0, 2, 7] 0 2
G:maj [2, 7, 11] 7 2
C:sus2 [0, 2, 7] 0 2
G:maj [2, 7, 11] 7 2
C:sus2 [0, 2, 7] 0 2
G:maj [2, 7, 11] 7 2
F:maj [0, 5, 9] 5 2
B:min [2, 6, 11] 11 2
E:min [4, 7, 11] 4 2
B:min [2, 6, 11] 11 2
E:min [4, 7, 11] 4 2
A:min [0, 4, 9] 9 2
B:min [2, 6, 11] 11 2
D:maj [2, 6, 9] 2 2
D:7 [0, 2, 6, 9] 2 1
D:maj [2, 6, 9] 2 1
G:maj [2, 7, 11] 7 2
B:min7 [2, 6, 9, 11] 11 2
E:min [4, 7, 11] 4 2
B:min7 [2, 6, 9, 11] 11 2
A:min [0, 4, 9] 9 2
B:min [2, 6, 11] 11 2
C:maj [0, 4, 7] 0 2
D:maj [2, 6, 9] 2 2
G:maj [2, 7, 11] 7 2
B:min7 [2, 6, 9, 11] 11 2
E:min [4, 7, 11] 4 2
B:min7 [2, 6, 9, 11] 11 2
A:min [0, 4, 9] 9 2
B:min [2, 6, 11] 11 2
C:maj [0, 4, 7] 0 1
C:maj(9) [0, 2, 4, 7, 10] 0 1
G:sus4 [0, 2, 7] 7 4
F:maj [0, 5, 9] 5 8
D:sus4(b7) [2, 7, 9] 2 4
F:maj [0, 5, 9] 5 2
C:maj [0, 4, 7] 0 1
D:maj [2, 6, 9] 2 1
G:maj [2, 7, 11] 7 2
B:min [2, 6, 11] 11 2
E:min [4, 7, 11] 4 2
B:min [2, 6, 11] 11 2
A:min [0, 4, 9] 9 2
B:min [2, 6, 11] 11 2
C:maj [0, 4, 7] 0 2
D:sus2 [2, 4, 9] 2 2
G:maj [2, 7, 11] 7 2
B:min [2, 6, 11] 11 2
E:min [4, 7, 11] 4 2
B:min [2, 6, 11] 11 2
A:min [0, 4, 9] 9 2
B:min [2, 6, 11] 11 2
C:maj [0, 4, 7] 0 1
D:maj [2, 6, 9] 2 1
G:maj [2, 7, 11] 7 2
C#:maj [1, 5, 8] 1 1
Eb:maj [3, 7, 10] 3 1
Ab:maj [0, 3, 8] 8 2
C:min [0, 3, 7] 0 2
F:min [0, 5, 8] 5 2
C:min [0, 3, 7] 0 2
Bb:min [1, 5, 10] 10 2
C:min [0, 3, 7] 0 2
C#:maj [1, 5, 8] 1 2
Eb:sus2 [3, 5, 10] 3 2
Ab:maj [0, 3, 8] 8 2
C:min [0, 3, 7] 0 2
F:min [0, 5, 8] 5 2
C:min [0, 3, 7] 0 2
Bb:min [1, 5, 10] 10 2
C:min [0, 3, 7] 0 2
C#:maj [1, 5, 8] 1 1
C#:maj(9) [1, 3, 5, 8, 11] 1 1
Ab:maj [0, 3, 8] 8 4
Bb:min [1, 5, 10] 10 2
C:min [0, 3, 7] 0 2
C#:maj [1, 5, 8] 1 1
Eb:sus4 [3, 8, 10] 3 3
