0 144
61 2
59 2
61 1
0 1
61 1
64 1
63 4
61 2
59 2
61 11
0 5
61 1
0 1
61 1
59 1
61 1
0 1
64 2
61 3
0 1
52 2
59 2
56 11
0 5
54 3
0 1
54 2
56 2
59 5
0 3
61 1
0 1
61 1
0 1
61 1
61 2
64 1
66 4
0 4
66 5
0 1
68 1
0 1
63 2
61 1
0 1
61 2
59 2
61 10
0 5
56 1
61 1
0 1
61 1
0 1
61 1
0 1
64 1
0 1
63 1
0 1
63 1
61 3
59 2
61 3
0 11
56 1
56 1
61 1
0 1
61 1
0 1
61 1
0 1
64 1
0 1
61 2
0 2
52 2
59 2
56 8
0 8
54 2
0 2
54 1
0 1
56 1
0 1
59 4
0 2
59 2
61 3
0 1
61 1
0 1
64 2
66 4
0 4
66 1
0 1
66 1
0 1
66 1
0 1
66 1
68 1
63 2
61 1
0 1
61 1
0 1
59 1
0 1
61 6
0 26
68 2
0 1
68 1
68 1
0 1
68 1
0 1
68 1
0 1
66 1
66 1
0 2
64 1
66 1
66 6
0 10
66 2
0 1
66 1
66 1
0 1
66 1
64 1
66 1
0 3
64 1
61 1
0 1
61 1
63 8
0 8
61 1
0 1
61 1
0 1
61 2
0 1
64 1
66 4
0 4
68 3
0 1
71 1
68 1
66 2
64 4
0 4
59 1
0 1
59 1
0 1
59 1
0 1
61 1
0 1
63 2
63 1
66 2
0 1
59 1
61 1
61 9
0 7
68 2
0 1
68 1
68 2
68 1
0 1
71 1
0 1
68 1
68 1
0 2
64 1
66 1
66 10
0 5
56 1
66 2
0 1
66 1
66 1
0 1
64 1
0 1
66 2
0 2
64 1
0 1
61 1
0 1
63 8
0 8
61 1
0 1
61 1
0 1
61 1
0 1
61 1
64 1
64 5
0 3
68 3
0 1
71 2
66 2
64 4
0 4
59 1
0 1
59 1
0 1
59 1
0 1
59 1
61 1
63 2
0 2
66 2
59 1
61 1
61 13
0 130
56 1
61 1
0 1
61 1
0 1
61 1
0 1
64 1
0 1
63 1
0 1
63 1
61 3
59 2
61 3
0 11
56 1
56 1
61 1
0 1
61 1
0 1
61 1
0 1
64 1
0 1
61 2
0 2
52 2
59 2
56 8
0 8
54 2
0 2
54 1
0 1
56 1
0 1
59 4
0 2
59 2
61 3
0 1
61 1
0 1
64 2
66 4
0 4
66 1
0 1
66 1
0 1
66 1
0 1
66 1
68 1
63 2
61 1
0 1
61 1
0 1
59 1
0 1
61 6
0 26
68 2
0 1
68 1
68 1
0 1
68 1
0 1
68 1
0 1
66 1
66 1
0 2
64 1
66 1
66 6
0 10
66 2
0 1
66 1
66 1
0 1
66 1
64 1
66 1
0 3
64 1
61 1
0 1
61 1
63 8
0 8
61 1
0 1
61 1
0 1
61 2
0 1
64 1
66 4
0 4
68 3
0 1
71 1
68 1
66 2
64 4
0 4
59 1
0 1
59 1
0 1
59 1
0 1
61 1
0 1
63 2
63 1
66 2
0 1
59 1
61 1
61 9
0 7
68 2
0 1
68 1
68 2
68 1
0 1
71 1
0 1
68 1
68 1
0 2
64 1
66 1
66 10
0 5
56 1
66 2
0 1
66 1
66 1
0 1
64 1
0 1
66 2
0 2
64 1
0 1
61 1
0 1
63 8
0 8
61 1
0 1
61 1
0 1
61 1
0 1
61 1
64 1
64 5
0 3
68 3
0 1
71 2
66 2
64 4
0 4
59 1
0 1
59 1
0 1
59 1
0 1
59 1
61 1
63 2
0 2
66 2
59 1
61 1
61 13
0 3
68 2
0 1
68 1
68 2
68 1
0 1
71 1
0 1
68 1
68 1
0 2
64 1
66 1
66 10
0 5
56 1
66 2
0 1
66 1
66 1
0 1
64 1
0 1
66 2
0 2
64 1
0 1
61 1
0 1
63 8
0 8
61 1
0 1
61 1
0 1
61 1
0 1
61 1
64 1
64 5
0 3
68 3
0 1
71 2
66 2
64 4
0 4
59 1
0 1
59 1
0 1
59 1
0 1
59 1
61 1
63 2
0 2
66 2
59 1
61 1
61 13
0 3
68 2
0 1
68 1
68 2
68 1
0 1
71 1
0 1
68 1
68 1
0 2
64 1
66 1
66 10
0 5
56 1
71 2
0 1
71 1
71 1
0 1
71 1
0 1
71 1
0 3
66 1
64 1
64 2
68 11
0 5
61 1
0 1
61 1
0 1
61 1
0 1
61 1
64 1
64 5
0 3
68 3
0 1
71 2
66 2
64 4
0 4
59 1
0 1
59 1
0 1
59 1
0 1
59 1
61 1
63 2
0 2
66 2
59 1
61 1
61 12
