0 122
68 2
67 1
0 1
63 1
0 1
60 9
0 1
68 2
67 1
0 1
67 4
65 7
0 1
67 1
0 1
65 1
0 1
63 1
0 1
63 2
60 1
0 1
63 2
60 1
0 1
63 2
60 1
0 1
63 2
60 1
0 1
65 1
0 1
65 2
63 2
62 3
0 1
68 1
0 1
67 1
0 1
63 1
0 1
60 9
0 1
68 2
67 1
0 1
67 4
65 7
0 1
67 2
65 2
62 1
0 1
63 2
60 2
63 2
60 1
0 1
63 2
60 1
0 1
63 2
60 1
0 1
65 1
0 1
65 2
63 2
67 3
0 1
67 1
0 1
67 1
0 1
67 3
0 1
67 1
0 1
67 1
0 1
63 1
0 1
65 1
0 1
67 1
0 1
68 1
0 1
67 2
0 2
63 1
0 1
63 1
0 1
60 1
0 1
62 1
0 1
63 1
0 1
65 1
0 1
67 2
63 2
0 2
65 1
0 1
63 2
0 2
60 1
0 1
60 1
0 1
60 1
0 1
67 1
0 1
68 1
0 1
70 1
0 1
67 1
0 1
65 4
0 2
58 1
0 1
70 4
0 2
70 1
0 1
70 1
0 1
72 1
0 1
70 2
68 1
0 1
67 5
0 1
67 1
0 1
67 1
0 1
68 2
67 2
65 1
0 1
63 5
0 1
60 1
0 1
63 1
0 1
65 1
0 1
67 1
0 1
68 1
67 10
0 1
70 1
0 1
70 1
0 1
70 1
0 1
70 5
0 1
70 1
0 1
70 1
0 1
72 1
0 1
70 1
0 1
68 2
67 5
0 1
67 1
0 1
67 1
0 1
68 1
0 1
67 2
65 2
63 2
0 4
60 1
0 1
63 1
0 1
65 1
0 1
67 1
0 1
68 2
67 1
65 1
63 11
0 77
68 2
67 1
0 1
63 1
0 1
60 9
0 1
68 2
67 1
0 1
67 4
65 7
0 1
67 2
65 1
0 1
63 1
0 1
63 2
60 1
0 1
63 2
60 1
0 1
63 2
60 1
0 1
63 2
60 1
0 1
65 1
0 1
65 2
63 2
62 3
0 1
68 1
0 1
67 1
0 1
63 1
0 1
60 9
0 1
68 2
67 1
0 1
67 4
65 7
0 1
67 2
65 2
62 1
0 1
63 2
60 2
63 2
60 1
0 1
63 2
60 1
0 1
63 2
60 1
0 1
65 1
0 1
65 2
63 2
67 3
0 1
67 1
0 1
67 1
0 1
67 3
0 1
67 1
0 1
67 1
0 1
63 1
0 1
65 1
0 1
67 1
0 1
68 1
0 1
67 2
0 2
63 1
0 1
63 1
0 1
60 1
0 1
62 1
0 1
63 1
0 1
65 1
0 1
67 2
63 2
0 2
65 1
0 1
63 2
0 2
60 1
0 1
60 1
0 1
60 1
0 1
67 1
0 1
68 1
0 1
70 1
0 1
67 1
0 1
65 4
0 2
58 1
0 1
70 4
0 2
70 1
0 1
70 1
0 1
72 1
0 1
70 2
68 1
0 1
67 5
0 1
67 1
0 1
67 1
0 1
68 2
67 2
65 1
0 1
63 5
0 1
60 1
0 1
63 1
0 1
65 1
0 1
67 1
0 1
68 1
67 10
0 1
70 1
0 1
70 1
0 1
70 1
0 1
70 5
0 1
70 1
0 1
70 1
0 1
72 1
0 1
70 1
0 1
68 2
67 5
0 1
67 1
0 1
67 1
0 1
68 1
0 1
67 2
65 2
63 2
0 4
60 1
0 1
63 1
0 1
65 1
0 1
67 1
0 1
68 2
67 1
65 1
63 11
0 93
67 1
0 1
67 1
0 1
67 3
0 1
67 1
0 1
67 1
0 1
63 1
0 1
65 1
0 1
67 1
0 1
68 1
0 1
67 2
0 2
63 1
0 1
63 1
0 1
60 1
0 1
62 1
0 1
63 1
0 1
65 1
0 1
67 2
63 2
0 2
65 1
0 1
63 2
0 2
60 1
0 1
60 1
0 1
60 1
0 1
67 1
0 1
68 1
0 1
70 1
0 1
67 1
0 1
65 4
0 2
58 1
0 1
70 4
0 2
70 1
0 1
70 1
0 1
72 1
0 1
70 2
68 1
0 1
67 5
0 1
67 1
0 1
67 1
0 1
68 2
67 2
65 1
0 1
63 5
0 1
60 1
0 1
63 1
0 1
65 1
0 1
67 1
0 1
68 1
67 10
0 1
70 1
0 1
70 1
0 1
70 1
0 1
70 5
0 1
70 1
0 1
70 1
0 1
72 1
0 1
70 1
0 1
68 2
67 5
0 1
67 1
0 1
67 1
0 1
68 1
0 1
67 2
65 2
63 2
0 4
60 1
0 1
63 1
0 1
65 1
0 1
67 1
0 1
68 2
67 1
65 1
63 6
0 2
70 2
70 1
0 1
70 1
0 1
72 1
0 1
70 1
0 1
67 2
72 1
0 1
70 1
0 1
67 2
72 1
0 1
70 2
67 5
0 1
67 1
0 1
67 1
0 1
68 1
0 1
67 1
0 1
65 1
0 1
63 5
0 1
60 2
63 1
0 1
65 1
0 1
67 1
0 1
68 1
0 1
67 9
0 1
70 2
70 1
0 1
70 1
0 1
72 1
0 1
70 2
67 1
0 1
72 1
0 1
70 1
0 1
67 2
72 1
0 1
70 2
67 6
67 1
0 1
67 1
0 1
68 1
0 1
67 1
0 1
65 1
0 1
63 6
60 1
0 1
63 2
65 1
0 1
67 1
0 1
68 1
0 1
67 6
67 1
0 1
67 2
65 1
0 1
65 2
63 1
0 1
63 5
0 1
60 1
0 1
60 1
0 1
62 1
0 1
63 1
0 1
65 2
62 15
