C#:maj [1, 5, 8] 1 2
Ab:maj/3 [0, 3, 8] 0 2
Bb:sus4 [3, 5, 10] 10 2
C#:maj/5 [1, 5, 8] 8 2
F#:maj [1, 6, 10] 6 2
Ab:maj [0, 3, 8] 8 2
C#:sus4 [1, 6, 8] 1 6
F:min/5 [0, 5, 8] 0 2
Bb:sus2 [0, 5, 10] 10 4
F#:maj [1, 6, 10] 6 2
F:maj [0, 5, 9] 5 2
Eb:sus2 [3, 5, 10] 3 2
Eb:min [3, 6, 10] 3 2
C#:maj [1, 5, 8] 1 2
F:maj [0, 5, 9] 5 2
Bb:min [1, 5, 10] 10 4
F#:maj [1, 6, 10] 6 2
Ab:maj [0, 3, 8] 8 2
C#:sus2 [1, 3, 8] 1 6
Ab:maj/3 [0, 3, 8] 0 2
Bb:min [1, 5, 10] 10 2
Bb:min7/b7 [1, 5, 8, 10] 8 2
F#:maj [1, 6, 10] 6 2
F:min [0, 5, 8] 5 2
Eb:maj [3, 7, 10] 3 2
Ab:maj/5 [0, 3, 8] 3 2
C#:maj [1, 5, 8] 1 2
F:maj/5 [0, 5, 9] 0 2
Bb:min [1, 5, 10] 10 4
F#:maj [1, 6, 10] 6 2
Ab:maj [0, 3, 8] 8 2
C#:maj [1, 5, 8] 1 6
Ab:maj [0, 3, 8] 8 2
F:min [0, 5, 8] 5 2
Bb:min [1, 5, 10] 10 2
Eb:min [3, 6, 10] 3 2
Ab:maj [0, 3, 8] 8 2
C#:maj [1, 5, 8] 1 4
F#:maj [1, 6, 10] 6 2
Ab:maj [0, 3, 8] 8 2
F:min [0, 5, 8] 5 2
Bb:maj [2, 5, 10] 10 2
Eb:min [3, 6, 10] 3 2
Ab:maj [0, 3, 8] 8 6
C#:maj [1, 5, 8] 1 2
Ab:maj/3 [0, 3, 8] 0 2
Bb:min [1, 5, 10] 10 2
Ab:maj [0, 3, 8] 8 2
F#:maj [1, 6, 10] 6 2
F:min [0, 5, 8] 5 2
Eb:min [3, 6, 10] 3 2
Ab:maj [0, 3, 8] 8 2
C#:maj [1, 5, 8] 1 2
Ab:maj/3 [0, 3, 8] 0 2
Bb:min [1, 5, 10] 10 2
Ab:maj6 [0, 3, 5, 8] 8 2
F#:maj [1, 6, 10] 6 2
Ab:maj [0, 3, 8] 8 2
Eb:min [3, 6, 10] 3 1
Ab:maj [0, 3, 8] 8 1
C#:maj [1, 5, 8] 1 4
Ab:maj/3 [0, 3, 8] 0 2
Bb:min [1, 5, 10] 10 2
Ab:maj [0, 3, 8] 8 2
F#:maj [1, 6, 10] 6 2
F:min [0, 5, 8] 5 2
Eb:min [3, 6, 10] 3 2
Ab:maj [0, 3, 8] 8 2
C#:maj [1, 5, 8] 1 2
Ab:maj/3 [0, 3, 8] 0 2
Bb:min [1, 5, 10] 10 2
Ab:maj6 [0, 3, 5, 8] 8 2
F#:maj [1, 6, 10] 6 2
Ab:maj [0, 3, 8] 8 2
Eb:min [3, 6, 10] 3 1
Ab:maj [0, 3, 8] 8 1
C#:maj [1, 5, 8] 1 4
Ab:maj/3 [0, 3, 8] 0 2
Bb:min [1, 5, 10] 10 2
C#:maj [1, 5, 8] 1 2
F#:maj [1, 6, 10] 6 2
F:min [0, 5, 8] 5 2
Eb:maj [3, 7, 10] 3 2
Ab:maj/5 [0, 3, 8] 3 2
C#:maj [1, 5, 8] 1 2
F:maj/5 [0, 5, 9] 0 2
Bb:min [1, 5, 10] 10 4
F#:maj [1, 6, 10] 6 2
Ab:maj [0, 3, 8] 8 2
C#:maj [1, 5, 8] 1 6
Ab:maj [0, 3, 8] 8 2
F:min [0, 5, 8] 5 2
Bb:min [1, 5, 10] 10 2
Eb:min [3, 6, 10] 3 2
Ab:maj [0, 3, 8] 8 2
C#:maj [1, 5, 8] 1 4
F#:maj [1, 6, 10] 6 2
Ab:maj [0, 3, 8] 8 2
F:min [0, 5, 8] 5 2
Bb:maj [2, 5, 10] 10 2
Eb:min [3, 6, 10] 3 2
Ab:maj [0, 3, 8] 8 6
C#:maj [1, 5, 8] 1 2
Ab:maj/3 [0, 3, 8] 0 2
Bb:min [1, 5, 10] 10 2
Ab:maj [0, 3, 8] 8 2
F#:maj [1, 6, 10] 6 2
F:min [0, 5, 8] 5 2
Eb:min [3, 6, 10] 3 2
Ab:maj [0, 3, 8] 8 2
C#:maj [1, 5, 8] 1 2
Ab:maj/3 [0, 3, 8] 0 2
Bb:min [1, 5, 10] 10 2
Ab:maj6 [0, 3, 5, 8] 8 2
F#:maj [1, 6, 10] 6 2
Ab:maj [0, 3, 8] 8 2
Eb:min [3, 6, 10] 3 1
Ab:maj [0, 3, 8] 8 1
C#:maj [1, 5, 8] 1 4
Ab:maj/3 [0, 3, 8] 0 2
Bb:min [1, 5, 10] 10 2
Ab:maj [0, 3, 8] 8 2
F#:maj [1, 6, 10] 6 2
F:min [0, 5, 8] 5 2
Eb:min [3, 6, 10] 3 2
Ab:maj [0, 3, 8] 8 2
C#:maj [1, 5, 8] 1 2
Ab:maj/3 [0, 3, 8] 0 2
Bb:min [1, 5, 10] 10 2
Ab:maj6 [0, 3, 5, 8] 8 2
F#:maj [1, 6, 10] 6 2
Ab:maj [0, 3, 8] 8 2
Eb:min [3, 6, 10] 3 1
C#:maj/2 [1, 5, 8] 3 1
C#:maj [1, 5, 8] 1 4
Ab:maj/3 [0, 3, 8] 0 2
Bb:min [1, 5, 10] 10 2
Ab:maj [0, 3, 8] 8 2
F#:maj [1, 6, 10] 6 2
F:min [0, 5, 8] 5 2
Eb:min [3, 6, 10] 3 2
Ab:maj [0, 3, 8] 8 2
C#:maj [1, 5, 8] 1 2
Ab:maj/3 [0, 3, 8] 0 2
Bb:min [1, 5, 10] 10 2
Ab:maj6 [0, 3, 5, 8] 8 2
F#:maj [1, 6, 10] 6 2
Ab:maj [0, 3, 8] 8 2
Eb:min [3, 6, 10] 3 1
Ab:maj [0, 3, 8] 8 1
C#:maj [1, 5, 8] 1 4
Ab:maj/3 [0, 3, 8] 0 2
Bb:min [1, 5, 10] 10 2
Ab:maj [0, 3, 8] 8 2
F#:maj [1, 6, 10] 6 2
F:min [0, 5, 8] 5 2
Eb:min [3, 6, 10] 3 2
Ab:maj [0, 3, 8] 8 2
C#:maj [1, 5, 8] 1 2
Ab:maj/3 [0, 3, 8] 0 2
Bb:min [1, 5, 10] 10 2
Ab:maj6 [0, 3, 5, 8] 8 2
F#:maj [1, 6, 10] 6 2
Ab:maj [0, 3, 8] 8 2
Eb:min [3, 6, 10] 3 1
Ab:maj [0, 3, 8] 8 1
C#:maj [1, 5, 8] 1 4
Ab:maj/3 [0, 3, 8] 0 2
Bb:min [1, 5, 10] 10 2
Ab:maj [0, 3, 8] 8 2
F#:maj [1, 6, 10] 6 2
