0 60
77 2
80 2
80 6
77 2
78 2
77 2
75 2
77 2
73 10
73 2
77 2
80 2
82 4
82 2
80 2
80 2
73 2
73 2
77 2
77 2
75 10
77 2
78 2
80 6
80 2
81 2
77 2
84 4
75 2
73 12
73 1
72 1
70 2
82 2
82 2
80 2
75 2
77 1
75 3
70 2
73 12
77 2
80 2
80 6
77 2
78 2
77 2
75 2
77 2
73 10
73 2
77 2
80 2
82 4
82 2
80 2
80 2
73 2
73 2
77 2
77 2
75 10
77 2
78 2
80 6
80 2
81 2
77 2
75 2
77 2
75 2
73 1
73 3
70 2
75 1
73 6
70 1
82 2
82 2
82 2
80 2
75 2
77 1
75 3
70 2
73 16
85 2
82 2
82 4
84 2
80 2
80 4
80 2
77 2
77 4
77 2
73 2
73 4
75 2
77 2
75 2
77 2
80 2
82 2
80 2
75 2
77 16
85 2
82 2
82 4
84 2
80 2
80 4
80 2
77 2
77 4
77 2
74 3
74 3
75 2
77 2
75 2
77 2
80 2
82 2
80 2
82 2
82 2
80 14
80 4
77 2
80 2
82 2
80 2
77 2
75 2
73 4
70 2
73 2
68 8
70 2
73 2
75 2
77 2
80 4
77 4
75 2
73 2
70 2
77 2
75 8
80 4
77 2
80 2
82 2
80 2
77 2
75 2
73 2
73 1
0 1
70 2
73 2
68 6
68 2
70 2
73 2
75 2
77 2
80 4
77 3
77 1
75 2
73 2
70 2
75 2
73 3
0 125
0 4
77 2
80 2
80 6
77 2
78 2
77 2
75 2
77 2
73 10
73 2
77 2
80 2
82 4
82 2
80 2
80 2
73 2
73 2
77 2
77 2
75 10
77 2
78 2
80 6
80 2
81 2
77 2
75 2
77 2
75 2
73 1
73 3
70 2
75 1
73 6
70 1
82 2
82 2
82 2
80 2
75 2
77 1
75 3
70 2
73 16
85 2
82 2
82 4
84 2
80 2
80 4
80 2
77 2
77 4
77 2
73 2
73 4
75 2
77 2
75 2
77 2
80 2
82 2
80 2
75 2
77 16
85 2
82 2
82 4
84 2
80 2
80 4
80 2
77 2
77 4
77 2
74 2
74 4
75 2
77 2
75 2
77 2
80 2
82 2
80 2
82 2
82 2
80 14
80 4
77 2
80 2
82 2
80 2
77 2
75 2
73 4
70 2
73 2
68 8
70 2
73 2
75 2
77 2
80 4
77 4
75 2
73 2
70 2
77 2
75 8
80 4
77 2
80 2
82 2
80 2
77 2
75 2
73 2
73 1
0 1
70 2
73 2
68 6
68 2
70 2
73 2
75 2
77 2
80 4
77 3
77 1
75 2
73 2
70 2
75 2
73 8
80 4
77 2
80 2
82 2
80 2
77 2
75 2
73 4
70 2
73 2
68 8
70 2
73 2
75 2
77 2
80 4
77 4
75 2
73 2
70 2
77 2
75 8
80 4
77 2
80 2
82 2
80 2
77 2
75 2
73 2
73 1
0 1
70 2
73 2
68 6
68 2
70 2
73 2
75 2
77 2
80 4
77 3
77 1
75 2
73 2
70 2
75 2
73 8
0 128
80 4
77 2
80 2
82 2
80 2
77 2
75 2
73 4
70 2
73 2
77 2
77 6
70 2
73 2
75 2
77 2
80 4
77 4
82 1
80 3
73 2
77 2
75 8
80 4
77 2
80 2
82 2
80 2
77 2
75 2
73 2
73 1
0 1
70 2
73 2
77 2
77 4
68 2
70 2
73 2
75 2
77 2
80 4
77 3
77 1
75 2
73 2
70 2
75 2
73 8
