0 240
74 4
74 4
74 4
72 2
69 14
65 2
67 2
69 6
72 6
72 20
67 4
67 4
67 4
67 2
60 14
67 2
60 2
62 4
62 4
62 24
77 4
77 4
77 4
76 2
77 14
74 2
72 2
69 10
72 4
72 2
69 16
67 4
69 4
67 2
60 2
67 16
65 2
64 2
62 4
62 4
62 24
77 4
69 4
77 4
69 2
77 14
65 2
67 2
69 10
72 4
69 18
67 4
60 4
67 4
67 2
60 14
60 2
62 2
65 4
65 1
0 2
65 3
62 22
77 4
77 4
77 4
77 2
69 14
65 2
67 2
69 8
72 4
72 2
69 18
67 4
67 4
67 4
67 2
60 14
65 2
65 2
65 4
65 4
62 24
62 10
62 2
62 2
65 2
69 2
72 4
69 6
67 2
65 2
67 3
67 3
67 3
67 2
64 3
60 2
62 18
74 2
74 2
74 2
74 3
74 3
72 2
74 3
77 3
74 6
72 2
65 2
67 3
67 3
69 2
77 3
76 3
72 2
74 18
0 190
74 3
0 1
74 3
0 1
74 4
72 2
69 11
0 3
65 2
67 2
69 6
72 5
0 1
72 11
0 9
67 3
0 1
67 3
0 1
67 3
0 1
67 2
60 12
0 2
67 2
60 2
62 3
0 1
62 3
0 1
62 16
0 8
77 3
0 1
77 3
0 1
77 4
76 2
77 12
0 2
74 2
72 2
69 8
0 2
72 4
72 2
69 9
0 7
67 2
0 2
67 3
0 1
67 4
60 2
67 10
0 2
60 2
65 2
60 2
62 3
0 1
62 3
0 1
62 13
0 11
77 4
69 4
77 4
69 2
77 6
0 8
65 2
67 2
69 10
72 4
72 2
69 6
0 10
67 4
60 4
67 3
0 1
67 2
60 5
0 7
60 2
67 2
60 2
65 4
0 1
65 2
0 1
65 2
62 7
0 15
77 3
0 1
77 3
0 1
77 3
0 1
77 2
69 8
0 6
65 2
67 2
69 10
72 3
0 1
72 2
69 9
0 7
67 3
0 1
67 3
0 1
67 3
0 1
67 2
60 7
0 7
65 1
0 1
60 1
0 1
65 3
0 1
65 4
62 11
0 13
62 8
0 2
62 1
0 1
62 2
65 2
69 3
72 3
69 6
67 2
65 2
67 2
0 1
67 2
0 1
67 1
0 1
67 2
0 1
64 3
60 2
62 8
0 10
74 1
0 1
74 1
0 1
74 1
0 1
74 2
0 1
74 3
72 2
74 2
77 4
74 4
0 2
72 2
65 2
67 2
0 1
67 2
0 1
69 1
0 1
77 3
76 3
72 3
74 22
