C:maj [0, 4, 7] 0 4 
D:min [2, 5, 9] 2 2 
G:maj [2, 7, 11] 7 2 
D:min [2, 5, 9] 2 4 
G:maj [2, 7, 11] 7 2 
C:maj [0, 4, 7] 0 6 
F:maj [0, 5, 9] 5 1 
C:maj [0, 4, 7] 0 3 
F:maj [0, 5, 9] 5 1 
C:maj [0, 4, 7] 0 5 
G:maj [2, 7, 11] 7 1 
C:maj [0, 4, 7] 0 5 
F:maj [0, 5, 9] 5 1 
C:maj [0, 4, 7] 0 3 
F:maj [0, 5, 9] 5 1 
C:maj [0, 4, 7] 0 3 
D:min [2, 5, 9] 2 2 
G:maj [2, 7, 11] 7 4 
F:maj [0, 5, 9] 5 1 
C:maj [0, 4, 7] 0 5 
G:maj [2, 7, 11] 7 2 
F:maj [0, 5, 9] 5 1 
G:maj [2, 7, 11] 7 2 
C:maj [0, 4, 7] 0 6 
D:min [2, 5, 9] 2 3 
G:maj [2, 7, 11] 7 1 
D:min [2, 5, 9] 2 3 
G:maj [2, 7, 11] 7 3 
C:maj [0, 4, 7] 0 7 
F:maj [0, 5, 9] 5 1 
C:maj [0, 4, 7] 0 3 
F:maj [0, 5, 9] 5 1 
C:maj [0, 4, 7] 0 5 
G:maj [2, 7, 11] 7 1 
C:maj [0, 4, 7] 0 5 
F:maj [0, 5, 9] 5 1 
C:maj [0, 4, 7] 0 3 
F:maj [0, 5, 9] 5 1 
C:maj [0, 4, 7] 0 3 
D:min [2, 5, 9] 2 1 
G:maj [2, 7, 11] 7 4 
F:maj [0, 5, 9] 5 2 
C:maj [0, 4, 7] 0 4 
G:maj [2, 7, 11] 7 2 
F:maj [0, 5, 9] 5 2 
G:maj [2, 7, 11] 7 2 
C:maj [0, 4, 7] 0 6 
D:min [2, 5, 9] 2 2 
G:maj [2, 7, 11] 7 2 
D:min [2, 5, 9] 2 2 
G:maj [2, 7, 11] 7 4 
C:maj [0, 4, 7] 0 6 
F:maj [0, 5, 9] 5 3 
C:sus2 [0, 2, 7] 0 1 
F:maj [0, 5, 9] 5 2 
C:maj [0, 4, 7] 0 4 
G:maj [2, 7, 11] 7 2 
C:maj [0, 4, 7] 0 4 
F:maj [0, 5, 9] 5 2 
C:maj [0, 4, 7] 0 2 
F:maj [0, 5, 9] 5 2 
C:maj [0, 4, 7] 0 2 
D:min [2, 5, 9] 2 2 
G:maj [2, 7, 11] 7 4 
F:maj [0, 5, 9] 5 2 
C:maj [0, 4, 7] 0 4 
G:maj [2, 7, 11] 7 2 
F:maj [0, 5, 9] 5 2 
G:maj [2, 7, 11] 7 2 
C:maj [0, 4, 7] 0 2 
G:maj [2, 7, 11] 7 4 
C:maj [0, 4, 7] 0 4 
G:maj [2, 7, 11] 7 2 
F:maj [0, 5, 9] 5 2 
G:maj [2, 7, 11] 7 2 
C:maj [0, 4, 7] 0 6 
D:min [2, 5, 9] 2 2 
G:maj [2, 7, 11] 7 2 
D:min [2, 5, 9] 2 2 
G:maj [2, 7, 11] 7 4 
C:maj [0, 4, 7] 0 3 
