C:maj/3 [0, 4, 7] 4 4
G:maj/3 [2, 7, 11] 11 4
C:maj/3 [0, 4, 7] 4 4
B:min [2, 6, 11] 11 4
E:min [4, 7, 11] 4 4
B:min [2, 6, 11] 11 4
E:min [4, 7, 11] 4 12
B:min [2, 6, 11] 11 4
E:min [4, 7, 11] 4 4
B:maj [3, 6, 11] 11 4
C:maj [0, 4, 7] 0 4
D:maj [2, 6, 9] 2 4
E:min [4, 7, 11] 4 12
B:min [2, 6, 11] 11 4
E:min [4, 7, 11] 4 4
B:maj [3, 6, 11] 11 4
C:maj [0, 4, 7] 0 4
D:maj [2, 6, 9] 2 4
E:min [4, 7, 11] 4 12
B:min [2, 6, 11] 11 4
E:min [4, 7, 11] 4 4
B:min [2, 6, 11] 11 4
C:maj [0, 4, 7] 0 4
B:min [2, 6, 11] 11 2
D:maj [2, 6, 9] 2 2
E:min [4, 7, 11] 4 2
C:maj [0, 4, 7] 0 2
B:min/b3 [2, 6, 11] 2 2
E:min7 [2, 4, 7, 11] 4 5
E:min [4, 7, 11] 4 1
B:min [2, 6, 11] 11 2
E:min [4, 7, 11] 4 6
B:min [2, 6, 11] 11 4
C:maj [0, 4, 7] 0 4
B:min [2, 6, 11] 11 2
D:maj [2, 6, 9] 2 2
E:min [4, 7, 11] 4 2
C:maj [0, 4, 7] 0 2
B:min/b3 [2, 6, 11] 2 2
E:min7 [2, 4, 7, 11] 4 2
C:maj [0, 4, 7] 0 4
D:maj [2, 6, 9] 2 2
D:sus4 [2, 7, 9] 2 1
D:maj [2, 6, 9] 2 1
E:min [4, 7, 11] 4 4
B:min [2, 6, 11] 11 4
C:maj [0, 4, 7] 0 4
D:maj [2, 6, 9] 2 2
E:min [4, 7, 11] 4 6
C:maj [0, 4, 7] 0 2
E:min [4, 7, 11] 4 2
E:min [4, 7, 11] 4 4
B:min [2, 6, 11] 11 4
E:min [4, 7, 11] 4 4
B:maj [3, 6, 11] 11 4
C:maj [0, 4, 7] 0 4
D:maj [2, 6, 9] 2 4
E:min [4, 7, 11] 4 12
B:min [2, 6, 11] 11 4
E:min [4, 7, 11] 4 4
B:maj [3, 6, 11] 11 4
C:maj [0, 4, 7] 0 4
D:maj [2, 6, 9] 2 4
E:min [4, 7, 11] 4 12
B:min [2, 6, 11] 11 4
E:min [4, 7, 11] 4 4
B:min [2, 6, 11] 11 4
C:maj [0, 4, 7] 0 4
B:min [2, 6, 11] 11 2
C:maj [0, 4, 7] 0 1
D:maj [2, 6, 9] 2 1
E:min [4, 7, 11] 4 2
C:maj [0, 4, 7] 0 2
B:min/b3 [2, 6, 11] 2 2
E:min7 [2, 4, 7, 11] 4 5
E:min [4, 7, 11] 4 1
B:min [2, 6, 11] 11 2
E:min [4, 7, 11] 4 6
B:min [2, 6, 11] 11 4
C:maj [0, 4, 7] 0 4
B:min [2, 6, 11] 11 2
C:maj [0, 4, 7] 0 2
E:min [4, 7, 11] 4 2
C:maj [0, 4, 7] 0 2
E:min [4, 7, 11] 4 2
E:min7 [2, 4, 7, 11] 4 6
B:min [2, 6, 11] 11 4
E:min [4, 7, 11] 4 4
B:maj [3, 6, 11] 11 4
C:maj [0, 4, 7] 0 4
D:maj [2, 6, 9] 2 4
E:min [4, 7, 11] 4 12
B:min [2, 6, 11] 11 4
E:min [4, 7, 11] 4 6
