0 126
59 2
67 1
0 1
67 1
67 2
0 1
67 1
0 1
67 1
0 1
67 1
69 3
67 1
0 1
66 1
66 1
66 1
66 1
66 1
0 1
67 1
66 3
0 2
64 2
62 1
0 1
64 1
0 1
64 1
0 1
64 1
0 1
64 1
64 2
0 1
64 1
0 1
66 1
0 1
64 1
0 1
63 1
63 1
63 1
63 1
63 1
0 1
59 1
57 2
59 3
0 2
59 1
0 1
67 1
0 1
67 1
0 1
67 1
0 1
67 1
69 2
0 1
67 2
0 2
59 1
0 1
66 1
0 1
66 1
0 1
66 1
0 1
66 1
67 2
0 1
66 2
64 1
0 1
62 1
0 1
64 7
0 5
62 1
0 1
62 1
0 1
64 13
0 1
59 2
67 1
0 1
67 1
67 2
0 1
67 1
0 1
67 1
0 1
67 1
69 3
67 1
0 1
66 1
66 1
66 1
66 1
66 1
0 1
67 1
66 3
0 2
64 2
62 1
0 1
64 1
0 1
64 1
0 1
64 1
0 1
64 1
64 2
0 1
64 1
0 1
66 1
0 1
64 1
0 1
63 1
63 1
63 1
63 1
63 1
0 1
59 1
57 2
59 3
0 2
59 1
0 1
67 1
0 1
67 1
0 1
67 1
0 1
67 1
69 2
0 1
67 2
0 2
59 1
0 1
66 1
0 1
66 1
0 1
66 1
0 1
66 1
67 2
0 1
66 2
64 1
0 1
62 1
0 1
64 7
0 5
62 1
0 1
62 1
0 1
64 10
0 2
59 1
0 1
62 1
0 1
64 3
0 1
64 1
0 1
62 1
0 1
64 1
0 1
66 1
0 1
64 1
0 1
62 1
0 1
59 2
0 2
59 1
0 1
62 1
0 1
62 2
0 2
59 1
0 1
62 1
0 1
64 3
0 1
64 2
62 1
0 1
64 1
0 1
66 1
0 1
64 1
0 1
62 1
0 1
59 2
0 2
64 1
0 1
62 2
59 3
0 1
59 2
62 1
0 1
64 3
0 1
64 1
0 1
62 2
64 1
0 1
66 1
0 1
64 2
62 1
0 1
59 2
0 2
64 2
62 1
59 1
62 3
0 1
59 1
0 1
62 1
0 1
64 2
0 2
64 1
0 1
62 1
0 1
64 1
0 1
64 1
0 1
69 1
0 1
69 2
62 3
0 1
66 2
64 1
0 1
64 3
0 1
59 1
0 1
62 1
0 1
64 3
0 1
64 1
0 1
62 1
0 1
64 1
0 1
66 1
0 1
64 1
0 1
62 1
0 1
59 2
0 2
59 1
0 1
62 1
0 1
62 2
0 2
59 1
0 1
62 1
0 1
64 3
0 1
64 2
62 1
0 1
64 1
0 1
66 1
0 1
64 1
0 1
62 1
0 1
59 2
0 2
64 1
0 1
62 2
59 3
0 1
59 2
62 1
0 1
64 3
0 1
64 1
0 1
62 2
64 1
0 1
66 1
0 1
64 2
62 1
0 1
59 2
0 2
64 2
62 1
59 1
62 3
0 1
59 1
0 1
62 1
0 1
64 2
0 2
64 1
0 1
62 1
0 1
64 1
0 1
64 1
0 1
69 1
0 1
69 2
62 3
0 1
66 2
64 1
0 1
64 3
0 133
67 1
0 1
67 1
67 2
0 1
67 1
0 1
67 1
0 1
67 1
69 3
67 1
0 1
66 1
66 1
66 1
66 1
66 1
0 1
67 1
66 3
0 2
64 2
62 1
0 1
64 1
0 1
64 1
0 1
64 1
0 1
64 1
64 2
0 1
64 1
0 1
66 1
0 1
64 1
0 1
63 1
63 1
63 1
63 1
63 1
0 1
59 1
57 2
59 3
0 2
59 1
0 1
67 1
0 1
67 1
0 1
67 1
0 1
67 1
69 2
0 1
67 2
0 2
59 1
0 1
66 1
0 1
66 1
0 1
66 1
0 1
66 1
67 2
0 1
66 2
64 1
0 1
62 1
0 1
64 7
0 5
62 1
0 1
62 1
0 1
64 13
0 1
59 2
67 1
0 1
67 1
67 2
0 1
67 1
0 1
67 1
0 1
67 1
69 3
67 1
0 1
66 1
66 1
66 1
66 1
66 1
0 1
67 1
66 3
0 2
64 2
62 1
0 1
64 1
0 1
64 1
0 1
64 1
0 1
64 1
64 2
0 1
64 1
0 1
66 1
0 1
64 1
0 1
63 1
63 1
63 1
63 1
63 1
0 1
59 1
57 2
59 3
0 2
59 1
0 1
67 1
0 1
67 1
0 1
67 1
0 1
67 1
69 2
0 1
67 2
0 2
59 1
0 1
66 1
0 1
66 1
0 1
66 1
0 1
66 1
67 2
0 1
66 2
64 1
0 1
62 1
0 1
64 7
0 5
62 1
0 1
62 1
0 1
64 10
0 2
59 1
0 1
62 1
0 1
64 3
0 1
64 1
0 1
62 1
0 1
64 1
0 1
66 1
0 1
64 1
0 1
62 1
0 1
59 2
0 2
59 1
0 1
62 1
0 1
62 2
0 2
59 1
0 1
62 1
0 1
64 3
0 1
64 2
62 1
0 1
64 1
0 1
66 1
0 1
64 1
0 1
62 1
0 1
59 2
0 2
64 1
0 1
62 2
59 3
0 1
59 2
62 1
0 1
64 3
0 1
64 1
0 1
62 2
64 1
0 1
66 1
0 1
64 2
62 1
0 1
59 2
0 2
64 2
62 1
59 1
62 3
0 1
59 1
0 1
62 1
0 1
64 2
0 2
64 1
0 1
62 1
0 1
64 1
0 1
64 1
0 1
69 1
0 1
69 2
62 3
0 1
66 2
64 1
0 1
64 3
0 1
59 1
0 1
62 1
0 1
64 3
0 1
64 1
0 1
62 1
0 1
64 1
0 1
66 1
0 1
64 1
0 1
62 1
0 1
59 2
0 2
59 1
0 1
62 1
0 1
62 2
0 2
59 1
0 1
62 1
0 1
64 3
0 1
64 2
62 1
0 1
64 1
0 1
66 1
0 1
64 1
0 1
62 1
0 1
59 2
0 2
64 1
0 1
62 2
59 3
0 1
59 2
62 1
0 1
64 3
0 1
64 1
0 1
62 2
64 1
0 1
66 1
0 1
64 2
62 1
0 1
59 2
0 2
64 2
62 1
59 1
62 3
0 1
59 1
0 1
62 1
0 1
64 2
0 2
64 1
0 1
62 1
0 1
64 1
0 1
64 1
0 1
69 1
0 1
69 2
62 3
0 1
66 2
64 1
0 1
64 3
0 3
59 2
67 1
0 1
67 1
67 2
0 1
67 1
0 1
67 1
0 1
67 1
69 3
67 1
0 1
66 1
66 1
66 1
66 1
66 1
0 1
67 1
66 3
0 2
64 2
62 1
0 1
64 1
0 1
64 1
0 1
64 1
0 1
64 1
64 2
0 1
64 1
0 1
66 1
0 1
64 1
0 1
63 1
63 1
63 1
63 1
63 1
0 1
59 1
57 2
59 3
0 2
59 1
0 1
67 1
0 1
67 1
0 1
67 1
0 1
67 1
69 2
0 1
67 2
0 2
59 1
0 1
66 1
0 1
66 1
0 1
66 1
0 1
66 1
67 2
0 1
66 2
64 1
0 1
62 1
0 1
64 7
0 5
62 1
0 1
62 1
0 1
64 10
