G:maj [2, 7, 11] 7 4 
E:min [4, 7, 11] 4 4 
A:min [0, 4, 9] 9 4 
C:maj [0, 4, 7] 0 4 
G:maj [2, 7, 11] 7 4 
E:min [4, 7, 11] 4 4 
A:min [0, 4, 9] 9 2 
D:maj [2, 6, 9] 2 2 
G:maj [2, 7, 11] 7 8 
E:min [4, 7, 11] 4 4 
A:min [0, 4, 9] 9 4 
D:maj [2, 6, 9] 2 4 
G:maj [2, 7, 11] 7 2 
B:min [2, 6, 11] 11 2 
E:min [4, 7, 11] 4 4 
C:maj [0, 4, 7] 0 4 
D:sus4 [2, 7, 9] 2 4 
G:maj [2, 7, 11] 7 4 
E:min [4, 7, 11] 4 4 
A:min [0, 4, 9] 9 4 
D:maj [2, 6, 9] 2 4 
G:maj [2, 7, 11] 7 2 
B:maj [3, 6, 11] 11 2 
E:min [4, 7, 11] 4 2 
D:maj [2, 6, 9] 2 2 
C:maj [0, 4, 7] 0 4 
D:maj [2, 6, 9] 2 4 
G:maj [2, 7, 11] 7 4 
E:min [4, 7, 11] 4 4 
A:min [0, 4, 9] 9 4 
D:maj [2, 6, 9] 2 4 
G:maj [2, 7, 11] 7 4 
E:min [4, 7, 11] 4 4 
A:min [0, 4, 9] 9 2 
D:maj [2, 6, 9] 2 2 
G:maj [2, 7, 11] 7 4 
E:min [4, 7, 11] 4 4 
A:min [0, 4, 9] 9 4 
D:maj [2, 6, 9] 2 4 
G:maj [2, 7, 11] 7 4 
E:min [4, 7, 11] 4 4 
A:min [0, 4, 9] 9 2 
D:maj [2, 6, 9] 2 2 
G:maj [2, 7, 11] 7 8 
E:min [4, 7, 11] 4 4 
A:min [0, 4, 9] 9 4 
D:maj [2, 6, 9] 2 4 
G:maj [2, 7, 11] 7 2 
B:min [2, 6, 11] 11 2 
E:min [4, 7, 11] 4 4 
C:maj [0, 4, 7] 0 4 
D:sus4 [2, 7, 9] 2 4 
G:maj [2, 7, 11] 7 4 
E:min [4, 7, 11] 4 4 
A:min [0, 4, 9] 9 4 
D:maj [2, 6, 9] 2 4 
G:maj [2, 7, 11] 7 2 
B:maj [3, 6, 11] 11 2 
E:min [4, 7, 11] 4 2 
G:maj/5 [2, 7, 11] 2 2 
C:maj [0, 4, 7] 0 4 
D:maj [2, 6, 9] 2 4 
G:maj [2, 7, 11] 7 4 
E:min [4, 7, 11] 4 4 
A:min [0, 4, 9] 9 4 
D:maj [2, 6, 9] 2 4 
G:maj [2, 7, 11] 7 4 
E:min [4, 7, 11] 4 4 
A:min [0, 4, 9] 9 2 
D:maj [2, 6, 9] 2 2 
G:maj [2, 7, 11] 7 4 
C:maj [0, 4, 7] 0 4 
B:min [2, 6, 11] 11 4 
A:min [0, 4, 9] 9 4 
D:maj [2, 6, 9] 2 4 
G:maj [2, 7, 11] 7 4 
E:min [4, 7, 11] 4 4 
A:min [0, 4, 9] 9 4 
D:maj [2, 6, 9] 2 4 
G:maj [2, 7, 11] 7 4 
E:min [4, 7, 11] 4 4 
A:min [0, 4, 9] 9 2 
D:maj [2, 6, 9] 2 2 
G:maj [2, 7, 11] 7 4 
E:min [4, 7, 11] 4 4 
A:min [0, 4, 9] 9 2 
D:maj [2, 6, 9] 2 2 
