0 30
54 1
59 1
63 2
63 1
0 1
63 2
61 2
59 4
0 2
59 1
61 1
59 1
0 1
59 1
0 1
59 2
56 2
54 5
0 1
59 1
61 1
63 1
0 1
63 1
0 1
63 2
61 2
59 3
0 3
63 3
0 1
66 9
0 3
68 1
70 1
71 2
0 1
71 2
0 1
73 2
68 3
0 3
71 1
68 1
66 2
0 1
66 2
0 1
68 2
63 4
0 2
63 2
61 4
0 2
61 1
0 1
61 2
0 2
63 2
61 1
0 1
59 2
61 6
0 6
54 1
56 1
63 1
0 1
63 1
0 1
63 2
61 2
59 4
0 2
59 1
61 1
59 2
59 1
0 1
59 2
56 2
54 4
0 2
59 1
61 1
63 1
0 1
63 1
0 1
63 2
61 2
59 4
0 2
61 2
63 2
66 9
0 3
68 1
70 1
71 2
0 1
71 2
0 1
73 2
68 4
0 2
71 1
68 1
66 2
0 1
66 2
0 1
68 2
63 4
0 2
63 1
0 1
61 5
0 1
61 1
0 1
61 2
61 1
0 1
63 2
61 4
59 8
0 2
63 2
66 1
0 1
66 5
0 1
63 1
61 1
59 3
0 1
59 1
0 1
71 1
0 1
71 5
0 1
68 2
66 3
0 3
59 1
61 1
63 4
0 2
68 2
66 1
0 1
66 1
0 1
63 1
61 2
59 1
61 7
0 5
63 2
66 1
0 1
66 6
63 1
61 1
59 3
0 1
59 2
71 2
71 6
73 2
0 1
68 3
0 2
71 1
68 1
66 2
0 1
71 2
0 1
63 1
61 1
61 4
63 3
61 1
59 11
0 145
54 1
0 1
59 1
0 1
63 2
63 1
0 1
63 2
61 2
59 4
0 2
59 1
61 1
59 1
0 1
59 1
0 1
59 2
56 2
54 5
0 1
59 1
61 1
63 1
0 1
63 1
0 1
63 2
61 2
59 3
0 3
63 3
0 1
66 9
0 3
68 1
70 1
71 2
0 1
71 2
0 1
73 2
68 3
0 3
71 1
68 1
66 2
0 1
66 2
0 1
68 2
63 4
0 2
63 2
61 4
0 2
61 1
0 1
61 2
0 2
63 2
61 1
0 1
59 2
61 6
0 6
54 1
56 1
63 1
0 1
63 1
0 1
63 2
61 2
59 4
0 2
59 1
61 1
59 2
59 1
0 1
59 2
56 2
54 4
0 2
59 1
61 1
63 1
0 1
63 1
0 1
63 2
61 2
59 4
0 2
61 2
63 2
66 9
0 3
68 1
70 1
71 2
0 1
71 2
0 1
73 2
68 4
0 2
71 1
68 1
66 2
0 1
66 2
0 1
68 2
63 4
0 2
63 1
0 1
61 5
0 1
61 1
0 1
61 2
61 1
0 1
63 2
61 4
59 8
0 2
63 2
66 1
0 1
66 5
0 1
63 1
61 1
59 3
0 1
59 1
0 1
71 1
0 1
71 5
0 1
68 2
66 3
0 3
59 1
61 1
63 4
0 2
68 2
66 1
0 1
66 1
0 1
63 1
61 2
59 1
61 7
0 5
63 2
66 1
0 1
66 6
63 1
61 1
59 3
0 1
59 2
71 2
71 6
73 2
0 1
68 3
0 2
71 1
68 1
66 2
0 1
71 2
0 1
63 1
61 1
61 4
63 3
61 1
59 11
0 1
64 2
67 1
0 1
67 5
0 1
64 1
62 1
60 3
0 1
60 1
0 1
72 1
0 1
72 5
0 1
69 2
67 3
0 3
60 1
62 1
64 4
0 2
69 2
67 1
0 1
67 1
0 1
64 1
62 2
60 1
62 7
0 5
64 1
0 1
67 1
0 1
67 6
64 1
62 1
60 3
0 1
60 2
72 2
72 6
74 2
0 1
69 3
0 2
72 1
69 1
67 2
0 1
72 2
0 1
69 2
72 4
74 3
0 1
72 16
