0 128
60 2
63 1
63 2
0 1
65 2
63 5
0 3
58 2
60 3
0 1
58 2
56 6
0 2
56 2
58 2
60 2
68 2
67 2
65 4
67 1
65 1
63 9
0 7
65 2
68 4
70 2
68 4
0 4
63 2
65 4
63 2
60 5
0 3
58 1
0 1
60 1
0 1
63 1
0 1
60 2
60 2
58 4
56 2
58 11
0 5
60 2
63 3
0 1
65 2
63 5
0 3
58 2
60 3
0 1
58 2
56 6
0 2
56 2
58 2
60 2
68 2
67 2
65 4
60 2
63 10
0 6
65 2
68 4
70 2
68 4
0 4
63 2
65 4
63 2
60 5
0 3
58 1
0 1
60 1
0 1
63 1
0 1
65 1
0 1
60 2
58 3
0 1
60 2
56 10
0 2
70 2
72 1
70 1
68 5
0 1
70 1
0 1
72 1
0 1
67 2
65 1
0 1
60 2
63 6
0 6
68 2
67 2
65 3
0 1
65 2
63 2
65 2
60 2
63 2
60 2
58 7
0 5
60 2
58 2
56 3
0 3
58 1
0 1
60 1
0 1
68 1
0 1
67 2
63 2
65 8
0 4
70 2
68 1
0 1
70 3
0 1
70 1
0 1
68 1
0 1
60 2
60 1
0 1
67 1
0 1
65 2
63 7
0 5
70 2
72 1
70 1
68 5
0 1
70 1
0 1
72 1
0 1
67 2
65 2
63 2
65 5
0 7
65 2
68 2
70 2
0 2
70 1
0 1
72 1
0 1
70 1
0 1
67 1
0 1
60 2
65 2
63 4
0 8
56 2
58 1
0 1
60 5
0 1
63 1
0 1
63 2
68 1
0 1
67 1
0 1
63 1
0 1
65 7
0 5
65 1
0 1
68 1
0 1
70 1
0 1
70 1
0 3
67 1
0 1
65 3
0 1
63 1
0 1
65 2
68 10
0 134
60 2
63 3
0 1
65 2
63 5
0 3
58 2
60 3
0 1
58 2
56 6
0 2
56 2
58 2
60 2
68 2
67 2
65 4
60 2
63 10
0 6
65 2
68 4
70 2
68 4
0 4
63 2
65 4
63 2
60 5
0 3
58 1
0 1
60 1
0 1
63 1
0 1
65 1
0 1
60 2
58 3
0 1
60 2
56 10
0 2
70 2
72 1
70 1
68 5
0 1
70 1
0 1
72 1
0 1
67 2
65 1
0 1
60 2
63 6
0 6
68 2
67 2
65 3
0 1
65 2
63 2
65 2
60 2
63 2
60 2
58 7
0 5
60 2
58 2
56 3
0 3
58 1
0 1
60 1
0 1
68 1
0 1
67 2
63 2
65 8
0 4
70 2
68 1
0 1
70 3
0 1
70 1
0 1
68 1
0 1
60 2
60 1
0 1
67 1
0 1
65 2
63 7
0 5
70 2
72 1
70 1
68 5
0 1
70 1
0 1
72 1
0 1
67 2
65 2
63 2
65 5
0 7
65 2
68 2
70 2
0 2
70 1
0 1
72 1
0 1
70 1
0 1
67 1
0 1
60 2
65 2
63 4
0 8
56 2
58 1
0 1
60 5
0 1
63 1
0 1
63 2
68 1
0 1
67 1
0 1
63 1
0 1
65 7
0 5
65 1
0 1
68 1
0 1
70 1
0 1
70 1
0 3
67 1
0 1
65 3
0 1
63 1
0 1
65 2
68 10
0 2
70 2
72 1
70 1
68 5
0 1
70 1
0 1
72 1
0 1
67 2
65 1
0 1
60 2
63 6
0 6
68 2
67 2
65 3
0 1
65 2
63 2
65 2
60 2
63 2
60 2
58 7
0 5
60 2
58 2
56 3
0 3
58 1
0 1
60 1
0 1
68 1
0 1
67 2
63 2
65 8
0 4
70 2
68 1
0 1
70 3
0 1
70 1
0 1
68 1
0 1
60 2
60 1
0 1
67 1
0 1
65 2
63 7
0 5
70 2
72 1
70 1
68 5
0 1
70 1
0 1
72 1
0 1
67 2
65 2
63 2
65 5
0 7
65 2
68 2
70 2
0 2
70 1
0 1
72 1
0 1
70 1
0 1
67 1
0 1
60 2
65 2
63 4
0 8
56 2
58 1
0 1
60 5
0 1
63 1
0 1
63 2
68 1
0 1
67 1
0 1
63 1
0 1
65 7
0 5
65 1
0 1
68 1
0 1
70 1
0 1
70 1
0 3
67 1
0 1
65 3
0 1
63 1
0 1
65 2
68 10
0 2
65 2
68 2
70 2
70 2
0 2
67 2
65 4
0 1
63 3
65 7
65 2
68 13
