0 156
58 3
0 1
70 8
70 3
0 1
67 3
0 1
65 3
0 1
63 1
0 1
65 1
0 1
67 3
0 3
65 2
63 3
0 1
63 2
55 2
58 4
0 1
60 2
63 2
58 5
0 10
60 5
0 1
58 2
60 4
63 2
0 2
65 2
67 1
65 1
63 2
65 1
0 1
67 3
0 3
70 1
0 1
65 2
65 2
0 1
67 2
0 1
70 3
0 2
72 2
75 2
0 1
70 9
0 5
72 1
0 1
72 3
0 1
70 2
67 3
0 1
67 2
0 2
63 2
65 2
67 1
0 1
70 2
67 5
0 3
65 1
0 1
65 3
0 1
63 1
0 1
60 2
58 2
60 2
63 2
65 12
0 4
67 1
0 1
67 3
0 1
65 2
67 2
70 2
67 3
0 1
65 2
67 1
0 1
65 2
63 2
60 5
0 3
58 1
0 1
70 1
0 1
67 2
65 1
67 1
70 2
72 1
0 1
67 2
65 2
63 6
0 10
72 2
0 1
72 1
72 2
0 1
70 1
67 1
0 1
67 3
0 3
65 1
0 1
65 3
0 1
63 1
0 1
60 3
58 1
60 2
63 2
65 12
0 4
70 2
72 2
70 1
0 2
65 1
67 1
0 1
67 3
0 1
70 1
0 1
65 2
0 1
65 1
65 2
63 1
0 1
60 2
0 2
63 2
65 2
70 9
0 5
70 1
0 1
72 3
0 1
67 1
0 1
70 1
0 1
72 2
0 2
72 2
75 2
70 1
72 1
0 2
70 2
67 2
65 5
0 3
67 3
0 1
65 2
63 2
60 3
0 3
63 1
0 1
65 2
67 2
63 2
65 2
67 5
0 1
70 2
72 4
0 2
67 2
65 3
0 1
67 2
65 2
63 14
0 142
58 3
0 1
70 8
70 3
0 1
67 3
0 1
65 3
0 1
63 1
0 1
65 1
0 1
67 3
0 3
65 2
63 3
0 1
63 2
55 2
58 4
0 1
60 2
63 2
58 5
0 10
60 5
0 1
58 2
60 4
63 2
0 2
65 2
67 1
65 1
63 2
65 1
0 1
67 3
0 3
70 1
0 1
65 2
65 2
0 1
67 2
0 1
70 3
0 2
72 2
75 2
0 1
70 9
0 5
72 1
0 1
72 3
0 1
70 2
67 3
0 1
67 2
0 2
63 2
65 2
67 1
0 1
70 2
67 5
0 3
65 1
0 1
65 3
0 1
63 1
0 1
60 2
58 2
60 2
63 2
65 12
0 4
67 1
0 1
67 3
0 1
65 2
67 2
70 2
67 3
0 1
65 2
67 1
0 1
65 2
63 2
60 5
0 3
58 1
0 1
70 1
0 1
67 2
65 1
67 1
70 2
72 1
0 1
67 2
65 2
63 6
0 10
72 2
0 1
72 1
72 2
0 1
70 1
67 1
0 1
67 3
0 3
65 1
0 1
65 3
0 1
63 1
0 1
60 3
58 1
60 2
63 2
65 12
0 4
70 2
72 2
70 1
0 2
65 1
67 1
0 1
67 3
0 1
70 1
0 1
65 2
0 1
65 1
65 2
63 1
0 1
60 2
0 2
63 2
65 2
70 9
0 5
70 1
0 1
72 3
0 1
67 1
0 1
70 1
0 1
72 2
0 2
72 2
75 2
70 1
72 1
0 2
70 2
67 2
65 5
0 3
67 3
0 1
65 2
63 2
60 3
0 3
63 1
0 1
65 2
67 2
63 2
65 2
67 5
0 1
70 2
72 4
0 2
67 2
65 3
0 1
67 2
65 2
63 14
