F#:maj [1, 6, 10] 6 16 
B:maj [3, 6, 11] 11 11 
C#:maj [1, 5, 8] 1 8 
F#:maj [1, 6, 10] 6 9 
B:maj [3, 6, 11] 11 4 
F#:sus4 [1, 6, 11] 6 4 
B:maj [3, 6, 11] 11 8 
Ab:min [3, 8, 11] 8 4 
C#:maj [1, 5, 8] 1 4 
F#:maj [1, 6, 10] 6 8 
B:maj [3, 6, 11] 11 3 
B:maj(9) [1, 3, 6, 9, 11] 11 1 
F#:sus4 [1, 6, 11] 6 4 
B:maj [3, 6, 11] 11 8 
C#:maj [1, 5, 8] 1 4 
F#:maj [1, 6, 10] 6 7 
B:sus2 [1, 6, 11] 11 5 
C#:maj [1, 5, 8] 1 4 
F#:maj/5 [1, 6, 10] 1 3 
F#:sus2 [1, 6, 8] 6 5 
B:min/5 [2, 6, 11] 6 3 
C#:7/b7 [1, 5, 8, 11] 11 2 
C#:maj [1, 5, 8] 1 2 
C#:7 [1, 5, 8, 11] 1 1 
B:maj [3, 6, 11] 11 4 
C#:maj [1, 5, 8] 1 8 
F#:maj [1, 6, 10] 6 4 
C#:sus4 [1, 6, 8] 1 4 
Eb:min [3, 6, 10] 3 4 
Eb:sus2 [3, 5, 10] 3 1 
Bb:min [1, 5, 10] 10 3 
B:maj [3, 6, 11] 11 4 
Bb:min [1, 5, 10] 10 4 
Ab:min [3, 8, 11] 8 4 
C#:maj [1, 5, 8] 1 4 
F#:maj [1, 6, 10] 6 24 
B:maj [3, 6, 11] 11 4 
F#:sus4 [1, 6, 11] 6 4 
B:maj [3, 6, 11] 11 8 
Ab:min [3, 8, 11] 8 4 
C#:maj [1, 5, 8] 1 2 
F#:maj [1, 6, 10] 6 10 
B:maj [3, 6, 11] 11 3 
B:maj(9) [1, 3, 6, 9, 11] 11 1 
F#:sus4 [1, 6, 11] 6 4 
B:maj [3, 6, 11] 11 8 
C#:maj [1, 5, 8] 1 4 
F#:maj [1, 6, 10] 6 7 
B:sus2 [1, 6, 11] 11 5 
C#:maj [1, 5, 8] 1 4 
F#:maj/5 [1, 6, 10] 1 4 
F#:sus2 [1, 6, 8] 6 4 
B:min/5 [2, 6, 11] 6 4 
C#:7/b7 [1, 5, 8, 11] 11 1 
C#:maj [1, 5, 8] 1 2 
C#:7 [1, 5, 8, 11] 1 1 
B:maj [3, 6, 11] 11 4 
C#:maj [1, 5, 8] 1 8 
F#:maj [1, 6, 10] 6 4 
C#:sus4 [1, 6, 8] 1 4 
Eb:min [3, 6, 10] 3 4 
Eb:sus2 [3, 5, 10] 3 1 
Bb:min [1, 5, 10] 10 3 
B:maj [3, 6, 11] 11 4 
Bb:min [1, 5, 10] 10 4 
Ab:min [3, 8, 11] 8 4 
C#:maj [1, 5, 8] 1 3 
F#:sus2 [1, 6, 8] 6 4 
F#:maj [1, 6, 10] 6 1 
C#:sus4 [1, 6, 8] 1 4 
Eb:min [3, 6, 10] 3 4 
Eb:sus2 [3, 5, 10] 3 1 
Bb:min [1, 5, 10] 10 3 
B:maj [3, 6, 11] 11 4 
Bb:min [1, 5, 10] 10 4 
Ab:min [3, 8, 11] 8 4 
C#:maj [1, 5, 8] 1 4 
B:maj [3, 6, 11] 11 3 
C#:maj [1, 5, 8] 1 5 
B:maj [3, 6, 11] 11 3 
C#:maj [1, 5, 8] 1 7 
Eb:min [3, 6, 10] 3 4 
B:maj [3, 6, 11] 11 4 
Eb:min [3, 6, 10] 3 4 
B:maj [3, 6, 11] 11 4 
F#:maj [1, 6, 10] 6 1 
