0 142
61 2
68 3
0 1
68 2
66 1
0 1
66 2
68 3
0 1
70 8
0 6
70 1
0 1
73 2
75 1
0 1
75 1
0 1
75 2
77 1
0 1
75 4
73 4
70 5
0 7
70 2
70 2
68 5
0 1
66 5
0 1
70 1
0 1
70 2
68 5
0 1
66 7
0 3
68 1
0 1
68 1
0 1
68 1
0 1
68 2
70 2
68 1
0 1
63 2
68 11
0 3
61 2
61 2
68 3
0 1
68 2
66 1
0 1
68 2
73 3
0 1
70 8
0 6
70 1
0 1
73 2
75 1
0 1
75 1
0 1
75 2
77 1
0 1
75 4
73 4
70 8
0 4
70 2
70 2
68 5
0 1
66 5
0 1
70 1
0 1
70 2
68 5
0 1
66 7
0 3
61 1
0 1
61 1
0 1
61 1
0 1
61 1
0 1
65 1
0 1
65 3
0 1
66 13
0 13
66 1
0 1
68 2
66 1
0 1
69 3
0 1
69 3
0 1
69 3
0 1
69 4
68 8
0 2
66 1
0 1
64 2
61 2
66 14
0 12
66 1
0 1
68 2
66 1
0 1
69 3
0 1
69 3
0 1
69 3
0 1
69 3
0 1
68 8
0 2
61 1
0 1
61 1
0 1
61 1
0 1
73 3
0 1
71 2
0 2
69 3
0 1
68 2
66 1
0 1
68 19
0 7
66 3
0 1
66 3
0 1
73 7
0 1
73 2
75 3
0 1
75 2
68 4
0 2
68 2
70 4
68 2
68 3
0 1
66 1
0 1
66 1
0 1
66 1
0 1
66 2
68 1
0 1
70 1
0 1
77 3
0 1
73 4
0 2
66 3
0 1
66 3
0 1
75 7
0 1
66 1
0 1
66 3
0 1
73 7
0 3
73 3
0 1
70 3
0 1
71 3
0 1
73 1
0 1
75 3
0 1
73 4
68 8
0 2
66 2
63 1
0 1
63 2
61 2
66 16
0 46
61 2
68 3
0 1
68 2
66 1
0 1
66 2
68 3
0 1
70 8
0 6
70 1
0 1
73 2
75 1
0 1
75 1
0 1
75 2
77 1
0 1
75 3
0 1
73 4
70 5
0 7
70 2
70 2
68 5
0 1
66 5
0 1
70 1
0 1
70 2
68 5
0 1
66 7
0 3
68 1
0 1
68 1
0 1
68 1
0 1
68 1
0 1
70 2
68 1
0 1
63 2
68 11
0 3
61 2
61 2
68 3
0 1
68 2
66 1
0 1
68 2
73 3
0 1
70 8
0 6
70 1
0 1
73 2
75 1
0 1
75 1
0 1
75 2
77 1
0 1
75 3
0 1
73 4
70 8
0 4
70 2
70 2
68 5
0 1
66 5
0 1
70 1
0 1
70 2
68 5
0 1
66 7
0 3
61 1
0 1
61 1
0 1
61 1
0 1
61 1
0 1
65 1
0 1
65 3
0 1
66 13
0 13
66 1
0 1
68 2
66 1
0 1
69 3
0 1
69 3
0 1
69 3
0 1
69 4
68 8
0 2
66 1
0 1
64 2
61 2
66 14
0 12
66 1
0 1
68 2
66 1
0 1
69 3
0 1
69 3
0 1
69 3
0 1
69 3
0 1
68 8
0 2
61 1
0 1
61 1
0 1
61 1
0 1
73 3
0 1
71 2
0 2
69 3
0 1
68 2
66 1
0 1
68 19
0 7
66 3
0 1
66 3
0 1
73 7
0 1
73 2
75 3
0 1
75 2
68 4
0 2
68 2
70 4
68 2
68 3
0 1
66 1
0 1
66 1
0 1
66 1
0 1
66 2
68 1
0 1
70 1
0 1
77 3
0 1
73 4
0 2
66 3
0 1
66 3
0 1
75 7
0 1
66 1
0 1
66 3
0 1
73 7
0 3
73 3
0 1
70 3
0 1
71 3
0 1
73 1
0 1
75 3
0 1
73 4
68 8
0 2
66 3
0 1
66 3
0 1
73 7
0 1
73 2
75 3
0 1
75 2
68 4
0 2
68 2
70 4
68 2
68 3
0 1
66 1
0 1
66 1
0 1
66 1
0 1
66 2
68 1
0 1
70 1
0 1
77 3
0 1
73 4
0 2
66 3
0 1
66 3
0 1
75 7
0 1
66 1
0 1
66 3
0 1
73 7
0 3
73 3
0 1
70 3
0 1
71 3
0 1
73 1
0 1
75 3
0 1
73 4
68 8
0 2
66 2
63 1
0 1
63 2
61 2
66 16
0 4
66 1
0 1
66 2
70 3
0 1
68 3
0 1
66 18
0 2
66 1
0 1
66 2
70 8
68 8
66 17
