G:min [2, 7, 10] 7 8 
F:maj [0, 5, 9] 5 8 
G:maj [2, 7, 11] 7 8 
C:maj [0, 4, 7] 0 8 
G:maj6 [2, 4, 7, 11] 7 4 
C:maj [0, 4, 7] 0 4 
Bb:maj [2, 5, 10] 10 4 
Bb:maj/5 [2, 5, 10] 5 4 
G:maj [2, 7, 11] 7 8 
F:maj [0, 5, 9] 5 16 
D:min/b3 [2, 5, 9] 5 1 
D:sus2 [2, 4, 9] 2 7 
G:maj [2, 7, 11] 7 8 
G:sus4 [0, 2, 7] 7 1 
C:sus2 [0, 2, 7] 0 7 
F:maj [0, 5, 9] 5 8 
D:min [2, 5, 9] 2 8 
G:sus4(b7) [0, 2, 7] 7 8 
C:maj [0, 4, 7] 0 4 
F:maj [0, 5, 9] 5 8 
G:sus2 [2, 7, 9] 7 4 
C:maj [0, 4, 7] 0 4 
Bb:maj [2, 5, 10] 10 4 
D:min/b3 [2, 5, 9] 5 4 
G:maj [2, 7, 11] 7 8 
A:maj [1, 4, 9] 9 4 
D:min [2, 5, 9] 2 4 
G:min [2, 7, 10] 7 4 
C:maj [0, 4, 7] 0 4 
A:min [0, 4, 9] 9 4 
D:min [2, 5, 9] 2 4 
G:min [2, 7, 10] 7 8 
A:min [0, 4, 9] 9 8 
G:min [2, 7, 10] 7 2 
C:maj [0, 4, 7] 0 2 
F:maj [0, 5, 9] 5 8 
G:min [2, 7, 10] 7 4 
C:maj [0, 4, 7] 0 4 
Bb:maj [2, 5, 10] 10 4 
F:maj [0, 5, 9] 5 4 
G:min [2, 7, 10] 7 8 
A:min [0, 4, 9] 9 4 
D:min [2, 5, 9] 2 4 
G:min [2, 7, 10] 7 4 
C:maj [0, 4, 7] 0 4 
A:min [0, 4, 9] 9 4 
D:min [2, 5, 9] 2 4 
G:min [2, 7, 10] 7 8 
C#:maj/3 [1, 5, 8] 5 16 
D:min/b3 [2, 5, 9] 5 1 
D:sus2 [2, 4, 9] 2 7 
G:maj [2, 7, 11] 7 8 
G:sus4 [0, 2, 7] 7 1 
C:sus2 [0, 2, 7] 0 7 
F:maj [0, 5, 9] 5 8 
D:min [2, 5, 9] 2 8 
G:sus4(b7) [0, 2, 7] 7 8 
C:maj [0, 4, 7] 0 4 
F:maj [0, 5, 9] 5 7 
D:min [2, 5, 9] 2 1 
G:sus2 [2, 7, 9] 7 4 
C:sus2 [0, 2, 7] 0 4 
Bb:maj [2, 5, 10] 10 4 
D:min/b3 [2, 5, 9] 5 4 
G:maj [2, 7, 11] 7 8 
A:maj [1, 4, 9] 9 4 
D:min [2, 5, 9] 2 4 
G:min [2, 7, 10] 7 4 
C:maj [0, 4, 7] 0 4 
A:min [0, 4, 9] 9 4 
D:min [2, 5, 9] 2 4 
G:min [2, 7, 10] 7 8 
A:min [0, 4, 9] 9 8 
G:min [2, 7, 10] 7 2 
C:maj [0, 4, 7] 0 2 
F:maj [0, 5, 9] 5 8 
G:min [2, 7, 10] 7 2 
C:maj [0, 4, 7] 0 6 
Bb:maj [2, 5, 10] 10 4 
F:maj [0, 5, 9] 5 4 
G:min [2, 7, 10] 7 8 
A:min [0, 4, 9] 9 4 
D:min [2, 5, 9] 2 4 
G:min [2, 7, 10] 7 4 
C:maj [0, 4, 7] 0 4 
A:min [0, 4, 9] 9 4 
D:min [2, 5, 9] 2 4 
G:min [2, 7, 10] 7 8 
A:min [0, 4, 9] 9 8 
Eb:maj/3 [3, 7, 10] 7 2 
F:maj [0, 5, 9] 5 5 
G:min [2, 7, 10] 7 3 
C:maj [0, 4, 7] 0 5 
F:maj [0, 5, 9] 5 5 
