0 256
65 2
67 2
69 2
67 2
69 1
0 1
72 3
0 1
69 3
0 11
69 2
72 2
0 2
77 2
74 2
72 2
69 2
72 2
0 2
69 2
0 12
72 2
69 2
67 1
0 1
67 1
0 1
67 2
65 2
67 2
0 2
69 1
0 1
69 1
0 1
62 2
0 10
67 1
0 1
69 2
67 1
0 1
69 2
67 1
0 1
69 1
0 1
72 2
0 2
69 1
0 1
72 2
0 12
65 2
67 2
69 2
67 2
69 1
0 1
67 2
69 1
0 1
72 2
0 2
69 3
0 13
72 1
0 1
77 2
76 2
74 2
72 2
74 2
0 2
72 1
0 1
74 2
0 12
72 2
69 2
67 2
0 2
67 2
65 2
67 2
69 2
0 2
67 2
0 12
67 2
69 2
72 2
72 1
0 1
72 2
69 2
67 1
0 1
65 2
67 1
0 1
69 2
0 2
65 2
0 20
72 4
74 3
0 1
79 3
0 3
81 2
79 2
77 2
74 2
72 3
0 7
69 3
0 1
72 2
0 2
74 1
0 1
74 2
0 2
77 2
74 2
72 2
69 2
67 2
69 3
0 5
72 3
0 1
77 3
79 3
79 1
0 2
81 3
79 2
77 2
74 2
79 2
0 12
77 2
79 2
81 1
0 1
84 2
0 2
81 2
84 2
81 2
81 2
79 2
81 2
0 6
74 3
0 1
77 2
0 2
79 2
0 4
81 2
79 2
77 2
74 2
72 4
0 10
77 2
79 2
81 1
0 1
84 2
0 2
81 2
84 2
81 2
84 2
86 3
0 7
74 3
0 1
77 3
0 1
79 1
0 1
79 1
0 1
79 1
0 1
81 1
0 1
79 1
0 1
77 2
74 2
79 2
0 12
79 2
81 1
0 1
84 2
81 2
0 2
79 2
81 3
0 21
79 2
81 2
79 2
77 2
74 1
0 1
79 2
0 2
77 4
0 286
65 2
67 2
69 2
67 2
69 1
0 1
72 3
0 1
69 3
0 11
69 2
72 2
0 2
77 2
74 2
72 2
69 2
72 2
0 2
69 2
0 12
72 2
69 2
67 1
0 1
67 1
0 1
67 2
65 2
67 2
0 2
69 1
0 1
69 1
0 1
62 2
0 10
67 1
0 1
69 2
67 1
0 1
69 2
67 1
0 1
69 1
0 1
72 2
0 2
69 1
0 1
72 2
0 12
65 2
67 2
69 2
67 2
69 1
0 1
67 2
69 1
0 1
72 2
0 2
69 3
0 13
72 1
0 1
77 2
76 2
74 2
72 2
74 2
0 2
72 1
0 1
74 2
0 12
72 2
69 2
67 2
0 2
67 2
65 2
67 2
69 2
0 2
67 2
0 12
67 2
69 2
72 2
72 1
0 1
72 2
69 2
67 1
0 1
65 2
67 1
0 1
69 2
0 2
65 2
0 20
72 4
74 3
0 1
79 3
0 3
81 2
79 2
77 2
74 2
72 3
0 7
69 3
0 1
72 2
0 2
74 1
0 1
74 2
0 2
77 2
74 2
72 2
69 2
67 2
69 3
0 5
72 3
0 1
77 3
79 3
79 1
0 2
81 3
79 2
77 2
74 2
79 2
0 12
77 2
79 2
81 1
0 1
84 2
0 2
81 2
84 2
81 2
81 2
79 2
81 2
0 6
74 3
0 1
77 2
0 2
79 2
0 4
81 2
79 2
77 2
74 2
72 4
0 10
77 2
79 2
81 1
0 1
84 2
0 2
81 2
84 2
81 2
84 2
86 3
0 7
74 3
0 1
77 3
0 1
79 1
0 1
79 1
0 1
79 1
0 1
81 1
0 1
79 1
0 1
77 2
74 2
79 2
0 12
79 2
81 1
0 1
84 2
81 2
0 2
79 2
81 3
0 21
79 2
81 2
79 2
77 2
74 1
0 1
79 2
0 2
77 4
0 22
72 4
74 3
0 1
79 3
0 3
81 2
79 2
77 2
74 2
72 3
0 7
69 3
0 1
72 2
0 2
74 1
0 1
74 2
0 2
77 2
74 2
72 2
69 2
67 2
69 3
0 5
72 3
0 2
77 3
79 2
79 1
0 2
81 3
79 2
77 2
74 2
79 2
0 12
77 2
79 2
81 1
0 1
84 2
0 2
81 2
84 2
81 2
81 2
79 2
81 2
0 6
74 3
0 1
77 2
0 2
79 2
0 4
81 2
79 2
77 2
74 2
72 4
0 10
77 2
79 2
81 1
0 1
84 2
0 2
81 2
84 2
81 2
84 2
86 3
0 7
74 3
0 1
77 3
0 1
79 1
0 1
79 1
0 1
79 1
0 1
81 1
0 1
79 1
0 1
77 2
74 2
79 2
0 12
79 2
81 1
0 1
84 2
81 2
0 2
79 2
81 3
0 21
79 2
81 2
79 2
77 2
74 1
0 1
79 2
0 2
77 4
0 14
79 2
81 2
79 2
77 2
74 2
79 16
0 6
77 5
