0 48
62 1
0 1
62 1
0 1
62 1
0 1
62 1
65 3
65 1
0 1
65 1
63 3
62 3
0 13
58 1
0 1
58 1
0 1
58 1
0 1
58 1
60 3
60 1
0 1
58 1
60 3
62 7
0 9
62 1
0 1
62 1
0 1
62 1
0 1
62 2
65 2
65 1
0 1
65 1
0 1
63 1
62 5
0 12
58 1
0 1
58 1
0 1
58 1
0 1
58 1
60 3
60 2
0 1
58 1
57 2
58 10
0 6
62 1
0 1
62 1
0 1
62 1
0 1
62 1
0 1
65 2
65 1
0 1
65 2
65 1
0 1
67 3
0 3
65 1
62 4
0 5
63 1
0 1
63 1
0 1
63 1
0 1
63 2
65 1
0 1
65 2
0 1
60 1
58 2
60 6
0 10
62 1
0 1
62 1
0 1
62 1
0 1
62 1
0 1
65 1
0 1
65 1
0 1
65 1
0 1
65 2
67 3
0 4
65 1
62 2
0 6
58 1
0 1
58 1
0 1
58 1
0 1
58 1
0 1
60 2
60 2
0 1
58 1
57 2
58 7
0 3
58 2
62 2
65 2
67 4
67 1
0 1
67 1
0 1
67 2
0 2
67 2
62 2
65 2
0 2
62 1
0 1
60 1
58 3
0 2
58 1
0 1
58 1
60 2
0 3
60 1
0 1
60 1
62 3
60 3
0 1
60 3
0 1
60 7
0 1
58 2
62 2
65 2
67 3
0 1
67 1
0 1
67 1
0 1
67 3
0 1
67 2
62 2
65 3
0 1
62 2
60 1
58 3
0 2
58 1
0 1
58 1
60 3
0 2
60 1
0 1
60 1
62 3
60 1
0 2
62 1
60 2
0 2
58 10
0 132
62 1
0 1
62 1
0 1
62 1
0 1
62 1
65 3
65 1
0 1
65 1
63 3
62 3
0 13
58 1
0 1
58 1
0 1
58 1
0 1
58 1
60 3
60 1
0 1
58 1
60 3
62 7
0 9
62 1
0 1
62 1
0 1
62 1
0 1
62 2
65 2
65 1
0 1
65 1
0 1
63 1
62 5
0 12
58 1
0 1
58 1
0 1
58 1
0 1
58 1
60 3
60 2
0 1
58 1
57 2
58 10
0 6
62 1
0 1
62 1
0 1
62 1
0 1
62 1
0 1
65 2
65 1
0 1
65 2
65 1
0 1
67 3
0 3
65 1
62 4
0 5
63 1
0 1
63 1
0 1
63 1
0 1
63 2
65 1
0 1
65 2
0 1
60 1
58 2
60 6
0 10
62 1
0 1
62 1
0 1
62 1
0 1
62 1
0 1
65 1
0 1
65 1
0 1
65 1
0 1
65 2
67 3
0 4
65 1
62 2
0 6
58 1
0 1
58 1
0 1
58 1
0 1
58 1
0 1
60 2
60 2
0 1
58 1
57 2
58 7
0 3
58 2
62 2
65 2
67 4
67 1
0 1
67 1
0 1
67 2
0 2
67 2
62 2
65 2
0 2
62 1
0 1
60 1
58 3
0 2
58 1
0 1
58 1
60 2
0 3
60 1
0 1
60 1
62 3
60 3
0 1
60 3
0 1
60 7
0 1
58 2
62 2
65 2
67 3
0 1
67 1
0 1
67 1
0 1
67 3
0 1
67 2
62 2
65 3
0 1
62 2
60 1
58 3
0 2
58 1
0 1
58 1
60 3
0 2
60 1
0 1
60 1
62 3
60 1
0 2
62 1
60 2
0 2
58 6
0 2
58 2
62 2
65 2
67 4
67 1
0 1
67 1
0 1
67 2
0 2
67 2
62 2
65 2
0 2
62 1
0 1
60 1
58 3
0 2
58 1
0 1
58 1
60 2
0 3
60 1
0 1
60 1
62 3
60 3
0 1
60 3
0 1
60 7
0 1
58 2
62 2
65 2
67 3
0 1
67 1
0 1
67 1
0 1
67 3
0 1
67 2
62 2
65 3
0 1
62 2
60 1
58 3
0 2
58 1
0 1
58 1
60 3
0 2
60 1
0 1
60 1
62 3
60 1
0 2
62 1
60 2
0 2
58 6
0 2
58 2
62 2
65 2
67 4
67 1
0 1
67 1
0 1
67 2
0 2
67 2
62 2
65 2
0 2
62 1
0 1
60 1
58 3
0 2
58 1
0 1
58 1
60 2
0 3
60 1
0 1
60 1
62 3
60 3
0 1
60 3
0 1
60 7
0 1
58 2
62 2
65 2
67 3
0 1
67 1
0 1
67 1
0 1
67 3
0 1
67 2
62 2
65 3
0 1
62 2
60 1
58 3
0 2
58 1
0 1
58 1
60 3
0 2
60 1
0 1
60 1
62 3
60 1
0 9
62 2
60 2
58 16
