Bb:maj [2, 5, 10] 10 2 
G:min [2, 7, 10] 7 2 
F:maj [0, 5, 9] 5 4 
Bb:maj [2, 5, 10] 10 2 
C:maj [0, 4, 7] 0 2 
F:sus2 [0, 5, 7] 5 4 
Bb:maj [2, 5, 10] 10 2 
C:maj [0, 4, 7] 0 2 
F:maj [0, 5, 9] 5 4 
Bb:maj [2, 5, 10] 10 2 
C:maj [0, 4, 7] 0 2 
F:maj [0, 5, 9] 5 4 
Bb:maj [2, 5, 10] 10 2 
C:maj [0, 4, 7] 0 4 
D:min [2, 5, 9] 2 2 
Bb:maj [2, 5, 10] 10 4 
C:maj [0, 4, 7] 0 4 
F:maj [0, 5, 9] 5 2 
A:min/5 [0, 4, 9] 4 2 
Bb:maj [2, 5, 10] 10 2 
C:maj [0, 4, 7] 0 2 
F:maj [0, 5, 9] 5 2 
C:maj [0, 4, 7] 0 2 
Bb:maj [2, 5, 10] 10 2 
C:maj [0, 4, 7] 0 2 
Bb:maj [2, 5, 10] 10 2 
C:maj [0, 4, 7] 0 2 
F:maj7/5 [0, 3, 5, 9] 0 2 
D:min [2, 5, 9] 2 2 
Bb:maj [2, 5, 10] 10 2 
C:maj [0, 4, 7] 0 2 
F:maj [0, 5, 9] 5 12 
Bb:maj [2, 5, 10] 10 2 
C:maj [0, 4, 7] 0 2 
F:maj [0, 5, 9] 5 4 
Bb:maj [2, 5, 10] 10 2 
C:maj [0, 4, 7] 0 2 
F:maj [0, 5, 9] 5 4 
Bb:maj [2, 5, 10] 10 2 
C:maj [0, 4, 7] 0 2 
F:maj [0, 5, 9] 5 4 
Bb:maj [2, 5, 10] 10 2 
C:maj [0, 4, 7] 0 2 
F:maj6 [0, 2, 5, 9] 5 2 
D:min [2, 5, 9] 2 2 
Bb:maj [2, 5, 10] 10 4 
C:maj [0, 4, 7] 0 4 
F:maj [0, 5, 9] 5 2 
A:min/5 [0, 4, 9] 4 2 
Bb:maj [2, 5, 10] 10 2 
C:maj [0, 4, 7] 0 2 
F:maj [0, 5, 9] 5 2 
A:min/5 [0, 4, 9] 4 2 
Bb:maj [2, 5, 10] 10 2 
C:maj [0, 4, 7] 0 2 
Bb:maj [2, 5, 10] 10 2 
C:maj [0, 4, 7] 0 2 
F:maj7/5 [0, 3, 5, 9] 0 2 
D:min [2, 5, 9] 2 2 
Bb:maj [2, 5, 10] 10 2 
C:maj [0, 4, 7] 0 2 
F:maj [0, 5, 9] 5 6 
C:maj [0, 4, 7] 0 4 
D:min [2, 5, 9] 2 2 
Bb:maj [2, 5, 10] 10 2 
C:maj [0, 4, 7] 0 2 
F:maj [0, 5, 9] 5 2 
C:maj [0, 4, 7] 0 2 
F:maj [0, 5, 9] 5 2 
A:min7/b7 [0, 4, 7, 9] 7 2 
Bb:maj [2, 5, 10] 10 2 
C:maj [0, 4, 7] 0 2 
F:maj [0, 5, 9] 5 2 
A:min7/b7 [0, 4, 7, 9] 7 2 
Bb:maj [2, 5, 10] 10 2 
C:maj [0, 4, 7] 0 2 
Bb:maj [2, 5, 10] 10 2 
C:maj [0, 4, 7] 0 2 
F:maj [0, 5, 9] 5 4 
Bb:maj [2, 5, 10] 10 2 
C:maj [0, 4, 7] 0 2 
F:maj [0, 5, 9] 5 2 
C:maj [0, 4, 7] 0 2 
Bb:maj [2, 5, 10] 10 2 
C:maj [0, 4, 7] 0 2 
F:maj [0, 5, 9] 5 2 
C:maj [0, 4, 7] 0 2 
Bb:maj [2, 5, 10] 10 2 
C:maj [0, 4, 7] 0 2 
Bb:maj [2, 5, 10] 10 2 
C:maj [0, 4, 7] 0 4 
D:min [2, 5, 9] 2 2 
Bb:maj [2, 5, 10] 10 2 
C:maj [0, 4, 7] 0 2 
F:maj [0, 5, 9] 5 10 
G:maj [2, 7, 11] 7 2 
Bb:maj [2, 5, 10] 10 2 
C:maj [0, 4, 7] 0 2 
F:maj [0, 5, 9] 5 2 
G:sus4(b7) [0, 2, 7] 7 2 
Bb:maj [2, 5, 10] 10 2 
C:maj [0, 4, 7] 0 2 
F:maj [0, 5, 9] 5 2 
G:sus4(b7) [0, 2, 7] 7 2 
Bb:maj [2, 5, 10] 10 2 
C:maj [0, 4, 7] 0 2 
