0 56
53 2
55 2
57 2
60 2
62 5
0 3
62 2
60 2
57 1
0 1
62 3
0 1
60 5
0 1
53 1
0 1
55 1
0 1
57 2
60 2
62 4
0 4
62 2
60 2
57 2
62 3
0 1
60 5
0 1
53 2
55 2
57 2
60 2
62 6
60 2
62 1
0 1
64 1
0 1
65 1
0 1
67 1
0 1
65 1
0 1
57 1
0 1
64 1
0 1
55 1
57 1
0 2
65 2
62 2
53 1
0 1
62 1
60 1
0 1
62 2
0 2
60 1
62 1
0 1
60 1
0 1
62 2
64 2
65 3
0 3
67 1
67 5
0 2
60 1
0 1
69 1
0 1
69 1
69 2
0 1
60 2
67 2
65 1
67 2
72 2
0 1
70 1
0 1
62 1
62 2
0 1
65 2
64 3
0 3
60 2
69 1
0 1
69 1
69 1
0 2
60 2
67 2
65 1
67 1
0 2
72 1
0 1
70 1
0 1
62 1
62 1
0 1
69 2
0 1
67 3
0 5
62 1
0 1
62 1
62 1
0 1
62 1
62 1
60 1
64 2
64 1
64 1
0 1
64 1
64 1
62 1
65 1
65 1
0 2
67 1
67 1
0 2
69 2
0 4
62 1
64 1
65 1
64 1
62 1
65 1
0 1
62 1
65 1
64 1
62 2
0 2
64 1
65 2
0 1
65 9
0 63
53 2
55 2
57 2
60 2
62 5
0 3
62 2
60 2
57 1
0 1
62 3
0 1
60 5
0 1
53 1
0 1
55 1
0 1
57 2
60 2
62 4
0 4
62 2
60 2
57 2
62 3
0 1
60 5
0 1
53 2
55 2
57 2
60 2
62 6
60 2
62 1
0 1
64 1
0 1
65 1
0 1
67 1
0 1
65 1
0 1
57 1
0 1
64 1
0 1
55 1
57 1
0 2
65 2
62 2
53 1
0 1
62 1
60 1
0 1
62 2
0 2
60 1
62 1
0 1
60 1
0 1
62 2
64 2
65 3
0 3
67 1
67 5
0 2
60 1
0 1
69 1
0 1
69 1
69 2
0 1
60 2
67 2
65 1
67 2
72 2
0 1
70 1
0 1
62 1
62 2
0 1
65 2
64 3
0 3
60 2
69 1
0 1
69 1
69 1
0 2
60 2
67 2
65 1
67 1
0 2
72 1
0 1
70 1
0 1
62 1
62 1
0 1
69 2
0 1
67 3
0 5
62 1
0 1
62 1
62 1
0 1
62 1
62 1
60 1
64 2
64 1
64 1
0 1
64 1
64 1
62 1
65 1
65 1
0 2
67 1
67 1
0 2
69 2
0 4
62 1
64 1
65 1
64 1
62 1
65 1
0 1
62 1
65 1
64 1
62 2
0 2
64 1
65 2
0 1
65 9
0 3
69 1
67 1
65 1
64 1
62 1
0 1
69 1
0 1
69 1
0 1
70 2
67 1
0 3
67 1
65 1
64 1
62 1
60 1
0 1
67 1
60 1
65 1
0 1
67 1
69 3
0 2
69 1
67 1
65 1
64 1
62 1
0 1
69 1
0 1
69 1
0 1
70 1
0 1
64 2
0 4
64 1
65 1
65 4
0 3
67 1
67 4
0 2
60 1
0 1
69 1
0 1
69 1
69 2
0 1
60 2
67 2
65 1
67 2
72 2
0 1
70 1
0 1
62 1
62 2
0 1
65 2
64 3
0 3
60 2
69 1
0 1
69 1
69 1
0 2
60 2
67 2
65 1
67 1
0 2
72 1
0 1
70 1
0 1
62 1
62 1
0 1
69 2
0 1
67 3
0 5
62 1
0 1
62 1
62 1
0 1
62 1
62 1
60 1
64 2
64 1
64 1
0 1
64 1
64 1
62 1
65 1
65 1
0 2
67 1
67 1
0 2
69 2
0 4
62 1
64 1
65 1
64 1
62 1
65 1
0 1
62 1
65 1
64 1
62 2
0 2
64 1
65 1
60 1
65 1
69 1
0 1
69 1
69 2
0 1
60 2
67 2
65 1
67 2
72 2
0 1
70 1
0 1
62 1
62 2
0 1
65 2
64 3
0 3
60 2
69 1
0 1
69 1
69 1
0 2
60 2
67 2
65 1
67 1
0 2
72 1
0 1
70 1
0 1
62 1
62 1
0 1
69 2
0 1
67 3
0 5
62 1
0 1
62 1
62 1
0 1
62 1
62 1
60 1
64 2
64 1
64 1
0 1
64 1
64 1
62 1
65 1
65 1
0 2
67 1
67 1
0 2
69 2
0 4
62 1
64 1
65 1
64 1
62 1
65 1
0 1
62 1
65 1
64 1
62 2
0 2
64 1
65 2
0 1
65 8
