0 260
65 1
0 1
63 1
0 1
65 1
0 1
63 1
0 1
65 5
0 1
63 1
0 1
65 1
0 1
63 1
0 1
65 1
0 1
63 1
0 1
65 5
0 3
65 1
0 1
63 1
0 1
65 1
0 1
63 1
0 1
65 3
0 1
61 2
63 1
0 1
65 1
0 1
63 1
0 1
65 1
0 1
63 1
0 1
65 4
0 4
63 2
61 2
63 2
61 1
0 1
63 2
61 1
0 1
63 2
61 1
0 1
63 2
61 2
65 3
0 1
58 1
0 1
61 6
0 4
65 3
0 1
58 1
0 1
61 10
0 12
65 1
0 1
63 1
0 1
65 1
0 1
63 1
0 1
65 5
0 1
63 1
0 1
65 1
0 1
63 1
0 1
65 1
0 1
63 1
0 1
65 5
0 3
65 1
0 1
63 1
0 1
65 1
0 1
63 1
0 1
65 3
0 1
61 2
63 1
0 1
65 1
0 1
63 1
0 1
65 1
0 1
63 1
0 1
65 4
0 4
63 2
61 2
63 2
61 1
0 1
63 2
61 1
0 1
63 2
61 1
0 1
63 2
61 2
65 3
0 1
58 1
0 1
61 6
0 4
65 3
0 1
58 1
0 1
61 10
0 12
73 2
72 2
73 2
72 1
0 1
73 1
0 1
72 1
0 1
73 1
0 1
72 1
0 1
73 1
0 1
72 1
0 1
75 3
0 1
72 1
0 1
73 5
0 1
73 2
72 1
0 1
73 2
72 1
0 1
73 2
72 2
73 2
72 2
73 1
0 1
75 1
0 1
77 3
0 1
73 2
80 19
0 3
73 3
0 1
80 3
0 1
82 1
0 1
77 4
75 6
75 3
0 3
68 1
0 1
77 2
75 1
0 1
73 1
0 1
77 4
70 5
0 1
77 2
75 1
0 1
73 2
77 3
0 1
75 5
0 1
75 2
73 2
72 2
75 3
0 1
73 2
72 2
75 3
0 1
80 1
0 1
80 1
0 1
75 4
73 4
73 1
0 1
73 1
0 1
72 2
70 2
73 4
0 4
73 1
0 1
73 2
72 2
70 2
73 5
0 3
73 2
73 2
72 1
0 1
73 1
0 1
75 2
78 4
77 1
0 1
77 3
0 1
75 1
0 1
73 1
0 1
77 7
0 1
77 1
0 1
77 2
75 1
0 1
73 1
0 1
77 4
70 5
0 1
77 2
75 1
0 1
73 2
77 3
0 1
75 5
0 1
75 2
73 2
72 2
75 3
0 1
73 2
72 2
75 3
0 1
80 1
0 1
80 1
0 1
75 4
73 4
68 1
0 1
80 1
0 1
80 2
80 2
80 2
80 4
78 1
0 1
78 4
0 2
73 2
75 2
77 5
0 1
78 2
77 2
75 1
0 1
73 2
75 4
73 14
0 104
0 4
65 1
0 1
63 1
0 1
65 1
0 1
63 1
0 1
65 5
0 1
63 1
0 1
65 1
0 1
63 1
0 1
65 1
0 1
63 1
0 1
65 5
0 3
65 1
0 1
63 1
0 1
65 1
0 1
63 1
0 1
65 3
0 1
61 2
63 1
0 1
65 1
0 1
63 1
0 1
65 1
0 1
63 1
0 1
65 4
0 4
63 2
61 2
63 2
61 1
0 1
63 2
61 1
0 1
63 2
61 1
0 1
63 2
61 2
65 3
0 1
58 1
0 1
61 6
0 4
65 3
0 1
58 1
0 1
61 10
0 12
65 1
0 1
63 1
0 1
65 1
0 1
63 1
0 1
65 5
0 1
63 1
0 1
65 1
0 1
63 1
0 1
65 1
0 1
63 1
0 1
65 5
0 3
65 1
0 1
63 1
0 1
65 1
0 1
63 1
0 1
65 3
0 1
61 2
63 1
0 1
65 1
0 1
63 1
0 1
65 1
0 1
63 1
0 1
65 4
0 4
63 2
61 2
63 2
61 1
0 1
63 2
61 1
0 1
63 2
61 1
0 1
63 2
61 2
65 3
0 1
58 1
0 1
61 6
0 4
65 3
0 1
58 1
0 1
61 10
0 12
73 2
72 2
73 2
72 1
0 1
73 1
0 1
72 1
0 1
73 1
0 1
72 1
0 1
73 1
0 1
72 1
0 1
75 3
0 1
72 1
0 1
73 5
0 1
73 2
72 1
0 1
73 2
72 1
0 1
73 2
72 2
73 2
72 2
73 1
0 1
75 1
0 1
77 3
0 1
73 2
80 19
0 3
73 3
0 1
80 3
0 1
82 1
0 1
77 4
75 6
75 3
0 3
68 1
0 1
77 2
75 1
0 1
73 1
0 1
77 4
70 5
0 1
77 2
75 1
0 1
73 2
77 3
0 1
75 5
0 1
75 2
73 2
72 2
75 3
0 1
73 2
72 2
75 3
0 1
80 1
0 1
80 1
0 1
75 4
73 4
73 1
0 1
73 1
0 1
72 2
70 2
73 4
0 4
73 1
0 1
73 2
72 2
70 2
73 5
0 3
73 2
73 2
72 1
0 1
73 1
0 1
75 2
78 4
77 1
0 1
77 3
0 1
75 1
0 1
73 1
0 1
77 7
0 1
77 1
0 1
77 2
75 1
0 1
73 1
0 1
77 4
70 5
0 1
77 2
75 1
0 1
73 2
77 3
0 1
75 5
0 1
75 2
73 2
72 2
75 3
0 1
73 2
72 2
75 3
0 1
80 1
0 1
80 1
0 1
75 4
73 4
68 1
0 1
80 1
0 1
80 2
80 2
80 2
80 4
78 1
0 1
78 4
0 2
73 2
75 2
77 5
0 1
78 2
77 2
75 1
0 1
73 2
75 4
73 14
0 6
68 1
0 1
77 2
75 1
0 1
73 1
0 1
77 4
70 5
0 1
77 2
75 1
0 1
73 2
77 3
0 1
75 5
0 1
75 2
73 2
72 2
75 3
0 1
73 2
72 2
75 3
0 1
80 1
0 1
80 1
0 1
75 4
73 4
73 1
0 1
73 1
0 1
72 2
70 2
73 4
0 4
73 1
0 1
73 2
72 2
70 2
73 5
0 3
73 2
73 2
72 1
0 1
73 1
0 1
75 2
78 4
77 1
0 1
77 3
0 1
75 1
0 1
73 1
0 1
77 7
0 1
77 1
0 1
77 2
75 1
0 1
73 1
0 1
77 4
70 5
0 1
77 2
75 1
0 1
73 2
77 3
0 1
75 5
0 1
75 2
73 2
72 2
75 3
0 1
73 2
72 2
75 3
0 1
80 1
0 1
80 1
0 1
75 4
73 4
68 1
0 1
80 1
0 1
80 2
80 2
80 2
80 4
78 1
0 1
78 4
0 2
73 2
75 2
77 5
0 1
78 2
77 2
75 1
0 1
73 2
75 4
73 14
