G:maj/5 [2, 7, 11] 2 4 
B:min [2, 6, 11] 11 4 
C:maj [0, 4, 7] 0 4 
D:maj [2, 6, 9] 2 3 
G:maj [2, 7, 11] 7 5 
D:maj [2, 6, 9] 2 3 
E:min [4, 7, 11] 4 5 
D:maj [2, 6, 9] 2 4 
C:maj [0, 4, 7] 0 4 
B:min [2, 6, 11] 11 2 
B:sus4 [4, 6, 11] 11 1 
A:min [0, 4, 9] 9 5 
D:sus2 [2, 4, 9] 2 3 
G:sus2 [2, 7, 9] 7 5 
D:maj/3 [2, 6, 9] 6 3 
E:min [4, 7, 11] 4 5 
D:maj [2, 6, 9] 2 4 
C:maj [0, 4, 7] 0 4 
B:min [2, 6, 11] 11 2 
B:sus4 [4, 6, 11] 11 1 
A:min [0, 4, 9] 9 5 
D:sus2 [2, 4, 9] 2 4 
G:maj [2, 7, 11] 7 3 
B:min [2, 6, 11] 11 4 
E:min [4, 7, 11] 4 4 
E:min7 [2, 4, 7, 11] 4 1 
D:sus2 [2, 4, 9] 2 4 
C:maj [0, 4, 7] 0 4 
B:min [2, 6, 11] 11 1 
B:sus4 [4, 6, 11] 11 2 
E:maj [4, 8, 11] 4 1 
A:min [0, 4, 9] 9 3 
A:min9 [0, 4, 7, 9, 11] 9 1 
D:sus4(b7) [2, 7, 9] 2 1 
D:sus4(b7,9) [0, 2, 4, 6, 9] 2 3 
G:maj [2, 7, 11] 7 3 
B:min [2, 6, 11] 11 4 
E:min [4, 7, 11] 4 4 
E:min7 [2, 4, 7, 11] 4 1 
D:sus2 [2, 4, 9] 2 4 
C:maj [0, 4, 7] 0 4 
B:min [2, 6, 11] 11 1 
B:sus4 [4, 6, 11] 11 2 
E:maj [4, 8, 11] 4 1 
A:min [0, 4, 9] 9 3 
A:min9 [0, 4, 7, 9, 11] 9 1 
D:sus4(b7) [2, 7, 9] 2 1 
D:sus4(b7,9) [0, 2, 4, 6, 9] 2 2 
G:sus2 [2, 7, 9] 7 5 
B:min [2, 6, 11] 11 4 
C:maj [0, 4, 7] 0 4 
D:maj [2, 6, 9] 2 4 
G:maj [2, 7, 11] 7 4 
B:min [2, 6, 11] 11 4 
C:maj [0, 4, 7] 0 4 
D:maj [2, 6, 9] 2 4 
G:maj [2, 7, 11] 7 12 
B:min [2, 6, 11] 11 3 
E:min [4, 7, 11] 4 5 
D:maj [2, 6, 9] 2 4 
C:maj [0, 4, 7] 0 4 
B:min [2, 6, 11] 11 2 
B:sus4 [4, 6, 11] 11 1 
A:min [0, 4, 9] 9 5 
D:sus2 [2, 4, 9] 2 4 
G:maj [2, 7, 11] 7 3 
B:min [2, 6, 11] 11 4 
E:min [4, 7, 11] 4 4 
E:min7 [2, 4, 7, 11] 4 1 
D:sus2 [2, 4, 9] 2 4 
C:maj [0, 4, 7] 0 4 
B:min [2, 6, 11] 11 1 
B:sus4 [4, 6, 11] 11 2 
E:maj [4, 8, 11] 4 1 
A:min [0, 4, 9] 9 3 
A:min9 [0, 4, 7, 9, 11] 9 1 
D:sus4(b7) [2, 7, 9] 2 1 
D:sus4(b7,9) [0, 2, 4, 6, 9] 2 3 
G:maj [2, 7, 11] 7 3 
B:min [2, 6, 11] 11 4 
E:min [4, 7, 11] 4 4 
E:min7 [2, 4, 7, 11] 4 1 
D:sus2 [2, 4, 9] 2 4 
C:maj [0, 4, 7] 0 4 
B:min [2, 6, 11] 11 3 
E:maj [4, 8, 11] 4 1 
A:min [0, 4, 9] 9 3 
A:min9 [0, 4, 7, 9, 11] 9 1 
D:sus4(b7) [2, 7, 9] 2 1 
D:sus4(b7,9) [0, 2, 4, 6, 9] 2 2 
G:sus2 [2, 7, 9] 7 5 
B:min [2, 6, 11] 11 4 
C:maj [0, 4, 7] 0 4 
D:maj [2, 6, 9] 2 4 
G:maj [2, 7, 11] 7 4 
B:min [2, 6, 11] 11 4 
C:maj [0, 4, 7] 0 4 
D:maj [2, 6, 9] 2 4 
G:maj [2, 7, 11] 7 3 
B:min [2, 6, 11] 11 5 
C:maj [0, 4, 7] 0 4 
D:maj [2, 6, 9] 2 3 
G:maj [2, 7, 11] 7 4 
B:min [2, 6, 11] 11 5 
C:maj [0, 4, 7] 0 4 
D:maj [2, 6, 9] 2 3 
G:maj [2, 7, 11] 7 4 
B:min [2, 6, 11] 11 5 
C:maj [0, 4, 7] 0 4 
D:maj [2, 6, 9] 2 3 
