0 70
62 2
71 2
62 2
71 1
0 1
67 3
0 1
69 12
0 8
62 2
71 2
62 2
71 1
0 1
67 3
0 1
74 13
0 7
67 2
76 2
67 2
76 2
72 3
0 1
74 3
0 1
79 6
0 10
67 1
0 1
69 1
0 1
71 1
0 1
72 1
0 1
74 3
0 1
71 3
0 1
69 9
0 7
62 2
71 2
62 2
71 1
0 1
67 3
0 1
69 12
0 8
62 2
71 2
62 2
71 1
0 1
67 3
0 1
74 7
0 1
71 1
0 1
69 2
67 6
0 2
67 2
76 2
67 2
76 2
72 3
0 1
74 3
0 1
79 6
0 10
67 1
0 1
69 1
0 1
71 1
0 1
72 1
0 1
74 3
0 1
79 3
0 1
81 9
0 3
74 1
74 1
74 1
0 1
71 1
71 1
71 1
0 1
69 1
69 1
69 1
0 1
67 1
0 1
69 1
0 1
71 1
0 1
69 10
0 4
74 1
74 1
74 1
0 1
71 1
71 1
71 1
0 1
69 1
69 1
69 1
0 1
67 1
0 1
74 1
0 1
76 1
0 1
74 6
0 6
74 1
0 1
76 1
0 1
74 1
0 1
76 1
0 1
74 1
0 1
71 1
0 1
74 2
0 2
71 1
0 1
74 1
0 1
71 1
0 1
74 1
0 1
71 1
0 1
64 1
0 1
67 3
0 3
72 1
72 1
72 1
0 1
71 1
72 1
0 1
72 1
0 1
71 1
72 1
0 1
71 1
72 1
74 1
0 1
76 1
0 1
74 8
0 6
74 1
74 1
74 1
0 1
71 1
71 1
71 1
0 1
69 1
69 1
69 1
0 1
67 1
0 1
69 1
0 1
71 1
0 1
69 10
0 4
74 1
74 1
74 1
0 1
71 1
71 1
71 1
0 1
69 1
69 1
69 1
0 1
67 1
0 1
74 1
0 1
76 1
0 1
74 6
0 6
74 1
0 1
76 1
0 1
74 1
0 1
76 1
0 1
74 1
0 1
71 1
0 1
74 2
0 2
71 1
0 1
74 1
0 1
71 1
0 1
74 1
0 1
71 1
0 1
81 1
0 1
79 3
0 3
72 1
72 1
72 1
0 1
71 1
72 1
0 1
72 1
0 1
71 1
72 1
0 1
71 1
72 1
74 1
0 1
76 1
0 1
74 8
0 4
69 1
0 1
71 1
0 1
69 2
0 2
69 1
0 1
71 1
0 1
69 3
0 1
69 1
0 1
71 1
0 1
69 3
67 1
69 1
67 1
71 1
0 1
69 2
0 2
74 1
0 1
76 1
0 1
74 3
0 1
74 1
0 1
76 1
0 1
74 4
0 7
74 1
0 1
74 1
79 1
0 1
78 3
0 103
62 2
71 2
62 2
71 1
0 1
67 3
0 1
69 12
0 8
62 2
71 2
62 2
71 1
0 1
67 3
0 1
74 7
0 1
71 1
0 1
69 2
67 6
0 2
67 2
76 2
67 2
76 2
72 3
0 1
74 3
0 1
79 6
0 10
67 1
0 1
69 1
0 1
71 1
0 1
72 1
0 1
74 3
0 1
79 3
0 1
81 9
0 3
74 1
74 1
74 1
0 1
71 1
71 1
71 1
0 1
69 1
69 1
69 1
0 1
67 1
0 1
69 1
0 1
71 1
0 1
69 10
0 4
74 1
74 1
74 1
0 1
71 1
71 1
71 1
0 1
69 1
69 1
69 1
0 1
67 1
0 1
74 1
0 1
76 1
0 1
74 6
0 6
74 1
0 1
76 1
0 1
74 1
0 1
76 1
0 1
74 1
0 1
71 1
0 1
74 2
0 2
71 1
0 1
74 1
0 1
71 1
0 1
74 1
0 1
71 1
0 1
64 1
0 1
67 3
0 3
72 1
72 1
72 1
0 1
71 1
72 1
0 1
72 1
0 1
71 1
72 1
0 1
71 1
72 1
74 1
0 1
76 1
0 1
74 8
0 6
74 1
74 1
74 1
0 1
71 1
71 1
71 1
0 1
69 1
69 1
69 1
0 1
67 1
0 1
69 1
0 1
71 1
0 1
69 10
0 4
74 1
74 1
74 1
0 1
71 1
71 1
71 1
0 1
69 1
69 1
69 1
0 1
67 1
0 1
74 1
0 1
76 1
0 1
74 6
0 6
74 1
0 1
76 1
0 1
74 1
0 1
76 1
0 1
74 1
0 1
71 1
0 1
74 2
0 2
71 1
0 1
74 1
0 1
71 1
0 1
74 1
0 1
71 1
0 1
64 1
0 1
67 3
0 3
72 1
72 1
72 1
0 1
71 1
72 1
0 1
72 1
0 1
71 1
72 1
0 1
71 1
72 1
74 1
0 1
76 1
0 1
74 8
0 4
69 1
0 1
71 1
0 1
69 2
0 2
69 1
0 1
71 1
0 1
69 3
0 1
69 1
0 1
71 1
0 1
69 3
67 1
69 1
67 1
71 1
0 1
69 2
0 2
74 1
0 1
76 1
0 1
74 3
0 1
74 1
0 1
76 1
0 1
74 4
0 7
74 1
0 1
74 1
79 1
0 1
78 3
0 1
69 1
0 1
71 1
0 1
69 2
0 2
69 1
0 1
71 1
0 1
69 3
0 1
69 1
0 1
71 1
0 1
69 3
67 1
69 1
67 1
71 1
0 1
69 2
0 2
74 1
0 1
76 1
0 1
74 3
0 1
74 1
0 1
76 1
0 1
74 4
0 6
71 1
72 1
74 2
71 2
81 4
79 11
