F#:maj [1, 6, 10] 6 4 
D:maj7 [0, 2, 6, 9] 2 4 
E:maj [4, 8, 11] 4 4 
C#:min [1, 4, 8] 1 4 
D:maj [2, 6, 9] 2 4 
G:maj/3 [2, 7, 11] 11 3 
C#:sus4 [1, 6, 8] 1 13 
F#:maj [1, 6, 10] 6 4 
D:maj7 [0, 2, 6, 9] 2 4 
E:maj [4, 8, 11] 4 4 
A:maj/5 [1, 4, 9] 4 2 
F#:min [1, 6, 9] 6 6 
D:maj [2, 6, 9] 2 4 
E:maj [4, 8, 11] 4 4 
A:maj [1, 4, 9] 9 4 
D:maj [2, 6, 9] 2 3 
E:maj [4, 8, 11] 4 5 
C#:min [1, 4, 8] 1 2 
F#:min [1, 6, 9] 6 6 
D:maj [2, 6, 9] 2 2 
E:maj [4, 8, 11] 4 6 
A:maj [1, 4, 9] 9 2 
C#:maj [1, 5, 8] 1 5 
F#:sus2 [1, 6, 8] 6 5 
D:maj [2, 6, 9] 2 3 
E:maj [4, 8, 11] 4 5 
E:sus4 [4, 9, 11] 4 1 
A:maj [1, 4, 9] 9 1 
F#:sus2 [1, 6, 8] 6 4 
D:maj [2, 6, 9] 2 4 
E:maj [4, 8, 11] 4 6 
A:maj [1, 4, 9] 9 4 
D:maj [2, 6, 9] 2 2 
E:maj [4, 8, 11] 4 4 
C#:min [1, 4, 8] 1 4 
F#:sus2 [1, 6, 8] 6 4 
F#:min [1, 6, 9] 6 2 
D:maj [2, 6, 9] 2 2 
E:maj [4, 8, 11] 4 4 
F#:sus2 [1, 6, 8] 6 9 
F#:min7 [1, 4, 6, 9] 6 1 
A:maj [1, 4, 9] 9 8 
E:maj/3 [4, 8, 11] 8 7 
E:maj [4, 8, 11] 4 1 
B:sus4 [4, 6, 11] 11 6 
C#:min [1, 4, 8] 1 2 
D:maj [2, 6, 9] 2 2 
E:maj [4, 8, 11] 4 5 
A:maj [1, 4, 9] 9 9 
E:maj/3 [4, 8, 11] 8 7 
C:maj/3 [0, 4, 7] 4 1 
B:min [2, 6, 11] 11 6 
C#:min7 [1, 4, 8, 11] 1 1 
D:maj7 [0, 2, 6, 9] 2 3 
E:maj [4, 8, 11] 4 6 
F#:maj [1, 6, 10] 6 4 
D:maj7 [0, 2, 6, 9] 2 4 
E:maj [4, 8, 11] 4 4 
C#:min [1, 4, 8] 1 4 
D:maj [2, 6, 9] 2 4 
B:min7 [2, 6, 9, 11] 11 3 
C#:sus4 [1, 6, 8] 1 9 
F#:min [1, 6, 9] 6 4 
D:maj [2, 6, 9] 2 3 
E:maj [4, 8, 11] 4 5 
A:maj [1, 4, 9] 9 2 
F#:sus2 [1, 6, 8] 6 4 
F#:min [1, 6, 9] 6 2 
D:maj [2, 6, 9] 2 2 
E:maj [4, 8, 11] 4 6 
A:maj [1, 4, 9] 9 4 
D:maj [2, 6, 9] 2 2 
E:maj [4, 8, 11] 4 4 
C#:min [1, 4, 8] 1 4 
C#:min7 [1, 4, 8, 11] 1 2 
F#:sus2 [1, 6, 8] 6 2 
D:maj [2, 6, 9] 2 4 
E:maj [4, 8, 11] 4 4 
F#:sus2 [1, 6, 8] 6 9 
F#:min [1, 6, 9] 6 1 
A:maj [1, 4, 9] 9 8 
E:maj/3 [4, 8, 11] 8 7 
E:maj [4, 8, 11] 4 1 
B:sus4 [4, 6, 11] 11 6 
C#:min [1, 4, 8] 1 2 
D:maj [2, 6, 9] 2 2 
E:maj [4, 8, 11] 4 5 
A:maj [1, 4, 9] 9 9 
E:maj/3 [4, 8, 11] 8 7 
C:maj/3 [0, 4, 7] 4 1 
B:min [2, 6, 11] 11 5 
B:min7 [2, 6, 9, 11] 11 1 
C#:min7 [1, 4, 8, 11] 1 1 
D:maj7 [0, 2, 6, 9] 2 3 
E:maj [4, 8, 11] 4 6 
F#:min [1, 6, 9] 6 4 
D:maj [2, 6, 9] 2 4 
E:maj [4, 8, 11] 4 4 
C#:min [1, 4, 8] 1 3 
C#:min7 [1, 4, 8, 11] 1 1 
D:maj [2, 6, 9] 2 4 
B:min [2, 6, 11] 11 3 
C#:sus4(b7) [1, 6, 8] 1 9 
A:maj [1, 4, 9] 9 8 
E:maj/3 [4, 8, 11] 8 8 
B:min [2, 6, 11] 11 4 
B:min7 [2, 6, 9, 11] 11 2 
D:maj [2, 6, 9] 2 4 
E:maj [4, 8, 11] 4 6 
A:maj [1, 4, 9] 9 8 
E:maj/3 [4, 8, 11] 8 6 
E:maj [4, 8, 11] 4 2 
B:maj [3, 6, 11] 11 6 
C#:min [1, 4, 8] 1 2 
D:maj [2, 6, 9] 2 2 
E:maj [4, 8, 11] 4 6 
E:7 [2, 4, 8, 11] 4 8 
F#:maj [1, 6, 10] 6 4 
D:maj7 [0, 2, 6, 9] 2 4 
E:maj [4, 8, 11] 4 4 
C#:min [1, 4, 8] 1 4 
D:maj [2, 6, 9] 2 4 
D:maj7 [0, 2, 6, 9] 2 3 
C#:sus4 [1, 6, 8] 1 7 
F#:maj [1, 6, 10] 6 4 
F#:min [1, 6, 9] 6 4 
