F:maj [0, 5, 9] 5 16 
C#:maj [1, 5, 8] 1 2 
Eb:maj [3, 7, 10] 3 2 
F:min [0, 5, 8] 5 8 
Bb:min/5 [1, 5, 10] 5 2 
Bb:min7/b7 [1, 5, 8, 10] 8 2 
C:min [0, 3, 7] 0 4 
F:min [0, 5, 8] 5 12 
Ab:maj [0, 3, 8] 8 2 
Bb:min/5 [1, 5, 10] 5 6 
F:min [0, 5, 8] 5 2 
Bb:min [1, 5, 10] 10 2 
F:min [0, 5, 8] 5 4 
Bb:min/5 [1, 5, 10] 5 2 
C:min/5 [0, 3, 7] 7 2 
F:min [0, 5, 8] 5 6 
C:min [0, 3, 7] 0 2 
Ab:maj [0, 3, 8] 8 6 
Bb:min/5 [1, 5, 10] 5 2 
C:maj [0, 4, 7] 0 4 
F:min [0, 5, 8] 5 5 
Bb:min/5 [1, 5, 10] 5 1 
F:min [0, 5, 8] 5 2 
Ab:maj [0, 3, 8] 8 2 
Bb:min [1, 5, 10] 10 2 
F:min [0, 5, 8] 5 4 
Bb:min [1, 5, 10] 10 2 
G:dim [1, 7, 10] 7 3 
C:min [0, 3, 7] 0 3 
F:min [0, 5, 8] 5 8 
C:min [0, 3, 7] 0 4 
Bb:min [1, 5, 10] 10 4 
F:min [0, 5, 8] 5 8 
Bb:min/5 [1, 5, 10] 5 2 
Bb:min7/b7 [1, 5, 8, 10] 8 2 
C:min [0, 3, 7] 0 4 
F:min [0, 5, 8] 5 12 
Ab:maj [0, 3, 8] 8 2 
Bb:min/5 [1, 5, 10] 5 6 
F:min [0, 5, 8] 5 2 
Bb:min [1, 5, 10] 10 2 
F:min [0, 5, 8] 5 4 
Bb:min/5 [1, 5, 10] 5 2 
C:min/5 [0, 3, 7] 7 2 
F:min [0, 5, 8] 5 6 
C:min [0, 3, 7] 0 2 
Ab:maj [0, 3, 8] 8 6 
Bb:min/5 [1, 5, 10] 5 2 
C:maj [0, 4, 7] 0 4 
F:min [0, 5, 8] 5 5 
Bb:min/5 [1, 5, 10] 5 1 
F:min [0, 5, 8] 5 2 
Ab:maj [0, 3, 8] 8 2 
Bb:min [1, 5, 10] 10 2 
F:min [0, 5, 8] 5 4 
Bb:min [1, 5, 10] 10 2 
G:dim [1, 7, 10] 7 3 
C:min [0, 3, 7] 0 3 
F:min [0, 5, 8] 5 14 
Bb:min/5 [1, 5, 10] 5 6 
F:min [0, 5, 8] 5 2 
Bb:min [1, 5, 10] 10 2 
F:min [0, 5, 8] 5 4 
Bb:min/5 [1, 5, 10] 5 2 
C:min/5 [0, 3, 7] 7 2 
F:min [0, 5, 8] 5 6 
C:min [0, 3, 7] 0 2 
Ab:maj [0, 3, 8] 8 6 
Bb:min/5 [1, 5, 10] 5 2 
C:maj [0, 4, 7] 0 4 
F:min [0, 5, 8] 5 5 
Bb:min/5 [1, 5, 10] 5 1 
F:min [0, 5, 8] 5 2 
Ab:maj [0, 3, 8] 8 2 
Bb:min [1, 5, 10] 10 2 
F:min [0, 5, 8] 5 4 
Bb:min [1, 5, 10] 10 2 
G:dim [1, 7, 10] 7 3 
C:min [0, 3, 7] 0 3 
F:min [0, 5, 8] 5 12 
C:min [0, 3, 7] 0 5 
F:maj [0, 5, 9] 5 5 
