0 32
65 3
0 1
72 2
70 1
0 1
72 6
0 2
77 3
0 1
72 2
70 1
0 1
72 6
0 2
68 1
0 1
68 2
68 1
0 1
68 1
0 1
70 1
0 1
70 1
0 1
68 1
0 1
70 1
0 1
72 1
70 1
72 9
0 71
72 1
0 1
72 1
0 1
70 1
0 1
72 3
0 1
75 1
0 1
77 2
72 1
70 1
72 7
0 7
80 1
0 1
77 1
0 1
75 1
0 1
72 1
0 1
70 1
0 1
68 1
0 1
65 2
75 3
72 1
70 9
0 5
77 4
0 2
72 1
0 1
70 3
0 1
65 2
75 3
0 1
70 2
72 8
0 4
70 1
0 1
70 1
0 1
70 1
0 1
72 1
0 1
75 3
0 1
72 1
0 1
75 1
0 1
77 15
0 1
77 3
0 1
72 1
0 1
77 1
0 1
75 1
0 1
72 1
70 1
72 3
0 1
80 3
0 1
72 1
0 1
80 1
0 1
77 1
80 1
77 1
75 1
77 3
0 1
80 1
0 1
80 1
0 1
80 1
0 1
80 1
0 1
82 2
84 1
82 1
80 1
0 1
82 1
0 1
84 1
82 1
84 11
0 3
72 2
80 1
0 1
77 2
75 2
75 1
72 5
0 2
77 2
84 1
0 1
82 1
0 1
80 1
0 1
80 1
77 6
0 1
80 1
0 1
80 1
0 1
80 1
0 1
80 1
0 1
82 1
0 1
82 1
0 1
80 1
0 1
82 1
0 1
84 1
82 1
84 12
82 1
80 1
82 1
0 1
82 5
0 1
79 1
0 1
79 6
0 2
75 3
0 1
75 1
0 1
75 3
0 1
72 2
75 1
0 1
77 1
75 1
77 14
0 130
72 1
0 1
72 1
0 1
70 1
0 1
72 3
0 1
75 1
0 1
77 2
72 1
70 1
72 7
0 7
80 1
0 1
77 1
0 1
75 1
0 1
72 1
0 1
70 1
0 1
68 1
0 1
65 2
75 4
72 9
0 5
77 4
0 2
72 1
0 1
70 3
0 1
65 2
75 2
72 1
70 1
72 10
0 4
70 1
0 1
70 1
0 1
70 1
0 1
72 1
0 1
75 3
0 1
72 1
0 1
75 1
0 1
75 1
77 14
0 1
77 3
0 1
72 1
0 1
77 1
0 1
75 1
0 1
72 1
70 1
72 3
0 1
80 3
0 1
72 1
0 1
80 1
0 1
77 1
80 1
77 1
75 1
77 3
0 1
80 1
0 1
80 1
0 1
80 1
0 1
80 1
0 1
82 2
84 1
82 1
80 1
0 1
82 1
0 1
84 1
82 1
84 11
0 3
72 2
80 1
0 1
77 2
75 2
75 1
72 5
0 2
77 2
84 1
0 1
82 1
0 1
80 1
0 1
80 1
77 6
0 1
80 1
0 1
80 1
0 1
80 1
0 1
80 1
0 1
82 1
0 1
82 1
0 1
80 1
0 1
82 1
0 1
84 1
82 1
84 12
82 1
80 1
82 1
0 1
82 5
0 1
79 1
0 1
79 6
0 2
75 3
0 1
75 1
0 1
75 3
0 1
72 2
75 1
0 1
77 1
75 1
77 14
0 128
77 3
0 1
72 1
0 1
77 1
0 1
75 1
0 1
72 1
70 1
72 3
0 1
80 3
0 1
72 1
0 1
80 1
0 1
77 1
80 1
77 1
75 1
77 3
0 1
80 1
0 1
80 1
0 1
80 1
0 1
80 1
0 1
82 2
84 1
82 1
80 1
0 1
82 1
0 1
84 1
82 1
84 11
0 3
72 2
80 1
0 1
77 2
75 2
75 1
72 5
0 2
77 2
84 1
0 1
82 1
0 1
80 1
0 1
80 1
77 6
0 1
80 1
0 1
80 1
0 1
80 1
0 1
80 1
0 1
82 1
0 1
82 1
0 1
80 1
0 1
82 1
0 1
84 1
82 1
84 13
0 1
82 1
0 1
82 5
0 1
79 1
0 1
79 6
0 2
75 3
0 1
75 1
0 1
75 3
0 1
72 2
75 1
0 1
77 1
75 1
77 14
65 3
0 1
72 2
70 1
0 1
72 6
0 2
77 3
0 1
72 2
70 1
0 1
72 6
0 5
75 4
75 2
0 1
75 6
72 2
0 1
75 2
0 1
77 17
