F:maj [0, 5, 9] 5 4
E:min [4, 7, 11] 4 4 
D:min [2, 5, 9] 2 2 
C:maj [0, 4, 7] 0 2 
A:min [0, 4, 9] 9 2 
G:maj [2, 7, 11] 7 2 
F:maj [0, 5, 9] 5 6
G:maj [2, 7, 11] 7 2  
A:min [0, 4, 9] 9 8 
D:min [2, 5, 9] 2 7 
D:min7 [0, 2, 5, 9] 2 1 
F:maj [0, 5, 9] 5 3 
C:sus4 [0, 5, 7] 0 1 
G:maj [2, 7, 11] 7 4 
C:maj6 [0, 4, 7, 9] 0 4
G:maj [2, 7, 11] 7 4
C:maj [0, 4, 7] 0 8 
D:min [2, 5, 9] 2 8 
F:maj [0, 5, 9] 5 4 
G:maj [2, 7, 11] 7 4 
C:maj [0, 4, 7] 0 4 
G:maj [2, 7, 11] 7 4 
C:maj [0, 4, 7] 0 7 
C:maj6 [0, 4, 7, 9] 0 1 
D:sus4 [2, 7, 9] 2 8 
G:maj [2, 7, 11] 7 8 
C:maj [0, 4, 7] 0 16  
D:sus4(b7) [2, 7, 9] 2 8 
G:sus2 [2, 7, 9] 7 8 
C:maj [0, 4, 7] 0 10 
F:maj [0, 5, 9] 5 2 
E:min [4, 7, 11] 4 4 
D:min [2, 5, 9] 2 4 
C:maj [0, 4, 7] 0 2 
F:maj [0, 5, 9] 5 6 
E:min [4, 7, 11] 4 2 
E:min7 [2, 4, 7, 11] 4 2 
D:min [2, 5, 9] 2 4 
G:sus2 [2, 7, 9] 7 4 
A:min [0, 4, 9] 9 8 
D:min [2, 5, 9] 2 7 
D:min7 [0, 2, 5, 9] 2 5 
G:maj [2, 7, 11] 7 4 
C:maj/5 [0, 4, 7] 7 15 
C:maj6 [0, 4, 7, 9] 0 1 
D:min [2, 5, 9] 2 8 
F:maj [0, 5, 9] 5 4 
G:maj [2, 7, 11] 7 4 
C:maj [0, 4, 7] 0 4 
G:maj [2, 7, 11] 7 4 
C:maj [0, 4, 7] 0 7 
C:maj6 [0, 4, 7, 9] 0 1 
D:sus4 [2, 7, 9] 2 8 
G:maj [2, 7, 11] 7 8 
C:maj [0, 4, 7] 0 16  
D:sus4(b7) [2, 7, 9] 2 8 
G:sus2 [2, 7, 9] 7 8 
C:maj(9) [0, 2, 4, 7, 10] 0 1 
C:maj [0, 4, 7] 0 13 
C:sus2 [0, 2, 7] 0 2 
D:maj [2, 6, 9] 2 8 
G:maj [2, 7, 11] 7 8 
C:maj [0, 4, 7] 0 16 
D:min [2, 5, 9] 2 8 
G:maj(9) [2, 5, 7, 9, 11] 7 1 
G:maj [2, 7, 11] 7 7 
C:maj [0, 4, 7] 0 16 
D:sus4 [2, 7, 9] 2 8 
G:maj [2, 7, 11] 7 8 
C:maj [0, 4, 7] 0 16 
D:sus4(b7) [2, 7, 9] 2 8 
G:sus2 [2, 7, 9] 7 8 
C:maj [0, 4, 7] 0 16 
D:sus4 [2, 7, 9] 2 8 
G:maj [2, 7, 11] 7 8 
C:maj [0, 4, 7] 0 16 
D:sus4(b7) [2, 7, 9] 2 8 
G:sus2 [2, 7, 9] 7 8 
C:maj [0, 4, 7] 0 4 
