0 92
64 1
0 1
67 1
0 1
69 3
0 1
64 1
0 1
67 5
0 1
64 1
0 1
67 1
0 1
69 3
0 1
69 2
67 7
0 3
60 1
0 1
62 1
0 1
64 2
62 4
64 2
0 2
57 11
0 7
60 1
0 1
62 1
0 1
64 1
0 1
62 5
0 1
57 1
0 1
60 1
0 1
64 2
62 1
0 1
64 1
0 1
62 5
0 5
69 2
67 1
0 1
67 1
0 1
67 1
0 1
67 3
0 1
67 1
0 1
64 3
0 1
62 8
0 2
64 1
0 1
67 1
0 1
69 3
0 1
64 1
0 1
67 4
0 2
64 1
0 1
67 1
0 1
69 3
0 1
69 1
0 1
67 8
0 2
60 1
0 1
62 1
0 1
64 2
62 3
0 1
64 3
0 1
57 11
0 7
60 2
62 1
0 1
64 1
0 1
62 5
0 1
57 1
0 1
60 1
0 1
64 1
0 1
62 1
0 1
64 1
0 1
62 5
0 5
69 2
67 1
0 1
67 1
0 1
67 1
0 1
67 3
0 1
67 2
64 1
0 1
69 1
0 1
71 1
0 1
69 1
0 1
67 4
0 2
67 1
0 1
69 1
0 1
72 3
0 1
72 1
0 1
69 1
0 1
67 3
0 1
67 1
0 1
69 1
0 1
72 1
0 1
74 1
0 1
72 1
0 1
69 1
0 1
67 3
0 1
67 1
0 1
69 2
67 3
0 1
62 2
64 2
62 17
0 3
62 1
0 1
64 1
0 1
67 3
0 1
67 1
0 1
64 1
0 1
62 3
0 1
62 2
64 1
0 1
67 1
0 1
69 1
0 1
67 1
0 1
64 1
0 1
62 3
0 1
62 1
0 1
55 1
0 1
57 5
0 1
64 19
0 3
67 1
0 1
69 1
0 1
72 3
0 1
72 1
0 1
69 1
0 1
67 3
0 1
67 1
0 1
69 1
0 1
72 1
0 1
74 1
0 1
72 1
0 1
69 1
0 1
67 3
0 1
67 1
0 1
69 2
67 3
0 1
62 2
64 2
62 17
0 3
62 1
0 1
64 1
0 1
67 3
0 1
67 1
0 1
64 1
0 1
62 3
0 1
62 2
64 1
0 1
67 1
0 1
69 1
0 1
67 1
0 1
64 1
0 1
62 2
62 2
62 2
64 2
62 5
0 1
60 19
0 131
64 1
0 1
67 1
0 1
69 3
0 1
64 1
0 1
67 5
0 1
64 1
0 1
67 1
0 1
69 1
0 1
69 1
0 3
67 7
0 3
60 1
0 1
62 1
0 1
64 2
62 4
64 2
0 2
57 11
0 7
60 1
0 1
62 1
0 1
64 1
0 1
62 5
0 1
57 1
0 1
60 1
0 1
64 2
62 1
0 1
64 1
0 1
62 5
0 5
69 2
67 1
0 1
67 1
0 1
67 1
0 1
67 3
0 1
67 1
0 1
64 3
0 1
62 8
0 2
64 1
0 1
67 1
0 1
69 3
0 1
64 1
0 1
67 4
0 2
64 1
0 1
67 1
0 1
69 3
0 1
69 1
0 1
67 8
0 2
60 1
0 1
62 1
0 1
64 2
62 3
0 1
64 3
0 1
57 11
0 7
60 2
62 1
0 1
64 1
0 1
62 5
0 1
57 1
0 1
60 1
0 1
64 1
0 1
62 1
0 1
64 1
0 1
62 5
0 5
69 2
67 1
0 1
67 1
0 1
67 1
0 1
67 3
0 1
67 2
64 1
0 1
69 1
0 1
71 1
0 1
69 1
0 1
67 4
0 2
67 1
0 1
69 1
0 1
72 3
0 1
72 1
0 1
69 1
0 1
67 3
0 1
67 1
0 1
69 1
0 1
72 1
0 1
74 1
0 1
72 1
0 1
69 1
0 1
67 3
0 1
67 1
0 1
69 2
67 3
0 1
62 2
64 2
62 17
0 3
62 1
0 1
64 1
0 1
67 3
0 1
67 1
0 1
64 1
0 1
62 3
0 1
62 2
64 1
0 1
67 1
0 1
69 1
0 1
67 1
0 1
64 1
0 1
62 3
0 1
62 1
0 1
55 1
0 1
57 5
0 1
64 19
0 3
67 1
0 1
69 1
0 1
72 3
0 1
72 1
0 1
69 1
0 1
67 3
0 1
67 1
0 1
69 1
0 1
72 1
0 1
74 1
0 1
72 1
0 1
69 1
0 1
67 3
0 1
67 1
0 1
69 2
67 3
0 1
62 2
64 2
62 17
0 3
62 1
0 1
64 1
0 1
67 3
0 1
67 1
0 1
64 1
0 1
62 3
0 1
62 2
64 1
0 1
67 1
0 1
69 1
0 1
67 1
0 1
64 1
0 1
62 2
62 2
62 2
64 2
62 5
0 1
60 19
0 259
67 1
0 1
69 1
0 1
72 3
0 1
72 1
0 1
69 1
0 1
67 3
0 1
67 1
0 1
69 1
0 1
72 1
0 1
74 1
0 1
72 1
0 1
69 1
0 1
67 3
0 1
67 1
0 1
69 2
67 3
0 1
62 2
64 2
62 17
0 3
62 1
0 1
64 1
0 1
67 3
0 1
67 1
0 1
64 1
0 1
62 3
0 1
62 2
64 1
0 1
67 1
0 1
69 1
0 1
67 1
0 1
64 1
0 1
62 3
0 1
62 1
0 1
55 1
0 1
57 5
0 1
64 19
0 3
67 1
0 1
69 1
0 1
72 3
0 1
72 1
0 1
69 1
0 1
67 3
0 1
67 1
0 1
69 1
0 1
72 1
0 1
74 1
0 1
72 1
0 1
69 1
0 1
67 3
0 1
67 1
0 1
69 2
67 3
0 1
62 2
64 2
62 17
0 3
62 1
0 1
64 1
0 1
67 3
0 1
67 1
0 1
64 1
0 1
62 3
0 1
62 2
64 1
0 1
67 1
0 1
69 1
0 1
67 1
0 1
64 1
0 1
62 2
62 2
62 2
64 2
62 5
0 1
60 19
0 3
67 1
0 1
69 1
0 1
72 3
0 1
72 1
0 1
69 1
0 1
67 3
0 1
67 1
0 1
69 1
0 1
72 1
0 1
74 1
0 1
72 1
0 1
69 1
0 1
67 3
0 1
67 1
0 1
69 2
67 3
0 1
62 2
64 2
62 17
0 3
62 1
0 1
64 1
0 1
67 3
0 1
67 1
0 1
64 1
0 1
62 3
0 1
62 2
64 1
0 1
67 1
0 1
69 1
0 1
67 1
0 1
64 1
0 1
62 3
0 1
62 1
0 1
55 1
0 1
57 5
0 1
64 19
0 3
67 1
0 1
69 1
0 1
72 3
0 1
72 1
0 1
69 1
0 1
67 3
0 1
67 1
0 1
69 1
0 1
72 1
0 1
74 1
0 1
72 1
0 1
69 1
0 1
67 3
0 1
67 1
0 1
69 2
67 3
0 1
62 2
64 2
62 17
0 3
62 1
0 1
64 1
0 1
67 3
0 1
67 1
0 1
64 1
0 1
62 3
0 1
62 2
64 1
0 1
67 1
0 1
69 1
0 1
67 1
0 1
64 1
0 1
62 2
62 2
62 2
64 2
62 5
0 1
60 19
