B:min [2, 6, 11] 11 3 
G:maj [2, 7, 11] 7 3 
A:maj [1, 4, 9] 9 3 
B:min [2, 6, 11] 11 6 
G:maj [2, 7, 11] 7 3 
A:maj [1, 4, 9] 9 3 
B:min [2, 6, 11] 11 6 
G:maj [2, 7, 11] 7 3 
A:maj [1, 4, 9] 9 3 
B:min [2, 6, 11] 11 9 
F#:min [1, 6, 9] 6 3 
G:maj [2, 7, 11] 7 3 
D:maj [2, 6, 9] 2 3 
G:maj7 [2, 5, 7, 11] 7 3 
F#:min [1, 6, 9] 6 3 
E:min [4, 7, 11] 4 2 
A:maj [1, 4, 9] 9 1 
B:min [2, 6, 11] 11 9 
F#:min [1, 6, 9] 6 3 
G:maj [2, 7, 11] 7 3 
D:maj [2, 6, 9] 2 3 
G:maj [2, 7, 11] 7 3 
F#:min [1, 6, 9] 6 3 
E:min [4, 7, 11] 4 2 
E:min7 [2, 4, 7, 11] 4 1 
B:min [2, 6, 11] 11 6 
D:maj [2, 6, 9] 2 3 
A:maj [1, 4, 9] 9 3 
E:min [4, 7, 11] 4 2 
E:min7 [2, 4, 7, 11] 4 1 
B:min [2, 6, 11] 11 3 
D:maj [2, 6, 9] 2 3 
A:maj [1, 4, 9] 9 3 
E:min [4, 7, 11] 4 3 
F#:maj [1, 6, 10] 6 3 
B:min [2, 6, 11] 11 3 
F#:min [1, 6, 9] 6 3 
G:maj [2, 7, 11] 7 3 
D:maj [2, 6, 9] 2 3 
B:min [2, 6, 11] 11 3 
F#:min [1, 6, 9] 6 3 
E:min [4, 7, 11] 4 3 
F#:maj [1, 6, 10] 6 3 
B:min [2, 6, 11] 11 3 
F#:min [1, 6, 9] 6 3 
G:maj [2, 7, 11] 7 3 
D:maj [2, 6, 9] 2 3 
B:min [2, 6, 11] 11 3 
F#:min [1, 6, 9] 6 3 
E:sus4 [4, 9, 11] 4 3 
B:min [2, 6, 11] 11 6 
G:maj [2, 7, 11] 7 3 
A:maj [1, 4, 9] 9 3 
B:min [2, 6, 11] 11 6 
G:maj [2, 7, 11] 7 3 
A:maj [1, 4, 9] 9 3 
B:min [2, 6, 11] 11 6 
D:maj [2, 6, 9] 2 3 
A:maj [1, 4, 9] 9 3 
E:min [4, 7, 11] 4 2 
E:min7 [2, 4, 7, 11] 4 1 
B:min [2, 6, 11] 11 3 
D:maj [2, 6, 9] 2 3 
A:maj [1, 4, 9] 9 3 
E:min [4, 7, 11] 4 3 
F#:maj [1, 6, 10] 6 3 
B:min [2, 6, 11] 11 3 
F#:min [1, 6, 9] 6 3 
G:maj [2, 7, 11] 7 3 
D:maj [2, 6, 9] 2 3 
B:min [2, 6, 11] 11 3 
F#:min [1, 6, 9] 6 3 
E:min [4, 7, 11] 4 3 
F#:maj [1, 6, 10] 6 3 
B:min [2, 6, 11] 11 3 
F#:min [1, 6, 9] 6 3 
G:maj [2, 7, 11] 7 3 
D:maj [2, 6, 9] 2 3 
B:min [2, 6, 11] 11 3 
F#:min [1, 6, 9] 6 3 
E:sus4 [4, 9, 11] 4 3 
B:min [2, 6, 11] 11 2 
G:maj [2, 7, 11] 7 1 
C:min [0, 3, 7] 0 3 
G:min [2, 7, 10] 7 3 
Ab:maj [0, 3, 8] 8 3 
Eb:maj [3, 7, 10] 3 3 
C:min [0, 3, 7] 0 3 
G:min [2, 7, 10] 7 3 
F:min [0, 5, 8] 5 3 
G:maj [2, 7, 11] 7 3 
C:min [0, 3, 7] 0 3 
G:min [2, 7, 10] 7 3 
Ab:maj [0, 3, 8] 8 3 
Eb:maj [3, 7, 10] 3 3 
C:min [0, 3, 7] 0 3 
G:min [2, 7, 10] 7 3 
F:sus4 [0, 5, 10] 5 3 
C:min [0, 3, 7] 0 6 
Ab:maj [0, 3, 8] 8 3 
Bb:maj [2, 5, 10] 10 3 
C:min [0, 3, 7] 0 6 
Ab:maj [0, 3, 8] 8 3 
Bb:maj [2, 5, 10] 10 3 
C:min [0, 3, 7] 0 14 
