C#:maj [1, 5, 8] 1 4 
Eb:maj [3, 7, 10] 3 4 
F:min [0, 5, 8] 5 8 
C#:maj [1, 5, 8] 1 4 
Eb:maj [3, 7, 10] 3 4 
F:maj [0, 5, 9] 5 8 
C#:maj [1, 5, 8] 1 4 
Eb:maj [3, 7, 10] 3 4 
F:min [0, 5, 8] 5 8 
C#:maj [1, 5, 8] 1 4 
Eb:maj [3, 7, 10] 3 4 
F:min [0, 5, 8] 5 16 
C#:maj [1, 5, 8] 1 2 
Eb:maj [3, 7, 10] 3 2 
F:min [0, 5, 8] 5 4 
Bb:min [1, 5, 10] 10 4 
Ab:maj [0, 3, 8] 8 4 
Bb:maj [2, 5, 10] 10 4 
C:maj [0, 4, 7] 0 4 
F:min [0, 5, 8] 5 8 
C#:maj [1, 5, 8] 1 4 
Eb:maj [3, 7, 10] 3 4 
Bb:min [1, 5, 10] 10 4 
Ab:maj [0, 3, 8] 8 4 
Bb:min [1, 5, 10] 10 2 
C:maj [0, 4, 7] 0 2 
F:min [0, 5, 8] 5 8 
Bb:min [1, 5, 10] 10 4 
C#:maj [1, 5, 8] 1 2 
C:min [0, 3, 7] 0 2 
F:maj [0, 5, 9] 5 4 
Bb:min [1, 5, 10] 10 4 
C#:maj [1, 5, 8] 1 4 
Bb:maj [2, 5, 10] 10 4 
C:maj [0, 4, 7] 0 4 
F:min [0, 5, 8] 5 4 
Bb:min [1, 5, 10] 10 4 
C#:maj [1, 5, 8] 1 4 
Eb:maj [3, 7, 10] 3 4 
C:min [0, 3, 7] 0 4 
Bb:min [1, 5, 10] 10 4 
C:min [0, 3, 7] 0 4 
F:min [0, 5, 8] 5 12 
C#:maj [1, 5, 8] 1 8 
Eb:maj [3, 7, 10] 3 8 
F:min [0, 5, 8] 5 8 
C#:maj [1, 5, 8] 1 4 
Eb:maj [3, 7, 10] 3 4 
F:min [0, 5, 8] 5 8 
C#:maj [1, 5, 8] 1 4 
Eb:maj [3, 7, 10] 3 4 
F:min [0, 5, 8] 5 16 
C#:maj [1, 5, 8] 1 2 
Eb:maj [3, 7, 10] 3 2 
F:min [0, 5, 8] 5 4 
Bb:min [1, 5, 10] 10 4 
Ab:maj [0, 3, 8] 8 4 
Bb:maj [2, 5, 10] 10 4 
C:maj [0, 4, 7] 0 4 
F:min [0, 5, 8] 5 8 
C#:maj [1, 5, 8] 1 4 
Eb:maj [3, 7, 10] 3 4 
Bb:min [1, 5, 10] 10 4 
Ab:maj [0, 3, 8] 8 4 
F#:maj/3 [1, 6, 10] 10 2 
C:maj [0, 4, 7] 0 2 
F:min [0, 5, 8] 5 8 
Bb:min [1, 5, 10] 10 4 
C#:maj [1, 5, 8] 1 2 
C:min [0, 3, 7] 0 2 
F:maj [0, 5, 9] 5 4 
Bb:min [1, 5, 10] 10 4 
C#:maj [1, 5, 8] 1 4 
Bb:maj [2, 5, 10] 10 4 
C:maj [0, 4, 7] 0 4 
F:min [0, 5, 8] 5 4 
Bb:min [1, 5, 10] 10 4 
C#:maj [1, 5, 8] 1 4 
Eb:maj [3, 7, 10] 3 4 
C:min [0, 3, 7] 0 4 
Bb:min [1, 5, 10] 10 4 
C:min [0, 3, 7] 0 4 
F:min [0, 5, 8] 5 8 
Bb:min [1, 5, 10] 10 4 
C#:maj [1, 5, 8] 1 2 
C:min [0, 3, 7] 0 2 
F:min [0, 5, 8] 5 4 
Bb:min [1, 5, 10] 10 4 
C#:maj [1, 5, 8] 1 4 
Bb:maj [2, 5, 10] 10 4 
C:maj [0, 4, 7] 0 4 
F:min [0, 5, 8] 5 4 
Bb:min [1, 5, 10] 10 4 
C#:maj [1, 5, 8] 1 4 
Eb:maj [3, 7, 10] 3 4 
C:min [0, 3, 7] 0 4 
Bb:min [1, 5, 10] 10 4 
C:min [0, 3, 7] 0 4 
F:min [0, 5, 8] 5 4 
C:min [0, 3, 7] 0 4 
Bb:maj [2, 5, 10] 10 5 
C:sus4 [0, 5, 7] 0 9 
F:min [0, 5, 8] 5 12 
