D:maj [2, 6, 9] 2 2
B:maj [3, 6, 11] 11 2
G:maj [2, 7, 11] 7 2
A:sus4 [2, 4, 9] 9 2
F#:min [1, 6, 9] 6 2
B:min [2, 6, 11] 11 2
E:min [4, 7, 11] 4 1
A:7 [1, 4, 7, 9] 9 1
D:maj [2, 6, 9] 2 4
F#:min [1, 6, 9] 6 2
G:maj [2, 7, 11] 7 2
A:maj [1, 4, 9] 9 2
F#:maj [1, 6, 10] 6 2
B:min [2, 6, 11] 11 2
E:min [4, 7, 11] 4 2
A:maj [1, 4, 9] 9 2
D:maj [2, 6, 9] 2 2
F#:min [1, 6, 9] 6 2
G:maj [2, 7, 11] 7 2
A:maj [1, 4, 9] 9 2
F#:min [1, 6, 9] 6 2
B:min [2, 6, 11] 11 2
E:maj [4, 8, 11] 4 1
A:maj [1, 4, 9] 9 1
D:maj [2, 6, 9] 2 1
D:maj [2, 6, 9] 2 3
B:min [2, 6, 11] 11 2
D:maj [2, 6, 9] 2 2
A:maj [1, 4, 9] 9 2
F#:min [1, 6, 9] 6 2
B:min [2, 6, 11] 11 2
G:maj [2, 7, 11] 7 2
A:maj [1, 4, 9] 9 2
D:maj [2, 6, 9] 2 2
B:min [2, 6, 11] 11 2
D:maj [2, 6, 9] 2 2
A:maj [1, 4, 9] 9 2
F#:min [1, 6, 9] 6 2
B:min [2, 6, 11] 11 2
E:min/b3 [4, 7, 11] 7 1
A:maj [1, 4, 9] 9 1
D:maj [2, 6, 9] 2 4
F#:min [1, 6, 9] 6 4
B:min [2, 6, 11] 11 4
E:min [4, 7, 11] 4 2
G:maj [2, 7, 11] 7 2
E:min [4, 7, 11] 4 2
A:maj [1, 4, 9] 9 2
D:maj [2, 6, 9] 2 4
F#:min [1, 6, 9] 6 2
B:min [2, 6, 11] 11 2
G:maj [2, 7, 11] 7 4
A:maj [1, 4, 9] 9 2
D:maj [2, 6, 9] 2 2
F#:min [1, 6, 9] 6 2
G:maj [2, 7, 11] 7 2
A:maj [1, 4, 9] 9 2
F#:maj [1, 6, 10] 6 2
B:min [2, 6, 11] 11 2
E:min [4, 7, 11] 4 2
A:maj [1, 4, 9] 9 2
D:maj [2, 6, 9] 2 2
F#:min [1, 6, 9] 6 2
G:maj [2, 7, 11] 7 2
A:maj [1, 4, 9] 9 2
F#:min [1, 6, 9] 6 2
B:min [2, 6, 11] 11 2
E:maj [4, 8, 11] 4 1
A:maj [1, 4, 9] 9 1
D:maj [2, 6, 9] 2 1
D:maj [2, 6, 9] 2 3
B:min [2, 6, 11] 11 2
D:maj [2, 6, 9] 2 2
A:maj [1, 4, 9] 9 2
F#:min [1, 6, 9] 6 2
B:min [2, 6, 11] 11 2
G:maj [2, 7, 11] 7 2
A:maj [1, 4, 9] 9 2
D:maj [2, 6, 9] 2 2
B:min [2, 6, 11] 11 2
D:maj [2, 6, 9] 2 2
A:maj [1, 4, 9] 9 2
F#:min [1, 6, 9] 6 2
B:min [2, 6, 11] 11 2
E:min/b3 [4, 7, 11] 7 1
A:maj [1, 4, 9] 9 1
D:maj [2, 6, 9] 2 1
A:maj [1, 4, 9] 9 1
D:maj [2, 6, 9] 2 2
B:min [2, 6, 11] 11 2
D:maj [2, 6, 9] 2 2
A:maj [1, 4, 9] 9 2
F#:min [1, 6, 9] 6 2
B:min [2, 6, 11] 11 2
G:maj [2, 7, 11] 7 2
A:maj [1, 4, 9] 9 2
D:maj [2, 6, 9] 2 2
B:min [2, 6, 11] 11 2
D:maj [2, 6, 9] 2 2
A:maj [1, 4, 9] 9 2
F#:min [1, 6, 9] 6 2
B:min [2, 6, 11] 11 2
G:maj [2, 7, 11] 7 2
A:maj [1, 4, 9] 9 4
D:sus2 [2, 4, 9] 2 4
G:maj [2, 7, 11] 7 2
A:maj [1, 4, 9] 9 2
