0 62
69 1
71 1
78 1
76 1
76 1
74 3
66 2
69 4
0 2
71 1
73 1
74 3
0 1
78 2
81 1
74 1
76 5
0 1
78 1
79 1
81 3
79 1
78 1
0 1
76 2
71 4
0 2
71 1
69 1
71 2
0 1
74 1
78 2
76 1
74 1
76 5
0 1
69 1
71 1
78 1
76 1
76 1
74 3
66 2
69 4
0 2
71 1
73 1
74 3
0 1
78 2
81 1
74 1
76 5
0 1
78 1
79 1
81 3
79 1
78 1
0 1
76 1
74 1
71 4
0 2
78 1
81 1
76 2
0 1
78 1
76 1
78 1
74 1
71 1
74 4
0 2
78 1
79 1
81 2
0 1
83 1
78 1
79 1
78 1
76 1
74 5
0 1
74 1
76 1
78 2
0 1
83 1
81 1
83 1
74 1
78 1
76 5
0 1
74 1
76 1
78 2
0 1
83 1
81 1
83 1
78 1
74 1
71 5
0 1
71 1
81 1
78 2
0 1
83 1
81 2
81 1
78 1
76 4
0 2
78 1
79 1
81 2
0 1
83 1
78 1
79 1
78 1
76 1
74 5
0 1
74 1
76 1
78 2
0 1
83 1
81 1
83 1
74 1
78 1
76 5
0 1
74 1
76 1
78 2
0 1
83 1
81 1
81 1
78 1
74 1
71 5
0 1
83 1
81 1
78 2
0 1
81 1
76 2
74 1
71 1
74 8
0 128
78 1
76 1
76 1
74 3
66 2
69 4
0 2
71 1
73 1
74 3
0 1
78 2
81 1
74 1
76 5
0 1
78 1
79 1
81 3
79 1
78 1
0 1
76 2
71 4
0 2
71 1
69 1
71 2
0 1
74 1
78 2
76 1
74 1
76 5
0 1
69 1
71 1
78 1
76 1
76 1
74 3
66 2
69 4
0 2
71 1
73 1
74 3
0 1
78 2
81 1
74 1
76 5
0 1
78 1
79 1
81 3
79 1
78 1
0 1
76 1
74 1
71 4
0 2
78 1
81 1
76 2
0 1
78 1
76 1
78 1
74 1
71 1
74 4
0 2
78 1
79 1
81 2
0 1
83 1
78 1
79 1
78 1
76 1
74 5
0 1
74 1
76 1
78 2
0 1
83 1
81 1
83 1
74 1
78 1
76 5
0 1
74 1
76 1
78 2
0 1
83 1
81 1
83 1
78 1
74 1
71 5
0 1
71 1
81 1
78 2
0 1
83 1
81 2
81 1
78 1
76 4
0 2
78 1
79 1
81 2
0 1
83 1
78 1
79 1
78 1
76 1
74 5
0 1
74 1
76 1
78 2
0 1
83 1
81 1
83 1
74 1
78 1
76 5
0 1
74 1
76 1
78 2
0 1
83 1
81 1
81 1
78 1
74 1
71 5
0 1
83 1
81 1
78 2
0 1
81 1
76 2
74 1
71 1
74 4
0 2
78 1
79 1
81 2
0 1
83 1
78 1
79 1
78 1
76 1
74 5
0 1
74 1
76 1
78 2
0 1
83 1
81 1
83 1
74 1
78 1
76 5
0 1
74 1
76 1
78 2
0 1
83 1
81 1
83 1
78 1
74 1
71 5
0 1
71 1
81 1
78 2
0 1
83 1
81 2
81 1
78 1
76 4
0 2
78 1
79 1
81 2
0 1
83 1
78 1
79 1
78 1
76 1
74 5
0 1
74 1
76 1
78 2
0 1
83 1
81 1
83 1
74 1
78 1
76 5
0 1
74 1
76 1
78 2
0 1
83 1
81 1
81 1
78 1
74 1
71 5
0 1
83 1
81 1
78 2
0 1
83 1
81 2
81 1
78 1
76 8
0 4
76 2
74 1
71 1
74 10
