C#:maj [1, 5, 8] 1 4 
Bb:min7 [1, 5, 8, 10] 10 3 
Bb:min [1, 5, 10] 10 1 
C#:maj6 [1, 5, 8, 10] 1 4 
Ab:maj [0, 3, 8] 8 4 
C#:maj [1, 5, 8] 1 3 
Bb:min7 [1, 5, 8, 10] 10 5 
Eb:min [3, 6, 10] 3 1 
Eb:min/b3 [3, 6, 10] 6 1 
Ab:sus4(9) [1, 3, 8, 10] 8 1 
C#:maj/5 [1, 5, 8] 8 12 
C#:maj [1, 5, 8] 1 1 
Bb:min [1, 5, 10] 10 4 
Bb:min7 [1, 5, 8, 10] 10 1 
C#:maj [1, 5, 8] 1 2 
Ab:sus4 [1, 3, 8] 8 5 
Bb:min [1, 5, 10] 10 4 
Bb:min7 [1, 5, 8, 10] 10 4 
Eb:min [3, 6, 10] 3 3 
Ab:sus2 [3, 8, 10] 8 5 
Ab:maj [0, 3, 8] 8 3 
Bb:min [1, 5, 10] 10 5 
Bb:min7 [1, 5, 8, 10] 10 1 
C#:maj [1, 5, 8] 1 2 
Ab:sus4 [1, 3, 8] 8 4 
Ab:maj/3 [0, 3, 8] 0 1 
Bb:maj [2, 5, 10] 10 3 
Bb:min [1, 5, 10] 10 2 
Bb:min7 [1, 5, 8, 10] 10 3 
Ab:sus2 [3, 8, 10] 8 4 
C#:maj6 [1, 5, 8, 10] 1 3 
C#:maj [1, 5, 8] 1 1 
Bb:min7 [1, 5, 8, 10] 10 4 
F:min [0, 5, 8] 5 4 
F:sus4 [0, 5, 10] 5 1 
Bb:min [1, 5, 10] 10 2 
Bb:min7 [1, 5, 8, 10] 10 1 
Bb:7/5 [2, 5, 8, 10] 5 4 
Bb:min [1, 5, 10] 10 4 
Bb:min7 [1, 5, 8, 10] 10 3 
Bb:min [1, 5, 10] 10 1 
F#:maj6 [1, 3, 6, 10] 6 3 
Ab:sus2 [3, 8, 10] 8 1 
Bb:min [1, 5, 10] 10 4 
C#:maj [1, 5, 8] 1 3 
Bb:min [1, 5, 10] 10 5 
Bb:min7 [1, 5, 8, 10] 10 1 
C#:maj [1, 5, 8] 1 2 
Ab:sus4 [1, 3, 8] 8 4 
Ab:maj/5 [0, 3, 8] 3 1 
F#:maj/3 [1, 6, 10] 10 8 
Ab:sus2 [3, 8, 10] 8 4 
Bb:min [1, 5, 10] 10 4 
C#:maj [1, 5, 8] 1 4 
Bb:min7 [1, 5, 8, 10] 10 3 
Bb:min [1, 5, 10] 10 1 
C#:maj6 [1, 5, 8, 10] 1 3 
Ab:sus4 [1, 3, 8] 8 5 
C#:maj [1, 5, 8] 1 3 
Bb:min7 [1, 5, 8, 10] 10 5 
Eb:min [3, 6, 10] 3 2 
C#:maj/5 [1, 5, 8] 8 2 
C#:maj [1, 5, 8] 1 7 
Bb:min [1, 5, 10] 10 5 
Bb:min7 [1, 5, 8, 10] 10 1 
C#:maj [1, 5, 8] 1 2 
Ab:sus4 [1, 3, 8] 8 4 
Bb:sus4(b7) [3, 5, 10] 10 9 
Ab:sus2 [3, 8, 10] 8 4 
C#:maj7/5 [1, 5, 8, 11] 8 3 
Bb:min7 [1, 5, 8, 10] 10 5 
F:min [0, 5, 8] 5 4 
Bb:min [1, 5, 10] 10 3 
Bb:min7 [1, 5, 8, 10] 10 1 
Bb:7/5 [2, 5, 8, 10] 5 4 
Bb:min7 [1, 5, 8, 10] 10 1 
Bb:min [1, 5, 10] 10 3 
Bb:min7 [1, 5, 8, 10] 10 3 
Bb:min [1, 5, 10] 10 1 
Eb:min [3, 6, 10] 3 3 
Ab:sus2 [3, 8, 10] 8 1 
Bb:min [1, 5, 10] 10 4 
C#:maj [1, 5, 8] 1 3 
Bb:min [1, 5, 10] 10 5 
Bb:min7 [1, 5, 8, 10] 10 1 
C#:maj [1, 5, 8] 1 2 
Ab:sus4 [1, 3, 8] 8 5 
Bb:min [1, 5, 10] 10 1 
Bb:min7 [1, 5, 8, 10] 10 4 
Bb:min [1, 5, 10] 10 3 
Ab:sus2 [3, 8, 10] 8 4 
C#:maj7/5 [1, 5, 8, 11] 8 4 
Bb:min [1, 5, 10] 10 4 
F:min [0, 5, 8] 5 4 
Bb:min [1, 5, 10] 10 4 
Bb:7/5 [2, 5, 8, 10] 5 4 
Bb:min/5 [1, 5, 10] 5 3 
Bb:min7 [1, 5, 8, 10] 10 5 
Eb:min7 [1, 3, 6, 10] 3 2 
Ab:7/b7 [0, 3, 6, 8] 6 1 
Ab:sus2 [3, 8, 10] 8 1 
Bb:min [1, 5, 10] 10 4 
C#:maj [1, 5, 8] 1 3 
Bb:min [1, 5, 10] 10 5 
Bb:min7 [1, 5, 8, 10] 10 1 
C#:maj [1, 5, 8] 1 3 
Ab:maj [0, 3, 8] 8 4 
Bb:min [1, 5, 10] 10 8 
Eb:maj [3, 7, 10] 3 2 
F:min/b3 [0, 5, 8] 8 2 
C#:maj [1, 5, 8] 1 8 
Bb:min7 [1, 5, 8, 10] 10 4 
C#:maj [1, 5, 8] 1 4 
Ab:9 [0, 3, 6, 8, 10] 8 4 
C#:maj [1, 5, 8] 1 1 
