A:sus2 [4, 9, 11] 9 4 
E:maj/3 [4, 8, 11] 8 4 
D:maj [2, 6, 9] 2 4 
E:maj [4, 8, 11] 4 3 
A:maj [1, 4, 9] 9 4 
D:maj [2, 6, 9] 2 5 
B:min [2, 6, 11] 11 2 
E:maj [4, 8, 11] 4 2 
A:maj/5 [1, 4, 9] 4 8 
E:maj [4, 8, 11] 4 4 
D:maj [2, 6, 9] 2 3 
E:maj [4, 8, 11] 4 4 
A:maj [1, 4, 9] 9 5 
D:maj [2, 6, 9] 2 4 
A:maj [1, 4, 9] 9 4 
E:sus4 [4, 9, 11] 4 8 
E:maj [4, 8, 11] 4 4 
D:maj [2, 6, 9] 2 3 
E:maj [4, 8, 11] 4 4 
A:maj [1, 4, 9] 9 5 
D:maj [2, 6, 9] 2 4 
E:sus4(b7) [4, 9, 11] 4 2 
A:maj [1, 4, 9] 9 5 
D:maj [2, 6, 9] 2 7 
A:maj/3 [1, 4, 9] 1 2 
D:maj [2, 6, 9] 2 6 
A:maj/3 [1, 4, 9] 1 2 
B:min [2, 6, 11] 11 4 
C#:min [1, 4, 8] 1 4 
D:maj [2, 6, 9] 2 4 
B:maj/3 [3, 6, 11] 3 3 
E:sus2 [4, 6, 11] 4 9 
E:sus4 [4, 9, 11] 4 4 
E:maj [4, 8, 11] 4 4 
D:maj [2, 6, 9] 2 2 
D:sus2 [2, 4, 9] 2 2 
A:maj [1, 4, 9] 9 7 
A:maj(9) [1, 4, 7, 9, 11] 9 1 
B:min [2, 6, 11] 11 4 
E:maj [4, 8, 11] 4 4 
A:maj [1, 4, 9] 9 3 
D:maj [2, 6, 9] 2 8 
D:maj6 [2, 6, 9, 11] 2 1 
A:sus4 [2, 4, 9] 9 3 
E:maj [4, 8, 11] 4 5 
E:sus4 [4, 9, 11] 4 4 
E:maj [4, 8, 11] 4 4 
D:maj [2, 6, 9] 2 3 
E:maj [4, 8, 11] 4 4 
A:maj [1, 4, 9] 9 5 
D:maj [2, 6, 9] 2 4 
A:maj [1, 4, 9] 9 4 
E:sus4 [4, 9, 11] 4 4 
A:maj [1, 4, 9] 9 4 
E:maj [4, 8, 11] 4 4 
D:maj [2, 6, 9] 2 3 
E:maj [4, 8, 11] 4 4 
A:maj [1, 4, 9] 9 5 
D:maj [2, 6, 9] 2 4 
E:sus4(b7) [4, 9, 11] 4 2 
A:maj [1, 4, 9] 9 5 
D:maj [2, 6, 9] 2 7 
A:maj/3 [1, 4, 9] 1 2 
D:maj [2, 6, 9] 2 6 
A:maj/3 [1, 4, 9] 1 2 
B:min [2, 6, 11] 11 4 
C#:min [1, 4, 8] 1 4 
D:maj [2, 6, 9] 2 4 
B:maj/3 [3, 6, 11] 3 3 
E:sus2 [4, 6, 11] 4 9 
A:maj [1, 4, 9] 9 4 
E:maj [4, 8, 11] 4 4 
D:maj [2, 6, 9] 2 3 
E:maj [4, 8, 11] 4 4 
A:maj [1, 4, 9] 9 5 
D:maj [2, 6, 9] 2 4 
A:maj [1, 4, 9] 9 4 
E:sus4 [4, 9, 11] 4 4 
A:maj [1, 4, 9] 9 4 
E:maj [4, 8, 11] 4 4 
D:maj [2, 6, 9] 2 3 
E:maj [4, 8, 11] 4 4 
A:maj [1, 4, 9] 9 5 
D:maj [2, 6, 9] 2 4 
E:sus4(b7) [4, 9, 11] 4 2 
A:maj [1, 4, 9] 9 10 
C#:min [1, 4, 8] 1 4 
A:7 [1, 4, 7, 9] 9 3 
B:min [2, 6, 11] 11 16 
B:7/5 [3, 6, 9, 11] 6 1 
E:maj [4, 8, 11] 4 4 
D:maj [2, 6, 9] 2 6 
A:maj/3 [1, 4, 9] 1 2 
D:maj [2, 6, 9] 2 6 
A:maj/3 [1, 4, 9] 1 2 
B:min [2, 6, 11] 11 4 
C#:min [1, 4, 8] 1 4 
D:maj [2, 6, 9] 2 4 
B:maj/3 [3, 6, 11] 3 3 
E:sus2 [4, 6, 11] 4 9 
E:sus4 [4, 9, 11] 4 4 
E:maj [4, 8, 11] 4 4 
D:maj [2, 6, 9] 2 2 
D:sus2 [2, 4, 9] 2 2 
A:maj [1, 4, 9] 9 5 
A:maj(9) [1, 4, 7, 9, 11] 9 3 
E:maj [4, 8, 11] 4 4 
A:sus2 [4, 9, 11] 9 4 
