F:maj [0, 5, 9] 5 2
C:maj [0, 4, 7] 0 2
D:min [2, 5, 9] 2 2
Bb:maj/6 [2, 5, 10] 7 1
C:maj [0, 4, 7] 0 1
F:maj [0, 5, 9] 5 2
D:min [2, 5, 9] 2 2
Bb:maj [2, 5, 10] 10 2
F:maj [0, 5, 9] 5 4
C:maj [0, 4, 7] 0 2
D:min [2, 5, 9] 2 2
A:min [0, 4, 9] 9 2
Bb:maj [2, 5, 10] 10 2
F:maj [0, 5, 9] 5 2
G:maj [2, 7, 11] 7 2
C:maj [0, 4, 7] 0 2
F:maj [0, 5, 9] 5 2
C:maj [0, 4, 7] 0 2
D:min [2, 5, 9] 2 2
A:min [0, 4, 9] 9 2
Bb:maj [2, 5, 10] 10 2
F:maj [0, 5, 9] 5 2
G:min [2, 7, 10] 7 2
C:maj [0, 4, 7] 0 6
F:maj [0, 5, 9] 5 2
C:maj [0, 4, 7] 0 2
D:min [2, 5, 9] 2 2
A:min [0, 4, 9] 9 2
Bb:maj [2, 5, 10] 10 2
F:maj [0, 5, 9] 5 2
G:min [2, 7, 10] 7 2
C:maj [0, 4, 7] 0 2
F:maj [0, 5, 9] 5 2
C:maj [0, 4, 7] 0 2
D:min [2, 5, 9] 2 2
A:min [0, 4, 9] 9 2
Bb:maj [2, 5, 10] 10 2
F:maj [0, 5, 9] 5 2
G:min [2, 7, 10] 7 1
C:maj [0, 4, 7] 0 1
F:maj [0, 5, 9] 5 4
Bb:maj [2, 5, 10] 10 2
C:maj [0, 4, 7] 0 2
A:min [0, 4, 9] 9 2
Bb:maj [2, 5, 10] 10 2
G:min [2, 7, 10] 7 2
Bb:maj [2, 5, 10] 10 2
C:sus2 [0, 2, 7] 0 2
F:maj [0, 5, 9] 5 2
C:maj [0, 4, 7] 0 2
D:min [2, 5, 9] 2 2
A:min [0, 4, 9] 9 2
Bb:maj [2, 5, 10] 10 2
F:maj [0, 5, 9] 5 2
G:maj [2, 7, 11] 7 2
C:maj [0, 4, 7] 0 2
F:maj [0, 5, 9] 5 2
C:maj [0, 4, 7] 0 2
D:min [2, 5, 9] 2 2
A:min [0, 4, 9] 9 2
Bb:maj [2, 5, 10] 10 2
F:maj [0, 5, 9] 5 2
G:min [2, 7, 10] 7 2
C:maj [0, 4, 7] 0 6
F:maj [0, 5, 9] 5 2
C:maj [0, 4, 7] 0 2
D:min [2, 5, 9] 2 2
A:min [0, 4, 9] 9 2
Bb:maj [2, 5, 10] 10 2
F:maj [0, 5, 9] 5 2
G:min [2, 7, 10] 7 2
C:maj [0, 4, 7] 0 2
F:maj [0, 5, 9] 5 2
C:maj [0, 4, 7] 0 2
D:min [2, 5, 9] 2 2
A:min [0, 4, 9] 9 2
Bb:maj [2, 5, 10] 10 2
F:maj [0, 5, 9] 5 2
G:min [2, 7, 10] 7 1
C:maj [0, 4, 7] 0 1
F:maj [0, 5, 9] 5 4
Bb:maj [2, 5, 10] 10 2
C:maj [0, 4, 7] 0 2
A:min [0, 4, 9] 9 2
Bb:maj [2, 5, 10] 10 2
G:min [2, 7, 10] 7 2
C:maj [0, 4, 7] 0 2
Bb:maj [2, 5, 10] 10 2
C:maj [0, 4, 7] 0 2
C:maj [0, 4, 7] 0 2
F:maj [0, 5, 9] 5 2
C:maj [0, 4, 7] 0 2
D:min [2, 5, 9] 2 2
A:min [0, 4, 9] 9 2
Bb:maj [2, 5, 10] 10 2
F:maj [0, 5, 9] 5 2
G:min [2, 7, 10] 7 2
C:maj [0, 4, 7] 0 2
F:maj [0, 5, 9] 5 2
C:maj [0, 4, 7] 0 2
D:min [2, 5, 9] 2 2
A:min [0, 4, 9] 9 2
Bb:maj [2, 5, 10] 10 2
F:maj [0, 5, 9] 5 2
G:min [2, 7, 10] 7 1
C:maj [0, 4, 7] 0 1
F:maj [0, 5, 9] 5 4
Bb:maj [2, 5, 10] 10 2
C:maj [0, 4, 7] 0 2
A:min [0, 4, 9] 9 2
Bb:maj [2, 5, 10] 10 2
G:min [2, 7, 10] 7 2
Bb:maj [2, 5, 10] 10 2
C:sus2 [0, 2, 7] 0 4
