0 128
70 1
70 1
70 1
70 1
70 1
0 1
72 1
74 1
72 1
0 1
67 1
0 5
70 1
70 1
70 1
70 1
70 1
0 1
72 1
74 1
72 1
0 1
74 1
0 5
72 1
72 1
72 1
72 1
72 1
0 1
74 1
77 1
74 1
0 1
72 1
70 1
67 1
70 1
0 1
70 1
72 1
72 1
72 1
70 1
67 1
67 1
74 1
0 1
72 1
0 7
70 1
70 1
70 1
70 1
70 1
0 1
72 1
74 1
72 1
0 1
67 1
0 5
70 1
70 1
70 1
70 1
70 1
0 1
72 1
74 1
72 1
0 1
74 1
0 5
72 1
72 1
72 1
72 1
72 1
0 1
74 1
77 1
74 1
0 1
72 1
70 1
67 1
70 1
70 1
70 1
72 1
72 1
72 1
70 1
67 1
67 1
70 2
0 2
70 2
0 18
70 1
72 1
74 1
82 1
82 1
82 1
82 1
0 1
84 1
0 1
81 1
0 1
79 1
77 1
0 2
74 1
77 1
79 1
79 1
79 1
77 1
79 1
0 1
70 1
72 1
74 1
0 1
77 1
74 1
0 4
72 1
72 1
0 1
74 1
72 1
0 1
67 1
70 1
77 1
74 1
72 1
74 1
0 4
79 1
79 1
79 1
82 1
81 1
77 1
79 1
0 2
77 1
0 4
74 1
77 1
82 1
82 1
82 1
82 1
82 1
0 1
82 1
84 1
81 1
0 1
77 1
79 1
0 2
74 1
77 1
79 1
79 1
79 1
77 1
79 1
0 1
70 1
72 1
74 1
0 1
77 1
74 1
0 4
72 1
72 1
0 1
74 1
72 1
0 1
67 1
70 1
77 1
74 1
72 1
74 1
0 4
79 1
79 1
0 1
82 1
81 1
79 1
77 1
0 3
77 2
0 68
70 1
70 1
70 1
70 1
70 1
0 1
72 1
74 1
72 1
0 1
67 1
0 5
70 1
70 1
70 1
70 1
70 1
0 1
72 1
74 1
72 1
0 1
74 1
0 5
72 1
72 1
72 1
72 1
72 1
0 1
74 1
77 1
74 1
0 1
72 1
70 1
67 1
70 1
0 1
70 1
72 1
72 1
72 1
70 1
67 1
67 1
74 1
0 1
72 1
0 7
70 1
70 1
70 1
70 1
70 1
0 1
72 1
74 1
72 1
0 1
67 1
0 5
70 1
70 1
70 1
70 1
70 1
0 1
72 1
74 1
72 1
0 1
74 1
0 5
72 1
72 1
72 1
72 1
72 1
0 1
74 1
77 1
74 1
0 1
72 1
70 1
67 1
70 1
70 1
70 1
72 1
72 1
72 1
70 1
67 1
67 1
70 2
0 2
70 2
0 18
70 1
72 1
74 1
82 1
82 1
82 1
82 1
0 1
82 1
84 1
81 1
0 1
79 1
77 1
0 2
74 1
77 1
79 1
79 1
79 1
77 1
79 1
0 1
70 1
72 1
74 1
0 1
77 1
74 1
0 4
72 1
72 1
0 1
74 1
72 1
0 1
67 1
70 1
77 1
74 1
72 1
74 1
0 4
79 1
79 1
79 1
82 1
81 1
79 1
79 1
0 2
77 1
0 4
74 1
77 1
82 1
82 1
82 1
82 1
82 1
0 1
81 1
84 1
81 1
0 1
77 1
79 1
0 2
74 1
77 1
79 1
79 1
79 1
77 1
79 1
0 1
70 1
72 1
74 1
0 1
77 1
74 1
0 4
72 1
72 1
0 1
74 1
72 1
0 1
67 1
70 1
77 1
74 1
72 1
74 1
0 4
79 1
79 1
0 1
82 1
81 1
79 1
77 1
0 3
77 2
0 4
70 1
70 1
70 1
70 1
70 1
0 1
72 1
74 1
72 1
0 1
67 1
0 5
70 1
70 1
70 1
70 1
70 1
0 1
72 1
74 1
72 1
0 1
74 1
0 5
72 1
72 1
72 1
72 1
72 1
0 1
74 1
77 1
74 1
0 1
72 1
70 1
67 1
70 1
0 1
70 1
72 1
72 1
72 1
70 1
67 1
67 1
74 1
0 1
72 1
0 7
70 1
70 1
70 1
70 1
70 1
0 1
72 1
74 1
72 1
0 1
67 1
0 5
70 1
70 1
70 1
70 1
70 1
0 1
72 1
74 1
72 1
0 1
74 1
0 5
72 1
72 1
72 1
72 1
72 1
0 1
74 1
77 1
74 1
0 1
72 1
70 1
67 1
70 1
70 1
70 1
72 1
72 1
72 1
70 1
67 1
67 1
70 2
0 2
70 2
0 66
70 1
72 1
74 1
82 1
82 1
82 1
82 1
0 1
82 1
84 1
81 1
0 1
79 1
77 1
0 2
74 1
77 1
79 1
79 1
79 1
77 1
79 1
0 1
70 1
72 1
74 1
0 1
77 1
74 1
0 4
72 1
72 1
0 1
74 1
72 1
0 1
67 1
70 1
77 1
74 1
72 1
74 1
0 4
79 1
79 1
79 1
82 1
81 1
77 1
79 1
0 2
77 1
0 4
74 1
77 1
82 1
82 1
82 1
82 1
82 1
0 1
82 1
84 1
81 1
0 1
77 1
79 1
0 2
74 1
77 1
79 1
79 1
79 1
77 1
79 1
0 1
70 1
72 1
74 1
0 1
77 1
74 1
0 4
72 1
72 1
0 1
74 1
72 1
0 1
67 1
70 1
77 1
74 1
72 1
74 1
0 4
79 1
79 1
0 1
82 1
81 1
79 1
77 1
0 3
77 2
0 4
70 1
70 1
70 1
70 1
70 1
0 1
72 1
74 1
72 1
0 1
67 1
0 5
70 1
70 1
70 1
70 1
70 1
0 1
72 1
74 1
72 1
0 1
74 1
0 5
72 1
72 1
72 1
72 1
72 1
0 1
74 1
77 1
74 1
0 1
72 1
70 1
67 1
70 1
70 1
70 1
72 1
72 1
72 1
70 1
67 1
67 1
70 2
0 2
70 2
