E:maj [4, 8, 11] 4 2 
F#:maj [1, 6, 10] 6 2 
Ab:min [3, 8, 11] 8 4 
E:maj [4, 8, 11] 4 2 
F#:maj [1, 6, 10] 6 2 
B:sus2 [1, 6, 11] 11 6 
Eb:min/5 [3, 6, 10] 10 2 
Ab:min [3, 8, 11] 8 4 
E:maj [4, 8, 11] 4 2 
F#:maj [1, 6, 10] 6 2 
B:maj [3, 6, 11] 11 6 
B:maj/7 [3, 6, 11] 10 2 
Ab:min [3, 8, 11] 8 4 
E:maj [4, 8, 11] 4 2 
F#:maj [1, 6, 10] 6 2 
B:maj [3, 6, 11] 11 4 
E:maj [4, 8, 11] 4 2 
F#:maj [1, 6, 10] 6 2 
B:maj [3, 6, 11] 11 4 
E:maj [4, 8, 11] 4 2 
F#:maj [1, 6, 10] 6 2 
B:maj [3, 6, 11] 11 4 
E:maj [4, 8, 11] 4 2 
F#:maj [1, 6, 10] 6 2 
B:maj7 [3, 6, 9, 11] 11 2 
Ab:min [3, 8, 11] 8 2 
E:maj [4, 8, 11] 4 4 
F#:maj [1, 6, 10] 6 4 
B:maj [3, 6, 11] 11 4 
F#:maj [1, 6, 10] 6 4 
Ab:min [3, 8, 11] 8 4 
F#:maj [1, 6, 10] 6 4 
E:maj [4, 8, 11] 4 4 
Eb:min [3, 6, 10] 3 3 
B:maj/3 [3, 6, 11] 3 1 
C#:min [1, 4, 8] 1 4 
F#:maj [1, 6, 10] 6 4 
B:maj [3, 6, 11] 11 4 
F#:maj [1, 6, 10] 6 4 
Ab:min [3, 8, 11] 8 4 
F#:maj [1, 6, 10] 6 4 
E:maj [4, 8, 11] 4 4 
Eb:min [3, 6, 10] 3 3 
B:maj/3 [3, 6, 11] 3 1 
C#:min [1, 4, 8] 1 4 
F#:maj [1, 6, 10] 6 4 
B:maj [3, 6, 11] 11 4 
Eb:min/5 [3, 6, 10] 10 4 
Ab:min [3, 8, 11] 8 4 
F#:maj [1, 6, 10] 6 4 
E:maj [4, 8, 11] 4 4 
B:maj/3 [3, 6, 11] 3 4 
C#:min [1, 4, 8] 1 4 
F#:maj [1, 6, 10] 6 4 
B:maj [3, 6, 11] 11 4 
Ab:min [3, 8, 11] 8 4 
E:maj [4, 8, 11] 4 2 
F#:maj [1, 6, 10] 6 2 
B:maj [3, 6, 11] 11 6 
F#:maj [1, 6, 10] 6 2 
Ab:min [3, 8, 11] 8 4 
E:maj [4, 8, 11] 4 2 
F#:maj [1, 6, 10] 6 2 
B:maj [3, 6, 11] 11 4 
E:maj [4, 8, 11] 4 2 
F#:maj [1, 6, 10] 6 2 
B:maj [3, 6, 11] 11 4 
E:maj [4, 8, 11] 4 2 
F#:maj [1, 6, 10] 6 2 
B:maj [3, 6, 11] 11 4 
E:maj [4, 8, 11] 4 2 
F#:maj [1, 6, 10] 6 2 
B:maj7 [3, 6, 9, 11] 11 2 
Ab:min [3, 8, 11] 8 2 
E:maj [4, 8, 11] 4 4 
F#:maj [1, 6, 10] 6 4 
B:maj [3, 6, 11] 11 4 
F#:maj [1, 6, 10] 6 4 
Ab:min [3, 8, 11] 8 4 
F#:maj [1, 6, 10] 6 4 
E:maj [4, 8, 11] 4 4 
Eb:min [3, 6, 10] 3 3 
B:maj/3 [3, 6, 11] 3 1 
C#:min [1, 4, 8] 1 4 
F#:maj [1, 6, 10] 6 4 
B:maj [3, 6, 11] 11 4 
F#:maj [1, 6, 10] 6 4 
Ab:min [3, 8, 11] 8 4 
F#:maj [1, 6, 10] 6 4 
E:maj [4, 8, 11] 4 4 
Eb:min [3, 6, 10] 3 3 
B:maj/3 [3, 6, 11] 3 1 
C#:min [1, 4, 8] 1 4 
F#:maj [1, 6, 10] 6 4 
E:maj [4, 8, 11] 4 2 
F#:maj [1, 6, 10] 6 2 
Ab:min [3, 8, 11] 8 4 
E:maj [4, 8, 11] 4 2 
F#:maj [1, 6, 10] 6 2 
B:sus2 [1, 6, 11] 11 4 
E:maj [4, 8, 11] 4 2 
F#:maj [1, 6, 10] 6 2 
Ab:min [3, 8, 11] 8 4 
E:maj [4, 8, 11] 4 3 
F#:maj [1, 6, 10] 6 1 
B:maj [3, 6, 11] 11 4 
