0 62
71 1
73 1
75 7
0 1
73 2
0 1
71 3
70 2
71 7
0 8
66 1
71 1
0 1
71 1
0 1
71 1
0 1
71 1
0 1
70 1
0 1
70 2
68 2
68 4
66 6
0 6
71 1
73 1
75 7
0 1
73 3
71 3
70 2
71 11
0 3
78 1
75 1
73 2
71 5
0 1
73 1
0 1
73 1
0 1
73 1
0 1
75 4
71 7
0 1
71 1
0 1
75 1
0 1
78 1
0 1
80 5
0 1
80 1
0 1
78 2
73 1
0 1
73 2
76 1
0 1
75 9
0 1
71 1
0 1
75 1
0 1
78 1
78 1
78 2
76 1
76 2
0 1
75 1
0 1
76 2
75 1
0 1
73 1
0 1
71 3
0 1
75 6
0 2
71 2
75 1
0 1
78 1
0 1
80 5
0 1
80 2
82 2
80 2
82 2
83 1
0 1
83 2
78 1
0 1
78 1
0 1
75 2
71 5
0 1
71 1
0 1
80 1
0 1
78 1
78 2
0 1
78 1
0 1
78 2
0 1
75 1
0 2
75 3
0 1
73 9
0 1
78 2
75 1
0 1
73 1
0 1
71 4
75 6
78 2
75 1
0 1
73 2
71 4
73 3
0 1
73 1
0 1
73 1
0 1
75 1
0 1
73 1
0 1
71 1
0 1
71 1
0 1
83 1
0 1
83 1
0 1
82 1
0 1
80 1
0 1
78 7
0 1
71 1
0 1
71 2
70 1
0 1
71 1
0 1
80 1
0 1
80 4
0 2
80 1
0 1
80 1
0 1
78 2
75 1
0 1
78 1
0 1
78 5
0 1
75 1
0 1
75 1
0 1
76 1
0 1
78 1
0 1
75 4
71 1
0 1
80 1
0 1
78 3
0 1
75 1
0 1
75 1
0 1
73 12
0 2
78 2
75 1
0 1
73 1
0 1
71 4
75 6
78 2
75 1
0 1
73 2
71 4
73 3
0 1
73 1
0 1
73 1
0 1
75 1
0 1
73 1
0 1
71 1
0 1
71 1
0 1
83 1
0 1
83 1
0 1
82 1
0 1
80 1
0 1
78 7
0 1
71 1
0 1
71 2
70 1
0 1
71 1
0 1
80 1
0 1
80 4
0 2
80 1
0 1
80 1
0 1
78 2
75 1
0 1
78 1
0 1
78 5
0 1
75 1
0 1
75 1
0 1
76 1
0 1
78 1
0 1
75 4
71 1
0 1
80 1
0 1
78 3
0 1
75 1
0 1
73 1
0 1
73 12
0 2
71 2
71 17
0 111
71 1
73 1
75 7
0 1
73 2
0 1
71 3
70 2
71 7
0 8
66 1
71 1
0 1
71 1
0 1
71 1
0 1
71 1
70 1
0 2
70 2
68 2
70 4
66 6
0 6
71 1
73 1
75 7
0 1
78 3
73 3
75 3
0 1
73 1
71 8
0 3
78 1
75 1
73 2
71 5
0 1
73 1
0 1
73 1
0 1
73 1
0 1
75 4
71 7
0 1
71 1
0 1
75 1
0 1
78 1
0 1
80 5
0 1
80 1
0 1
78 2
73 1
0 1
73 2
76 1
0 1
75 9
0 1
71 1
0 1
75 1
0 1
78 1
78 1
78 2
76 1
76 2
0 1
75 1
0 1
76 2
75 1
0 1
73 1
0 1
71 3
0 1
75 6
0 2
71 2
75 1
0 1
78 1
0 1
80 5
0 1
80 2
82 2
80 2
82 2
83 1
0 1
83 1
0 1
78 2
78 1
0 1
75 2
71 5
0 1
71 1
0 1
80 1
0 1
78 1
78 2
0 1
78 1
0 1
78 3
75 1
0 2
75 3
0 1
73 9
0 1
78 2
75 1
0 1
73 1
0 1
71 4
75 6
78 2
75 1
0 1
73 2
71 4
73 3
0 1
73 1
0 1
73 1
0 1
75 1
0 1
73 1
0 1
71 1
0 1
71 1
0 1
83 1
0 1
83 1
0 1
82 1
0 1
80 1
0 1
78 7
0 1
71 1
0 1
71 2
70 1
0 1
71 1
0 1
80 1
0 1
80 4
0 2
80 1
0 1
80 1
0 1
78 2
75 1
0 1
78 1
0 1
78 5
0 1
75 1
0 1
75 1
0 1
76 1
0 1
78 1
0 1
75 4
71 1
0 1
80 1
0 1
78 3
0 1
75 1
0 1
75 1
0 1
73 12
0 2
78 2
75 1
0 1
73 1
0 1
71 4
75 6
78 2
75 1
0 1
73 2
71 4
73 3
0 1
73 1
0 1
73 1
0 1
75 1
0 1
73 1
0 1
71 1
0 1
71 1
0 1
83 1
0 1
83 1
0 1
82 1
0 1
80 1
0 1
78 7
0 1
71 1
0 1
71 2
70 1
0 1
71 1
0 1
80 1
0 1
80 4
0 2
80 1
0 1
80 1
0 1
78 2
75 1
0 1
78 1
0 1
78 5
0 1
75 1
0 1
75 1
0 1
76 1
0 1
78 1
0 1
75 4
71 1
0 1
80 1
0 1
78 3
0 1
75 1
0 1
73 1
0 1
73 12
0 2
71 2
71 17
