C:maj [0, 4, 7] 0 16 
A:min [0, 4, 9] 9 8 
F:maj [0, 5, 9] 5 7 
F#:minmaj7 [1, 5, 6, 9] 6 1 
G:maj [2, 7, 11] 7 8 
C:maj [0, 4, 7] 11 2 
C:maj/5 [0, 4, 7] 7 2 
C:maj [0, 4, 7] 11 4 
A:min7 [0, 4, 7, 9] 9 4 
A:min [0, 4, 9] 9 4 
F:maj7 [0, 3, 5, 9] 5 7 
F#:minmaj7 [1, 5, 6, 9] 6 1 
G:maj [2, 7, 11] 7 4 
C:maj [0, 4, 7] 0 16 
A:min [0, 4, 9] 9 4 
G:maj [2, 7, 11] 7 4 
F:maj [0, 5, 9] 5 4 
G:maj [2, 7, 11] 7 12 
C:maj [0, 4, 7] 0 8 
A:min [0, 4, 9] 9 4 
G:maj [2, 7, 11] 7 4 
F:maj [0, 5, 9] 5 4 
G:maj [2, 7, 11] 7 8 
C:maj [0, 4, 7] 0 4 
A:min [0, 4, 9] 9 16 
C:maj/5 [0, 4, 7] 7 8 
A:min [0, 4, 9] 9 2 
C:maj/5 [0, 4, 7] 7 2 
A:min [0, 4, 9] 9 4 
F:maj [0, 5, 9] 5 8 
G:maj [2, 7, 11] 7 4 
E:min/b3 [4, 7, 11] 7 2 
A:sus2 [4, 9, 11] 9 2 
C:maj/5 [0, 4, 7] 7 8 
A:min [0, 4, 9] 9 2 
C:maj/5 [0, 4, 7] 7 2 
A:min [0, 4, 9] 9 4 
F:maj [0, 5, 9] 5 8 
G:maj [2, 7, 11] 7 4 
C:maj [0, 4, 7] 0 16 
A:min [0, 4, 9] 9 4 
G:maj [2, 7, 11] 7 4 
F:maj [0, 5, 9] 5 4 
G:maj [2, 7, 11] 7 12 
C:maj [0, 4, 7] 0 8 
A:min [0, 4, 9] 9 4 
G:maj [2, 7, 11] 7 4 
F:maj [0, 5, 9] 5 4 
G:maj [2, 7, 11] 7 8 
C:maj [0, 4, 7] 0 4 
A:min [0, 4, 9] 9 31 
D:maj/5 [2, 6, 9] 9 1 
C:maj [0, 4, 7] 0 8 
A:min [0, 4, 9] 9 4 
G:maj [2, 7, 11] 7 4 
F:maj [0, 5, 9] 5 4 
G:maj [2, 7, 11] 7 12 
C:maj [0, 4, 7] 0 8 
A:min [0, 4, 9] 9 4 
G:maj [2, 7, 11] 7 4 
F:maj [0, 5, 9] 5 4 
G:maj [2, 7, 11] 7 8 
C:maj [0, 4, 7] 0 4 
N []  32 
C:maj [0, 4, 7] 0 8 
A:min [0, 4, 9] 9 4 
G:maj [2, 7, 11] 7 4 
F:maj [0, 5, 9] 5 4 
G:maj [2, 7, 11] 7 8 
C:maj [0, 4, 7] 0 4 
A:min [0, 4, 9] 9 32 
