69 1
0 1
62 1
0 1
62 1
69 2
0 1
67 4
0 1
67 1
67 1
69 1
72 2
69 1
0 1
60 1
67 2
0 1
65 4
0 1
62 1
62 1
64 1
65 1
0 1
58 1
58 2
0 2
65 1
67 2
60 1
60 3
0 1
60 1
60 1
0 1
60 2
57 1
65 2
0 1
62 10
0 62
65 1
0 1
57 1
57 2
0 1
62 1
65 1
64 1
0 1
62 1
60 3
0 2
62 1
62 1
62 1
62 1
60 1
0 1
62 1
60 1
0 1
57 5
55 1
57 1
58 1
0 1
57 1
58 3
62 1
65 1
64 1
0 1
62 1
60 3
0 2
62 1
62 1
62 1
65 1
64 1
0 1
60 1
64 1
0 1
62 6
0 1
65 1
0 1
57 1
57 1
0 2
62 1
65 1
64 2
62 1
60 3
0 2
62 1
62 1
62 1
62 1
60 1
0 1
62 1
60 1
0 1
57 5
55 1
57 1
58 1
0 1
57 3
0 1
62 1
65 1
64 1
0 1
62 1
60 3
0 2
62 1
62 1
62 1
65 1
67 1
0 1
64 1
60 1
64 1
0 1
62 6
0 5
65 1
65 1
67 1
69 1
0 1
62 1
0 1
62 1
69 2
0 1
67 4
0 1
67 1
67 1
69 1
72 1
0 1
69 1
0 1
60 1
67 2
0 1
65 3
0 2
62 1
62 1
64 1
65 1
0 1
58 1
58 3
0 1
65 1
67 1
0 1
60 1
60 2
0 2
60 1
70 2
69 1
0 1
69 1
67 2
69 6
65 1
65 1
67 1
69 1
0 1
62 1
0 1
62 1
69 2
0 1
67 4
0 1
67 1
67 1
69 1
72 2
69 1
0 1
60 1
67 2
0 1
65 4
0 1
62 1
62 1
64 1
65 1
0 1
58 1
58 2
0 2
65 1
67 2
60 1
60 3
0 2
60 1
60 1
60 2
0 1
57 1
65 2
0 1
62 8
0 55
65 1
0 1
57 1
57 1
0 2
62 1
65 1
64 2
62 1
60 3
0 2
62 1
62 1
62 1
62 1
60 1
0 1
62 1
60 1
0 1
57 5
55 1
57 1
58 1
0 1
57 3
0 1
62 1
65 1
64 1
0 1
62 1
60 3
0 2
62 1
62 1
62 1
65 1
67 1
0 1
64 1
60 1
64 1
0 1
62 6
0 5
65 1
65 1
67 1
69 1
0 1
62 1
0 1
62 1
69 2
0 1
67 4
0 1
67 1
67 1
69 1
72 1
0 1
69 1
0 1
60 1
67 2
0 1
65 3
0 2
62 1
62 1
64 1
65 1
0 1
58 1
58 3
0 1
65 1
67 1
0 1
60 1
60 2
0 2
60 1
70 2
69 1
0 1
69 1
67 2
69 6
65 1
65 1
67 1
69 1
0 1
62 1
0 1
62 1
69 2
0 1
67 4
0 1
67 1
67 1
69 1
72 2
69 1
0 1
60 1
67 2
0 1
65 4
0 1
62 1
62 1
64 1
65 1
0 1
58 1
58 2
0 2
65 1
67 2
60 1
60 3
0 2
60 1
60 1
60 2
0 1
57 1
65 2
62 5
0 1
62 1
64 1
65 1
0 1
65 1
65 1
0 1
69 2
0 1
67 3
0 3
64 1
62 1
60 1
0 1
57 1
60 1
0 1
67 3
65 5
0 1
62 1
64 1
65 1
0 1
65 1
65 2
69 2
0 1
67 4
0 2
67 1
65 1
70 1
0 1
70 1
0 1
69 1
67 2
69 9
69 1
0 1
62 1
0 1
62 1
69 2
0 1
67 4
0 1
67 1
67 1
69 1
72 1
0 1
69 1
0 1
60 1
67 2
0 1
65 3
0 2
62 1
62 1
64 1
65 1
0 1
58 1
58 3
0 1
65 1
67 1
0 1
60 1
60 2
0 2
60 1
70 2
69 1
0 1
69 1
67 2
69 6
65 1
65 1
67 1
69 1
0 1
62 1
0 1
62 1
69 2
0 1
67 4
0 1
67 1
67 1
69 1
72 2
69 1
0 1
60 1
67 2
0 1
65 4
0 1
62 1
62 1
64 1
65 1
0 1
58 1
58 2
0 2
65 1
67 2
60 1
60 3
0 2
60 1
60 1
60 2
0 1
57 1
65 2
62 5
