58 3
0 1
55 1
0 1
57 1
58 3
0 5
58 1
57 1
0 1
55 1
0 1
55 1
0 1
53 1
0 1
53 4
0 4
58 3
0 1
58 1
60 3
58 4
0 3
58 1
57 1
0 1
55 1
0 1
55 2
53 2
62 2
0 6
62 2
0 1
60 2
0 1
58 1
58 2
0 1
60 2
0 3
53 1
53 1
0 1
53 1
0 1
60 2
63 2
63 1
63 2
62 4
0 1
62 2
60 1
60 2
0 1
58 1
58 2
53 1
0 6
60 1
0 1
58 1
58 2
0 1
57 1
58 4
0 5
58 3
0 1
55 1
0 1
57 1
58 5
0 3
58 1
57 2
55 1
0 1
55 1
0 1
53 1
0 1
53 4
0 4
58 3
0 1
58 1
60 3
58 4
0 3
58 1
57 2
55 1
0 1
55 1
0 1
53 2
62 3
0 5
62 1
0 1
60 1
60 2
0 1
58 1
58 2
60 4
0 2
53 1
53 1
0 1
53 1
0 1
60 1
0 1
63 1
0 1
63 2
62 1
62 3
0 2
62 1
0 1
60 1
60 2
0 1
58 1
58 2
60 3
0 4
58 2
0 1
57 5
0 4
58 1
0 1
60 2
62 2
67 1
67 1
0 1
70 3
69 2
67 1
67 2
0 1
65 1
0 1
65 1
0 1
60 1
0 1
60 1
0 1
63 1
0 1
63 3
62 2
0 1
58 1
60 1
62 1
0 1
62 1
62 1
0 1
67 3
65 2
63 1
63 1
0 2
62 2
60 1
0 1
60 1
0 1
60 1
0 1
60 1
0 1
60 2
0 1
58 1
0 2
58 1
60 1
62 2
67 1
67 2
0 1
70 1
0 1
69 2
0 1
67 2
0 1
65 1
0 1
65 2
60 1
0 1
60 1
0 1
63 1
0 1
63 3
62 2
0 1
58 1
60 1
62 2
62 1
62 1
0 1
67 2
0 1
65 1
0 1
63 1
63 1
0 2
62 1
0 1
60 1
0 1
60 1
0 1
60 1
0 1
60 1
0 1
60 2
0 1
58 1
0 68
58 3
0 1
55 1
0 1
57 1
58 5
0 3
58 1
57 2
55 1
0 1
55 1
0 1
53 1
0 1
53 4
0 4
58 3
0 1
58 1
60 3
58 4
0 3
58 1
57 2
55 1
0 1
55 1
0 1
53 2
62 3
0 5
62 1
0 1
60 1
60 2
0 1
58 1
58 2
60 4
0 2
53 1
53 1
0 1
53 1
0 1
60 1
0 1
63 1
0 1
63 2
62 1
62 3
0 2
62 1
0 1
60 1
60 2
0 1
58 1
58 2
60 3
0 4
58 2
0 1
57 5
0 4
58 1
0 1
60 2
62 2
67 1
67 1
0 1
70 3
69 2
67 1
67 2
0 1
65 1
0 1
65 1
0 1
60 1
0 1
60 1
0 1
63 1
0 1
63 3
62 2
0 1
58 1
60 1
62 1
0 1
62 1
62 1
0 1
67 3
65 2
63 1
63 1
0 2
62 2
60 1
0 1
60 1
0 1
60 1
0 1
60 1
0 1
60 2
0 1
58 1
0 2
58 1
60 1
62 2
67 1
67 2
0 1
70 1
0 1
69 2
0 1
67 2
0 1
65 1
0 1
65 2
60 1
0 1
60 1
0 1
63 1
0 1
63 3
62 2
0 1
58 1
60 1
62 2
62 1
62 1
0 1
67 2
0 1
65 1
0 1
63 1
63 1
0 2
62 1
0 1
60 1
0 1
60 1
0 1
60 1
0 1
60 1
0 1
60 2
0 1
58 1
0 4
62 2
67 1
67 1
0 1
70 3
69 2
67 1
67 2
0 1
65 1
0 1
65 1
0 1
60 1
0 1
60 1
0 1
63 1
0 1
63 3
62 2
0 1
58 1
60 1
62 1
0 1
62 1
62 1
0 1
67 3
65 2
63 1
63 1
0 2
62 2
60 1
0 1
60 1
0 1
60 1
0 1
60 1
0 1
60 2
0 1
58 1
0 2
58 1
60 1
62 2
67 1
67 2
0 1
70 1
0 1
69 2
0 1
67 2
0 1
65 1
0 1
65 2
60 1
0 1
60 1
0 1
63 1
0 1
63 3
62 2
0 1
58 1
60 1
62 2
62 1
62 1
0 1
67 2
0 1
65 1
0 1
63 1
63 1
0 2
62 1
0 1
60 1
0 1
60 1
0 1
60 1
0 1
60 1
0 1
60 2
0 1
58 1
0 4
58 3
0 1
55 1
0 1
57 1
58 3
0 5
58 1
57 1
0 1
55 1
0 1
55 1
0 1
53 1
0 1
53 4
0 4
58 3
0 1
55 1
57 1
58 1
60 2
58 5
0 1
58 1
57 1
0 1
55 1
0 1
55 2
53 2
62 2
0 6
62 1
0 1
60 1
60 2
0 1
58 1
58 2
60 2
0 4
53 1
53 1
0 1
53 1
0 1
60 2
63 2
63 3
62 4
0 1
62 2
60 1
60 2
0 1
58 1
58 2
53 1
0 5
53 1
60 1
0 1
58 1
58 2
0 1
57 1
58 3
57 1
55 12
