D:maj [2, 6, 9] 2 4 
A:maj [1, 4, 9] 9 2 
B:min [2, 6, 11] 11 4 
G:maj7 [2, 5, 7, 11] 7 2 
A:sus4 [2, 4, 9] 9 2 
D:maj [2, 6, 9] 2 6 
A:maj6 [1, 4, 6, 9] 9 2 
B:sus4 [4, 6, 11] 11 4 
G:maj [2, 7, 11] 7 2 
A:maj [1, 4, 9] 9 2 
D:sus2 [2, 4, 9] 2 4 
G:maj [2, 7, 11] 7 2 
A:maj [1, 4, 9] 9 2 
D:maj [2, 6, 9] 2 2 
B:min [2, 6, 11] 11 2 
G:maj [2, 7, 11] 7 2 
A:maj [1, 4, 9] 9 2 
D:maj [2, 6, 9] 2 4 
G:maj [2, 7, 11] 7 2 
A:maj [1, 4, 9] 9 2 
F#:min [1, 6, 9] 6 2 
B:min [2, 6, 11] 11 2 
G:maj [2, 7, 11] 7 2 
A:maj [1, 4, 9] 9 2 
D:sus4 [2, 7, 9] 2 4 
G:maj [2, 7, 11] 7 2 
A:sus4 [2, 4, 9] 9 2 
F#:min [1, 6, 9] 6 2 
B:min [2, 6, 11] 11 2 
G:maj [2, 7, 11] 7 2 
A:7 [1, 4, 7, 9] 9 2 
D:maj [2, 6, 9] 2 4 
G:maj [2, 7, 11] 7 2 
A:7 [1, 4, 7, 9] 9 2 
F#:min [1, 6, 9] 6 2 
B:min [2, 6, 11] 11 2 
G:maj [2, 7, 11] 7 2 
A:7 [1, 4, 7, 9] 9 2 
D:maj [2, 6, 9] 2 6 
A:maj6 [1, 4, 6, 9] 9 2 
B:sus4 [4, 6, 11] 11 4 
G:maj [2, 7, 11] 7 2 
A:maj [1, 4, 9] 9 2 
D:sus2 [2, 4, 9] 2 4 
G:maj [2, 7, 11] 7 2 
A:maj [1, 4, 9] 9 2 
D:maj [2, 6, 9] 2 2 
B:min [2, 6, 11] 11 2 
G:maj [2, 7, 11] 7 2 
A:maj [1, 4, 9] 9 2 
D:maj [2, 6, 9] 2 4 
G:maj [2, 7, 11] 7 2 
A:maj [1, 4, 9] 9 2 
F#:min [1, 6, 9] 6 2 
B:min [2, 6, 11] 11 2 
G:maj [2, 7, 11] 7 2 
A:maj [1, 4, 9] 9 2 
D:sus4 [2, 7, 9] 2 4 
G:maj [2, 7, 11] 7 2 
A:maj [1, 4, 9] 9 2 
F#:min [1, 6, 9] 6 2 
B:min [2, 6, 11] 11 2 
G:maj [2, 7, 11] 7 2 
A:maj [1, 4, 9] 9 2 
D:sus2 [2, 4, 9] 2 4 
G:maj [2, 7, 11] 7 2 
A:maj [1, 4, 9] 9 2 
F#:min [1, 6, 9] 6 2 
B:min [2, 6, 11] 11 2 
G:maj [2, 7, 11] 7 2 
A:maj [1, 4, 9] 9 2 
B:maj [3, 6, 11] 11 4 
A:maj [1, 4, 9] 9 2 
B:maj [3, 6, 11] 11 2 
Ab:min [3, 8, 11] 8 2 
C#:min [1, 4, 8] 1 2 
A:maj [1, 4, 9] 9 2 
B:maj [3, 6, 11] 11 2 
E:maj [4, 8, 11] 4 4 
A:maj [1, 4, 9] 9 2 
B:maj [3, 6, 11] 11 2 
Ab:min [3, 8, 11] 8 2 
C#:min [1, 4, 8] 1 2 
A:maj [1, 4, 9] 9 2 
B:maj [3, 6, 11] 11 2 
E:maj [4, 8, 11] 4 4 
A:maj [1, 4, 9] 9 2 
B:maj [3, 6, 11] 11 2 
