0 192
72 8
79 4
79 8
75 4
77 8
82 4
79 8
72 2
74 2
75 4
72 4
75 4
77 8
70 4
77 8
79 4
79 12
72 8
79 4
79 8
84 4
82 8
84 4
77 8
72 2
74 2
75 4
74 4
75 4
77 8
70 4
72 24
72 8
79 4
79 8
75 4
77 8
82 4
79 8
72 2
74 2
75 4
72 4
75 4
77 8
70 4
77 8
79 4
79 12
72 8
79 4
79 8
84 4
82 8
84 4
77 8
72 2
74 2
75 4
74 4
75 4
79 4
77 4
70 4
72 24
75 4
72 4
75 4
77 4
70 4
77 4
82 4
79 4
77 4
79 12
75 4
72 4
75 4
77 4
70 4
82 4
79 24
75 4
72 4
75 4
77 4
70 4
75 4
82 4
79 4
77 4
84 4
82 4
77 4
79 8
75 2
77 2
79 6
75 2
77 2
82 2
79 16
75 4
77 4
79 4
77 4
82 4
79 8
77 4
79 4
77 4
84 4
79 8
77 4
79 4
77 4
87 4
86 6
82 4
77 2
79 16
75 4
77 4
79 4
77 4
82 4
79 8
77 4
79 4
77 4
84 4
79 12
79 4
77 4
87 4
86 6
87 2
86 2
82 2
84 23
0 193
72 8
79 4
79 8
75 4
77 8
82 4
79 8
72 2
74 2
75 4
72 4
75 4
77 8
70 4
77 8
79 4
79 12
72 8
79 4
79 8
84 4
82 8
84 4
77 8
72 2
74 2
75 4
74 4
75 4
77 8
70 4
72 24
72 8
79 4
79 8
75 4
77 8
82 4
79 8
72 2
74 2
75 4
72 4
75 4
77 8
70 4
77 8
79 4
79 12
72 8
79 4
79 8
84 4
82 8
84 4
77 8
72 2
74 2
75 4
74 4
75 4
79 4
77 4
70 4
72 24
75 4
72 4
75 4
77 4
70 4
77 4
82 4
79 4
77 4
79 12
75 4
72 4
75 4
77 4
70 4
82 4
79 24
75 4
72 4
75 4
77 4
70 4
75 4
82 4
79 4
77 4
84 4
82 4
77 4
79 8
75 2
77 2
79 6
75 2
77 2
82 2
79 16
75 4
77 4
79 4
77 4
82 4
79 8
77 4
79 4
77 4
84 4
79 8
77 4
79 4
77 4
87 4
86 6
82 4
77 2
79 16
75 4
77 4
79 4
77 4
82 4
79 8
77 4
79 4
77 4
84 4
79 12
79 4
77 4
87 4
86 6
87 2
86 2
82 2
84 16
0 192
75 4
77 4
79 4
77 4
82 4
79 8
77 4
79 4
77 4
84 4
79 8
77 4
79 4
77 4
87 4
86 6
82 4
77 2
79 16
75 4
77 4
79 4
77 4
82 4
79 8
77 4
79 4
77 4
84 4
79 12
79 4
77 4
87 4
86 6
87 2
86 2
82 2
84 23
