E:maj [4, 8, 11] 4 4 
A:maj [1, 4, 9] 9 4 
E:maj [4, 8, 11] 4 4 
A:maj [1, 4, 9] 9 4 
E:maj [4, 8, 11] 4 4 
A:maj [1, 4, 9] 9 4 
E:maj [4, 8, 11] 4 4 
A:maj [1, 4, 9] 9 4 
E:maj [4, 8, 11] 4 4 
A:maj [1, 4, 9] 9 4 
E:maj [4, 8, 11] 4 2 
B:maj [3, 6, 11] 11 2 
E:maj [4, 8, 11] 4 8 
A:maj [1, 4, 9] 9 4 
E:maj [4, 8, 11] 4 4 
A:maj [1, 4, 9] 9 4 
E:maj [4, 8, 11] 4 4 
A:maj [1, 4, 9] 9 4 
E:maj [4, 8, 11] 4 2 
B:maj [3, 6, 11] 11 2 
E:maj [4, 8, 11] 4 4 
A:maj [1, 4, 9] 9 4 
E:maj [4, 8, 11] 4 4 
A:maj [1, 4, 9] 9 4 
E:maj [4, 8, 11] 4 4 
B:maj [3, 6, 11] 11 4 
C#:min [1, 4, 8] 1 4 
A:maj [1, 4, 9] 9 2 
B:maj [3, 6, 11] 11 2 
A:maj [1, 4, 9] 9 2 
E:maj [4, 8, 11] 4 6 
A:maj [1, 4, 9] 9 4 
E:maj [4, 8, 11] 4 4 
A:maj [1, 4, 9] 9 4 
E:maj [4, 8, 11] 4 4 
A:maj [1, 4, 9] 9 4 
E:maj [4, 8, 11] 4 2 
F#:min [1, 6, 9] 6 2 
A:maj [1, 4, 9] 9 4 
E:maj [4, 8, 11] 4 4 
A:maj [1, 4, 9] 9 4 
E:maj [4, 8, 11] 4 4 
A:maj [1, 4, 9] 9 4 
E:maj [4, 8, 11] 4 4 
A:maj [1, 4, 9] 9 4 
E:maj [4, 8, 11] 4 2 
B:maj [3, 6, 11] 11 2 
E:maj7 [2, 4, 8, 11] 4 2 
C#:maj [1, 5, 8] 1 2 
A:maj [1, 4, 9] 9 4 
E:maj [4, 8, 11] 4 4 
A:maj [1, 4, 9] 9 4 
E:maj [4, 8, 11] 4 4 
B:maj [3, 6, 11] 11 4 
C#:min [1, 4, 8] 1 4 
A:maj [1, 4, 9] 9 2 
B:maj [3, 6, 11] 11 2 
E:maj [4, 8, 11] 4 4 
A:maj [1, 4, 9] 9 4 
E:maj [4, 8, 11] 4 4 
A:maj [1, 4, 9] 9 4 
E:maj [4, 8, 11] 4 4 
B:maj [3, 6, 11] 11 4 
C#:min [1, 4, 8] 1 4 
A:maj [1, 4, 9] 9 2 
B:maj [3, 6, 11] 11 2 
E:maj [4, 8, 11] 4 8 
A:maj [1, 4, 9] 9 4 
E:sus4 [4, 9, 11] 4 4 
A:maj [1, 4, 9] 9 4 
E:maj [4, 8, 11] 4 4 
A:maj [1, 4, 9] 9 4 
E:maj [4, 8, 11] 4 2 
B:maj [3, 6, 11] 11 1 
A:maj [1, 4, 9] 9 9 
E:maj [4, 8, 11] 4 4 
A:maj [1, 4, 9] 9 4 
E:maj [4, 8, 11] 4 4 
B:maj [3, 6, 11] 11 4 
C#:min [1, 4, 8] 1 4 
A:maj/3 [1, 4, 9] 1 2 
B:maj [3, 6, 11] 11 2 
E:maj [4, 8, 11] 4 8 
A:maj [1, 4, 9] 9 4 
E:maj [4, 8, 11] 4 4 
A:maj [1, 4, 9] 9 4 
A:maj/5 [1, 4, 9] 4 4 
A:maj [1, 4, 9] 9 5 
E:maj [4, 8, 11] 4 3 
B:maj [3, 6, 11] 11 8 
E:maj [4, 8, 11] 4 9 
A:sus2 [4, 9, 11] 9 4 
E:maj [4, 8, 11] 4 5 
B:maj [3, 6, 11] 11 6 
E:maj [4, 8, 11] 4 6 
A:sus2 [4, 9, 11] 9 10 
E:maj [4, 8, 11] 4 5 
B:maj [3, 6, 11] 11 10 
