Bb:maj [2, 5, 10] 10 2 
C:maj [0, 4, 7] 0 2 
D:min [2, 5, 9] 2 4 
Bb:maj [2, 5, 10] 10 2 
C:maj [0, 4, 7] 0 2 
G:sus4(b7) [0, 2, 7] 7 4 
C:maj/3 [0, 4, 7] 4 4 
F:maj [0, 5, 9] 5 2 
C:maj/3 [0, 4, 7] 4 2 
D:min [2, 5, 9] 2 3 
A:min [0, 4, 9] 9 1 
Bb:maj [2, 5, 10] 10 4 
C:sus4 [0, 5, 7] 0 4 
F:maj [0, 5, 9] 5 2 
C:maj/3 [0, 4, 7] 4 2 
D:min [2, 5, 9] 2 2 
C:maj [0, 4, 7] 0 2 
Bb:maj [2, 5, 10] 10 1 
Bb:maj(9) [0, 2, 5, 8, 10] 10 3 
F:sus2 [0, 5, 7] 5 4 
D:min7 [0, 2, 5, 9] 2 2 
C:maj/3 [0, 4, 7] 4 2 
F:maj [0, 5, 9] 5 4 
Bb:maj [2, 5, 10] 10 2 
C:maj [0, 4, 7] 0 2 
F:maj [0, 5, 9] 5 4 
Bb:maj [2, 5, 10] 10 2 
C:maj [0, 4, 7] 0 3 
C:maj/3 [0, 4, 7] 4 1 
D:min [2, 5, 9] 2 2 
Bb:maj [2, 5, 10] 10 2 
G:min [2, 7, 10] 7 2 
F#:min/b3 [1, 6, 9] 9 4 
D:min [2, 5, 9] 2 2 
C:maj [0, 4, 7] 0 2 
F:maj [0, 5, 9] 5 2 
F:sus2 [0, 5, 7] 5 2 
Bb:maj [2, 5, 10] 10 2 
C:maj [0, 4, 7] 0 2 
D:min [2, 5, 9] 2 4 
Bb:maj [2, 5, 10] 10 2 
C:maj [0, 4, 7] 0 2 
F:maj [0, 5, 9] 5 2 
B:dim [2, 5, 11] 11 2 
Bb:maj [2, 5, 10] 10 2 
C:maj [0, 4, 7] 0 6 
D:min [2, 5, 9] 2 4 
Bb:maj [2, 5, 10] 10 2 
C:maj [0, 4, 7] 0 2 
D:min7 [0, 2, 5, 9] 2 2 
C:maj/3 [0, 4, 7] 4 2 
F:maj [0, 5, 9] 5 2 
C:maj/3 [0, 4, 7] 4 2 
D:min [2, 5, 9] 2 3 
D:min7 [0, 2, 5, 9] 2 1 
Bb:maj7 [2, 5, 8, 10] 10 2 
Bb:maj/3 [2, 5, 10] 2 2 
C:maj [0, 4, 7] 0 4 
F:maj [0, 5, 9] 5 2 
C:maj/3 [0, 4, 7] 4 2 
D:min [2, 5, 9] 2 3 
F:maj [0, 5, 9] 5 1 
Bb:maj [2, 5, 10] 10 2 
C:maj [0, 4, 7] 0 2 
F:maj [0, 5, 9] 5 4 
D:min [2, 5, 9] 2 2 
C:maj [0, 4, 7] 0 2 
F:maj [0, 5, 9] 5 4 
D:min [2, 5, 9] 2 2 
C:maj/3 [0, 4, 7] 4 2 
F:maj [0, 5, 9] 5 4 
Bb:maj [2, 5, 10] 10 2 
C:maj [0, 4, 7] 0 2 
F:maj [0, 5, 9] 5 1 
D:min [2, 5, 9] 2 3 
Bb:maj [2, 5, 10] 10 2 
C:maj [0, 4, 7] 0 2 
A:maj [1, 4, 9] 9 4 
D:min [2, 5, 9] 2 2 
C:maj [0, 4, 7] 0 2 
F:maj [0, 5, 9] 5 2 
F:sus2 [0, 5, 7] 5 2 
Bb:maj [2, 5, 10] 10 2 
C:maj [0, 4, 7] 0 2 
D:min [2, 5, 9] 2 4 
Bb:maj [2, 5, 10] 10 2 
C:maj [0, 4, 7] 0 2 
F:maj [0, 5, 9] 5 2 
B:dim [2, 5, 11] 11 2 
Bb:maj [2, 5, 10] 10 2 
C:maj [0, 4, 7] 0 2 
F:maj [0, 5, 9] 5 4 
D:min [2, 5, 9] 2 4 
A:maj/3 [1, 4, 9] 1 4 
Bb:maj7 [2, 5, 8, 10] 10 4 
F:maj [0, 5, 9] 5 4 
A:maj [1, 4, 9] 9 4 
Bb:maj [2, 5, 10] 10 4 
G:min [2, 7, 10] 7 2 
E:dim [4, 7, 10] 4 2 
A:maj [1, 4, 9] 9 8 
D:min [2, 5, 9] 2 2 
C:maj [0, 4, 7] 0 2 
F:maj [0, 5, 9] 5 2 
F:7 [0, 3, 5, 9] 5 2 
Bb:maj [2, 5, 10] 10 2 
C:maj [0, 4, 7] 0 2 
D:min [2, 5, 9] 2 2 
F:maj [0, 5, 9] 5 2 
Bb:maj [2, 5, 10] 10 2 
C:maj [0, 4, 7] 0 2 
F:maj [0, 5, 9] 5 2 
B:dim [2, 5, 11] 11 2 
Bb:maj [2, 5, 10] 10 2 
A:maj [1, 4, 9] 9 2 
D:min [2, 5, 9] 2 4 
Bb:maj [2, 5, 10] 10 2 
C:maj [0, 4, 7] 0 2 
F:maj [0, 5, 9] 5 2 
G:maj [2, 7, 11] 7 2 
Bb:maj [2, 5, 10] 10 4 
C:maj [0, 4, 7] 0 8 
D:min [2, 5, 9] 2 4 
Bb:maj [2, 5, 10] 10 2 
C:maj [0, 4, 7] 0 2 
D:min7 [0, 2, 5, 9] 2 2 
C:maj/3 [0, 4, 7] 4 6 
