Bb:sus2 [0, 5, 10] 10 2 
F#:maj [1, 6, 10] 6 2 
Ab:maj [0, 3, 8] 8 2 
C#:sus2 [1, 3, 8] 1 2 
Bb:min [1, 5, 10] 10 2 
Eb:maj [3, 7, 10] 3 2 
F#:maj [1, 6, 10] 6 2 
D:min/b3 [2, 5, 9] 5 2 
Bb:min [1, 5, 10] 10 4 
Ab:maj [0, 3, 8] 8 4 
F#:maj7 [1, 4, 6, 10] 6 4 
F:min/b3 [0, 5, 8] 8 2 
C#:maj [1, 5, 8] 1 2 
F#:maj7 [1, 4, 6, 10] 6 4 
F:min [0, 5, 8] 5 2 
C#:min/b3 [1, 4, 8] 4 2 
Eb:min [3, 6, 10] 3 2 
F:7 [0, 3, 5, 9] 5 2 
Bb:min [1, 5, 10] 10 8 
F:min7 [0, 3, 5, 8] 5 4 
F#:maj [1, 6, 10] 6 4 
Ab:maj [0, 3, 8] 8 2 
C#:maj [1, 5, 8] 1 2 
F#:sus2 [1, 6, 8] 6 4 
F:min7 [0, 3, 5, 8] 5 2 
Bb:min7 [1, 5, 8, 10] 10 2 
Eb:min [3, 6, 10] 3 2 
F:min7 [0, 3, 5, 8] 5 2 
Bb:min [1, 5, 10] 10 6 
Eb:min [3, 6, 10] 3 2 
Ab:maj [0, 3, 8] 8 2 
C#:maj [1, 5, 8] 1 2 
F#:maj [1, 6, 10] 6 2 
F#:dim7 [0, 3, 6, 9] 6 2 
F:sus4 [0, 5, 10] 5 2 
F:maj [0, 5, 9] 5 2 
Bb:min [1, 5, 10] 10 2 
Eb:min [3, 6, 10] 3 2 
Ab:maj [0, 3, 8] 8 2 
C#:maj [1, 5, 8] 1 2 
F#:sus2 [1, 6, 8] 6 2 
Eb:min [3, 6, 10] 3 2 
F:7 [0, 3, 5, 9] 5 4 
Bb:min [1, 5, 10] 10 8 
F:min7 [0, 3, 5, 8] 5 4 
F#:maj [1, 6, 10] 6 4 
Ab:maj [0, 3, 8] 8 2 
C#:maj [1, 5, 8] 1 2 
F#:sus2 [1, 6, 8] 6 4 
F:min7 [0, 3, 5, 8] 5 2 
Bb:min7 [1, 5, 8, 10] 10 2 
Eb:min [3, 6, 10] 3 2 
Ab:maj [0, 3, 8] 8 2 
Bb:min [1, 5, 10] 10 3 
Bb:sus2 [0, 5, 10] 10 1 
Bb:min [1, 5, 10] 10 2 
Eb:min [3, 6, 10] 3 2 
Ab:maj [0, 3, 8] 8 2 
C#:maj [1, 5, 8] 1 2 
F#:maj [1, 6, 10] 6 2 
F#:dim7 [0, 3, 6, 9] 6 2 
F:sus4 [0, 5, 10] 5 2 
F:maj [0, 5, 9] 5 2 
Bb:min [1, 5, 10] 10 2 
Eb:min [3, 6, 10] 3 2 
Ab:maj [0, 3, 8] 8 2 
C#:maj [1, 5, 8] 1 2 
F#:sus2 [1, 6, 8] 6 2 
Eb:min [3, 6, 10] 3 2 
F:7 [0, 3, 5, 9] 5 4 
Bb:min [1, 5, 10] 10 6 
Eb:min [3, 6, 10] 3 2 
Ab:maj [0, 3, 8] 8 2 
C#:maj [1, 5, 8] 1 2 
F#:maj [1, 6, 10] 6 2 
Eb:min [3, 6, 10] 3 2 
F:maj [0, 5, 9] 5 4 
Bb:min [1, 5, 10] 10 2 
Eb:min [3, 6, 10] 3 2 
Ab:maj [0, 3, 8] 8 2 
C#:maj [1, 5, 8] 1 2 
F#:maj [1, 6, 10] 6 2 
Eb:min7 [1, 3, 6, 10] 3 2 
F:sus4 [0, 5, 10] 5 2 
F:maj [0, 5, 9] 5 2 
Bb:min [1, 5, 10] 10 4 
Eb:min7 [1, 3, 6, 10] 3 4 
F:min/b3 [0, 5, 8] 8 4 
Bb:min(9) [0, 1, 5, 8, 10] 10 1 
Bb:sus2 [0, 5, 10] 10 2 
