0 64
73 1
72 1
73 1
72 1
73 2
70 1
73 5
75 2
73 2
72 1
70 1
72 1
70 1
72 2
68 1
72 9
73 1
72 1
73 1
72 1
73 2
70 1
73 5
75 2
73 2
72 1
70 1
72 1
70 1
72 2
68 2
77 8
78 1
77 1
78 1
77 1
78 2
70 1
77 2
75 7
77 1
75 1
77 1
75 1
77 2
75 1
75 2
73 7
75 1
73 1
75 1
73 1
75 2
77 1
75 2
72 3
72 2
68 1
70 17
73 1
72 1
73 1
72 1
73 2
70 1
73 5
75 2
73 2
72 1
70 1
72 1
70 1
72 2
68 1
72 9
73 1
72 1
73 1
72 1
73 2
70 1
73 5
75 2
73 2
72 1
70 1
72 1
70 1
72 2
68 2
77 8
78 1
77 1
78 1
77 1
78 2
70 1
77 2
75 7
77 1
75 1
77 1
75 1
77 2
75 1
75 2
73 7
75 1
73 1
75 1
73 1
75 2
77 1
75 2
72 3
72 2
68 1
70 13
70 1
72 1
73 1
77 1
82 4
77 4
78 1
80 2
75 5
84 1
82 1
84 1
82 1
84 1
80 2
75 1
78 2
77 4
82 1
80 1
82 2
80 1
82 3
73 2
75 2
77 1
75 3
77 1
75 1
77 2
77 1
77 3
75 1
77 5
70 1
72 1
73 1
77 1
82 4
77 4
78 1
80 2
75 5
84 1
82 1
84 1
82 1
84 1
80 2
75 1
78 2
77 4
82 1
80 1
82 2
80 1
82 3
73 2
75 2
77 1
75 3
77 1
75 1
77 2
75 1
77 4
75 1
77 2
75 1
73 2
75 3
70 3
0 13
73 1
72 1
73 1
72 1
73 2
70 1
73 5
75 2
73 2
72 1
70 1
72 1
70 1
72 2
68 1
72 9
73 1
72 1
73 1
72 1
73 2
70 1
73 5
75 2
73 2
72 1
70 1
72 1
70 1
72 2
68 2
77 8
78 1
77 1
78 1
77 1
78 2
70 1
77 2
75 7
77 1
75 1
77 1
75 1
77 2
75 1
75 2
73 7
75 1
73 1
75 1
73 1
75 2
77 1
75 3
72 2
72 1
73 2
72 1
70 4
0 8
70 1
72 1
73 1
77 1
82 4
77 4
78 1
80 2
75 5
84 1
82 1
84 1
82 1
84 1
80 2
75 1
78 2
77 4
82 1
80 1
82 2
80 1
82 3
73 2
75 2
77 1
75 3
77 1
75 1
77 2
77 1
77 3
75 1
77 5
70 1
72 1
73 1
77 1
82 4
77 4
78 1
80 2
75 5
84 1
82 1
84 1
82 1
84 1
80 2
75 1
78 2
77 4
82 1
80 1
82 2
80 1
82 3
73 2
75 1
77 2
75 3
77 1
75 1
77 2
75 1
77 4
75 1
77 2
75 1
73 2
75 3
70 3
0 9
70 1
72 1
73 1
77 1
82 4
77 4
78 1
80 2
75 5
84 1
82 1
84 1
82 1
84 1
80 2
75 1
78 2
77 4
82 1
80 1
82 2
80 1
82 3
73 2
75 1
77 2
75 3
77 1
75 1
77 2
77 1
77 3
75 1
77 5
70 1
72 1
73 1
77 1
82 4
77 4
78 1
80 2
75 5
84 1
82 1
84 1
82 1
84 1
80 2
75 1
78 2
77 4
82 1
80 1
82 2
80 1
82 3
73 2
75 1
77 2
75 3
77 1
75 1
77 2
75 1
77 4
75 1
77 2
75 1
73 2
75 3
70 3
