F#:maj [1, 6, 10] 6 2
F:sus4 [0, 5, 10] 5 2
Eb:maj [3, 7, 10] 3 2
C#:maj [1, 5, 8] 1 2
B:maj [3, 6, 11] 11 2
C#:maj [1, 5, 8] 1 2
F#:maj [1, 6, 10] 6 7
F:sus4 [0, 5, 10] 5 1
Eb:min [3, 6, 10] 3 3
C#:sus4 [1, 6, 8] 1 1
B:maj [3, 6, 11] 11 2
C#:maj [1, 5, 8] 1 2
Eb:min [3, 6, 10] 3 3
Eb:min7/b7 [1, 3, 6, 10] 1 1
B:maj [3, 6, 11] 11 4
F#:maj/3 [1, 6, 10] 10 2
Eb:min [3, 6, 10] 3 2
Ab:min [3, 8, 11] 8 2
C#:maj [1, 5, 8] 1 6
F#:maj [1, 6, 10] 6 3
F:sus4 [0, 5, 10] 5 1
Eb:min [3, 6, 10] 3 3
C#:sus4 [1, 6, 8] 1 1
B:maj [3, 6, 11] 11 2
C#:maj [1, 5, 8] 1 2
Eb:min [3, 6, 10] 3 3
Eb:min7/b7 [1, 3, 6, 10] 1 1
B:maj [3, 6, 11] 11 4
F#:maj7/7 [1, 4, 6, 10] 5 2
Eb:min [3, 6, 10] 3 2
Ab:maj [0, 3, 8] 8 4
C#:maj [1, 5, 8] 1 4
Eb:min [3, 6, 10] 3 2
Bb:min [1, 5, 10] 10 2
C#:7 [1, 5, 8, 11] 1 4
Eb:min [3, 6, 10] 3 2
Bb:min [1, 5, 10] 10 2
B:maj [3, 6, 11] 11 2
C#:maj [1, 5, 8] 1 2
F#:maj [1, 6, 10] 6 2
Bb:min/5 [1, 5, 10] 5 2
Eb:min [3, 6, 10] 3 2
Bb:min [1, 5, 10] 10 2
B:maj [3, 6, 11] 11 2
Bb:min [1, 5, 10] 10 2
Ab:min [3, 8, 11] 8 2
C#:maj [1, 5, 8] 1 2
F#:maj [1, 6, 10] 6 2
Bb:min/5 [1, 5, 10] 5 2
Eb:min [3, 6, 10] 3 2
Bb:min [1, 5, 10] 10 2
B:maj [3, 6, 11] 11 2
F#:maj7/3 [1, 4, 6, 10] 10 2
Ab:min [3, 8, 11] 8 2
C#:maj [1, 5, 8] 1 2
F#:maj [1, 6, 10] 6 4
C#:maj [1, 5, 8] 1 2
Eb:min7 [1, 3, 6, 10] 3 2
C#:sus2 [1, 3, 8] 1 2
B:maj7 [3, 6, 9, 11] 11 2
F#:maj7/3 [1, 4, 6, 10] 10 2
C#:maj/5 [1, 5, 8] 8 1
Ab:min7 [3, 6, 8, 11] 8 1
C#:maj [1, 5, 8] 1 4
F#:maj [1, 6, 10] 6 3
F:sus4 [0, 5, 10] 5 1
Eb:min [3, 6, 10] 3 3
C#:sus4 [1, 6, 8] 1 1
B:maj [3, 6, 11] 11 2
C#:maj [1, 5, 8] 1 2
Eb:min [3, 6, 10] 3 3
Eb:min7/b7 [1, 3, 6, 10] 1 1
B:maj [3, 6, 11] 11 4
F#:maj7/7 [1, 4, 6, 10] 5 2
Eb:min [3, 6, 10] 3 2
Ab:maj [0, 3, 8] 8 4
C#:maj [1, 5, 8] 1 4
Eb:min7 [1, 3, 6, 10] 3 2
Bb:min [1, 5, 10] 10 2
B:maj [3, 6, 11] 11 2
F#:maj [1, 6, 10] 6 2
Eb:min [3, 6, 10] 3 2
Bb:min [1, 5, 10] 10 2
B:maj [3, 6, 11] 11 2
C#:maj [1, 5, 8] 1 2
F#:maj [1, 6, 10] 6 2
Bb:min/5 [1, 5, 10] 5 2
Eb:min [3, 6, 10] 3 2
Bb:min [1, 5, 10] 10 2
B:maj [3, 6, 11] 11 2
Bb:min [1, 5, 10] 10 2
Ab:min [3, 8, 11] 8 2
C#:maj [1, 5, 8] 1 2
F#:maj [1, 6, 10] 6 2
Bb:min/5 [1, 5, 10] 5 2
Eb:min [3, 6, 10] 3 2
Bb:min [1, 5, 10] 10 2
B:maj [3, 6, 11] 11 2
F#:maj7/3 [1, 4, 6, 10] 10 2
Ab:min [3, 8, 11] 8 2
C#:maj [1, 5, 8] 1 2
F#:maj [1, 6, 10] 6 6
Bb:min/5 [1, 5, 10] 5 2
Eb:maj [3, 7, 10] 3 2
C#:7 [1, 5, 8, 11] 1 1
B:maj [3, 6, 11] 11 3
Bb:min [1, 5, 10] 10 2
Ab:min [3, 8, 11] 8 2
C#:maj [1, 5, 8] 1 2
F#:maj [1, 6, 10] 6 2
F#:maj7/7 [1, 4, 6, 10] 5 2
Eb:min [3, 6, 10] 3 2
Bb:min [1, 5, 10] 10 2
B:maj [3, 6, 11] 11 2
Bb:min [1, 5, 10] 10 2
Ab:min [3, 8, 11] 8 2
C#:maj [1, 5, 8] 1 2
F#:maj [1, 6, 10] 6 2
Bb:min/5 [1, 5, 10] 5 2
Eb:min [3, 6, 10] 3 2
C#:maj [1, 5, 8] 1 2
B:maj [3, 6, 11] 11 2
C#:maj [1, 5, 8] 1 3
F#:maj [1, 6, 10] 6 1
