C#:maj [1, 5, 8] 1 2 
F#:maj [1, 6, 10] 6 2 
Ab:maj [0, 3, 8] 8 2 
C#:maj [1, 5, 8] 1 2 
Bb:min [1, 5, 10] 10 2 
Eb:maj [3, 7, 10] 3 4 
Ab:maj [0, 3, 8] 8 2 
C#:maj [1, 5, 8] 1 2 
F#:maj [1, 6, 10] 6 2 
Ab:maj [0, 3, 8] 8 2 
C#:maj [1, 5, 8] 1 2 
Bb:min [1, 5, 10] 10 2 
Eb:maj [3, 7, 10] 3 4 
Ab:maj [0, 3, 8] 8 2 
C#:maj [1, 5, 8] 1 2 
F#:maj [1, 6, 10] 6 2 
Ab:maj [0, 3, 8] 8 2 
C#:maj7 [1, 5, 8, 11] 1 2 
Bb:min [1, 5, 10] 10 2 
Eb:maj [3, 7, 10] 3 3 
Ab:maj [0, 3, 8] 8 1 
C#:maj [1, 5, 8] 1 2 
F#:maj [1, 6, 10] 6 2 
F:min [0, 5, 8] 5 2 
Bb:min [1, 5, 10] 10 3 
Bb:min7 [1, 5, 8, 10] 10 1 
F#:maj [1, 6, 10] 6 2 
F:min [0, 5, 8] 5 2 
Bb:min [1, 5, 10] 10 4 
F#:maj [1, 6, 10] 6 2 
F:min [0, 5, 8] 5 2 
Bb:min [1, 5, 10] 10 2 
F:min [0, 5, 8] 5 2 
Eb:min [3, 6, 10] 3 4 
F:maj [0, 5, 9] 5 3 
C#:maj [1, 5, 8] 1 1 
F#:maj [1, 6, 10] 6 2 
Ab:maj [0, 3, 8] 8 2 
F:min [0, 5, 8] 5 2 
Bb:min [1, 5, 10] 10 2 
Eb:min [3, 6, 10] 3 2 
Ab:maj [0, 3, 8] 8 2 
C#:maj [1, 5, 8] 1 2 
F#:maj/3 [1, 6, 10] 10 2 
F#:maj [1, 6, 10] 6 2 
Ab:maj [0, 3, 8] 8 2 
F:min [0, 5, 8] 5 2 
Bb:min [1, 5, 10] 10 2 
Eb:min [3, 6, 10] 3 2 
Ab:maj [0, 3, 8] 8 2 
C#:maj [1, 5, 8] 1 2 
F#:maj [1, 6, 10] 6 2 
Ab:maj [0, 3, 8] 8 2 
C#:maj [1, 5, 8] 1 2 
Bb:min [1, 5, 10] 10 2 
Eb:maj [3, 7, 10] 3 3 
Ab:maj [0, 3, 8] 8 1 
C#:maj [1, 5, 8] 1 4 
F#:maj [1, 6, 10] 6 2 
Ab:maj [0, 3, 8] 8 2 
C#:maj [1, 5, 8] 1 2 
Bb:min [1, 5, 10] 10 2 
Eb:maj [3, 7, 10] 3 4 
Ab:maj [0, 3, 8] 8 2 
C#:maj [1, 5, 8] 1 2 
F#:maj [1, 6, 10] 6 2 
Ab:maj [0, 3, 8] 8 2 
C#:maj7 [1, 5, 8, 11] 1 2 
Bb:min [1, 5, 10] 10 2 
Eb:maj [3, 7, 10] 3 3 
Ab:maj [0, 3, 8] 8 1 
C#:maj [1, 5, 8] 1 2 
F#:maj [1, 6, 10] 6 2 
F:min [0, 5, 8] 5 2 
Bb:min [1, 5, 10] 10 3 
Bb:min9 [0, 1, 5, 8, 10] 10 1 
F#:maj [1, 6, 10] 6 2 
F:min [0, 5, 8] 5 2 
Bb:min [1, 5, 10] 10 4 
F#:maj [1, 6, 10] 6 2 
F:min [0, 5, 8] 5 2 
Bb:min [1, 5, 10] 10 2 
Bb:min7 [1, 5, 8, 10] 10 2 
Eb:min [3, 6, 10] 3 4 
F:maj [0, 5, 9] 5 3 
F:min7 [0, 3, 5, 8] 5 1 
F#:maj [1, 6, 10] 6 2 
Ab:maj [0, 3, 8] 8 2 
F:min [0, 5, 8] 5 2 
Bb:min [1, 5, 10] 10 2 
Eb:min [3, 6, 10] 3 2 
Ab:maj [0, 3, 8] 8 2 
C#:maj [1, 5, 8] 1 4 
F#:maj [1, 6, 10] 6 2 
Ab:maj [0, 3, 8] 8 2 
F:min [0, 5, 8] 5 2 
Bb:min [1, 5, 10] 10 2 
Eb:min [3, 6, 10] 3 2 
Ab:maj [0, 3, 8] 8 2 
C#:maj [1, 5, 8] 1 33 
F#:maj [1, 6, 10] 6 3 
Ab:maj [0, 3, 8] 8 2 
F:min [0, 5, 8] 5 2 
Bb:min [1, 5, 10] 10 2 
Eb:min [3, 6, 10] 3 2 
Ab:maj [0, 3, 8] 8 2 
C#:maj [1, 5, 8] 1 4 
F#:maj [1, 6, 10] 6 2 
Ab:maj [0, 3, 8] 8 2 
F:min [0, 5, 8] 5 2 
Bb:min [1, 5, 10] 10 2 
Eb:min [3, 6, 10] 3 2 
Ab:maj [0, 3, 8] 8 2 
