A:maj [1, 4, 9] 9 6
B:min [2, 6, 11] 11 2
A:maj [1, 4, 9] 9 4
B:min7/b7 [2, 6, 9, 11] 9 2
E:maj [4, 8, 11] 4 2
D:maj [2, 6, 9] 2 2
E:maj [4, 8, 11] 4 2
C#:min [1, 4, 8] 1 2
F#:min [1, 6, 9] 6 2
D:maj [2, 6, 9] 2 2
E:maj [4, 8, 11] 4 2
A:sus2 [4, 9, 11] 9 6
B:sus4(b7) [4, 6, 11] 11 2
A:maj [1, 4, 9] 9 2
B:min7 [2, 6, 9, 11] 11 2
A:maj [1, 4, 9] 9 2
B:min7 [2, 6, 9, 11] 11 2
A:maj [1, 4, 9] 9 2
B:min7 [2, 6, 9, 11] 11 2
D:maj [2, 6, 9] 2 2
E:maj [4, 8, 11] 4 2
A:maj [1, 4, 9] 9 2
F#:min [1, 6, 9] 6 2
D:maj [2, 6, 9] 2 3
B:maj [3, 6, 11] 11 1
E:maj [4, 8, 11] 4 4
A:maj [1, 4, 9] 9 2
B:min [2, 6, 11] 11 2
C#:min [1, 4, 8] 1 2
D:sus2 [2, 4, 9] 2 2
A:maj [1, 4, 9] 9 2
B:min [2, 6, 11] 11 2
C#:min [1, 4, 8] 1 2
D:sus2 [2, 4, 9] 2 2
B:min [2, 6, 11] 11 2
E:maj [4, 8, 11] 4 2
A:maj [1, 4, 9] 9 1
E:maj/3 [4, 8, 11] 8 1
F#:min [1, 6, 9] 6 2
D:maj [2, 6, 9] 2 2
E:maj [4, 8, 11] 4 2
A:maj [1, 4, 9] 9 4
F#:min [1, 6, 9] 6 4
C#:min [1, 4, 8] 1 4
D:maj [2, 6, 9] 2 2
C#:min [1, 4, 8] 1 2
B:min [2, 6, 11] 11 2
E:maj [4, 8, 11] 4 2
D:maj [2, 6, 9] 2 2
C#:min [1, 4, 8] 1 2
D:maj [2, 6, 9] 2 2
Eb:dim [3, 6, 9] 3 2
B:min [2, 6, 11] 11 4
E:maj [4, 8, 11] 4 4
A:maj [1, 4, 9] 9 2
B:min [2, 6, 11] 11 2
C#:min [1, 4, 8] 1 2
D:sus2 [2, 4, 9] 2 2
A:maj [1, 4, 9] 9 2
B:min [2, 6, 11] 11 2
C#:min [1, 4, 8] 1 2
D:sus2 [2, 4, 9] 2 2
B:min [2, 6, 11] 11 2
E:maj [4, 8, 11] 4 2
A:maj [1, 4, 9] 9 1
E:maj/3 [4, 8, 11] 8 1
F#:min [1, 6, 9] 6 2
D:maj [2, 6, 9] 2 2
E:maj [4, 8, 11] 4 2
A:maj [1, 4, 9] 9 6
B:min [2, 6, 11] 11 2
C#:min [1, 4, 8] 1 2
D:sus2 [2, 4, 9] 2 2
A:maj [1, 4, 9] 9 2
B:min [2, 6, 11] 11 2
C#:min [1, 4, 8] 1 4
B:min [2, 6, 11] 11 2
E:maj [4, 8, 11] 4 2
A:maj [1, 4, 9] 9 2
F#:min [1, 6, 9] 6 1
F#:min7 [1, 4, 6, 9] 6 1
D:maj [2, 6, 9] 2 2
E:maj [4, 8, 11] 4 2
A:maj [1, 4, 9] 9 4
F#:min [1, 6, 9] 6 4
C#:min [1, 4, 8] 1 4
D:maj [2, 6, 9] 2 2
C#:min [1, 4, 8] 1 2
B:min [2, 6, 11] 11 2
E:maj [4, 8, 11] 4 2
D:maj [2, 6, 9] 2 2
C#:min [1, 4, 8] 1 2
D:maj [2, 6, 9] 2 2
Eb:dim [3, 6, 9] 3 2
B:min [2, 6, 11] 11 4
E:maj [4, 8, 11] 4 4
A:maj [1, 4, 9] 9 2
B:min [2, 6, 11] 11 2
C#:min [1, 4, 8] 1 2
D:sus2 [2, 4, 9] 2 2
A:maj [1, 4, 9] 9 2
B:min [2, 6, 11] 11 2
C#:min [1, 4, 8] 1 2
D:sus2 [2, 4, 9] 2 2
B:min [2, 6, 11] 11 2
E:maj [4, 8, 11] 4 2
A:maj [1, 4, 9] 9 2
F#:min [1, 6, 9] 6 2
D:maj [2, 6, 9] 2 2
E:maj [4, 8, 11] 4 2
A:maj [1, 4, 9] 9 4
D:maj [2, 6, 9] 2 2
E:maj [4, 8, 11] 4 4
A:maj [1, 4, 9] 9 6
B:min [2, 6, 11] 11 2
A:maj [1, 4, 9] 9 2
B:min [2, 6, 11] 11 2
E:maj [4, 8, 11] 4 6
A:sus2 [4, 9, 11] 9 2
