0 128
64 1
0 1
64 3
0 1
66 1
69 1
71 2
71 3
0 1
69 1
71 1
73 1
0 1
76 2
73 1
71 1
69 2
66 4
0 4
64 1
0 1
64 3
0 1
66 1
69 1
71 4
0 2
69 1
71 1
73 1
0 1
76 1
0 1
73 1
71 1
69 2
66 5
0 3
69 2
69 3
73 2
73 1
73 2
71 3
0 1
73 1
76 1
78 1
0 1
76 1
0 1
76 1
76 2
71 1
73 4
0 3
69 1
71 1
0 1
71 1
0 1
71 1
69 2
73 3
71 2
0 1
69 2
66 1
64 12
0 4
64 1
0 1
64 3
0 1
66 1
69 1
71 2
71 3
0 1
69 1
71 1
73 1
0 1
76 2
73 1
71 1
69 2
66 4
0 4
64 1
0 1
64 3
0 1
66 1
69 1
71 2
71 2
0 2
69 1
71 1
73 1
0 1
76 1
0 1
73 1
71 1
69 2
66 5
0 3
69 2
69 2
69 1
73 2
73 1
73 2
71 3
0 1
73 1
76 1
78 1
0 1
76 1
0 1
76 1
76 2
71 1
73 4
0 3
69 1
71 1
0 1
71 1
0 1
71 1
69 2
69 1
73 2
71 2
0 1
71 3
69 12
0 6
78 1
0 1
78 1
0 1
76 1
78 3
73 2
0 2
73 1
76 1
78 1
0 1
76 1
76 1
76 1
78 3
76 7
0 3
78 1
0 1
78 1
0 1
76 1
76 1
78 1
0 1
76 1
0 1
73 1
71 1
69 2
71 8
0 10
78 1
0 1
78 2
76 1
78 2
0 1
76 3
0 1
73 1
76 1
78 1
0 1
76 1
0 1
73 1
71 1
69 1
69 6
0 6
69 1
71 1
0 1
73 1
71 1
0 1
69 4
0 1
73 1
76 1
78 1
0 1
76 1
0 1
76 1
78 3
78 2
76 6
64 1
0 1
64 3
0 1
66 1
69 1
71 2
71 3
71 1
69 1
71 1
73 1
0 1
76 2
73 1
71 1
69 2
66 4
0 4
64 1
0 1
64 3
0 1
66 1
69 1
71 3
0 2
71 1
69 1
71 1
73 1
0 1
76 1
0 1
73 1
71 1
69 2
66 5
0 3
69 2
69 2
69 1
73 2
73 1
73 2
71 3
0 1
73 1
76 1
78 1
0 1
76 1
76 1
76 1
76 2
71 1
73 4
0 6
69 1
69 3
73 1
73 2
0 1
71 3
0 1
71 2
69 12
0 134
78 1
0 1
78 1
0 1
76 1
78 3
73 2
0 2
73 1
76 1
78 1
0 1
76 1
76 1
76 1
78 3
76 7
0 3
78 1
0 1
78 1
0 1
76 1
76 1
78 1
0 1
76 1
0 1
73 1
71 1
69 2
71 8
0 10
78 1
0 1
78 2
76 1
78 2
0 1
76 3
0 1
73 1
76 1
78 1
0 1
76 1
0 1
73 1
71 1
69 1
69 6
0 6
69 1
71 1
0 1
73 1
71 1
0 1
69 4
0 1
73 1
76 1
78 1
0 1
76 1
0 1
76 1
78 3
78 2
76 6
64 1
0 1
64 3
0 1
66 1
69 1
71 2
71 3
71 1
69 1
71 1
73 1
0 1
76 2
73 1
71 1
69 2
66 4
0 4
64 1
0 1
64 3
0 1
66 1
69 1
71 3
0 2
71 1
69 1
71 1
73 1
0 1
76 1
0 1
73 1
71 1
69 2
66 5
0 3
69 2
69 2
69 1
73 2
73 1
73 2
71 3
0 1
73 1
76 1
78 1
0 1
76 1
76 1
76 1
76 2
71 1
73 4
0 6
69 1
69 3
73 1
73 2
0 1
71 3
0 1
71 1
71 3
69 12
0 5
69 1
0 1
69 2
73 1
0 1
73 2
71 8
0 5
71 1
71 3
69 16
