0 64
70 1
0 1
63 1
63 1
63 1
65 1
66 1
73 1
68 5
0 2
61 1
63 1
0 1
66 1
0 1
68 1
68 3
70 4
0 4
68 1
0 1
68 1
0 1
68 1
70 1
71 1
70 1
70 2
66 4
0 1
61 1
63 1
0 1
75 1
0 1
73 1
0 1
71 1
68 1
70 7
0 1
70 1
0 1
63 1
63 1
63 1
65 1
66 1
70 1
68 5
0 3
63 2
66 1
66 1
0 1
66 1
68 1
70 7
0 2
68 1
0 1
68 1
68 1
68 1
70 1
71 1
70 1
70 2
68 1
66 3
63 1
63 1
75 1
75 1
0 1
75 1
75 1
73 1
75 1
77 2
0 2
73 1
0 1
70 1
73 1
0 1
75 12
0 2
75 1
77 1
78 1
0 1
78 1
78 1
78 1
0 1
77 1
75 1
77 4
0 2
73 1
75 1
77 1
0 1
77 1
77 1
77 1
0 1
77 1
78 1
77 1
0 1
75 2
0 2
75 1
77 1
78 1
0 1
78 1
78 1
78 1
0 1
77 1
75 1
77 4
0 2
73 1
75 1
77 1
0 1
77 1
77 1
77 1
0 1
77 1
78 1
77 2
75 3
0 1
75 1
77 1
78 1
0 1
78 1
78 1
78 1
0 1
77 1
75 1
77 5
0 1
73 1
75 1
77 1
0 1
77 1
77 1
77 1
0 1
77 1
78 1
77 1
0 1
75 3
0 1
75 1
77 1
78 1
0 1
78 1
78 1
78 1
0 1
77 1
75 1
77 4
0 2
73 1
75 1
77 1
77 1
77 1
77 1
77 1
0 1
77 1
78 1
77 1
0 1
75 6
0 64
70 1
0 1
63 1
63 1
63 1
65 1
66 1
73 1
68 5
0 2
61 1
63 1
0 1
66 1
0 1
68 1
68 3
70 4
0 4
68 1
0 1
68 1
0 1
68 1
70 1
71 1
70 1
70 2
66 4
0 1
61 1
63 1
0 1
75 1
0 1
73 1
0 1
71 1
68 1
70 7
0 1
70 1
0 1
63 1
63 1
63 1
65 1
66 1
70 1
68 5
0 3
63 2
66 1
66 1
0 1
66 1
68 1
70 7
0 2
68 1
0 1
68 1
68 1
68 1
70 1
71 1
68 1
70 2
68 1
66 3
63 1
63 1
75 1
75 1
0 1
75 1
75 1
73 1
75 1
77 2
0 2
73 1
0 1
70 1
73 1
0 1
75 12
0 2
75 1
77 1
78 1
0 1
78 1
78 1
78 1
0 1
77 1
75 1
77 4
0 2
73 1
75 1
77 1
0 1
77 1
77 1
77 1
0 1
77 1
78 1
77 1
0 1
75 2
0 2
75 1
77 1
78 1
0 1
78 1
78 1
78 1
0 1
77 1
75 1
77 4
0 2
73 1
75 1
77 1
0 1
77 1
77 1
77 1
0 1
77 1
78 1
77 2
75 3
0 1
75 1
77 1
78 1
0 1
78 1
78 1
78 1
0 1
77 1
75 1
77 5
0 1
73 1
75 1
77 1
0 1
77 1
77 1
77 1
0 1
77 1
78 1
77 1
0 1
75 3
0 1
75 1
77 1
78 1
0 1
78 1
78 1
78 1
0 1
77 1
75 1
77 4
0 2
73 1
75 1
77 1
77 1
77 1
77 1
77 1
0 1
77 1
78 1
77 1
75 5
75 1
77 1
78 1
0 1
78 1
78 1
78 1
0 1
77 1
75 1
77 4
0 2
73 1
75 1
77 1
0 1
77 1
77 1
77 1
0 1
77 1
78 1
77 1
0 1
75 2
0 2
75 1
77 1
78 1
0 1
78 1
78 1
78 1
0 1
77 1
75 1
77 4
0 2
73 1
75 1
77 1
0 1
77 1
77 1
77 1
0 1
77 1
78 1
77 2
75 3
0 1
75 1
77 1
78 1
0 1
78 1
78 1
78 1
0 1
77 1
75 1
77 5
0 1
73 1
75 1
77 1
0 1
77 1
77 1
77 1
0 1
77 1
78 1
77 1
0 1
75 3
0 1
75 1
77 1
78 1
0 1
78 1
78 1
78 1
0 1
77 1
75 1
77 4
0 2
73 1
75 1
77 1
77 1
77 1
77 1
77 1
0 1
77 1
78 1
77 1
0 1
75 6
