B:maj [3, 6, 11] 11 2 
B:maj7/7 [3, 6, 9, 11] 10 2 
Ab:min [3, 8, 11] 8 2 
F#:maj [1, 6, 10] 6 2 
E:maj [4, 8, 11] 4 2 
F#:maj [1, 6, 10] 6 2 
A:7/b7 [1, 4, 7, 9] 7 1 
A:maj [1, 4, 9] 9 3 
B:maj [3, 6, 11] 11 4 
E:maj [4, 8, 11] 4 4 
B:maj [3, 6, 11] 11 4 
C#:min [1, 4, 8] 1 2 
C#:min7/4 [1, 4, 8, 11] 6 1 
Eb:maj/3 [3, 7, 10] 7 1 
Ab:min [3, 8, 11] 8 2 
F#:maj [1, 6, 10] 6 2 
E:maj [4, 8, 11] 4 4 
C#:min [1, 4, 8] 1 2 
Eb:min [3, 6, 10] 3 2 
E:maj [4, 8, 11] 4 2 
F#:maj [1, 6, 10] 6 2 
E:maj(2)/2 [4, 6, 8, 11] 6 2 
E:maj/4 [4, 8, 11] 9 2 
B:maj [3, 6, 11] 11 2 
B:maj7/7 [3, 6, 9, 11] 10 2 
Ab:min [3, 8, 11] 8 2 
Eb:min [3, 6, 10] 3 2 
E:maj [4, 8, 11] 4 2 
Eb:min [3, 6, 10] 3 2 
C#:min [1, 4, 8] 1 2 
F#:maj [1, 6, 10] 6 2 
B:maj [3, 6, 11] 11 2 
Eb:min/5 [3, 6, 10] 10 2 
Ab:min [3, 8, 11] 8 2 
F#:maj [1, 6, 10] 6 2 
E:maj [4, 8, 11] 4 2 
Eb:min [3, 6, 10] 3 2 
C#:min [1, 4, 8] 1 2 
F#:maj [1, 6, 10] 6 2 
B:maj [3, 6, 11] 11 2 
C#:min [1, 4, 8] 1 2 
Eb:min [3, 6, 10] 3 2 
E:maj [4, 8, 11] 4 2 
Ab:min [3, 8, 11] 8 2 
E:maj [4, 8, 11] 4 2 
C#:sus4 [1, 6, 8] 1 1 
F#:maj [1, 6, 10] 6 3 
B:maj [3, 6, 11] 11 12 
C#:min [1, 4, 8] 1 2 
Eb:maj [3, 7, 10] 3 2 
Ab:min [3, 8, 11] 8 2 
F#:maj [1, 6, 10] 6 2 
E:maj [4, 8, 11] 4 4 
C#:min [1, 4, 8] 1 2 
Eb:min [3, 6, 10] 3 2 
E:maj [4, 8, 11] 4 2 
F#:maj [1, 6, 10] 6 2 
E:maj [4, 8, 11] 4 1 
E:maj(9) [2, 4, 6, 8, 11] 4 1 
D:maj [2, 6, 9] 2 2 
B:maj [3, 6, 11] 11 2 
Eb:min/5 [3, 6, 10] 10 2 
Ab:min [3, 8, 11] 8 2 
B:maj/5 [3, 6, 11] 6 2 
E:maj [4, 8, 11] 4 2 
Eb:min [3, 6, 10] 3 2 
C#:min [1, 4, 8] 1 2 
B:7/b7 [3, 6, 9, 11] 9 1 
F#:maj [1, 6, 10] 6 1 
B:maj [3, 6, 11] 11 2 
Eb:min/5 [3, 6, 10] 10 2 
Ab:min [3, 8, 11] 8 2 
F#:maj [1, 6, 10] 6 2 
E:maj7 [2, 4, 8, 11] 4 2 
Eb:min [3, 6, 10] 3 2 
C#:min [1, 4, 8] 1 2 
F#:maj [1, 6, 10] 6 2 
E:maj [4, 8, 11] 4 2 
Eb:min [3, 6, 10] 3 2 
C#:min [1, 4, 8] 1 2 
B:maj [3, 6, 11] 11 2 
E:maj [4, 8, 11] 4 2 
Eb:min [3, 6, 10] 3 2 
A:maj [1, 4, 9] 9 2 
F#:maj [1, 6, 10] 6 1 
Ab:maj [0, 3, 8] 8 1 
C#:maj [1, 5, 8] 1 2 
F:min/5 [0, 5, 8] 0 2 
Bb:min [1, 5, 10] 10 2 
Ab:maj [0, 3, 8] 8 2 
F#:maj [1, 6, 10] 6 2 
F:min [0, 5, 8] 5 2 
Eb:min [3, 6, 10] 3 2 
Eb:min7 [1, 3, 6, 10] 3 1 
Ab:maj [0, 3, 8] 8 1 
C#:maj [1, 5, 8] 1 2 
F:min/5 [0, 5, 8] 0 2 
Bb:min [1, 5, 10] 10 2 
Ab:maj [0, 3, 8] 8 2 
F#:maj [1, 6, 10] 6 2 
F:min [0, 5, 8] 5 2 
Eb:min [3, 6, 10] 3 2 
Ab:maj [0, 3, 8] 8 2 
C#:maj [1, 5, 8] 1 4 
F#:maj [1, 6, 10] 6 2 
F:min [0, 5, 8] 5 2 
Eb:min [3, 6, 10] 3 2 
Ab:maj [0, 3, 8] 8 3 
C#:maj6 [1, 5, 8, 10] 1 3 
C#:maj9 [1, 3, 5, 8, 11] 1 1 
Bb:sus2 [0, 5, 10] 10 2 
Bb:min9 [0, 1, 5, 8, 10] 10 1 
B:maj [3, 6, 11] 11 1 
Ab:maj [0, 3, 8] 8 2 
C#:maj [1, 5, 8] 1 6 
