Ab:min [3, 8, 11] 8 4 
C#:min [1, 4, 8] 1 4 
F#:7 [1, 4, 6, 10] 6 4 
B:sus2 [1, 6, 11] 11 2 
Eb:7 [1, 3, 7, 10] 3 2 
Ab:min [3, 8, 11] 8 4 
C#:min [1, 4, 8] 1 4 
F#:7 [1, 4, 6, 10] 6 3 
F#:maj [1, 6, 10] 6 1 
B:maj [3, 6, 11] 11 2 
Eb:7 [1, 3, 7, 10] 3 2 
Ab:min [3, 8, 11] 8 4 
C#:min [1, 4, 8] 1 4 
F#:sus2 [1, 6, 8] 6 4 
B:maj [3, 6, 11] 11 2 
Ab:maj [0, 3, 8] 8 2 
C#:min [1, 4, 8] 1 4 
F#:7 [1, 4, 6, 10] 6 4 
F#:maj [1, 6, 10] 6 2 
B:maj [3, 6, 11] 11 3 
Eb:hdim7 [0, 3, 6, 9] 3 3 
C#:min7 [1, 4, 8, 11] 1 4 
F#:sus4(b7) [1, 6, 11] 6 3 
F#:7 [1, 4, 6, 10] 6 1 
F#:maj [1, 6, 10] 6 4 
F#:min6 [1, 3, 6, 9] 6 2 
Ab:maj [0, 3, 8] 8 2 
C#:min7 [1, 4, 8, 11] 1 2 
F#:maj [1, 6, 10] 6 2 
B:maj [3, 6, 11] 11 2 
E:maj7/3 [2, 4, 8, 11] 8 2 
C#:min7 [1, 4, 8, 11] 1 4 
Bb:dim [1, 4, 10] 10 2 
Eb:7 [1, 3, 7, 10] 3 2 
Ab:min [3, 8, 11] 8 4 
C#:min [1, 4, 8] 1 4 
F#:7 [1, 4, 6, 10] 6 4 
B:maj [3, 6, 11] 11 2 
Eb:7 [1, 3, 7, 10] 3 2 
Ab:min [3, 8, 11] 8 4 
C#:min [1, 4, 8] 1 4 
F#:7 [1, 4, 6, 10] 6 3 
F#:min7 [1, 4, 6, 9] 6 1 
F#:min [1, 6, 9] 6 2 
Eb:7 [1, 3, 7, 10] 3 2 
Ab:min [3, 8, 11] 8 4 
C#:min [1, 4, 8] 1 4 
F#:sus2 [1, 6, 8] 6 4 
B:maj [3, 6, 11] 11 2 
Ab:maj [0, 3, 8] 8 2 
C#:min [1, 4, 8] 1 4 
F#:7 [1, 4, 6, 10] 6 4 
B:maj [3, 6, 11] 11 4 
Eb:hdim7 [0, 3, 6, 9] 3 4 
C#:min7 [1, 4, 8, 11] 1 4 
F#:sus4(b7) [1, 6, 11] 6 3 
F#:7 [1, 4, 6, 10] 6 1 
B:maj [3, 6, 11] 11 4 
F#:min7(13) [1, 4, 6, 9, 10] 6 2 
Ab:maj [0, 3, 8] 8 2 
C#:min7 [1, 4, 8, 11] 1 2 
F#:maj [1, 6, 10] 6 2 
B:maj [3, 6, 11] 11 2 
E:maj7/3 [2, 4, 8, 11] 8 2 
C#:min7 [1, 4, 8, 11] 1 4 
Bb:dim [1, 4, 10] 10 2 
Eb:7 [1, 3, 7, 10] 3 2 
Ab:min [3, 8, 11] 8 4 
C#:min [1, 4, 8] 1 5 
Bb:hdim7 [1, 4, 7, 10] 10 3 
Eb:7 [1, 3, 7, 10] 3 4 
Ab:min [3, 8, 11] 8 4 
C#:min [1, 4, 8] 1 4 
Bb:hdim7 [1, 4, 7, 10] 10 4 
Eb:7 [1, 3, 7, 10] 3 4 
C#:min [1, 4, 8] 1 4 
F#:7 [1, 4, 6, 10] 6 4 
F#:maj [1, 6, 10] 6 4 
F#:min7(13) [1, 4, 6, 9, 10] 6 4 
C#:min7 [1, 4, 8, 11] 1 4 
F#:sus4(b7) [1, 6, 11] 6 3 
F#:7 [1, 4, 6, 10] 6 1 
B:maj [3, 6, 11] 11 4 
B:9/5 [1, 3, 6, 9, 11] 6 2 
Ab:maj [0, 3, 8] 8 2 
C#:min7 [1, 4, 8, 11] 1 2 
F#:maj [1, 6, 10] 6 2 
B:maj [3, 6, 11] 11 2 
E:maj7/3 [2, 4, 8, 11] 8 2 
C#:min7 [1, 4, 8, 11] 1 4 
Bb:dim [1, 4, 10] 10 2 
Eb:7 [1, 3, 7, 10] 3 2 
Ab:min [3, 8, 11] 8 4 
C#:min [1, 4, 8] 1 4 
F#:7 [1, 4, 6, 10] 6 8 
F#:min7(13) [1, 4, 6, 9, 10] 6 4 
C#:min7 [1, 4, 8, 11] 1 6 
F#:maj [1, 6, 10] 6 1 
F#:7 [1, 4, 6, 10] 6 1 
B:maj [3, 6, 11] 11 4 
F#:min7(13) [1, 4, 6, 9, 10] 6 2 
Ab:maj [0, 3, 8] 8 2 
C#:min7 [1, 4, 8, 11] 1 4 
B:maj [3, 6, 11] 11 2 
E:maj7/3 [2, 4, 8, 11] 8 2 
C#:min7 [1, 4, 8, 11] 1 4 
Bb:dim [1, 4, 10] 10 2 
Eb:7 [1, 3, 7, 10] 3 2 
Ab:min [3, 8, 11] 8 4 
C#:min [1, 4, 8] 1 4 
F#:7 [1, 4, 6, 10] 6 3 
C#:min7/4 [1, 4, 8, 11] 6 1 
B:maj [3, 6, 11] 11 2 
Eb:maj [3, 7, 10] 3 2 
Ab:min [3, 8, 11] 8 4 
C#:min [1, 4, 8] 1 4 
F#:maj [1, 6, 10] 6 4 
Eb:7 [1, 3, 7, 10] 3 2 
Eb:maj [3, 7, 10] 3 2 
Ab:min [3, 8, 11] 8 5 
