58 2
60 1
0 1
63 1
0 1
65 1
0 1
67 2
0 1
65 2
0 1
63 1
0 1
60 11
0 5
58 2
60 1
0 1
63 1
0 1
65 1
0 1
67 2
0 1
70 3
65 7
0 13
65 2
0 2
58 2
65 1
0 1
65 1
0 1
67 1
0 1
65 1
0 1
63 4
0 14
65 1
0 1
65 1
0 1
65 1
0 1
58 1
0 1
60 1
0 1
63 1
0 1
60 9
0 11
68 2
0 2
68 2
67 2
65 1
0 1
63 1
0 1
65 1
0 1
65 9
0 9
68 3
0 1
72 2
70 1
0 1
68 1
0 1
67 1
0 1
65 7
0 13
65 2
0 2
58 2
65 1
0 1
65 1
0 1
67 1
0 1
65 1
0 1
63 7
0 11
65 1
0 1
65 1
0 1
65 1
0 1
58 1
0 1
60 2
63 2
60 10
0 10
70 1
0 1
70 1
0 1
70 1
0 1
70 1
0 1
70 1
0 1
70 1
0 1
72 1
0 1
72 5
0 13
72 1
0 1
72 1
0 1
72 1
0 1
75 1
0 1
72 1
0 1
72 1
0 1
70 5
0 15
70 1
0 1
70 1
0 1
70 1
0 1
70 1
0 1
72 1
0 1
75 1
0 1
72 7
0 7
70 2
72 1
0 1
79 7
0 9
77 14
0 276
68 2
0 2
68 2
67 2
65 1
0 1
63 1
0 1
65 1
0 1
65 9
0 9
68 3
0 1
72 2
70 1
0 1
68 1
0 1
67 1
0 1
65 7
0 13
65 2
0 2
58 2
65 1
0 1
65 1
0 1
67 1
0 1
65 1
0 1
63 7
0 11
65 1
0 1
65 1
0 1
65 1
0 1
58 1
0 1
60 2
63 2
60 10
0 10
68 2
0 2
68 2
67 2
65 1
0 1
63 1
0 1
65 1
0 1
65 9
0 9
68 3
0 1
72 2
70 1
0 1
68 1
0 1
67 1
0 1
65 7
0 13
65 2
0 2
58 2
65 1
0 1
65 1
0 1
67 1
0 1
65 1
0 1
63 7
0 11
65 1
0 1
65 1
0 1
65 1
0 1
58 1
0 1
60 2
63 2
60 10
0 10
70 1
0 1
70 1
0 1
70 1
0 1
70 1
0 1
70 1
0 1
70 1
0 1
72 1
0 1
72 5
0 13
72 1
0 1
72 1
0 1
72 1
0 1
75 1
0 1
72 1
0 1
72 1
0 1
70 5
0 15
70 1
0 1
70 1
0 1
70 1
0 1
70 1
0 1
72 1
0 1
75 1
0 1
72 7
0 7
70 2
72 1
0 1
79 7
0 9
77 14
0 2
0 130
68 1
0 1
68 1
0 1
68 1
0 1
67 1
0 1
65 1
0 1
63 1
0 1
67 2
65 17
0 1
68 1
0 1
68 1
0 1
72 1
0 1
70 1
0 1
68 2
67 2
65 9
0 11
65 1
0 1
65 1
0 1
58 1
0 1
65 1
0 1
65 1
0 1
67 1
0 1
65 1
0 1
63 11
0 7
65 1
0 1
65 1
0 1
65 1
0 1
58 1
0 1
60 1
0 1
63 1
0 1
60 8
0 12
68 1
0 1
68 1
0 1
68 1
0 1
67 1
0 1
65 1
0 1
63 1
0 1
67 1
0 1
65 15
0 3
68 1
0 1
68 1
0 1
72 2
70 1
0 1
68 1
0 1
67 1
0 1
65 15
0 5
65 1
0 1
65 1
0 1
58 1
0 1
65 1
0 1
65 1
0 1
67 1
0 1
65 1
0 1
63 11
0 7
65 1
0 1
65 1
0 1
65 1
0 1
58 1
0 1
60 1
0 1
63 2
60 8
0 12
68 1
0 1
68 1
0 1
68 1
0 1
67 1
0 1
65 1
0 1
63 2
67 2
65 12
0 6
68 1
0 1
68 1
0 1
72 2
70 1
0 1
68 1
0 1
67 1
0 1
65 10
0 10
65 1
0 1
65 1
0 1
58 1
0 1
65 1
0 1
65 1
0 1
67 1
0 1
65 1
0 1
63 8
0 10
65 1
0 1
65 1
0 1
65 1
0 1
58 2
60 1
0 1
63 1
0 1
60 10
