F:maj [0, 5, 9] 5 3 
B:dim [2, 5, 11] 11 1 
Bb:maj [2, 5, 10] 10 2 
A:min [0, 4, 9] 9 2 
G:maj [2, 7, 11] 7 2 
A:min [0, 4, 9] 9 2 
B:dim [2, 5, 11] 11 2 
C:maj [0, 4, 7] 0 2 
F:maj [0, 5, 9] 5 2 
B:dim [2, 5, 11] 11 2 
G:min7 [2, 5, 7, 10] 7 2 
Bb:min [1, 5, 10] 10 4 
D:min [2, 5, 9] 2 2 
G:min [2, 7, 10] 7 2 
C:maj [0, 4, 7] 0 2 
F:sus2 [0, 5, 7] 5 10 
A:min/5 [0, 4, 9] 4 2 
D:min [2, 5, 9] 2 2 
D:min7 [0, 2, 5, 9] 2 2 
Bb:maj [2, 5, 10] 10 2 
F:maj [0, 5, 9] 5 2 
G:min [2, 7, 10] 7 2 
C:maj [0, 4, 7] 0 2 
D:min [2, 5, 9] 2 4 
Bb:maj [2, 5, 10] 10 2 
Bb:maj7 [2, 5, 8, 10] 10 2 
G:min [2, 7, 10] 7 4 
C:maj [0, 4, 7] 0 4 
F:maj [0, 5, 9] 5 2 
A:min/5 [0, 4, 9] 4 2 
D:min [2, 5, 9] 2 2 
C:maj [0, 4, 7] 0 2 
Bb:maj [2, 5, 10] 10 2 
A:min [0, 4, 9] 9 2 
G:min [2, 7, 10] 7 2 
C:maj [0, 4, 7] 0 2 
D:min [2, 5, 9] 2 3 
C:maj [0, 4, 7] 0 1 
Bb:maj [2, 5, 10] 10 3 
C:maj [0, 4, 7] 0 1 
G:min [2, 7, 10] 7 2 
C:maj [0, 4, 7] 0 2 
F:maj [0, 5, 9] 5 6 
C:maj [0, 4, 7] 0 2 
F:maj7 [0, 3, 5, 9] 5 2 
B:dim [2, 5, 11] 11 2 
Bb:maj [2, 5, 10] 10 2 
A:min [0, 4, 9] 9 2 
G:min [2, 7, 10] 7 2 
A:min [0, 4, 9] 9 2 
Bb:min [1, 5, 10] 10 2 
C:maj [0, 4, 7] 0 2 
F:maj [0, 5, 9] 5 2 
B:dim [2, 5, 11] 11 2 
Bb:maj [2, 5, 10] 10 4 
A:min [0, 4, 9] 9 2 
D:min [2, 5, 9] 2 2 
G:min [2, 7, 10] 7 2 
C:maj [0, 4, 7] 0 2 
F:maj [0, 5, 9] 5 4 
G:7 [2, 5, 7, 11] 7 4 
Bb:maj [2, 5, 10] 10 4 
F:maj [0, 5, 9] 5 4 
D:min [2, 5, 9] 2 4 
B:dim [2, 5, 11] 11 4 
Bb:maj [2, 5, 10] 10 4 
F:maj [0, 5, 9] 5 6 
A:min/5 [0, 4, 9] 4 2 
D:min [2, 5, 9] 2 2 
Bb:maj(9)/5 [0, 2, 5, 8, 10] 5 2 
Bb:maj [2, 5, 10] 10 2 
A:min [0, 4, 9] 9 2 
G:min [2, 7, 10] 7 2 
C:maj [0, 4, 7] 0 2 
D:min [2, 5, 9] 2 2 
A:min [0, 4, 9] 9 2 
Bb:maj [2, 5, 10] 10 2 
F:maj [0, 5, 9] 5 2 
G:min [2, 7, 10] 7 4 
C:maj [0, 4, 7] 0 4 
F:maj [0, 5, 9] 5 2 
A:min/5 [0, 4, 9] 4 2 
D:min [2, 5, 9] 2 2 
F:maj [0, 5, 9] 5 2 
Bb:maj [2, 5, 10] 10 2 
D:min7 [0, 2, 5, 9] 2 2 
G:min [2, 7, 10] 7 2 
C:maj [0, 4, 7] 0 2 
D:min [2, 5, 9] 2 4 
Bb:maj [2, 5, 10] 10 2 
F:maj/5 [0, 5, 9] 0 2 
G:min [2, 7, 10] 7 2 
C:maj [0, 4, 7] 0 2 
F:maj [0, 5, 9] 5 6 
C:maj [0, 4, 7] 0 2 
F:maj7 [0, 3, 5, 9] 5 2 
B:dim [2, 5, 11] 11 2 
Bb:maj [2, 5, 10] 10 2 
A:min [0, 4, 9] 9 2 
G:min [2, 7, 10] 7 2 
A:min [0, 4, 9] 9 2 
Bb:min [1, 5, 10] 10 2 
C:maj [0, 4, 7] 0 2 
F:maj [0, 5, 9] 5 2 
B:dim [2, 5, 11] 11 2 
Bb:maj [2, 5, 10] 10 4 
A:min [0, 4, 9] 9 2 
D:min [2, 5, 9] 2 2 
G:min [2, 7, 10] 7 2 
C:maj [0, 4, 7] 0 2 
F:maj [0, 5, 9] 5 2 
D:sus4 [2, 7, 9] 2 2 
G:maj7 [2, 5, 7, 11] 7 2 
C#:dim [1, 4, 7] 1 2 
C:maj [0, 4, 7] 0 2 
B:min [2, 6, 11] 11 2 
A:min [0, 4, 9] 9 2 
B:min [2, 6, 11] 11 2 
C:min [0, 3, 7] 0 2 
D:maj [2, 6, 9] 2 2 
G:maj [2, 7, 11] 7 2 
C#:dim [1, 4, 7] 1 2 
C:maj [0, 4, 7] 0 2 
C:min [0, 3, 7] 0 4 
B:min [2, 6, 11] 11 2 
E:min7 [2, 4, 7, 11] 4 2 
A:min [0, 4, 9] 9 2 
D:maj [2, 6, 9] 2 2 
G:maj [2, 7, 11] 7 4 
E:min [4, 7, 11] 4 4 
C:maj [0, 4, 7] 0 2 
E:maj/5 [4, 8, 11] 11 1 
E:min7 [2, 4, 7, 11] 4 1 
A:min [0, 4, 9] 9 2 
D:maj [2, 6, 9] 2 2 
G:maj7 [2, 5, 7, 11] 7 8 
