0 160
57 3
0 1
57 2
55 2
57 6
0 2
57 2
60 2
57 2
55 2
57 6
0 2
53 3
0 1
53 2
55 2
57 2
60 2
57 3
0 1
55 3
0 1
55 2
53 2
55 7
0 1
57 5
0 1
60 1
57 1
62 2
60 5
0 1
62 2
60 2
60 2
57 2
60 4
0 4
57 4
55 2
57 2
60 4
57 2
55 2
55 4
55 2
53 2
55 6
0 2
57 3
0 1
57 2
55 2
57 6
0 2
57 2
60 2
57 2
55 2
57 6
0 2
53 3
0 1
53 2
55 2
57 2
60 2
57 3
0 1
55 3
0 1
55 2
53 2
55 7
0 1
57 5
0 1
60 1
57 1
62 2
60 5
0 1
62 2
60 2
60 2
57 2
60 4
0 4
57 4
55 2
57 2
60 4
57 2
55 2
55 2
53 10
0 16
53 2
55 2
57 3
0 1
57 2
60 2
62 4
62 1
0 1
69 1
0 1
67 2
65 1
0 1
65 1
0 1
62 1
0 1
60 3
0 5
62 2
60 1
0 1
57 2
55 2
53 4
50 2
53 1
0 1
53 2
55 2
55 2
53 2
55 4
53 2
55 2
57 3
0 1
57 2
60 2
62 4
62 1
0 1
69 1
0 1
67 2
65 1
0 1
65 1
0 1
67 1
0 1
67 1
0 1
65 2
0 4
60 3
0 1
60 2
57 2
64 2
65 1
0 1
53 1
0 1
55 2
57 3
0 5
55 8
53 10
0 118
57 3
0 1
57 2
55 2
57 6
0 2
57 2
60 2
57 2
55 2
57 6
0 2
53 3
0 1
53 2
55 2
57 2
60 2
57 3
0 1
55 3
0 1
55 2
53 2
55 7
0 1
57 5
0 1
60 1
57 1
62 2
60 5
0 1
62 2
60 2
60 2
57 2
60 4
0 3
48 1
57 4
55 2
57 2
60 4
57 2
55 2
55 4
55 2
53 2
55 6
0 2
57 3
0 1
57 2
55 2
57 6
0 2
57 2
60 2
57 2
55 2
57 6
0 2
53 3
0 1
53 2
55 2
57 2
60 2
57 3
0 1
55 3
0 1
55 2
53 2
55 7
0 1
57 5
0 1
60 1
57 1
62 2
60 5
0 1
62 2
60 2
60 2
57 2
60 4
0 6
57 2
55 2
57 2
60 4
57 2
55 2
55 2
53 10
0 16
53 2
55 2
57 3
0 1
57 2
60 2
62 4
62 1
0 1
69 1
0 1
67 2
65 1
0 1
65 1
0 1
62 1
0 1
60 3
0 5
62 2
60 1
0 1
57 2
55 2
53 4
50 2
53 1
0 1
53 2
55 2
55 2
53 2
55 4
53 2
55 2
57 3
0 1
57 2
60 2
62 4
62 1
0 1
69 1
0 1
67 2
65 1
0 1
65 1
0 1
67 1
0 1
67 1
0 1
65 2
0 4
60 3
0 1
60 2
57 2
64 2
65 1
0 1
53 1
0 1
55 2
57 3
0 5
55 8
53 10
0 2
55 2
57 2
59 3
0 1
59 2
62 2
64 4
64 1
0 1
71 1
0 1
69 2
67 1
0 1
67 1
0 1
64 1
0 1
62 3
0 5
64 2
62 1
0 1
59 2
57 2
55 4
52 2
55 1
0 1
55 2
57 2
57 2
55 2
57 4
55 2
57 2
59 3
0 1
59 2
62 2
64 4
64 1
0 1
71 1
0 1
69 2
67 1
0 1
67 1
0 1
69 1
0 1
69 1
0 1
67 2
0 12
62 3
0 1
62 2
59 2
66 2
67 1
0 1
55 1
0 1
57 2
59 3
0 5
57 8
55 10
