0 64
67 2
74 1
74 1
74 1
0 1
72 1
70 1
74 2
0 4
74 1
79 1
77 1
0 1
77 1
77 1
77 1
0 1
74 1
72 1
74 5
0 3
74 1
79 1
79 1
79 1
79 1
0 1
79 1
77 1
74 1
0 1
72 3
0 1
67 1
70 1
72 1
72 1
72 1
72 1
72 1
0 1
70 1
72 1
0 1
74 6
0 1
74 1
0 1
79 1
79 1
79 2
77 1
0 1
82 1
0 1
79 3
0 1
79 1
79 1
77 1
77 2
0 1
77 1
0 1
74 1
72 1
0 1
74 4
0 3
74 2
79 1
79 1
79 2
0 1
77 1
74 1
0 1
72 2
0 2
67 1
70 1
72 1
0 1
72 1
74 1
77 1
0 1
74 1
0 1
65 1
0 1
67 5
0 1
70 1
70 1
0 1
70 1
70 1
0 1
74 1
0 1
74 5
0 1
74 1
77 1
79 1
0 1
79 1
0 1
81 2
0 1
79 1
77 1
0 1
74 3
0 1
74 1
77 1
79 1
0 1
79 1
0 1
79 3
0 1
81 1
0 1
81 1
0 1
79 1
82 2
0 1
81 10
0 6
74 1
79 1
79 1
79 3
0 2
74 1
81 1
81 1
81 2
0 1
79 1
81 1
82 1
0 1
82 1
82 1
82 1
0 1
79 1
79 1
0 1
77 3
0 2
74 1
77 1
72 1
0 1
72 1
0 1
72 1
72 1
0 1
70 1
72 1
0 1
74 2
0 2
74 1
77 1
79 1
0 1
79 1
79 1
79 1
0 1
82 1
0 1
79 1
0 1
81 5
0 1
74 1
79 1
79 1
79 3
0 2
74 1
81 1
81 1
81 2
0 1
79 1
81 1
82 1
0 1
82 1
82 1
82 1
0 1
84 1
82 1
86 4
0 2
86 1
86 1
84 1
0 1
84 1
0 1
84 1
84 1
0 1
82 1
84 1
0 1
82 1
79 2
0 1
79 1
81 1
82 1
0 1
82 1
82 1
82 1
0 1
84 1
82 1
81 3
74 1
77 1
0 1
74 3
0 1
79 11
0 83
67 1
0 1
74 1
74 1
74 2
72 1
70 2
0 1
74 3
0 1
79 1
79 1
77 1
77 2
0 1
77 1
0 1
74 1
72 1
0 1
74 4
0 3
74 2
79 1
79 1
79 2
0 1
77 1
74 1
0 1
72 2
0 2
67 1
70 1
72 1
0 1
72 1
74 1
77 1
0 1
74 1
0 1
65 1
0 1
67 5
0 1
70 1
70 1
0 1
70 1
70 1
0 1
74 1
0 1
74 5
0 1
74 1
77 1
79 1
0 1
79 1
0 1
81 2
0 1
79 1
77 1
0 1
74 3
0 1
74 1
77 1
79 1
0 1
79 1
0 1
79 3
0 1
81 1
0 1
81 1
0 1
79 1
82 2
0 1
84 10
0 6
74 1
79 1
79 1
79 3
0 2
74 1
81 1
81 1
81 2
0 1
79 1
81 1
82 1
0 1
82 1
82 1
82 1
0 1
79 1
79 1
0 1
77 3
0 2
74 1
77 1
72 1
0 1
72 1
0 1
72 1
72 1
0 1
70 1
72 1
0 1
74 2
0 2
74 1
77 1
79 1
0 1
79 1
79 1
79 1
0 1
82 1
0 1
79 1
0 1
81 5
0 1
74 1
79 1
79 1
79 3
0 2
74 1
81 1
81 1
81 2
0 1
79 1
81 1
82 1
0 1
82 1
82 1
82 1
0 1
84 1
82 1
86 4
0 2
86 1
86 1
84 1
0 1
84 1
0 1
84 1
84 1
0 1
82 1
84 1
0 1
82 1
79 2
0 1
79 1
81 1
82 1
0 1
82 1
82 1
82 1
0 1
84 1
82 1
81 3
74 1
77 1
0 1
74 3
0 1
79 11
0 3
74 1
79 1
79 1
79 3
0 2
74 1
81 1
81 1
81 2
0 1
79 1
81 1
82 1
0 1
82 1
82 1
82 1
0 1
79 1
79 1
0 1
77 3
0 2
74 1
77 1
72 1
0 1
72 1
0 1
72 1
72 1
0 1
70 1
72 1
0 1
74 2
0 2
74 1
77 1
79 1
0 1
79 1
79 1
79 1
0 1
82 1
0 1
79 1
0 1
81 5
0 1
74 1
79 1
79 1
79 3
0 2
74 1
81 1
81 1
81 2
0 1
79 1
81 1
82 1
0 1
82 1
82 1
82 1
0 1
84 1
82 1
86 4
0 2
86 1
86 1
84 1
0 1
84 1
0 1
84 1
84 1
0 1
82 1
84 1
0 1
82 1
79 2
0 1
79 1
81 1
82 1
0 1
82 1
82 1
82 1
0 1
84 1
82 1
81 3
74 1
77 1
0 1
74 3
0 1
79 11
0 1
79 1
81 1
82 1
0 1
82 1
82 1
82 2
0 1
84 1
82 1
81 8
0 1
74 1
74 1
74 2
82 2
79 12
