A:maj [1, 4, 9] 9 2
D:maj [2, 6, 9] 2 2
F#:min [1, 6, 9] 6 4
D:maj [2, 6, 9] 2 4
E:maj [4, 8, 11] 4 4
A:maj [1, 4, 9] 9 12
F#:min [1, 6, 9] 6 2
D:maj [2, 6, 9] 2 2
E:maj [4, 8, 11] 4 4
A:maj [1, 4, 9] 9 4
D:maj/3 [2, 6, 9] 6 2
C#:min [1, 4, 8] 1 2
A:maj [1, 4, 9] 9 4
B:min [2, 6, 11] 11 2
E:maj [4, 8, 11] 4 2
A:maj [1, 4, 9] 9 2
D:maj [2, 6, 9] 2 2
F#:min [1, 6, 9] 6 2
C#:sus4(b7 [1, 6, 8] 1 2
F#:min [1, 6, 9] 6 2
E:maj [4, 8, 11] 4 4
A:maj [1, 4, 9] 9 8
F#:min [1, 6, 9] 6 2
B:min [2, 6, 11] 11 2
F#:min [1, 6, 9] 6 4
D:maj [2, 6, 9] 2 2
F#:min [1, 6, 9] 6 2
E:maj [4, 8, 11] 4 4
A:maj [1, 4, 9] 9 2
B:min [2, 6, 11] 11 2
F#:min [1, 6, 9] 6 4
D:maj [2, 6, 9] 2 2
F#:min [1, 6, 9] 6 2
E:maj [4, 8, 11] 4 4
A:maj [1, 4, 9] 9 6
F#:min [1, 6, 9] 6 4
D:maj [2, 6, 9] 2 4
E:maj [4, 8, 11] 4 4
A:maj [1, 4, 9] 9 12
F#:min [1, 6, 9] 6 2
D:maj [2, 6, 9] 2 2
E:maj [4, 8, 11] 4 4
A:maj [1, 4, 9] 9 4
D:maj/3 [2, 6, 9] 6 2
C#:min [1, 4, 8] 1 2
A:maj [1, 4, 9] 9 4
E:maj [4, 8, 11] 4 4
A:maj [1, 4, 9] 9 2
D:maj [2, 6, 9] 2 2
F#:min [1, 6, 9] 6 2
C#:sus4(b7 [1, 6, 8] 1 2
F#:min [1, 6, 9] 6 2
E:maj [4, 8, 11] 4 4
A:maj [1, 4, 9] 9 8
F#:min [1, 6, 9] 6 2
B:min [2, 6, 11] 11 2
F#:min [1, 6, 9] 6 4
D:maj [2, 6, 9] 2 2
D:maj6 [2, 6, 9, 11] 2 2
E:maj [4, 8, 11] 4 4
A:maj [1, 4, 9] 9 4
F#:min [1, 6, 9] 6 4
D:maj [2, 6, 9] 2 2
F#:min [1, 6, 9] 6 2
E:maj [4, 8, 11] 4 6
A:maj [1, 4, 9] 9 2
D:maj [2, 6, 9] 2 2
A:maj [1, 4, 9] 9 2
