0 18
57 2
59 2
61 2
54 5
0 21
52 2
54 2
57 2
61 4
59 1
61 1
57 1
59 1
57 9
0 7
52 1
0 1
52 1
52 1
57 2
59 1
61 1
64 4
0 2
69 2
66 2
66 1
0 1
61 2
59 2
57 4
0 4
61 1
0 1
61 2
64 2
69 2
69 4
66 2
64 1
66 1
64 6
0 10
61 1
0 1
61 2
64 2
69 1
0 1
69 3
0 3
66 1
64 1
66 2
0 2
66 2
61 1
64 1
61 3
0 5
52 1
52 2
57 2
0 1
59 1
61 1
64 3
0 1
64 2
57 1
61 1
59 5
0 11
61 1
0 1
61 2
64 2
66 1
69 1
69 4
0 1
69 1
66 1
64 1
66 3
0 1
66 2
61 1
64 1
61 5
0 3
66 2
64 2
59 2
61 1
64 1
64 3
0 5
52 2
54 2
61 2
59 2
57 7
0 3
59 2
61 3
64 4
0 9
61 1
0 1
64 1
66 1
69 4
0 2
71 1
0 1
71 3
0 1
69 2
66 1
69 1
66 5
0 7
64 2
66 1
69 1
66 5
0 1
66 2
61 2
59 1
57 1
59 2
61 2
64 7
0 5
61 2
64 1
66 1
69 3
0 3
71 1
0 1
71 2
0 2
69 2
66 1
69 1
66 4
0 8
64 1
0 1
64 1
69 1
66 3
0 3
64 1
66 1
61 1
0 2
61 1
57 2
54 2
52 4
0 2
64 1
0 1
61 3
0 1
59 2
57 1
59 1
57 8
0 16
0 2
57 2
59 2
61 2
54 5
0 21
52 2
54 2
57 2
61 4
59 1
61 1
57 1
59 1
57 9
0 7
52 1
0 1
52 1
52 1
57 2
59 1
61 1
64 4
0 2
69 2
66 2
66 1
0 1
61 2
59 2
57 4
0 4
61 1
0 1
61 2
64 2
69 2
69 4
66 2
64 1
66 1
64 6
0 10
61 1
0 1
61 2
64 2
69 1
0 1
69 3
0 3
66 1
64 1
66 2
0 2
66 2
61 1
64 1
61 3
0 5
52 1
52 2
57 2
0 1
59 1
61 1
64 3
0 1
64 2
57 1
61 1
59 5
0 11
61 1
0 1
61 2
64 2
66 1
69 1
69 4
0 1
69 1
66 1
64 1
66 3
0 1
66 2
61 1
64 1
61 5
0 3
66 2
64 2
59 2
61 1
64 1
64 3
0 5
52 2
54 2
61 2
59 2
57 7
0 3
59 2
61 3
64 4
0 9
61 1
0 1
64 1
66 1
69 4
0 2
71 1
0 1
71 3
0 1
69 2
66 1
69 1
66 5
0 7
64 2
66 1
69 1
66 5
0 1
66 2
61 2
59 1
57 1
59 2
61 2
64 7
0 5
61 2
64 1
66 1
69 3
0 3
71 1
0 1
71 2
0 2
69 2
66 1
69 1
66 4
0 8
64 1
0 1
64 1
69 1
66 3
0 3
64 1
66 1
61 1
0 2
61 1
57 2
54 2
52 4
0 2
64 1
0 1
61 3
0 5
64 4
66 2
69 1
0 1
69 18
