C:maj [0, 4, 7] 0 2 
D:min7/b7 [0, 2, 5, 9] 0 2 
C:maj/3 [0, 4, 7] 4 2 
F:sus2 [0, 5, 7] 5 2 
C:maj [0, 4, 7] 0 2 
D:min7 [0, 2, 5, 9] 2 2 
F:maj7 [0, 3, 5, 9] 5 4 
C:maj [0, 4, 7] 0 2 
E:min/5 [4, 7, 11] 11 2 
A:min [0, 4, 9] 9 3 
C:maj/5 [0, 4, 7] 7 1 
F:maj [0, 5, 9] 5 2 
E:min [4, 7, 11] 4 2 
D:min [2, 5, 9] 2 2 
G:maj [2, 7, 11] 7 2 
C:maj [0, 4, 7] 0 2 
E:min/5 [4, 7, 11] 11 2 
A:min [0, 4, 9] 9 3 
E:min/b3 [4, 7, 11] 7 1 
F:maj [0, 5, 9] 5 2 
E:min [4, 7, 11] 4 2 
D:min [2, 5, 9] 2 2 
F:min [0, 5, 8] 5 2 
C:maj [0, 4, 7] 0 6 
G:maj [2, 7, 11] 7 2 
A:min [0, 4, 9] 9 2 
G:maj [2, 7, 11] 7 2 
F:maj [0, 5, 9] 5 2 
E:min [4, 7, 11] 4 2 
D:min [2, 5, 9] 2 2 
G:maj [2, 7, 11] 7 2 
C:maj [0, 4, 7] 0 2 
G:maj [2, 7, 11] 7 2 
A:min [0, 4, 9] 9 2 
G:min [2, 7, 10] 7 1 
C:maj [0, 4, 7] 0 1 
F:maj [0, 5, 9] 5 2 
E:min [4, 7, 11] 4 2 
D:min [2, 5, 9] 2 2 
G:maj [2, 7, 11] 7 2 
F:maj7/7 [0, 3, 5, 9] 4 1 
F:maj [0, 5, 9] 5 1 
C:maj [0, 4, 7] 0 2 
Bb:maj7/5 [2, 5, 8, 10] 5 2 
F:maj/5 [0, 5, 9] 0 2 
C:maj [0, 4, 7] 0 2 
E:min/5 [4, 7, 11] 11 2 
A:min [0, 4, 9] 9 2 
C:maj [0, 4, 7] 0 1 
C:maj/5 [0, 4, 7] 7 1 
F:maj [0, 5, 9] 5 2 
E:min [4, 7, 11] 4 2 
D:min [2, 5, 9] 2 2 
G:maj [2, 7, 11] 7 2 
C:maj [0, 4, 7] 0 2 
G:maj [2, 7, 11] 7 2 
A:min [0, 4, 9] 9 3 
A:min9/5 [0, 4, 7, 9, 11] 4 1 
F:maj [0, 5, 9] 5 2 
E:min [4, 7, 11] 4 2 
D:min [2, 5, 9] 2 2 
F:min [0, 5, 8] 5 2 
C:maj [0, 4, 7] 0 6 
G:maj [2, 7, 11] 7 2 
A:min [0, 4, 9] 9 2 
G:maj [2, 7, 11] 7 2 
F:maj [0, 5, 9] 5 2 
E:min [4, 7, 11] 4 2 
D:min [2, 5, 9] 2 2 
G:maj [2, 7, 11] 7 2 
C:maj [0, 4, 7] 0 2 
G:maj [2, 7, 11] 7 2 
A:min [0, 4, 9] 9 2 
G:min [2, 7, 10] 7 1 
C:maj [0, 4, 7] 0 1 
F:maj [0, 5, 9] 5 2 
E:min [4, 7, 11] 4 2 
D:min [2, 5, 9] 2 2 
G:maj [2, 7, 11] 7 2 
A:min [0, 4, 9] 9 2 
G:maj [2, 7, 11] 7 2 
C:maj [0, 4, 7] 0 4 
A:min [0, 4, 9] 9 2 
G:maj [2, 7, 11] 7 2 
F:maj(9) [0, 3, 5, 7, 9] 5 1 
C:maj/3 [0, 4, 7] 4 1 
C:maj [0, 4, 7] 0 2 
Bb:maj [2, 5, 10] 10 2 
A:min [0, 4, 9] 9 4 
D:min [2, 5, 9] 2 2 
Bb:maj [2, 5, 10] 10 2 
G:maj [2, 7, 11] 7 2 
A:maj [1, 4, 9] 9 4 
D:maj [2, 6, 9] 2 2 
A:maj [1, 4, 9] 9 2 
B:min [2, 6, 11] 11 2 
A:maj [1, 4, 9] 9 2 
G:maj [2, 7, 11] 7 2 
F#:min [1, 6, 9] 6 2 
E:min [4, 7, 11] 4 2 
A:maj [1, 4, 9] 9 2 
D:maj [2, 6, 9] 2 2 
A:maj [1, 4, 9] 9 2 
B:min [2, 6, 11] 11 2 
A:min [0, 4, 9] 9 1 
D:maj [2, 6, 9] 2 1 
G:maj [2, 7, 11] 7 2 
F#:min [1, 6, 9] 6 2 
E:min [4, 7, 11] 4 2 
A:maj [1, 4, 9] 9 2 
D:maj [2, 6, 9] 2 2 
A:maj [1, 4, 9] 9 2 
B:min [2, 6, 11] 11 2 
A:maj [1, 4, 9] 9 2 
G:maj [2, 7, 11] 7 2 
F#:min [1, 6, 9] 6 2 
D:maj/3 [2, 6, 9] 6 2 
A:maj [1, 4, 9] 9 2 
D:maj [2, 6, 9] 2 2 
A:maj [1, 4, 9] 9 2 
B:min [2, 6, 11] 11 2 
A:min [0, 4, 9] 9 1 
D:maj [2, 6, 9] 2 1 
G:maj [2, 7, 11] 7 2 
F#:min [1, 6, 9] 6 2 
E:min [4, 7, 11] 4 2 
A:maj [1, 4, 9] 9 2 
D:maj [2, 6, 9] 2 2 
E:min [4, 7, 11] 4 2 
F#:min [1, 6, 9] 6 2 
G:maj [2, 7, 11] 7 2 
D:maj [2, 6, 9] 2 2 
E:min [4, 7, 11] 4 2 
G:maj [2, 7, 11] 7 2 
