0 66
72 1
74 1
74 1
76 1
76 3
0 1
76 1
76 1
0 1
74 1
0 1
74 2
72 4
0 5
72 1
72 2
71 2
71 2
69 3
0 1
76 1
0 1
67 5
0 1
65 1
64 1
65 2
76 1
0 1
76 1
0 1
77 1
76 1
76 2
74 4
0 5
72 1
74 1
74 1
76 1
76 2
0 2
76 1
76 2
74 1
0 1
74 2
72 4
0 5
72 1
72 2
71 1
0 1
71 2
69 3
0 1
76 1
0 1
67 4
0 2
65 1
64 1
65 2
69 1
0 1
72 1
0 1
69 1
0 1
74 2
74 1
72 1
74 1
0 1
74 1
72 1
72 5
0 12
79 1
0 1
72 1
71 1
72 2
79 1
0 1
79 1
0 1
71 1
0 1
71 3
0 1
79 1
0 1
72 1
71 1
72 2
79 1
0 1
79 1
0 1
71 1
0 1
71 2
72 1
0 1
67 1
0 1
72 1
71 1
72 1
0 1
76 2
0 1
67 1
72 1
71 1
72 1
74 1
76 1
0 1
76 1
0 1
72 1
0 1
76 1
0 1
72 1
0 2
72 1
72 1
71 1
72 1
74 1
74 1
0 1
79 1
0 1
72 1
71 1
72 2
79 1
0 1
79 1
0 1
71 1
0 1
71 3
0 1
79 1
0 1
72 1
71 1
72 2
79 1
0 1
79 1
0 1
77 2
76 2
72 1
0 1
67 1
0 1
72 1
71 1
72 1
0 1
76 2
0 1
67 1
72 1
71 1
72 1
74 1
76 1
0 1
77 2
76 1
0 1
74 2
72 1
0 3
76 1
0 1
74 2
0 1
72 1
72 10
0 24
72 1
74 1
74 1
76 1
76 3
0 1
76 1
76 1
0 1
74 1
0 1
74 2
72 4
0 5
72 1
72 2
71 2
71 2
69 3
0 1
76 1
0 1
67 5
0 1
65 1
64 1
65 2
76 1
0 1
76 1
0 1
77 1
76 1
76 2
74 4
0 5
72 1
74 1
74 1
76 1
76 2
0 2
76 1
76 2
74 1
0 1
74 2
72 4
0 5
72 1
72 2
71 1
0 1
71 2
69 3
0 1
76 1
0 1
67 4
0 2
65 1
64 1
65 2
69 1
0 1
72 1
0 1
69 1
0 1
74 2
74 1
72 1
74 1
0 1
74 1
72 1
72 5
0 12
79 1
0 1
72 1
71 1
72 2
79 1
0 1
79 1
0 1
71 1
0 1
71 3
0 1
79 1
0 1
72 1
71 1
72 2
79 1
0 1
79 1
0 1
71 1
0 1
71 2
72 1
0 1
67 1
0 1
72 1
71 1
72 1
0 1
76 2
0 1
67 1
72 1
71 1
72 1
74 1
76 1
0 1
76 1
0 1
72 1
0 1
76 1
0 1
72 1
0 2
72 1
72 1
71 1
72 1
74 1
74 1
0 1
79 1
0 1
72 1
71 1
72 2
79 1
0 1
79 1
0 1
71 1
0 1
71 3
0 1
79 1
0 1
72 1
71 1
72 2
79 1
0 1
79 1
0 1
77 2
76 2
72 1
0 1
67 1
0 1
72 1
71 1
72 1
0 1
76 2
0 1
67 1
72 1
71 1
72 1
74 1
76 1
0 1
77 2
76 1
0 1
74 2
72 1
0 3
76 1
0 1
74 2
0 1
72 1
72 10
0 17
76 1
74 1
72 2
69 1
72 6
0 28
74 1
74 1
74 1
74 1
76 1
77 1
77 1
0 1
76 1
74 2
72 1
0 4
72 1
72 1
0 1
79 1
0 1
79 1
0 1
77 1
77 1
0 1
77 3
0 1
77 1
0 1
74 1
72 1
74 2
77 2
77 1
0 1
74 1
72 1
74 2
77 1
0 3
76 1
0 1
76 1
0 1
77 1
0 1
76 2
76 2
78 2
79 2
81 1
0 1
74 1
73 1
74 2
81 1
0 1
81 1
0 1
73 1
0 1
73 3
0 1
81 1
0 1
74 1
73 1
74 2
81 1
0 1
81 1
0 1
73 1
0 1
73 2
74 1
0 1
69 1
0 1
74 1
73 1
74 1
0 1
78 2
0 1
69 1
74 1
73 1
74 1
76 1
78 1
0 1
78 1
0 1
74 1
0 1
78 1
0 1
74 1
0 2
74 1
74 1
73 1
74 1
76 1
76 1
0 1
81 1
0 1
74 1
73 1
74 2
81 1
0 1
81 1
0 1
73 1
0 1
73 3
0 1
81 1
0 1
74 1
73 1
74 2
81 1
0 1
81 1
0 1
79 2
78 2
74 1
0 1
69 1
0 1
74 1
73 1
74 1
0 1
78 2
0 1
69 1
74 1
73 1
74 1
76 1
78 1
0 1
79 2
78 1
0 1
76 2
74 1
0 3
78 1
0 1
76 2
0 1
74 1
74 10
0 22
69 1
0 1
74 1
73 1
74 1
0 1
78 2
0 1
69 1
74 1
73 1
74 1
76 1
78 1
0 1
78 1
0 1
74 1
0 1
78 1
0 1
74 1
0 2
74 1
74 1
73 1
74 1
76 1
76 1
0 1
81 15
0 1
81 1
0 1
74 1
73 1
74 2
83 2
81 7
0 1
69 1
0 1
74 1
73 1
74 1
0 1
78 2
0 1
69 1
74 1
73 1
74 1
76 1
78 1
0 1
79 2
78 1
0 1
76 2
74 1
0 3
78 1
0 1
76 2
0 1
74 1
74 10
0 35
78 1
76 1
74 1
74 20
