0 224
60 3
0 1
60 3
0 1
60 2
60 2
63 2
65 2
67 9
0 3
67 3
0 1
65 5
0 1
63 2
65 2
65 1
0 3
70 3
0 1
67 8
0 6
60 2
0 2
60 2
60 2
60 1
0 5
63 2
65 8
0 4
58 2
60 2
62 3
0 3
60 1
0 1
58 1
0 1
58 3
0 1
62 2
60 13
0 3
60 2
0 2
60 3
0 1
60 1
0 1
60 1
0 1
63 2
65 2
67 12
67 1
0 1
67 1
0 1
65 4
0 2
63 2
65 3
0 3
70 3
0 1
67 10
0 4
60 3
0 1
60 1
0 1
60 1
0 1
60 5
0 1
63 2
65 10
0 2
58 1
0 1
60 1
0 1
62 6
60 2
58 1
0 1
58 3
0 1
62 3
0 1
60 11
0 3
67 1
65 1
67 9
0 1
65 4
67 11
0 1
65 2
67 2
70 4
0 2
70 1
0 1
70 2
0 2
65 1
0 1
68 4
0 1
67 11
0 2
65 11
0 1
63 3
0 1
65 10
0 2
58 1
0 1
60 1
0 1
62 5
0 1
60 2
58 4
58 1
0 3
62 3
60 12
0 1
60 3
0 1
60 3
0 1
60 2
60 2
63 2
65 2
67 9
0 3
67 1
0 1
67 1
0 1
65 5
0 1
63 2
65 2
65 1
0 3
70 3
0 1
67 8
0 6
60 2
0 2
60 2
60 2
60 1
0 1
60 1
0 1
60 2
63 2
65 8
0 4
62 2
60 2
58 4
0 2
58 1
0 1
58 4
58 2
62 2
60 16
0 128
60 3
0 1
60 3
0 1
60 2
60 2
63 2
65 2
67 9
0 3
67 3
0 1
65 5
0 1
63 2
65 2
65 1
0 3
70 3
0 1
67 8
0 6
60 2
0 2
60 2
60 2
60 1
0 5
63 2
65 8
0 4
58 2
60 2
62 3
0 3
60 1
0 1
58 1
0 1
58 3
0 1
62 2
60 13
0 3
60 2
0 2
60 3
0 1
60 1
0 1
60 1
0 1
63 2
65 2
67 8
0 4
67 1
0 1
67 1
0 1
65 4
0 2
63 2
65 3
0 3
70 3
0 1
67 10
0 4
60 3
0 1
60 1
0 1
60 1
0 1
60 5
0 1
63 2
65 10
0 2
58 1
0 1
60 1
0 1
62 6
60 2
58 1
0 1
58 3
0 1
62 3
0 1
60 11
0 3
67 1
65 1
67 9
0 1
65 4
67 11
0 1
65 2
67 2
70 4
0 2
70 1
0 1
70 2
0 2
65 1
0 1
68 4
0 1
67 11
0 2
65 11
0 1
63 3
0 1
65 10
0 2
58 1
0 1
60 1
0 1
62 5
0 1
60 2
58 4
58 1
0 3
62 3
60 12
0 1
60 3
0 1
60 3
0 1
60 2
60 2
63 2
65 2
67 9
0 3
67 1
0 1
67 1
0 1
65 5
0 1
63 2
65 2
65 1
0 3
70 3
0 1
67 8
0 6
60 2
0 2
60 2
60 2
60 1
0 1
60 1
0 1
60 2
63 2
65 8
0 4
62 2
60 2
58 4
0 2
58 1
0 1
58 4
58 2
62 2
60 14
0 2
60 2
0 2
60 2
60 2
60 1
0 1
60 1
0 1
60 2
63 2
65 8
0 4
62 2
60 2
58 4
0 2
58 1
0 1
58 4
58 2
62 2
60 12
0 4
60 2
0 2
60 2
60 2
60 1
0 1
60 1
0 1
60 2
63 2
65 8
0 4
62 2
60 2
58 4
0 2
58 1
0 1
58 4
58 2
62 2
60 16
60 2
0 2
60 2
60 2
60 1
0 1
60 1
0 1
60 2
63 2
65 8
0 4
62 2
60 2
58 4
0 2
58 1
0 1
58 4
58 2
62 2
60 16
60 2
0 2
60 2
60 2
60 1
0 1
60 1
0 1
60 2
63 2
65 8
0 4
62 2
60 2
58 4
0 2
58 1
0 1
58 4
58 2
62 2
60 16
