E:maj [4, 8, 11] 4 24 
E:7 [2, 4, 8, 11] 4 4 
E:maj7 [2, 4, 8, 11] 4 4 
A:maj [1, 4, 9] 9 4 
E:maj/3 [4, 8, 11] 8 2 
C#:min [1, 4, 8] 1 2 
F#:min [1, 6, 9] 6 4 
B:7 [3, 6, 9, 11] 11 4 
E:maj [4, 8, 11] 4 8 
E:7 [2, 4, 8, 11] 4 4 
E:maj7 [2, 4, 8, 11] 4 4 
A:maj [1, 4, 9] 9 4 
E:maj/3 [4, 8, 11] 8 2 
C#:min [1, 4, 8] 1 2 
F#:min [1, 6, 9] 6 4 
B:7 [3, 6, 9, 11] 11 4 
E:maj [4, 8, 11] 4 20 
Ab:min [3, 8, 11] 8 4 
C#:min [1, 4, 8] 1 4 
Ab:min [3, 8, 11] 8 4 
A:maj [1, 4, 9] 9 4 
Ab:min [3, 8, 11] 8 2 
C#:min [1, 4, 8] 1 1 
C#:min7 [1, 4, 8, 11] 1 1 
F#:min [1, 6, 9] 6 4 
B:7 [3, 6, 9, 11] 11 1 
B:maj [3, 6, 11] 11 3 
E:maj [4, 8, 11] 4 4 
Ab:min [3, 8, 11] 8 4 
C#:min [1, 4, 8] 1 4 
Ab:min [3, 8, 11] 8 4 
A:maj [1, 4, 9] 9 4 
Ab:min [3, 8, 11] 8 2 
C#:min [1, 4, 8] 1 1 
C#:min7 [1, 4, 8, 11] 1 1 
A:maj [1, 4, 9] 9 4 
B:maj [3, 6, 11] 11 4 
E:maj [4, 8, 11] 4 4 
Ab:min [3, 8, 11] 8 4 
C#:min [1, 4, 8] 1 4 
Ab:min [3, 8, 11] 8 4 
A:maj [1, 4, 9] 9 4 
Ab:min [3, 8, 11] 8 2 
C#:min [1, 4, 8] 1 1 
C#:min7 [1, 4, 8, 11] 1 1 
A:maj [1, 4, 9] 9 4 
B:maj [3, 6, 11] 11 4 
E:maj [4, 8, 11] 4 4 
A:maj [1, 4, 9] 9 4 
A:minmaj7 [0, 4, 8, 9] 9 8 
E:maj [4, 8, 11] 4 4 
E:maj7 [2, 4, 8, 11] 4 4 
E:7 [2, 4, 8, 11] 4 4 
E:maj7 [2, 4, 8, 11] 4 4 
A:maj [1, 4, 9] 9 4 
E:maj/3 [4, 8, 11] 8 2 
C#:min [1, 4, 8] 1 2 
F#:min [1, 6, 9] 6 4 
B:7 [3, 6, 9, 11] 11 12 
