C:min [0, 3, 7] 0 8 
Eb:maj [3, 7, 10] 3 4 
G:min [2, 7, 10] 7 4 
C:min [0, 3, 7] 0 4 
F:min [0, 5, 8] 5 2 
G:min [2, 7, 10] 7 2 
Bb:maj [2, 5, 10] 10 2 
G:min [2, 7, 10] 7 2 
C:min [0, 3, 7] 0 12 
Eb:maj [3, 7, 10] 3 4 
G:min [2, 7, 10] 7 4 
C:min [0, 3, 7] 0 4 
F:min [0, 5, 8] 5 2 
G:min [2, 7, 10] 7 2 
Bb:maj [2, 5, 10] 10 4 
C:min [0, 3, 7] 0 12 
Eb:maj [3, 7, 10] 3 4 
G:min [2, 7, 10] 7 4 
C:min [0, 3, 7] 0 4 
F:min [0, 5, 8] 5 2 
G:min [2, 7, 10] 7 2 
Bb:maj [2, 5, 10] 10 2 
G:min [2, 7, 10] 7 2 
C:min [0, 3, 7] 0 8 
G:min [2, 7, 10] 7 4 
Bb:maj [2, 5, 10] 10 4 
Eb:maj [3, 7, 10] 3 4 
F:min [0, 5, 8] 5 4 
G:min [2, 7, 10] 7 2 
C:min [0, 3, 7] 0 2 
Bb:maj [2, 5, 10] 10 2 
G:min [2, 7, 10] 7 2 
C:min [0, 3, 7] 0 8 
G:min [2, 7, 10] 7 4 
Bb:maj [2, 5, 10] 10 4 
Eb:maj [3, 7, 10] 3 4 
F:min [0, 5, 8] 5 4 
G:min [2, 7, 10] 7 2 
C:min [0, 3, 7] 0 2 
Bb:maj [2, 5, 10] 10 2 
G:min [2, 7, 10] 7 2 
C:min [0, 3, 7] 0 8 
G:min [2, 7, 10] 7 4 
Bb:maj [2, 5, 10] 10 4 
Eb:maj [3, 7, 10] 3 4 
F:min [0, 5, 8] 5 4 
G:min [2, 7, 10] 7 2 
C:min [0, 3, 7] 0 2 
Bb:maj [2, 5, 10] 10 2 
G:min [2, 7, 10] 7 2 
C:min [0, 3, 7] 0 12 
Eb:maj [3, 7, 10] 3 4 
G:min [2, 7, 10] 7 4 
C:min [0, 3, 7] 0 4 
F:min [0, 5, 8] 5 2 
G:min [2, 7, 10] 7 2 
Bb:maj [2, 5, 10] 10 2 
G:min [2, 7, 10] 7 2 
C:min [0, 3, 7] 0 8 
G:min [2, 7, 10] 7 4 
Bb:maj [2, 5, 10] 10 4 
Eb:maj [3, 7, 10] 3 4 
F:min [0, 5, 8] 5 4 
G:min [2, 7, 10] 7 2 
C:min [0, 3, 7] 0 2 
Bb:maj [2, 5, 10] 10 2 
G:min [2, 7, 10] 7 2 
C:min [0, 3, 7] 0 8 
G:min [2, 7, 10] 7 4 
Bb:maj [2, 5, 10] 10 4 
Eb:maj [3, 7, 10] 3 4 
F:min [0, 5, 8] 5 4 
G:min [2, 7, 10] 7 2 
C:min [0, 3, 7] 0 2 
Bb:maj [2, 5, 10] 10 2 
G:min [2, 7, 10] 7 2 
C:min [0, 3, 7] 0 8 
G:min [2, 7, 10] 7 4 
Bb:maj [2, 5, 10] 10 4 
Eb:maj [3, 7, 10] 3 4 
F:min [0, 5, 8] 5 4 
G:min [2, 7, 10] 7 2 
C:min [0, 3, 7] 0 2 
Bb:maj [2, 5, 10] 10 2 
G:min [2, 7, 10] 7 2 
C:min [0, 3, 7] 0 8 
G:min [2, 7, 10] 7 4 
Bb:maj [2, 5, 10] 10 4 
Eb:maj [3, 7, 10] 3 4 
F:min [0, 5, 8] 5 4 
G:min [2, 7, 10] 7 2 
C:min [0, 3, 7] 0 2 
Bb:maj [2, 5, 10] 10 2 
G:min [2, 7, 10] 7 2 
C:min [0, 3, 7] 0 4 
F:min [0, 5, 8] 5 4 
G:min7 [2, 5, 7, 10] 7 2 
C:min [0, 3, 7] 0 2 
Bb:maj [2, 5, 10] 10 2 
G:min [2, 7, 10] 7 2 
C:sus4(b7) [0, 5, 7] 0 5 
