Eb:maj [3, 7, 10] 3 8 
C:min [0, 3, 7] 0 8 
Eb:maj [3, 7, 10] 3 8 
C:min [0, 3, 7] 0 8 
Eb:maj [3, 7, 10] 3 4 
C:min [0, 3, 7] 0 4 
Eb:maj [3, 7, 10] 3 4 
C:min [0, 3, 7] 0 4 
F:min [0, 5, 8] 5 4 
C:min [0, 3, 7] 0 4 
F:min [0, 5, 8] 5 2 
Ab:maj [0, 3, 8] 8 2 
Eb:maj [3, 7, 10] 3 12 
C:min [0, 3, 7] 0 4 
Eb:maj [3, 7, 10] 3 4 
C:min [0, 3, 7] 0 4 
F:min [0, 5, 8] 5 4 
C:min [0, 3, 7] 0 4 
F:min [0, 5, 8] 5 2 
Ab:maj [0, 3, 8] 8 2 
Eb:maj [3, 7, 10] 3 4 
C:min [0, 3, 7] 0 4 
Eb:maj [3, 7, 10] 3 4 
C:min [0, 3, 7] 0 4 
Eb:maj [3, 7, 10] 3 4 
F:sus4(b7) [0, 5, 10] 5 4 
C:min [0, 3, 7] 0 4 
F:min7 [0, 3, 5, 8] 5 2 
Ab:maj [0, 3, 8] 8 2 
Eb:maj [3, 7, 10] 3 4 
C:min [0, 3, 7] 0 4 
Eb:maj [3, 7, 10] 3 4 
C:min [0, 3, 7] 0 4 
Eb:maj [3, 7, 10] 3 4 
C:min [0, 3, 7] 0 4 
Eb:maj [3, 7, 10] 3 4 
C:min [0, 3, 7] 0 4 
F:min [0, 5, 8] 5 4 
C:min [0, 3, 7] 0 4 
F:min [0, 5, 8] 5 2 
Ab:maj [0, 3, 8] 8 2 
Eb:maj [3, 7, 10] 3 12 
C:min [0, 3, 7] 0 4 
Eb:maj [3, 7, 10] 3 4 
C:min [0, 3, 7] 0 4 
F:min [0, 5, 8] 5 4 
C:min [0, 3, 7] 0 4 
F:min [0, 5, 8] 5 2 
Ab:maj [0, 3, 8] 8 2 
Eb:maj [3, 7, 10] 3 4 
C:min [0, 3, 7] 0 4 
Eb:maj [3, 7, 10] 3 4 
C:min [0, 3, 7] 0 4 
Eb:maj [3, 7, 10] 3 4 
F:sus4(b7) [0, 5, 10] 5 3 
F:min/5 [0, 5, 8] 0 1 
C:min [0, 3, 7] 0 4 
F:min7 [0, 3, 5, 8] 5 3 
Ab:maj [0, 3, 8] 8 1 
Eb:maj [3, 7, 10] 3 4 
C:min [0, 3, 7] 0 4 
Eb:maj [3, 7, 10] 3 4 
C:min [0, 3, 7] 0 4 
Eb:maj [3, 7, 10] 3 4 
C:min [0, 3, 7] 0 4 
F:min [0, 5, 8] 5 4 
C:min [0, 3, 7] 0 4 
F:min [0, 5, 8] 5 3 
Ab:maj [0, 3, 8] 8 1 
Eb:maj6 [0, 3, 7, 10] 3 4 
C:min [0, 3, 7] 0 4 
Eb:maj [3, 7, 10] 3 4 
C:min [0, 3, 7] 0 4 
Eb:maj [3, 7, 10] 3 4 
F:sus4(b7) [0, 5, 10] 5 3 
F:min/5 [0, 5, 8] 0 1 
C:min [0, 3, 7] 0 4 
F:min7 [0, 3, 5, 8] 5 3 
Ab:maj [0, 3, 8] 8 1 
Eb:maj [3, 7, 10] 3 4 
C:min [0, 3, 7] 0 4 
Eb:maj6 [0, 3, 7, 10] 3 4 
C:maj [0, 4, 7] 0 3 
C:min/b3 [0, 3, 7] 3 5 
C:min [0, 3, 7] 0 8 
