0 124
58 2
60 2
63 3
0 1
63 2
65 1
0 1
67 2
63 1
0 1
65 1
0 1
63 1
0 1
60 4
0 8
58 1
0 1
60 2
63 2
0 2
63 1
0 1
65 1
0 1
67 1
0 1
70 1
0 1
72 1
0 1
70 1
0 1
67 6
0 6
63 2
60 2
65 3
0 1
65 2
67 2
65 2
0 4
63 1
65 1
67 1
0 1
65 2
63 2
62 2
60 3
58 1
60 2
63 1
0 1
65 2
0 2
65 1
0 1
65 1
0 1
65 1
0 1
63 1
0 1
60 1
0 1
63 1
0 1
65 2
63 6
0 20
58 2
60 2
63 3
0 1
63 2
65 1
0 1
67 2
63 1
0 1
65 1
0 1
63 1
0 1
60 4
0 8
58 1
0 1
60 2
63 2
0 2
63 1
0 1
65 1
0 1
67 1
0 1
70 1
0 1
72 1
0 1
70 1
0 1
67 6
0 6
63 2
60 2
65 3
0 1
65 2
67 2
65 2
0 4
63 1
65 1
67 1
0 1
65 2
63 2
62 2
60 3
58 1
60 2
63 1
0 1
65 2
0 2
65 1
0 1
65 1
0 1
65 1
0 1
63 1
0 1
60 1
0 1
63 1
0 1
65 2
63 6
0 4
67 1
0 1
70 1
0 1
72 3
0 1
72 2
0 2
67 2
65 1
0 1
63 1
0 1
65 1
0 1
67 1
0 1
70 1
0 1
67 4
0 3
67 1
67 1
0 1
70 1
0 1
72 2
0 2
72 2
0 2
67 2
65 1
0 1
63 2
65 1
0 1
67 1
0 1
70 1
0 1
67 3
0 5
65 1
63 1
0 1
60 1
65 2
0 2
65 1
67 2
0 1
65 2
0 4
63 1
65 1
67 1
0 1
65 1
0 1
63 1
0 1
62 1
0 1
60 1
0 2
58 1
60 1
0 1
63 1
0 1
65 2
0 2
65 1
0 1
65 1
0 1
65 1
0 1
63 1
0 1
60 1
0 1
63 1
0 1
65 2
63 5
0 53
58 2
60 2
63 3
0 1
63 2
65 1
0 1
67 2
63 1
0 1
65 1
0 1
63 1
0 1
60 4
0 8
58 1
0 1
60 2
63 2
0 2
63 1
0 1
65 1
0 1
67 1
0 1
70 1
0 1
72 1
0 1
70 1
0 1
67 6
0 6
63 2
60 2
65 3
0 1
65 2
67 2
65 2
0 4
63 1
65 1
67 1
0 1
65 2
63 2
62 2
60 3
58 1
60 2
63 1
0 1
65 2
0 2
65 1
0 1
65 1
0 1
65 1
0 1
63 1
0 1
60 1
0 1
63 1
0 1
65 2
63 6
0 20
58 2
60 2
63 3
0 1
63 2
65 1
0 1
67 2
63 1
0 1
65 1
0 1
63 1
0 1
60 4
0 8
58 1
0 1
60 2
63 2
0 2
63 1
0 1
65 1
0 1
67 1
0 1
70 1
0 1
72 1
0 1
70 1
0 1
67 6
0 6
63 2
60 2
65 3
0 1
65 2
67 2
65 2
0 4
63 1
65 1
67 1
0 1
65 2
63 2
62 2
60 3
58 1
60 2
63 1
0 1
65 2
0 2
65 1
0 1
65 1
0 1
65 1
0 1
63 1
0 1
60 1
0 1
63 1
0 1
65 2
63 6
0 4
67 1
0 1
70 1
0 1
72 3
0 1
72 2
0 2
67 2
65 1
0 1
63 1
0 1
65 1
0 1
67 1
0 1
70 1
0 1
67 4
0 3
67 1
67 1
0 1
70 1
0 1
72 2
0 2
72 2
0 2
67 2
65 1
0 1
63 2
65 1
0 1
67 1
0 1
70 1
0 1
67 3
0 5
65 1
63 1
0 1
60 1
65 2
0 2
65 1
67 2
0 1
65 2
0 4
63 1
65 1
67 1
0 1
65 1
0 1
63 1
0 1
62 1
0 1
60 1
0 2
58 1
60 1
0 1
63 1
0 1
65 2
0 2
65 1
0 1
65 1
0 1
65 1
0 1
63 1
0 1
60 1
0 1
63 1
0 1
65 2
63 5
0 149
67 1
0 1
70 1
0 1
72 3
0 1
72 2
0 2
67 2
65 1
0 1
63 1
0 1
65 1
0 1
67 1
0 1
70 1
0 1
67 4
0 3
67 1
67 1
0 1
70 1
0 1
72 2
0 2
72 2
0 2
67 2
65 1
0 1
63 2
65 1
0 1
67 1
0 1
70 1
0 1
67 3
0 5
65 1
63 1
0 1
60 1
65 2
0 2
65 1
67 2
0 1
65 2
0 4
63 1
65 1
67 1
0 1
65 1
0 1
63 1
0 1
62 1
0 1
60 1
0 2
58 1
60 1
0 1
63 1
0 1
65 2
0 2
65 1
0 1
65 1
0 1
65 1
0 1
63 1
0 1
60 1
0 1
63 1
0 1
65 2
63 5
