0 62
61 1
63 1
64 1
0 1
57 1
0 1
57 1
0 1
64 2
63 5
0 1
59 1
61 1
63 1
0 2
56 1
0 2
63 2
61 3
0 3
61 1
59 1
57 2
0 1
57 3
61 2
60 2
61 2
63 2
56 2
63 6
0 1
61 1
63 2
64 4
61 1
63 1
64 1
0 1
57 1
0 1
57 2
64 1
63 3
64 1
0 1
64 2
66 2
63 2
0 1
63 3
59 2
61 4
0 2
61 2
68 2
66 2
64 2
61 2
63 2
64 2
63 2
56 2
63 6
64 1
63 1
61 2
0 6
69 1
68 1
69 1
68 1
69 2
71 2
66 4
63 3
0 1
68 1
66 1
68 1
66 1
68 2
71 2
64 4
0 2
61 1
63 1
64 1
0 1
63 1
63 2
61 3
64 1
0 1
63 2
63 2
61 2
63 7
0 3
61 2
64 1
0 1
68 2
71 2
69 2
69 2
68 1
66 3
59 1
0 1
63 1
0 1
69 2
69 2
68 1
0 1
68 2
66 2
64 4
0 2
61 1
63 1
64 1
0 1
57 1
0 1
57 2
64 2
63 2
63 2
66 2
63 2
64 3
0 1
66 4
68 2
61 2
64 2
68 2
71 2
69 1
0 1
69 2
68 1
66 2
0 1
59 2
63 1
0 1
69 2
69 2
68 2
68 1
0 1
66 3
64 5
61 1
63 1
64 3
57 3
64 2
63 2
64 2
66 2
0 2
63 3
61 4
0 55
61 1
63 1
64 1
0 1
57 1
0 1
57 1
0 1
64 2
63 5
0 1
59 1
61 1
63 1
0 2
56 1
0 2
63 2
61 3
0 3
61 1
59 1
57 2
0 1
57 3
61 2
60 2
61 2
63 2
56 2
63 6
64 1
63 1
61 8
69 1
68 1
69 1
68 1
69 2
71 2
66 4
63 3
0 1
68 1
66 1
68 1
66 1
68 2
71 2
64 4
0 2
61 1
63 1
64 1
0 1
63 1
63 2
61 3
64 1
0 1
63 2
63 2
61 2
63 7
0 3
61 2
64 1
0 1
68 2
71 2
69 2
69 2
68 1
66 3
59 1
0 1
63 1
0 1
69 2
69 2
68 1
0 1
68 2
66 2
64 4
0 2
61 1
63 1
64 1
0 1
57 1
0 1
57 2
64 2
63 2
63 2
66 2
63 2
64 3
0 1
66 4
68 2
61 2
64 2
68 2
71 2
69 1
0 1
69 2
68 1
66 2
0 1
59 2
63 1
0 1
69 2
69 2
68 2
68 1
0 1
66 3
64 5
61 1
63 1
64 3
57 3
64 2
63 2
64 2
66 2
0 2
63 3
61 4
0 3
61 2
64 1
0 1
68 2
71 2
69 2
69 2
68 2
66 2
59 2
63 1
0 1
69 1
0 1
69 2
68 1
0 1
68 2
66 2
64 4
0 2
61 1
63 1
64 3
57 3
64 2
63 3
61 4
0 1
60 4
61 10
