Ab:maj [0, 3, 8] 8 12 
F#:min/5 [1, 6, 9] 1 4 
Ab:maj [0, 3, 8] 8 4 
Ab:maj/3 [0, 3, 8] 0 4 
F:maj [0, 5, 9] 5 4 
Eb:maj [3, 7, 10] 3 4 
C#:maj [1, 5, 8] 1 4 
C:maj [0, 4, 7] 0 4 
F:min [0, 5, 8] 5 4 
Eb:maj [3, 7, 10] 3 4 
Ab:maj [0, 3, 8] 8 4 
Ab:maj/3 [0, 3, 8] 0 4 
F:min [0, 5, 8] 5 4 
Eb:maj [3, 7, 10] 3 4 
C#:maj [1, 5, 8] 1 4 
C:maj [0, 4, 7] 0 4 
Bb:min7 [1, 5, 8, 10] 10 4 
Eb:maj [3, 7, 10] 3 4 
Ab:maj [0, 3, 8] 8 4 
Eb:maj/3 [3, 7, 10] 7 4 
F:min7 [0, 3, 5, 8] 5 4 
Eb:maj [3, 7, 10] 3 4 
C#:maj [1, 5, 8] 1 4 
C:min7 [0, 3, 7, 10] 0 4 
F:min [0, 5, 8] 5 4 
Eb:maj [3, 7, 10] 3 4 
Ab:maj [0, 3, 8] 8 4 
Eb:maj/3 [3, 7, 10] 7 4 
F:min [0, 5, 8] 5 4 
Eb:maj [3, 7, 10] 3 4 
C#:maj [1, 5, 8] 1 4 
C:min7 [0, 3, 7, 10] 0 4 
F:min [0, 5, 8] 5 4 
Eb:maj [3, 7, 10] 3 4 
Eb:sus4(b7) [3, 8, 10] 3 2 
Eb:7 [1, 3, 7, 10] 3 6 
Ab:maj [0, 3, 8] 8 4 
Ab:maj/3 [0, 3, 8] 0 4 
F:maj [0, 5, 9] 5 4 
Eb:maj [3, 7, 10] 3 4 
C#:maj [1, 5, 8] 1 4 
C:maj [0, 4, 7] 0 4 
F:min [0, 5, 8] 5 4 
Eb:maj [3, 7, 10] 3 4 
Ab:maj [0, 3, 8] 8 4 
Ab:maj/3 [0, 3, 8] 0 4 
F:min [0, 5, 8] 5 4 
Eb:maj [3, 7, 10] 3 4 
C#:maj [1, 5, 8] 1 4 
C:maj [0, 4, 7] 0 4 
Bb:min7 [1, 5, 8, 10] 10 4 
Eb:maj [3, 7, 10] 3 4 
Ab:maj [0, 3, 8] 8 4 
Eb:maj/3 [3, 7, 10] 7 4 
F:min7 [0, 3, 5, 8] 5 4 
Eb:maj [3, 7, 10] 3 4 
C#:maj [1, 5, 8] 1 4 
C:min7 [0, 3, 7, 10] 0 4 
F:min [0, 5, 8] 5 4 
Eb:maj [3, 7, 10] 3 4 
Ab:maj [0, 3, 8] 8 4 
Eb:maj/3 [3, 7, 10] 7 4 
F:min [0, 5, 8] 5 4 
Eb:maj [3, 7, 10] 3 4 
C#:maj [1, 5, 8] 1 4 
C:min7 [0, 3, 7, 10] 0 4 
F:min [0, 5, 8] 5 4 
Eb:maj [3, 7, 10] 3 4 
Ab:maj [0, 3, 8] 8 6 
Eb:maj [3, 7, 10] 3 4 
F:min [0, 5, 8] 5 4 
Eb:maj [3, 7, 10] 3 4 
Ab:maj [0, 3, 8] 8 4 
Eb:maj/3 [3, 7, 10] 7 4 
F:min [0, 5, 8] 5 4 
Eb:maj [3, 7, 10] 3 4 
C#:maj [1, 5, 8] 1 4 
C:min7 [0, 3, 7, 10] 0 4 
F:min [0, 5, 8] 5 4 
Eb:maj [3, 7, 10] 3 6 
Ab:maj [0, 3, 8] 8 10 
Ab:maj6 [0, 3, 5, 8] 8 4 
