D:maj [2, 6, 9] 2 4 
A:maj [1, 4, 9] 9 4 
D:maj [2, 6, 9] 2 16 
C:maj/3 [0, 4, 7] 4 2 
F#:min/b3 [1, 6, 9] 9 2 
D:maj/5 [2, 6, 9] 9 4 
E:min [4, 7, 11] 4 4 
A:maj [1, 4, 9] 9 4 
D:maj [2, 6, 9] 2 4 
B:min [2, 6, 11] 11 4 
E:min [4, 7, 11] 4 4 
A:maj [1, 4, 9] 9 4 
D:maj/5 [2, 6, 9] 9 8 
C:maj/3 [0, 4, 7] 4 2 
F#:min/b3 [1, 6, 9] 9 2 
D:maj/5 [2, 6, 9] 9 4 
E:min [4, 7, 11] 4 4 
A:maj [1, 4, 9] 9 4 
D:maj [2, 6, 9] 2 4 
E:min [4, 7, 11] 4 2 
A:maj [1, 4, 9] 9 2 
D:maj/5 [2, 6, 9] 9 12 
A:maj [1, 4, 9] 9 4 
D:maj/5 [2, 6, 9] 9 8 
E:maj/5 [4, 8, 11] 11 8 
D:maj [2, 6, 9] 2 8 
B:min [2, 6, 11] 11 8 
D:maj [2, 6, 9] 2 8 
A:maj [1, 4, 9] 9 16 
D:maj/5 [2, 6, 9] 9 8 
C:maj/3 [0, 4, 7] 4 2 
F#:min/b3 [1, 6, 9] 9 2 
D:maj/5 [2, 6, 9] 9 4 
E:min [4, 7, 11] 4 4 
A:maj [1, 4, 9] 9 4 
D:maj [2, 6, 9] 2 4 
E:min [4, 7, 11] 4 2 
A:maj [1, 4, 9] 9 2 
D:maj/5 [2, 6, 9] 9 12 
A:maj [1, 4, 9] 9 4 
D:maj/5 [2, 6, 9] 9 16 
E:min [4, 7, 11] 4 2 
F#:min/b3 [1, 6, 9] 9 2 
D:maj/5 [2, 6, 9] 9 4 
E:min/5 [4, 7, 11] 11 4 
A:maj [1, 4, 9] 9 4 
D:maj/5 [2, 6, 9] 9 4 
B:min [2, 6, 11] 11 4 
E:min [4, 7, 11] 4 4 
A:maj [1, 4, 9] 9 4 
D:maj/5 [2, 6, 9] 9 8 
C:maj/3 [0, 4, 7] 4 2 
F#:min/b3 [1, 6, 9] 9 2 
D:maj/5 [2, 6, 9] 9 4 
E:min [4, 7, 11] 4 4 
A:maj [1, 4, 9] 9 4 
D:maj [2, 6, 9] 2 4 
E:min [4, 7, 11] 4 2 
A:maj [1, 4, 9] 9 2 
D:maj/5 [2, 6, 9] 9 12 
A:maj [1, 4, 9] 9 4 
D:maj/5 [2, 6, 9] 9 8 
E:maj/5 [4, 8, 11] 11 8 
D:maj [2, 6, 9] 2 8 
B:min [2, 6, 11] 11 8 
D:maj [2, 6, 9] 2 8 
A:maj [1, 4, 9] 9 16 
D:maj/5 [2, 6, 9] 9 8 
C:maj/3 [0, 4, 7] 4 2 
F#:min/b3 [1, 6, 9] 9 2 
D:maj/5 [2, 6, 9] 9 4 
E:min [4, 7, 11] 4 4 
A:maj [1, 4, 9] 9 4 
D:maj [2, 6, 9] 2 4 
E:min [4, 7, 11] 4 2 
A:maj [1, 4, 9] 9 2 
D:maj/5 [2, 6, 9] 9 12 
A:maj [1, 4, 9] 9 4 
D:maj/5 [2, 6, 9] 9 12 
A:maj [1, 4, 9] 9 7 
D:sus2 [2, 4, 9] 2 5 
