0 64
66 7
0 1
69 3
0 1
71 3
0 1
66 10
0 2
62 3
0 1
64 5
0 1
62 2
64 3
0 1
69 3
0 1
66 10
0 6
64 4
66 3
0 1
64 3
0 1
66 3
0 1
64 3
0 1
62 3
0 1
59 3
0 1
57 3
0 1
62 12
64 3
0 1
66 5
0 1
64 1
0 1
66 2
64 1
0 1
66 2
69 2
64 16
0 16
66 7
0 1
69 3
0 1
71 3
0 1
66 9
0 3
62 3
0 1
64 5
0 1
62 2
64 3
0 1
69 3
0 1
66 10
0 6
64 4
66 3
0 1
64 3
0 1
66 3
0 1
64 3
0 1
62 3
0 1
59 3
0 1
57 3
0 1
62 12
66 3
0 1
64 4
62 3
0 1
59 3
0 1
57 3
0 1
62 16
0 16
66 12
0 4
57 7
0 1
59 4
57 1
0 1
59 1
0 1
62 17
0 15
59 4
62 4
59 4
62 4
59 4
62 4
59 4
57 4
66 23
0 9
59 4
62 4
59 4
62 4
59 4
62 4
59 4
57 4
66 23
0 5
71 4
69 11
0 1
71 3
0 1
69 7
0 5
71 3
0 1
69 3
0 1
71 3
0 1
69 3
0 1
71 3
0 1
69 14
0 2
66 7
0 1
69 3
0 1
71 3
0 1
66 10
0 2
62 3
0 1
64 5
0 1
62 2
64 3
0 1
69 3
0 1
66 10
0 6
64 4
66 3
0 1
64 3
0 1
66 3
0 1
64 3
0 1
62 3
0 1
59 3
0 1
57 3
0 1
62 12
66 3
0 1
64 4
62 3
0 1
59 3
0 1
57 3
0 1
62 16
0 16
66 12
0 4
57 7
0 1
59 4
57 1
0 1
59 2
62 17
0 175
66 7
0 1
69 3
0 1
71 3
0 1
66 10
0 2
62 3
0 1
64 5
0 1
62 2
64 3
0 1
69 3
0 1
66 10
0 6
64 4
66 3
0 1
64 3
0 1
66 3
0 1
64 3
0 1
62 3
0 1
59 3
0 1
57 3
0 1
62 12
66 3
0 1
64 4
62 3
0 1
59 3
0 1
57 3
0 1
62 16
0 16
66 12
0 4
57 7
0 1
59 4
57 1
0 1
59 1
0 1
62 17
0 15
59 4
62 4
59 4
62 4
59 4
62 4
59 4
57 4
66 23
0 9
59 4
62 4
59 4
62 4
59 4
62 4
59 4
57 4
66 23
0 5
71 4
69 11
0 1
71 3
0 1
69 7
0 5
71 3
0 1
69 3
0 1
71 3
0 1
69 3
0 1
71 3
0 1
69 14
0 2
66 7
0 1
69 3
0 1
71 3
0 1
66 10
0 2
62 3
0 1
64 5
0 1
62 2
64 3
0 1
69 3
0 1
66 10
0 6
64 4
66 3
0 1
64 3
0 1
66 3
0 1
64 3
0 1
62 3
0 1
59 3
0 1
57 3
0 1
62 12
66 3
0 1
64 4
62 3
0 1
59 3
0 1
57 3
0 1
62 16
0 16
66 12
0 4
57 7
0 1
59 4
57 1
0 1
59 2
62 17
