A:min [0, 4, 9] 9 4 
F:maj [0, 5, 9] 5 4 
C:maj [0, 4, 7] 0 4 
G:maj [2, 7, 11] 7 4 
C:maj [0, 4, 7] 0 4 
Bb:maj [2, 5, 10] 10 4 
A:min [0, 4, 9] 9 4 
F:min [0, 5, 8] 5 4 
C:maj [0, 4, 7] 0 4 
Bb:maj [2, 5, 10] 10 4 
A:min [0, 4, 9] 9 4 
F:min [0, 5, 8] 5 4 
A:min [0, 4, 9] 9 4 
F:maj [0, 5, 9] 5 4 
A:min [0, 4, 9] 9 4 
Bb:maj [2, 5, 10] 10 4 
D:min [2, 5, 9] 2 4 
A:min [0, 4, 9] 9 4 
Bb:maj [2, 5, 10] 10 4 
G:maj [2, 7, 11] 7 4 
C:maj [0, 4, 7] 0 4 
A:min [0, 4, 9] 9 4 
D:min [2, 5, 9] 2 4 
F:min [0, 5, 8] 5 4 
C:maj [0, 4, 7] 0 4 
A:min [0, 4, 9] 9 3 
A:min7 [0, 4, 7, 9] 9 1 
D:min [2, 5, 9] 2 4 
F:min [0, 5, 8] 5 2 
G:maj [2, 7, 11] 7 2 
C:maj [0, 4, 7] 0 4 
Bb:maj [2, 5, 10] 10 4 
A:min [0, 4, 9] 9 4 
F:min [0, 5, 8] 5 5 
C:maj [0, 4, 7] 0 3 
Bb:maj [2, 5, 10] 10 4 
A:min [0, 4, 9] 9 4 
F:min [0, 5, 8] 5 4 
C:maj [0, 4, 7] 0 4 
Bb:maj [2, 5, 10] 10 4 
A:min [0, 4, 9] 9 4 
F:min [0, 5, 8] 5 4 
A:min [0, 4, 9] 9 4 
F:maj [0, 5, 9] 5 4 
A:min [0, 4, 9] 9 4 
Bb:maj [2, 5, 10] 10 4 
D:min [2, 5, 9] 2 4 
A:min [0, 4, 9] 9 4 
Bb:maj [2, 5, 10] 10 4 
G:maj [2, 7, 11] 7 4 
C:maj [0, 4, 7] 0 4 
A:min [0, 4, 9] 9 4 
D:min [2, 5, 9] 2 4 
F:min [0, 5, 8] 5 4 
C:maj [0, 4, 7] 0 3 
G:7/3 [2, 5, 7, 11] 11 1 
A:min [0, 4, 9] 9 3 
G:maj [2, 7, 11] 7 1 
D:min [2, 5, 9] 2 4 
F:min [0, 5, 8] 5 2 
G:maj [2, 7, 11] 7 2 
C:maj [0, 4, 7] 0 4 
C#:maj [1, 5, 8] 1 4 
Bb:min [1, 5, 10] 10 3 
Bb:min7 [1, 5, 8, 10] 10 1 
Eb:min [3, 6, 10] 3 4 
F#:min [1, 6, 9] 6 4 
C#:maj [1, 5, 8] 1 4 
Bb:min [1, 5, 10] 10 3 
Ab:maj [0, 3, 8] 8 1 
Eb:min [3, 6, 10] 3 4 
F#:min [1, 6, 9] 6 2 
Ab:maj [0, 3, 8] 8 2 
C#:maj [1, 5, 8] 1 4 
B:maj [3, 6, 11] 11 4 
Bb:min7 [1, 5, 8, 10] 10 4 
