0 112
77 2
77 1
0 1
77 2
80 2
72 2
75 3
0 1
84 1
0 1
82 4
80 1
0 1
82 1
0 1
84 2
82 2
80 4
82 1
0 1
82 1
0 1
82 1
0 1
84 2
75 2
77 2
82 2
79 2
77 11
0 5
77 1
0 1
77 1
77 1
77 1
0 1
80 2
72 2
75 4
72 2
77 1
0 1
79 1
77 1
75 1
0 1
77 2
80 6
0 2
77 4
84 4
77 4
84 3
0 1
82 2
84 1
82 1
80 1
0 1
82 1
82 1
84 2
82 2
80 3
0 1
82 1
0 1
82 2
82 1
0 1
84 2
75 2
77 1
0 1
82 2
79 2
77 15
0 17
77 1
0 1
77 1
0 1
77 1
0 1
80 1
80 1
72 4
75 2
72 2
77 1
0 1
77 1
77 1
75 2
77 2
80 6
0 2
77 3
0 1
84 3
0 1
77 3
0 1
84 3
0 1
82 2
84 1
82 1
80 2
82 1
0 1
84 2
82 2
80 3
0 1
82 2
82 1
0 1
82 1
0 1
84 1
0 1
75 2
77 1
0 1
82 2
79 2
77 8
0 8
77 1
0 1
77 1
77 1
77 2
80 2
72 2
75 4
72 2
77 2
79 1
77 1
75 2
77 2
80 7
0 1
77 3
0 1
84 4
77 4
84 4
82 2
82 1
82 1
80 1
0 1
82 1
82 1
84 2
82 2
80 3
0 1
82 1
0 1
82 1
82 1
82 1
0 1
84 2
75 2
77 1
0 1
82 2
79 2
77 13
0 115
77 1
0 1
77 1
0 1
77 1
0 1
80 1
80 1
72 4
75 2
72 2
77 1
0 1
77 1
77 1
75 2
77 2
80 6
0 2
77 3
0 1
84 3
0 1
77 3
0 1
84 3
0 1
82 2
84 1
82 1
80 2
82 1
0 1
84 2
82 2
80 3
0 1
82 2
82 1
0 1
82 1
0 1
84 1
0 1
75 2
77 1
0 1
82 2
79 2
77 8
0 24
77 1
0 1
77 1
77 1
77 2
80 2
72 2
75 4
72 2
77 2
79 1
77 1
75 2
77 2
80 7
0 1
77 3
0 1
84 4
77 4
84 4
82 2
82 1
82 1
80 1
0 1
82 1
82 1
84 2
82 2
80 3
0 1
82 1
0 1
82 1
82 1
82 1
0 1
84 2
75 2
77 1
0 1
82 2
79 2
77 13
0 3
77 1
0 1
77 1
77 1
77 2
80 2
72 2
75 4
72 2
77 2
79 1
77 1
75 2
77 2
80 7
0 1
77 3
0 1
84 4
77 4
84 4
82 2
82 1
82 1
80 1
0 1
82 1
82 1
84 2
82 2
80 3
0 1
82 1
0 1
82 1
82 1
82 1
0 1
84 2
75 2
77 1
0 1
82 2
79 2
77 13
