C:maj [0, 4, 7] 0 8 
A:min [0, 4, 9] 9 4 
D:sus2 [2, 4, 9] 2 4 
G:maj [2, 7, 11] 7 2 
C:maj [0, 4, 7] 0 2 
A:min [0, 4, 9] 9 4 
G:maj [2, 7, 11] 7 4 
C:maj [0, 4, 7] 0 12 
A:min [0, 4, 9] 9 4 
D:sus2 [2, 4, 9] 2 4 
G:maj [2, 7, 11] 7 2 
C:maj [0, 4, 7] 0 2 
A:min [0, 4, 9] 9 4 
G:maj [2, 7, 11] 7 4 
C:maj [0, 4, 7] 0 4 
A:min [0, 4, 9] 9 4 
D:min [2, 5, 9] 2 2 
G:maj [2, 7, 11] 7 2 
C:maj [0, 4, 7] 0 4 
G:maj [2, 7, 11] 7 4 
A:min [0, 4, 9] 9 4 
E:min [4, 7, 11] 4 2 
E:sus4(b7) [4, 9, 11] 4 2 
G:maj [2, 7, 11] 7 4 
C:maj [0, 4, 7] 0 12 
A:min [0, 4, 9] 9 4 
D:min [2, 5, 9] 2 4 
G:maj [2, 7, 11] 7 2 
C:maj [0, 4, 7] 0 2 
A:min [0, 4, 9] 9 4 
G:maj [2, 7, 11] 7 4 
C:maj [0, 4, 7] 0 4 
A:min [0, 4, 9] 9 4 
D:min [2, 5, 9] 2 2 
G:maj [2, 7, 11] 7 2 
C:maj [0, 4, 7] 0 4 
G:maj [2, 7, 11] 7 4 
A:min [0, 4, 9] 9 4 
E:min [4, 7, 11] 4 2 
E:sus4(b7) [4, 9, 11] 4 2 
G:maj [2, 7, 11] 7 4 
C:maj [0, 4, 7] 0 4 
G:maj [2, 7, 11] 7 4 
C:maj [0, 4, 7] 0 4 
G:maj [2, 7, 11] 7 4 
C:maj [0, 4, 7] 0 4 
G:maj [2, 7, 11] 7 4 
C:maj [0, 4, 7] 0 4 
G:maj [2, 7, 11] 7 4 
