64 5
0 1
67 2
69 2
67 2
69 2
72 1
0 1
69 2
67 8
0 6
67 4
0 2
69 1
0 1
64 2
62 2
64 2
67 2
62 8
0 8
62 5
0 1
64 2
67 3
0 1
72 3
0 1
69 3
0 1
72 3
0 1
69 2
72 1
69 1
67 3
0 1
67 3
0 1
67 2
62 2
64 3
0 1
62 2
64 2
60 9
0 7
64 5
0 1
67 2
69 2
67 2
69 2
72 1
0 1
69 2
67 8
0 6
67 4
0 2
69 1
0 1
64 2
62 2
64 2
67 2
62 8
0 8
62 5
0 1
64 2
67 3
0 1
72 3
0 1
69 3
0 1
72 3
0 1
69 2
72 1
69 1
67 3
0 1
67 3
0 1
67 2
62 2
64 3
0 1
62 2
64 2
60 9
0 7
60 2
57 2
60 2
62 2
64 3
0 5
62 2
64 2
57 2
60 2
55 6
0 2
57 1
0 1
60 1
0 1
62 1
0 1
64 1
0 1
67 2
64 2
72 2
69 2
67 10
0 6
72 3
0 1
72 2
69 2
67 3
0 1
69 3
0 1
67 3
0 1
67 2
64 2
62 5
0 3
67 3
67 2
69 2
0 1
64 3
0 1
62 2
64 1
62 1
60 11
0 133
60 2
57 2
60 2
62 2
64 3
0 5
62 2
64 2
57 2
60 2
55 6
0 2
57 1
0 1
60 1
0 1
62 1
0 1
64 1
0 1
67 2
64 2
72 2
69 2
67 10
0 6
72 3
0 1
72 2
69 2
67 3
0 1
69 3
0 1
67 3
0 1
67 2
64 2
62 5
0 3
67 3
0 1
69 2
0 2
64 3
0 1
62 2
64 2
60 11
