0 62
67 4
0 2
69 2
71 2
74 1
0 1
83 2
0 1
81 1
79 12
0 4
81 4
0 2
83 1
0 1
78 2
81 2
76 2
78 2
74 10
0 6
71 5
0 1
74 2
76 2
79 2
81 1
0 1
83 2
0 2
81 10
0 4
78 4
0 2
76 1
0 1
76 2
74 2
69 2
67 1
0 1
71 13
0 3
67 4
0 2
69 2
71 2
74 1
0 1
83 4
81 4
79 12
0 4
81 4
0 2
83 1
0 1
78 2
81 2
76 2
78 2
74 14
0 2
71 5
0 1
74 2
76 2
79 2
81 1
0 1
83 2
81 12
0 4
78 4
0 2
76 1
0 1
81 2
74 2
78 1
0 1
81 1
0 1
79 10
0 6
83 3
0 1
83 3
0 1
83 3
78 2
0 2
74 2
76 11
0 5
81 3
0 1
81 3
0 1
81 1
0 1
83 1
0 1
78 4
76 4
74 13
0 3
71 5
0 1
74 2
76 2
79 2
81 2
83 2
0 1
81 11
0 4
78 4
0 2
76 2
81 2
74 2
78 2
81 1
0 1
79 12
0 132
83 3
0 1
83 3
0 1
83 3
78 2
0 2
74 2
76 11
0 5
81 3
0 1
81 3
0 1
81 1
0 1
83 1
0 1
78 2
76 3
74 13
0 3
71 5
0 1
74 2
76 2
79 2
81 2
83 2
0 1
81 11
0 4
78 4
0 2
76 2
81 2
74 2
78 2
81 1
0 1
79 12
0 4
67 4
0 2
69 2
71 2
74 1
0 1
83 2
0 1
81 1
79 12
0 4
81 4
0 2
83 1
0 1
78 2
81 2
76 2
78 2
74 10
0 6
71 5
0 1
74 2
76 2
79 2
81 1
0 1
83 2
81 12
0 4
78 4
0 2
76 1
0 1
81 2
74 2
78 2
81 2
79 13
0 3
67 4
0 2
69 2
71 2
74 1
0 1
83 4
81 4
79 12
0 4
81 4
0 2
83 1
0 1
78 2
81 2
76 2
78 2
74 14
0 2
71 5
0 1
74 2
76 2
79 2
81 1
0 1
83 2
0 2
81 10
0 4
78 4
0 2
76 1
0 1
81 2
74 2
78 1
0 1
81 1
0 1
79 10
