Eb:maj [3, 7, 10] 3 8 
C:min [0, 3, 7] 0 8 
Ab:maj/3 [0, 3, 8] 0 8 
Bb:maj [2, 5, 10] 10 8 
Eb:maj [3, 7, 10] 3 8 
C:min [0, 3, 7] 0 8 
Ab:maj [0, 3, 8] 8 8  
Bb:maj [2, 5, 10] 10 6 
Bb:7 [2, 5, 8, 10] 10 2 
Eb:sus2 [3, 5, 10] 3 8 
C:min7 [0, 3, 7, 10] 0 8 
Ab:maj [0, 3, 8] 8 8 
F:min [0, 5, 8] 5 4 
Bb:maj [2, 5, 10] 10 4 
Eb:maj [3, 7, 10] 3 8 
C:min7 [0, 3, 7, 10] 0 8 
Ab:maj [0, 3, 8] 8 8 
F:min [0, 5, 8] 5 4 
Bb:maj [2, 5, 10] 10 4 
Eb:maj [3, 7, 10] 3 8 
C:min [0, 3, 7] 0 8 
Ab:maj [0, 3, 8] 8 8 
Bb:maj [2, 5, 10] 10 8 
Eb:maj [3, 7, 10] 3 8 
C:min [0, 3, 7] 0 8 
Ab:maj [0, 3, 8] 8 8 
Bb:maj [2, 5, 10] 10 8 
Eb:maj [3, 7, 10] 3 5 
G:min [2, 7, 10] 7 3 
Ab:maj [0, 3, 8] 8 4 
Bb:maj [2, 5, 10] 10 4 
Eb:maj [3, 7, 10] 3 8 
C:min [0, 3, 7] 0 8 
Ab:maj [0, 3, 8] 8 8 
Bb:maj [2, 5, 10] 10 8 
Eb:maj [3, 7, 10] 3 8 
C:min7 [0, 3, 7, 10] 0 8 
Ab:maj [0, 3, 8] 8 8 
Bb:maj [2, 5, 10] 10 8 
Eb:maj [3, 7, 10] 3 8 
C:min [0, 3, 7] 0 8 
Ab:maj [0, 3, 8] 8 8 
Bb:maj [2, 5, 10] 10 8 
Eb:maj [3, 7, 10] 3 8 
Ab:maj [0, 3, 8] 8 8 
C:min [0, 3, 7] 0 8 
Ab:maj [0, 3, 8] 8 7 
Ab:maj(9) [0, 3, 6, 8, 10] 8 1 
C#:sus2 [1, 3, 8] 1 3 
C#:maj(9) [1, 3, 5, 8, 11] 1 1 
Bb:maj [2, 5, 10] 10 1 
C:maj [0, 4, 7] 0 3 
F:maj [0, 5, 9] 5 8 
D:min [2, 5, 9] 2 8 
Bb:maj [2, 5, 10] 10 8 
G:min [2, 7, 10] 7 4 
C:maj [0, 4, 7] 0 4 
F:maj [0, 5, 9] 5 8 
D:min [2, 5, 9] 2 8 
Bb:maj [2, 5, 10] 10 8 
C:maj [0, 4, 7] 0 8 
F:maj [0, 5, 9] 5 8 
D:min [2, 5, 9] 2 8 
Bb:maj [2, 5, 10] 10 8 
C:maj [0, 4, 7] 0 8 
