0 26
70 2
72 1
0 1
72 3
0 1
70 13
0 43
68 3
70 13
75 3
0 1
72 4
70 10
0 2
58 1
65 3
67 2
0 2
67 2
0 2
65 1
0 1
65 1
0 1
65 1
0 1
65 1
0 1
63 2
0 2
67 5
0 3
62 3
0 1
62 1
0 1
62 1
0 1
62 1
0 1
62 2
60 2
62 1
0 1
63 5
0 11
60 1
0 1
67 2
68 2
0 2
68 3
0 1
67 1
0 1
67 1
0 1
67 1
0 1
67 1
0 1
65 1
0 1
67 1
0 1
68 3
0 3
60 2
62 1
0 1
63 3
0 1
63 3
0 1
63 2
62 2
63 1
0 1
65 10
0 6
58 1
65 3
67 2
0 2
67 2
0 2
65 1
0 1
65 1
0 1
65 1
0 1
65 1
0 1
63 2
0 2
67 5
0 3
62 3
0 1
62 1
0 1
62 1
0 1
62 1
0 1
62 2
60 2
62 1
0 1
63 5
0 11
60 1
0 1
67 2
68 2
0 2
68 3
0 1
67 1
0 1
67 1
0 1
67 1
0 1
67 1
0 1
65 1
0 1
67 1
0 1
68 3
0 3
65 1
0 1
67 1
0 1
68 2
0 2
68 2
0 2
68 1
0 1
67 1
0 1
68 1
0 1
70 14
0 2
70 1
0 1
70 1
0 1
67 1
0 1
67 1
0 1
65 1
0 1
65 1
0 1
63 2
0 2
63 1
0 1
65 1
0 1
65 1
0 1
63 1
0 1
67 6
0 2
70 1
0 1
70 1
0 1
72 1
0 1
72 1
0 1
67 1
0 1
67 1
0 1
65 1
0 1
65 1
0 1
63 1
0 1
63 8
0 4
60 1
0 1
60 1
0 1
67 2
68 1
0 1
68 1
0 1
68 3
0 3
67 1
0 1
67 1
0 1
67 1
0 1
65 1
0 1
67 1
0 1
68 2
0 2
65 1
0 1
65 1
0 1
67 1
0 1
68 2
0 2
68 1
0 1
68 1
0 1
68 1
0 1
67 2
68 1
0 1
70 13
0 3
70 1
0 1
70 1
0 1
67 1
0 1
67 1
0 1
65 1
0 1
65 1
0 1
63 2
0 2
63 1
0 1
65 1
0 1
65 1
0 1
63 1
0 1
67 6
0 2
70 1
0 1
70 1
0 1
72 1
0 1
72 1
0 1
67 1
0 1
67 1
0 1
65 1
0 1
65 1
0 1
63 1
0 1
63 8
0 4
60 1
0 1
60 1
0 1
67 2
68 1
0 1
68 1
0 1
68 3
0 3
67 1
0 1
67 1
0 1
67 1
0 1
65 1
0 1
67 1
0 1
68 2
0 2
65 1
0 1
65 1
0 1
67 1
0 1
68 2
0 2
68 1
0 1
68 1
0 1
68 1
0 1
67 2
68 1
0 1
70 6
0 2
67 1
0 1
67 2
65 1
0 1
63 1
0 1
63 17
0 123
70 2
72 1
0 1
72 4
70 15
0 29
58 1
65 3
67 2
0 2
67 2
0 2
65 1
0 1
65 1
0 1
65 1
0 1
65 1
0 1
63 2
0 2
67 5
0 3
62 3
0 1
62 1
0 1
62 1
0 1
62 1
0 1
62 2
60 2
62 1
0 1
63 5
0 11
60 1
0 1
67 2
68 2
0 2
68 3
0 1
67 1
0 1
67 1
0 1
67 1
0 1
67 1
0 1
65 1
0 1
67 1
0 1
68 3
0 3
65 1
0 1
67 1
0 1
68 2
0 2
68 2
0 2
68 1
0 1
67 1
0 1
68 1
0 1
70 14
0 2
70 1
0 1
70 1
0 1
67 1
0 1
67 1
0 1
65 1
0 1
65 1
0 1
63 2
0 2
63 1
0 1
65 1
0 1
65 1
0 1
63 1
0 1
67 6
0 2
70 1
0 1
70 1
0 1
72 1
0 1
72 1
0 1
67 1
0 1
67 1
0 1
65 1
0 1
65 1
0 1
63 1
0 1
63 8
0 4
60 1
0 1
60 1
0 1
67 2
68 1
0 1
68 1
0 1
68 3
0 3
67 1
0 1
67 1
0 1
67 1
0 1
65 1
0 1
67 1
0 1
68 2
0 2
65 1
0 1
65 1
0 1
67 1
0 1
68 2
0 2
68 1
0 1
68 1
0 1
68 1
0 1
67 2
68 1
0 1
70 13
0 3
70 1
0 1
70 1
0 1
67 1
0 1
67 1
0 1
65 1
0 1
65 1
0 1
63 2
0 2
63 1
0 1
65 1
0 1
65 1
0 1
63 1
0 1
67 6
0 2
70 1
0 1
70 1
0 1
72 1
0 1
72 1
0 1
67 1
0 1
67 1
0 1
65 1
0 1
65 1
0 1
63 1
0 1
63 8
0 4
60 1
0 1
60 1
0 1
67 2
68 1
0 1
68 1
0 1
68 3
0 3
67 1
0 1
67 1
0 1
67 1
0 1
65 1
0 1
67 1
0 1
68 2
0 2
65 1
0 1
65 1
0 1
67 1
0 1
68 2
0 2
68 1
0 1
68 1
0 1
68 1
0 1
67 2
68 1
0 1
70 6
0 2
67 1
0 1
67 2
65 1
0 1
63 1
0 1
63 17
0 11
62 1
0 1
62 1
0 1
63 19
0 9
63 1
0 1
62 1
0 1
63 19
0 9
63 1
0 1
62 1
0 1
65 4
63 13
0 11
63 1
0 1
63 1
70 17
75 8
72 7
0 1
72 1
0 1
72 1
0 1
69 1
0 1
69 2
67 1
0 1
67 2
65 2
0 2
65 1
0 1
67 1
0 1
67 1
0 1
65 1
0 1
69 3
0 5
72 1
0 1
72 1
0 1
74 1
0 1
74 1
0 1
69 1
0 1
69 1
0 1
67 1
0 1
67 1
0 1
65 1
0 1
65 8
0 4
62 1
0 1
62 1
0 1
69 2
70 1
0 1
70 1
0 1
70 3
0 3
69 1
0 1
69 1
0 1
69 1
0 1
67 1
0 1
69 1
0 1
70 2
0 2
67 1
0 1
67 1
0 1
69 1
0 1
70 2
0 2
70 1
0 1
70 1
0 1
70 1
0 1
69 2
70 1
0 1
72 13
0 3
72 1
0 1
72 1
0 1
69 1
0 1
69 1
0 1
67 1
0 1
67 1
0 1
65 2
0 2
65 1
0 1
67 1
0 1
67 1
0 1
65 1
0 1
69 6
0 2
72 1
0 1
72 1
0 1
74 1
0 1
74 1
0 1
69 1
0 1
69 1
0 1
67 1
0 1
67 1
0 1
65 1
0 1
65 8
0 4
62 1
0 1
62 1
0 1
69 2
70 1
0 1
70 1
0 1
70 3
0 3
69 1
0 1
69 1
0 1
69 1
0 1
67 1
0 1
69 1
0 1
70 2
0 4
67 1
0 1
69 1
0 1
70 2
0 2
70 1
0 1
70 1
0 1
70 1
0 1
69 2
70 1
0 1
72 6
0 2
69 1
0 1
69 2
67 1
0 1
65 1
0 1
65 17
0 9
67 5
0 1
69 1
67 1
65 23
0 9
72 30
