Bb:maj [2, 5, 10] 10 2 
C:maj [0, 4, 7] 0 2 
D:min [2, 5, 9] 2 4 
Bb:maj [2, 5, 10] 10 2 
C:maj [0, 4, 7] 0 2 
D:min [2, 5, 9] 2 4 
Bb:maj [2, 5, 10] 10 2 
C:maj [0, 4, 7] 0 2 
D:min [2, 5, 9] 2 4 
G:maj [2, 7, 11] 7 2 
A:min [0, 4, 9] 9 2 
D:min [2, 5, 9] 2 4 
Bb:maj [2, 5, 10] 10 2 
C:maj [0, 4, 7] 0 2 
D:min [2, 5, 9] 2 4 
Bb:maj [2, 5, 10] 10 2 
C:maj [0, 4, 7] 0 2 
D:min [2, 5, 9] 2 4 
Bb:maj [2, 5, 10] 10 2 
C:maj [0, 4, 7] 0 2 
D:min [2, 5, 9] 2 4 
G:maj [2, 7, 11] 7 2 
A:min [0, 4, 9] 9 2 
D:min [2, 5, 9] 2 4 
Bb:maj [2, 5, 10] 10 2 
C:maj [0, 4, 7] 0 2 
D:min [2, 5, 9] 2 4 
Bb:maj [2, 5, 10] 10 2 
C:maj [0, 4, 7] 0 2 
D:min [2, 5, 9] 2 4 
Bb:maj [2, 5, 10] 10 2 
C:maj [0, 4, 7] 0 2 
D:min [2, 5, 9] 2 4 
G:maj [2, 7, 11] 7 2 
A:min [0, 4, 9] 9 2 
D:min [2, 5, 9] 2 4 
Bb:maj [2, 5, 10] 10 2 
C:maj [0, 4, 7] 0 2 
A:min [0, 4, 9] 9 2 
D:min [2, 5, 9] 2 2 
G:min [2, 7, 10] 7 2 
C:maj [0, 4, 7] 0 2 
F:maj [0, 5, 9] 5 2 
G:min [2, 7, 10] 7 1 
A:maj [1, 4, 9] 9 1 
Bb:maj [2, 5, 10] 10 2 
C:maj [0, 4, 7] 0 2 
A:min [0, 4, 9] 9 2 
G:maj [2, 7, 11] 7 2 
G:min [2, 7, 10] 7 2 
A:min [0, 4, 9] 9 2 
D:min [2, 5, 9] 2 4 
Bb:maj [2, 5, 10] 10 2 
C:maj [0, 4, 7] 0 2 
D:min [2, 5, 9] 2 4 
G:min [2, 7, 10] 7 2 
C:maj [0, 4, 7] 0 2 
F:maj [0, 5, 9] 5 2 
G:maj [2, 7, 11] 7 1 
G:9 [2, 5, 7, 9, 11] 7 1 
Bb:maj [2, 5, 10] 10 2 
C:maj [0, 4, 7] 0 2 
A:min [0, 4, 9] 9 2 
G:maj [2, 7, 11] 7 2 
G:min [2, 7, 10] 7 2 
A:min [0, 4, 9] 9 2 
D:min [2, 5, 9] 2 4 
Bb:maj [2, 5, 10] 10 2 
C:maj [0, 4, 7] 0 2 
D:min [2, 5, 9] 2 4 
G:min [2, 7, 10] 7 2 
C:maj [0, 4, 7] 0 2 
F:maj [0, 5, 9] 5 2 
G:min [2, 7, 10] 7 1 
G:9 [2, 5, 7, 9, 11] 7 1 
Bb:maj [2, 5, 10] 10 2 
C:maj [0, 4, 7] 0 2 
A:min [0, 4, 9] 9 2 
G:maj [2, 7, 11] 7 2 
G:min [2, 7, 10] 7 2 
A:min [0, 4, 9] 9 2 
D:min [2, 5, 9] 2 4 
Bb:maj [2, 5, 10] 10 2 
C:maj [0, 4, 7] 0 2 
D:min [2, 5, 9] 2 4 
Bb:maj [2, 5, 10] 10 2 
C:maj [0, 4, 7] 0 2 
D:min [2, 5, 9] 2 4 
Bb:maj [2, 5, 10] 10 2 
C:maj [0, 4, 7] 0 2 
D:min [2, 5, 9] 2 4 
G:maj [2, 7, 11] 7 2 
A:min [0, 4, 9] 9 2 
D:min [2, 5, 9] 2 4 
Bb:maj [2, 5, 10] 10 2 
C:maj [0, 4, 7] 0 2 
A:min [0, 4, 9] 9 2 
D:min [2, 5, 9] 2 2 
G:min [2, 7, 10] 7 2 
C:maj [0, 4, 7] 0 2 
F:maj [0, 5, 9] 5 2 
G:min [2, 7, 10] 7 1 
A:maj [1, 4, 9] 9 1 
Bb:maj [2, 5, 10] 10 2 
C:maj [0, 4, 7] 0 2 
A:min [0, 4, 9] 9 2 
G:maj [2, 7, 11] 7 2 
G:min [2, 7, 10] 7 2 
A:min [0, 4, 9] 9 2 
D:min [2, 5, 9] 2 4 
Bb:maj [2, 5, 10] 10 2 
C:maj [0, 4, 7] 0 2 
D:min [2, 5, 9] 2 4 
G:min [2, 7, 10] 7 2 
C:maj [0, 4, 7] 0 2 
F:maj [0, 5, 9] 5 2 
G:maj [2, 7, 11] 7 1 
A:maj [1, 4, 9] 9 1 
Bb:maj [2, 5, 10] 10 2 
C:maj [0, 4, 7] 0 2 
A:min [0, 4, 9] 9 2 
G:maj [2, 7, 11] 7 2 
G:min [2, 7, 10] 7 2 
A:min [0, 4, 9] 9 2 
D:min [2, 5, 9] 2 4 
Bb:maj [2, 5, 10] 10 2 
C:maj [0, 4, 7] 0 2 
D:min [2, 5, 9] 2 4 
G:min [2, 7, 10] 7 2 
C:maj [0, 4, 7] 0 2 
F:maj [0, 5, 9] 5 2 
G:maj [2, 7, 11] 7 1 
G:maj(9) [2, 5, 7, 9, 11] 7 1 
Bb:maj [2, 5, 10] 10 2 
C:maj [0, 4, 7] 0 2 
A:min [0, 4, 9] 9 2 
G:maj [2, 7, 11] 7 2 
G:min [2, 7, 10] 7 2 
A:min [0, 4, 9] 9 2 
D:min [2, 5, 9] 2 4 
Bb:maj [2, 5, 10] 10 2 
C:maj [0, 4, 7] 0 2 
D:min [2, 5, 9] 2 4 
G:maj [2, 7, 11] 7 2 
D:min11/b7 [0, 2, 4, 5, 7, 9] 0 2 
D:min [2, 5, 9] 2 4 
