0 120
67 3
0 1
69 3
0 1
71 2
74 1
0 1
74 1
0 1
74 1
0 1
74 2
71 2
69 2
67 2
69 2
71 2
69 2
67 7
0 3
71 2
74 1
0 1
74 1
0 1
74 1
0 1
76 1
0 1
74 1
0 1
71 2
74 10
0 6
74 1
0 1
76 1
0 1
79 1
0 1
79 1
0 1
79 5
0 1
76 3
0 1
74 1
0 1
76 1
0 1
74 2
71 8
0 2
69 1
0 1
69 1
0 1
69 1
0 1
67 2
64 3
0 1
71 3
0 1
69 8
67 3
0 1
69 3
0 1
71 2
74 1
0 1
74 1
0 1
74 1
0 1
74 2
71 2
69 2
67 2
69 2
71 2
69 2
67 7
0 3
71 2
74 1
0 1
74 1
0 1
74 1
0 1
76 1
0 1
74 1
0 1
71 2
74 10
0 6
74 1
0 1
76 1
0 1
79 1
0 1
79 1
0 1
79 5
0 1
76 3
0 1
74 1
0 1
76 1
0 1
74 2
71 8
0 2
69 1
0 1
69 1
0 1
69 1
0 1
67 2
64 3
0 1
69 3
0 1
67 8
0 10
71 1
0 1
71 1
0 1
71 1
0 1
71 1
0 1
74 1
0 1
76 2
78 4
76 4
74 7
0 1
74 2
79 1
0 1
76 1
0 1
76 1
0 1
74 2
76 4
74 2
71 12
0 6
64 2
71 1
0 1
71 1
0 1
71 1
0 1
71 1
0 1
74 1
0 1
76 2
78 4
76 4
74 7
0 3
76 2
79 1
0 1
79 1
0 1
79 1
0 1
79 1
0 1
79 2
76 2
81 9
0 1
74 3
0 1
76 4
83 3
0 1
83 3
0 1
81 2
79 1
0 1
71 2
74 10
0 4
74 2
76 2
81 2
79 1
0 1
79 1
0 1
79 1
0 1
76 1
0 1
74 1
0 1
74 1
0 1
71 8
0 6
74 1
0 1
76 2
79 2
76 2
76 1
0 1
76 5
0 3
74 1
0 1
76 2
74 2
86 2
83 6
74 2
76 2
79 2
79 1
0 1
79 1
0 1
76 1
0 1
83 1
0 1
81 1
0 1
79 1
0 1
81 10
74 3
0 1
76 4
83 3
0 1
83 3
0 1
81 2
79 1
0 1
71 2
74 10
0 4
74 2
76 2
81 2
79 1
0 1
79 1
0 1
79 1
0 1
76 1
0 1
74 1
0 1
74 1
0 1
71 8
0 6
74 1
0 1
76 2
79 2
76 2
76 1
0 1
76 5
0 3
74 1
0 1
76 2
74 2
86 2
83 6
74 2
76 2
79 2
79 1
0 1
79 1
0 1
76 1
0 1
76 10
0 4
74 2
83 3
0 1
81 2
76 4
79 18
0 164
67 3
0 1
69 3
0 1
71 2
74 1
0 1
74 1
0 1
74 1
0 1
74 2
71 2
69 2
67 2
69 2
71 2
69 2
67 7
0 3
71 2
74 1
0 1
74 1
0 1
74 1
0 1
76 1
0 1
74 1
0 1
71 2
74 10
0 6
74 1
0 1
76 1
0 1
79 1
0 1
79 1
0 1
79 5
0 1
76 3
0 1
74 1
0 1
76 1
0 1
74 2
71 8
0 2
69 1
0 1
69 1
0 1
69 1
0 1
67 2
64 3
0 1
71 3
0 1
69 8
67 3
0 1
69 3
0 1
71 2
74 1
0 1
74 1
0 1
74 1
0 1
74 2
71 2
69 2
67 2
69 2
71 2
69 2
67 7
0 3
71 2
74 1
0 1
74 1
0 1
74 1
0 1
76 1
0 1
74 1
0 1
71 2
74 10
0 6
74 1
0 1
76 1
0 1
79 1
0 1
79 1
0 1
79 5
0 1
76 3
0 1
74 1
0 1
76 1
0 1
74 2
71 8
0 2
69 1
0 1
69 1
0 1
69 1
0 1
67 2
64 3
0 1
69 3
0 1
67 8
0 10
71 1
0 1
71 1
0 1
71 1
0 1
71 1
0 1
74 1
0 1
76 2
78 4
76 4
74 7
0 1
74 2
79 1
0 1
76 1
0 1
76 1
0 1
74 2
76 4
74 2
71 12
0 6
64 2
71 1
0 1
71 1
0 1
71 1
0 1
71 1
0 1
74 1
0 1
76 2
78 4
76 4
74 7
0 3
76 2
79 1
0 1
79 1
0 1
79 1
0 1
79 1
0 1
79 2
76 2
81 9
0 1
74 3
0 1
76 4
83 3
0 1
83 3
0 1
81 2
79 1
0 1
71 2
74 10
0 4
74 2
76 2
81 2
79 1
0 1
79 1
0 1
79 1
0 1
76 1
0 1
74 1
0 1
74 1
0 1
71 8
0 6
74 1
0 1
76 2
79 2
76 2
76 1
0 1
76 5
0 3
74 1
0 1
76 2
74 2
86 2
83 6
74 2
76 2
79 2
79 1
0 1
79 1
0 1
76 1
0 1
83 1
0 1
81 1
0 1
79 1
0 1
81 10
74 3
0 1
76 4
83 3
0 1
83 3
0 1
81 2
79 1
0 1
71 2
74 10
0 4
74 2
76 2
81 2
79 1
0 1
79 1
0 1
79 1
0 1
76 1
0 1
74 1
0 1
74 1
0 1
71 8
0 6
74 1
0 1
76 2
79 2
76 2
76 1
0 1
76 5
0 3
74 1
0 1
76 2
74 2
86 2
83 6
74 2
76 2
79 2
79 1
0 1
79 1
0 1
76 1
0 1
76 10
0 4
74 2
83 3
0 1
81 2
76 4
79 18
0 4
74 3
0 1
76 4
83 3
0 1
83 3
0 1
81 2
79 1
0 1
71 2
74 10
0 4
74 2
76 2
81 2
79 1
0 1
79 1
0 1
79 1
0 1
76 1
0 1
74 1
0 1
74 1
0 1
71 8
0 6
74 1
0 1
76 2
79 2
76 2
76 1
0 1
76 5
0 3
74 1
0 1
76 2
74 2
86 2
83 6
74 2
76 2
79 2
79 1
0 1
79 1
0 1
76 1
0 1
83 1
0 1
81 1
0 1
79 1
0 1
81 10
74 3
0 1
76 4
83 3
0 1
83 3
0 1
81 2
79 1
0 1
71 2
74 10
0 4
74 2
76 2
81 2
79 1
0 1
79 1
0 1
79 1
0 1
76 1
0 1
74 1
0 1
74 1
0 1
71 8
0 6
74 1
0 1
76 2
79 2
76 2
76 1
0 1
76 5
0 3
74 1
0 1
76 2
74 2
86 2
83 6
74 2
76 2
79 2
79 1
0 1
79 1
0 1
76 1
0 1
76 10
0 4
74 2
83 3
0 1
81 2
76 4
79 18
