0 96
57 2
60 3
0 1
64 1
62 1
60 3
0 5
65 1
0 1
65 1
0 1
62 2
60 2
60 5
0 3
65 1
0 1
65 3
0 1
62 2
72 3
0 3
69 2
67 2
67 1
0 1
69 2
65 2
67 3
0 5
69 1
0 1
69 2
67 2
69 2
72 4
0 4
62 2
62 1
65 1
60 2
62 2
65 4
0 4
65 2
62 2
69 2
69 1
0 1
67 2
64 2
62 2
57 2
60 4
0 12
74 1
0 1
74 2
72 2
74 2
77 4
0 4
74 1
0 1
77 1
0 1
74 1
0 1
69 1
0 1
74 2
72 3
0 3
72 2
0 1
74 1
77 2
76 2
74 2
72 1
74 1
72 1
0 1
69 2
67 2
67 1
0 1
69 1
67 1
65 2
67 3
0 5
69 1
0 1
69 1
0 1
67 2
69 2
72 4
0 4
62 2
65 1
0 1
60 2
62 2
65 4
0 4
65 2
62 2
72 2
69 1
72 1
67 4
0 4
62 1
0 1
62 1
65 1
62 1
0 1
57 2
62 2
60 5
0 1
74 1
0 1
74 2
72 2
74 2
77 4
0 4
74 1
0 1
77 1
0 1
74 1
0 1
69 1
0 1
74 2
72 3
0 3
72 2
0 1
74 1
77 2
76 2
74 2
72 1
74 1
72 1
0 1
69 2
67 2
67 1
0 1
69 1
67 1
65 2
67 3
0 5
69 1
0 1
69 1
0 1
67 2
69 2
72 4
0 4
62 2
65 1
0 1
60 2
62 2
65 4
0 4
65 2
62 2
72 2
69 1
72 1
67 4
0 4
62 1
0 1
62 1
65 1
62 1
0 1
57 2
62 2
60 5
0 65
57 2
60 3
0 1
64 1
62 1
60 3
0 5
65 1
0 1
65 1
0 1
62 2
60 2
60 5
0 3
65 1
0 1
65 3
0 1
62 2
72 3
0 3
69 2
67 2
67 1
0 1
69 2
65 2
67 3
0 5
69 1
0 1
69 2
67 2
69 2
72 4
0 4
62 2
62 1
65 1
60 2
62 2
65 4
0 4
65 2
62 2
69 2
69 1
0 1
67 2
64 2
62 2
57 2
60 4
0 12
74 1
0 1
74 2
72 2
74 2
77 4
0 4
74 1
0 1
77 1
0 1
74 1
0 1
69 1
0 1
74 2
72 3
0 3
72 2
0 1
74 1
77 2
76 2
74 2
72 1
74 1
72 1
0 1
69 2
67 2
67 1
0 1
69 1
67 1
65 2
67 3
0 5
69 1
0 1
69 1
0 1
67 2
69 2
72 4
0 4
62 2
65 1
0 1
60 2
62 2
65 4
0 4
65 2
62 2
72 2
69 1
72 1
67 4
0 4
62 1
0 1
62 1
65 1
62 1
0 1
57 2
62 2
60 5
0 1
74 1
0 1
74 2
72 2
74 2
77 4
0 4
74 1
0 1
77 1
0 1
74 1
0 1
69 1
0 1
74 2
72 3
0 3
72 2
0 1
74 1
77 2
76 2
74 2
72 1
74 1
72 1
0 1
69 2
67 2
67 1
0 1
69 1
67 1
65 2
67 3
0 5
69 1
0 1
69 1
0 1
67 2
69 2
72 4
0 4
62 2
65 1
0 1
60 2
62 2
65 4
0 4
65 2
62 2
72 2
69 1
72 1
67 4
0 4
62 1
0 1
62 1
65 1
62 1
0 1
57 2
62 2
60 5
0 1
74 1
0 1
74 2
72 2
74 2
77 4
0 4
74 1
0 1
77 1
0 1
74 1
0 1
69 1
0 1
74 2
72 3
0 3
72 2
0 1
74 1
77 2
76 2
74 2
72 1
74 1
72 1
0 1
69 2
67 2
67 1
0 1
69 1
67 1
65 2
67 3
0 5
69 1
0 1
69 1
0 1
67 2
69 2
72 4
0 4
62 2
65 1
0 1
60 2
62 2
65 4
0 4
65 2
62 2
72 2
69 1
72 1
67 4
0 4
62 1
0 1
62 1
65 1
62 1
0 1
57 2
62 2
60 5
0 1
65 2
62 1
0 1
72 1
0 1
70 1
69 1
67 5
0 3
62 2
0 1
65 3
62 3
57 7
0 2
60 16
