0 66
55 2
58 2
62 2
62 2
60 1
60 2
0 1
58 1
57 1
58 2
57 1
58 1
0 1
60 1
0 1
55 5
0 6
55 1
0 1
58 1
0 1
62 1
0 1
62 2
60 1
60 2
0 1
57 1
0 1
58 2
0 16
55 2
58 1
0 1
62 1
0 1
62 2
60 1
60 1
0 2
58 1
57 1
58 2
57 1
58 1
0 1
60 1
0 1
55 3
0 2
55 1
0 1
62 1
0 3
60 4
0 4
58 1
0 1
55 1
0 1
58 1
0 1
57 4
0 14
55 2
58 2
62 2
62 2
60 1
60 2
0 1
58 1
57 1
58 2
57 1
58 1
0 1
60 1
0 1
55 5
0 6
55 1
0 1
58 1
0 1
62 1
0 1
62 2
60 1
60 2
0 1
57 1
0 1
58 2
0 16
55 2
58 1
0 1
62 1
0 1
62 2
60 1
60 1
0 2
58 1
57 1
58 2
57 1
58 1
0 1
60 1
0 1
55 3
0 2
55 1
0 1
62 1
0 3
58 1
0 1
55 2
57 4
55 1
0 1
54 1
57 3
55 7
0 3
55 1
0 1
67 1
0 1
62 1
0 1
62 2
63 1
63 2
0 5
53 1
0 1
65 1
0 1
60 1
0 1
60 2
62 1
62 4
0 3
55 1
0 1
67 1
0 1
62 1
0 1
62 2
63 1
63 1
0 2
67 1
67 2
0 1
67 1
69 2
0 1
62 1
69 2
0 1
70 1
69 2
67 1
0 1
62 3
55 1
0 1
67 1
0 1
62 1
0 1
62 2
63 1
63 2
0 5
62 1
0 1
74 1
0 1
69 1
0 1
69 1
0 1
70 1
70 3
69 1
67 4
0 1
67 1
0 1
74 4
72 1
0 1
70 1
0 1
69 3
0 1
67 1
0 1
66 1
0 1
69 2
70 1
69 1
67 6
0 138
55 2
58 2
62 2
62 2
60 1
60 2
0 1
58 1
57 1
58 2
57 1
58 1
0 1
60 1
0 1
55 5
0 6
55 1
0 1
58 1
0 1
62 1
0 1
62 2
60 1
60 2
0 1
57 1
0 1
58 2
0 16
55 2
58 1
0 1
62 1
0 1
62 2
60 1
60 1
0 2
58 1
57 1
58 2
57 1
58 1
0 1
60 1
0 1
55 3
0 2
55 1
0 1
62 1
0 3
60 4
0 4
58 1
0 1
55 1
0 1
58 1
0 1
57 4
0 14
55 2
58 2
62 2
62 2
60 1
60 2
0 1
58 1
57 1
58 2
57 1
58 1
0 1
60 1
0 1
55 5
0 6
55 1
0 1
58 1
0 1
62 1
0 1
62 2
60 1
60 2
0 1
57 1
0 1
58 2
0 16
55 2
58 1
0 1
62 1
0 1
62 2
60 1
60 1
0 2
58 1
57 1
58 2
57 1
58 1
0 1
60 1
0 1
55 3
0 2
55 1
0 1
62 1
0 3
58 1
0 1
55 2
57 4
55 1
0 1
54 1
57 3
55 7
0 3
55 1
0 1
67 1
0 1
62 1
0 1
62 2
63 1
63 2
0 5
53 1
0 1
65 1
0 1
60 1
0 1
60 2
62 1
62 4
0 3
55 1
0 1
67 1
0 1
62 1
0 1
62 2
63 1
63 1
0 2
67 1
67 2
0 1
67 1
69 2
0 1
62 1
69 2
0 1
70 1
69 2
67 1
0 1
62 3
55 1
0 1
67 1
0 1
62 1
0 1
62 2
63 1
63 2
0 5
62 1
0 1
74 1
0 1
69 1
0 1
69 1
0 1
70 1
70 3
69 1
67 4
0 1
67 1
0 1
74 4
72 1
0 1
70 1
0 1
69 3
0 1
67 1
0 1
66 1
0 1
69 2
70 1
69 1
67 4
0 4
55 1
0 1
67 1
0 1
62 1
0 1
62 2
63 1
63 2
0 5
53 1
0 1
65 1
0 1
60 1
0 1
60 2
62 1
62 4
0 3
55 1
0 1
67 1
0 1
62 1
0 1
62 2
63 1
63 1
0 2
67 1
67 2
0 1
67 1
69 2
0 1
62 1
69 2
0 1
70 1
69 2
67 1
0 1
62 3
55 1
0 1
67 1
0 1
62 1
0 1
62 2
63 1
63 2
0 5
62 1
0 1
74 1
0 1
69 1
0 1
69 1
0 1
70 1
70 3
69 1
67 4
0 1
67 1
0 1
74 4
72 1
0 1
70 1
0 1
69 3
0 9
67 2
66 3
0 1
67 24
