C#:min7/b7 [1, 4, 8, 11] 11 2 
A:maj [1, 4, 9] 9 2 
B:sus2 [1, 6, 11] 11 2 
E:maj7/7 [2, 4, 8, 11] 3 2 
C#:min7/b7 [1, 4, 8, 11] 11 2 
A:maj [1, 4, 9] 9 2 
B:maj [3, 6, 11] 11 4 
E:maj [4, 8, 11] 4 2 
A:maj [1, 4, 9] 9 2 
B:maj [3, 6, 11] 11 2 
E:maj7/7 [2, 4, 8, 11] 3 2 
C#:min7/b7 [1, 4, 8, 11] 11 2 
B:7/b7 [3, 6, 9, 11] 9 2 
E:maj7/5 [2, 4, 8, 11] 11 2 
E:maj [4, 8, 11] 4 2 
C#:min7 [1, 4, 8, 11] 1 2 
A:sus2 [4, 9, 11] 9 2 
B:maj [3, 6, 11] 11 2 
E:maj7/7 [2, 4, 8, 11] 3 2 
C#:min7/b7 [1, 4, 8, 11] 11 2 
A:maj [1, 4, 9] 9 2 
B:maj [3, 6, 11] 11 2 
E:maj7/7 [2, 4, 8, 11] 3 2 
C#:min [1, 4, 8] 1 2 
A:maj7 [1, 4, 7, 9] 9 2 
B:sus4 [4, 6, 11] 11 2 
E:maj7/7 [2, 4, 8, 11] 3 2 
C#:min [1, 4, 8] 1 2 
A:maj7 [1, 4, 7, 9] 9 2 
B:sus4 [4, 6, 11] 11 2 
E:maj [4, 8, 11] 4 1 
C:dim [0, 3, 6] 0 1 
C#:min [1, 4, 8] 1 2 
A:maj7 [1, 4, 7, 9] 9 2 
B:sus4 [4, 6, 11] 11 2 
E:maj [4, 8, 11] 4 1 
Ab:7/5 [0, 3, 6, 8] 3 1 
C#:min [1, 4, 8] 1 2 
A:maj7 [1, 4, 7, 9] 9 2 
B:maj [3, 6, 11] 11 2 
E:maj [4, 8, 11] 4 1 
B:maj/3 [3, 6, 11] 3 1 
C#:min7/b7 [1, 4, 8, 11] 11 2 
A:maj [1, 4, 9] 9 2 
B:maj [3, 6, 11] 11 2 
E:maj [4, 8, 11] 4 1 
B:maj/3 [3, 6, 11] 3 1 
C#:min7/b7 [1, 4, 8, 11] 11 2 
A:maj [1, 4, 9] 9 2 
B:maj [3, 6, 11] 11 2 
E:maj [4, 8, 11] 4 1 
B:maj/3 [3, 6, 11] 3 1 
C#:min7/b7 [1, 4, 8, 11] 11 2 
A:maj [1, 4, 9] 9 2 
B:maj [3, 6, 11] 11 2 
C#:min [1, 4, 8] 1 2 
F#:min7 [1, 4, 6, 9] 6 2 
B:maj [3, 6, 11] 11 2 
E:sus2 [4, 6, 11] 4 3 
E:maj [4, 8, 11] 4 1 
C#:min [1, 4, 8] 1 2 
A:maj [1, 4, 9] 9 2 
B:maj [3, 6, 11] 11 2 
E:maj [4, 8, 11] 4 1 
B:maj/3 [3, 6, 11] 3 1 
C#:min7/b7 [1, 4, 8, 11] 11 2 
A:maj6 [1, 4, 6, 9] 9 2 
B:maj [3, 6, 11] 11 2 
E:maj [4, 8, 11] 4 1 
Ab:7/3 [0, 3, 6, 8] 0 1 
C#:min7/b7 [1, 4, 8, 11] 11 2 
A:maj [1, 4, 9] 9 2 
B:maj [3, 6, 11] 11 1 
C:aug [0, 4, 8] 0 1 
C#:min [1, 4, 8] 1 2 
A:maj [1, 4, 9] 9 2 
B:maj [3, 6, 11] 11 2 
E:maj [4, 8, 11] 4 4 
C#:min/5 [1, 4, 8] 8 5 
C#:min(6)/6 [1, 4, 8, 10] 10 1 
C#:sus2 [1, 3, 8] 1 1 
C#:min6 [1, 4, 8, 10] 1 1 
Ab:sus4(b7) [1, 3, 8] 8 5 
F#:7/5 [1, 4, 6, 10] 1 2 
C#:min [1, 4, 8] 1 3 
B:maj6 [3, 6, 8, 11] 11 2 
Bb:hdim7 [1, 4, 7, 10] 10 3 
B:maj6 [3, 6, 8, 11] 11 1 
C#:min [1, 4, 8] 1 2 
B:maj6 [3, 6, 8, 11] 11 2 
Bb:hdim7 [1, 4, 7, 10] 10 3 
B:maj/3 [3, 6, 11] 3 1 
C#:min7/b7 [1, 4, 8, 11] 11 2 
A:maj [1, 4, 9] 9 2 
B:maj [3, 6, 11] 11 2 
E:maj [4, 8, 11] 4 1 
B:maj/3 [3, 6, 11] 3 1 
C#:min7/b7 [1, 4, 8, 11] 11 2 
A:maj [1, 4, 9] 9 2 
B:maj [3, 6, 11] 11 2 
E:maj [4, 8, 11] 4 1 
B:maj/3 [3, 6, 11] 3 1 
C#:min7/b7 [1, 4, 8, 11] 11 2 
A:maj [1, 4, 9] 9 2 
B:maj [3, 6, 11] 11 2 
C#:min [1, 4, 8] 1 2 
F#:min7 [1, 4, 6, 9] 6 2 
B:maj [3, 6, 11] 11 2 
E:sus2 [4, 6, 11] 4 3 
B:maj/b2 [3, 6, 11] 0 1 
C#:min7/b7 [1, 4, 8, 11] 11 2 
A:sus2 [4, 9, 11] 9 2 
B:sus4 [4, 6, 11] 11 2 
E:maj7/7 [2, 4, 8, 11] 3 2 
C#:min7/b7 [1, 4, 8, 11] 11 2 
A:maj [1, 4, 9] 9 2 
B:maj [3, 6, 11] 11 2 
E:maj7 [2, 4, 8, 11] 4 1 
C:maj [0, 4, 7] 0 1 
C#:min7/b7 [1, 4, 8, 11] 11 2 
A:maj [1, 4, 9] 9 2 
B:maj [3, 6, 11] 11 2 
E:maj [4, 8, 11] 4 2 
C#:min [1, 4, 8] 1 2 
A:maj7 [1, 4, 7, 9] 9 2 
B:maj [3, 6, 11] 11 2 
E:maj [4, 8, 11] 4 1 
B:maj/3 [3, 6, 11] 3 1 
C#:min7/b7 [1, 4, 8, 11] 11 2 
A:maj [1, 4, 9] 9 2 
B:maj [3, 6, 11] 11 2 
E:maj [4, 8, 11] 4 1 
B:maj/3 [3, 6, 11] 3 1 
C#:min7/b7 [1, 4, 8, 11] 11 2 
A:maj [1, 4, 9] 9 2 
B:maj [3, 6, 11] 11 2 
E:maj [4, 8, 11] 4 1 
B:maj/3 [3, 6, 11] 3 1 
C#:min7/b7 [1, 4, 8, 11] 11 2 
A:maj [1, 4, 9] 9 2 
B:maj [3, 6, 11] 11 1 
B:7 [3, 6, 9, 11] 11 1 
C#:min [1, 4, 8] 1 2 
F#:min7 [1, 4, 6, 9] 6 2 
B:maj [3, 6, 11] 11 2 
E:sus2 [4, 6, 11] 4 3 
E:maj [4, 8, 11] 4 1 
C#:min [1, 4, 8] 1 2 
A:maj [1, 4, 9] 9 2 
B:maj [3, 6, 11] 11 2 
E:maj [4, 8, 11] 4 1 
B:maj/3 [3, 6, 11] 3 1 
C#:min7/b7 [1, 4, 8, 11] 11 2 
A:maj6 [1, 4, 6, 9] 9 2 
B:maj [3, 6, 11] 11 2 
E:maj [4, 8, 11] 4 1 
B:maj/b2 [3, 6, 11] 0 1 
C#:min7/b7 [1, 4, 8, 11] 11 2 
A:maj [1, 4, 9] 9 2 
B:maj [3, 6, 11] 11 2 
C#:min [1, 4, 8] 1 2 
A:maj [1, 4, 9] 9 2 
B:maj [3, 6, 11] 11 2 
E:maj [4, 8, 11] 4 4 
C#:min7/b7 [1, 4, 8, 11] 11 2 
A:maj [1, 4, 9] 9 2 
B:sus2 [1, 6, 11] 11 2 
E:maj/5 [4, 8, 11] 11 2 
C#:min7/b7 [1, 4, 8, 11] 11 2 
A:maj [1, 4, 9] 9 2 
B:maj [3, 6, 11] 11 4 
