E:maj [4, 8, 11] 4 8
C#:min [1, 4, 8] 1 2
E:maj [4, 8, 11] 4 2
F#:min [1, 6, 9] 6 4
B:maj [3, 6, 11] 11 4
E:maj [4, 8, 11] 4 4
C#:min [1, 4, 8] 1 4
F#:min [1, 6, 9] 6 2
Ab:min7 [3, 6, 8, 11] 8 2
A:maj [1, 4, 9] 9 1
B:sus2 [1, 6, 11] 11 3
E:maj [4, 8, 11] 4 4
C#:min [1, 4, 8] 1 4
F#:min [1, 6, 9] 6 4
B:sus2 [1, 6, 11] 11 4
E:maj [4, 8, 11] 4 4
C#:min [1, 4, 8] 1 4
F#:min [1, 6, 9] 6 4
B:maj [3, 6, 11] 11 3
B:maj [3, 6, 11] 11 1
E:maj [4, 8, 11] 4 4
C#:min [1, 4, 8] 1 4
F#:min [1, 6, 9] 6 4
B:sus2 [1, 6, 11] 11 4
E:maj [4, 8, 11] 4 4
C#:min [1, 4, 8] 1 4
F#:min [1, 6, 9] 6 2
Ab:min [3, 8, 11] 8 2
A:maj [1, 4, 9] 9 1
B:sus2 [1, 6, 11] 11 3
E:maj [4, 8, 11] 4 4
C#:min [1, 4, 8] 1 4
F#:min [1, 6, 9] 6 4
B:sus2 [1, 6, 11] 11 4
E:maj [4, 8, 11] 4 4
C#:min [1, 4, 8] 1 4
F#:min [1, 6, 9] 6 4
B:maj [3, 6, 11] 11 4
E:maj [4, 8, 11] 4 2
F#:min [1, 6, 9] 6 2
Ab:min [3, 8, 11] 8 2
A:min [0, 4, 9] 9 2
E:maj [4, 8, 11] 4 2
F#:min [1, 6, 9] 6 2
F#:min7 [1, 4, 6, 9] 6 1
Ab:min [3, 8, 11] 8 1
A:min [0, 4, 9] 9 2
E:maj [4, 8, 11] 4 2
F#:min [1, 6, 9] 6 2
Ab:min7 [3, 6, 8, 11] 8 2
A:min [0, 4, 9] 9 2
E:maj [4, 8, 11] 4 2
F#:min [1, 6, 9] 6 1
F#:min7 [1, 4, 6, 9] 6 1
A:maj [1, 4, 9] 9 2
B:maj [3, 6, 11] 11 10
F#:min [1, 6, 9] 6 4
F#:min7 [1, 4, 6, 9] 6 1
B:sus2 [1, 6, 11] 11 1
B:maj [3, 6, 11] 11 2
E:maj [4, 8, 11] 4 4
C#:min [1, 4, 8] 1 4
F#:min [1, 6, 9] 6 2
Ab:min [3, 8, 11] 8 2
A:maj [1, 4, 9] 9 1
B:maj [3, 6, 11] 11 3
E:maj [4, 8, 11] 4 4
C#:maj [1, 5, 8] 1 4
F#:min [1, 6, 9] 6 4
B:maj [3, 6, 11] 11 4
E:maj [4, 8, 11] 4 4
C#:maj [1, 5, 8] 1 4
F#:min [1, 6, 9] 6 4
B:maj [3, 6, 11] 11 4
E:maj [4, 8, 11] 4 4
C#:maj [1, 5, 8] 1 4
F#:min [1, 6, 9] 6 4
B:maj [3, 6, 11] 11 4
E:maj [4, 8, 11] 4 4
C#:maj [1, 5, 8] 1 4
F#:min [1, 6, 9] 6 4
B:maj [3, 6, 11] 11 4
E:maj [4, 8, 11] 4 11
