F#:min [1, 6, 9] 6 2 
D:maj [2, 6, 9] 2 2 
A:maj [1, 4, 9] 9 2 
E:maj [4, 8, 11] 4 2 
F#:min [1, 6, 9] 6 2 
D:maj [2, 6, 9] 2 2 
A:maj [1, 4, 9] 9 2 
E:maj [4, 8, 11] 4 2 
F#:min [1, 6, 9] 6 2 
D:maj [2, 6, 9] 2 2 
A:maj [1, 4, 9] 9 2 
E:maj [4, 8, 11] 4 2 
F#:min [1, 6, 9] 6 2 
D:maj [2, 6, 9] 2 2 
A:maj [1, 4, 9] 9 2 
E:maj [4, 8, 11] 4 2 
F#:min [1, 6, 9] 6 2 
D:maj [2, 6, 9] 2 2 
A:maj [1, 4, 9] 9 2 
E:maj [4, 8, 11] 4 2 
F#:min [1, 6, 9] 6 2 
D:maj [2, 6, 9] 2 2 
A:maj [1, 4, 9] 9 2 
E:maj [4, 8, 11] 4 2 
F#:min [1, 6, 9] 6 4 
A:maj [1, 4, 9] 9 2 
E:maj [4, 8, 11] 4 2 
F#:min [1, 6, 9] 6 4 
A:maj [1, 4, 9] 9 2 
E:maj [4, 8, 11] 4 2 
F#:min [1, 6, 9] 6 4 
A:maj [1, 4, 9] 9 2 
E:maj [4, 8, 11] 4 2 
F#:min [1, 6, 9] 6 2 
D:maj [2, 6, 9] 2 2 
A:maj [1, 4, 9] 9 4 
F#:min [1, 6, 9] 6 2 
D:maj [2, 6, 9] 2 2 
A:maj [1, 4, 9] 9 2 
E:maj [4, 8, 11] 4 2 
F#:min [1, 6, 9] 6 2 
D:maj [2, 6, 9] 2 2 
A:maj [1, 4, 9] 9 2 
E:maj [4, 8, 11] 4 2 
F#:min [1, 6, 9] 6 2 
D:maj [2, 6, 9] 2 2 
A:maj [1, 4, 9] 9 2 
E:maj [4, 8, 11] 4 2 
F#:min [1, 6, 9] 6 2 
D:maj [2, 6, 9] 2 2 
E:maj [4, 8, 11] 4 2 
A:maj [1, 4, 9] 9 10 
F#:min [1, 6, 9] 6 2 
D:maj [2, 6, 9] 2 2 
A:maj [1, 4, 9] 9 2 
E:maj [4, 8, 11] 4 2 
F#:min [1, 6, 9] 6 2 
D:maj [2, 6, 9] 2 2 
A:maj [1, 4, 9] 9 2 
E:maj [4, 8, 11] 4 2 
F#:min [1, 6, 9] 6 2 
D:maj [2, 6, 9] 2 2 
A:maj [1, 4, 9] 9 2 
E:maj [4, 8, 11] 4 2 
F#:min7 [1, 4, 6, 9] 6 2 
D:maj [2, 6, 9] 2 2 
A:maj [1, 4, 9] 9 2 
E:maj [4, 8, 11] 4 2 
F#:min [1, 6, 9] 6 2 
D:maj [2, 6, 9] 2 2 
A:maj [1, 4, 9] 9 4 
F#:min [1, 6, 9] 6 2 
D:maj [2, 6, 9] 2 2 
A:maj [1, 4, 9] 9 2 
E:maj [4, 8, 11] 4 2 
F#:min [1, 6, 9] 6 2 
D:maj [2, 6, 9] 2 2 
A:maj [1, 4, 9] 9 2 
E:maj [4, 8, 11] 4 2 
F#:min [1, 6, 9] 6 2 
D:maj [2, 6, 9] 2 2 
A:maj [1, 4, 9] 9 2 
E:maj [4, 8, 11] 4 2 
F#:min [1, 6, 9] 6 2 
D:maj [2, 6, 9] 2 2 
E:maj [4, 8, 11] 4 2 
A:maj [1, 4, 9] 9 18 
F#:min [1, 6, 9] 6 4 
A:maj [1, 4, 9] 9 26 
F#:min [1, 6, 9] 6 2 
A:maj [1, 4, 9] 9 16 
F#:min [1, 6, 9] 6 2 
A:maj [1, 4, 9] 9 4 
E:maj [4, 8, 11] 4 2 
F#:min [1, 6, 9] 6 2 
D:maj [2, 6, 9] 2 2 
A:maj [1, 4, 9] 9 4 
F#:min [1, 6, 9] 6 2 
D:maj [2, 6, 9] 2 2 
A:maj [1, 4, 9] 9 2 
E:maj [4, 8, 11] 4 2 
F#:min [1, 6, 9] 6 2 
D:maj [2, 6, 9] 2 2 
A:maj [1, 4, 9] 9 4 
F#:min [1, 6, 9] 6 2 
D:maj [2, 6, 9] 2 2 
A:maj [1, 4, 9] 9 2 
E:maj [4, 8, 11] 4 2 
F#:min [1, 6, 9] 6 2 
D:maj [2, 6, 9] 2 2 
A:maj [1, 4, 9] 9 2 
E:maj [4, 8, 11] 4 2 
F#:min [1, 6, 9] 6 2 
D:maj [2, 6, 9] 2 2 
A:maj [1, 4, 9] 9 2 
E:maj [4, 8, 11] 4 2 
F#:min [1, 6, 9] 6 2 
D:maj [2, 6, 9] 2 2 
E:maj [4, 8, 11] 4 2 
A:maj [1, 4, 9] 9 2 
F#:min [1, 6, 9] 6 2 
D:maj [2, 6, 9] 2 2 
A:maj [1, 4, 9] 9 2 
E:maj [4, 8, 11] 4 2 
F#:min [1, 6, 9] 6 2 
D:maj [2, 6, 9] 2 2 
A:maj [1, 4, 9] 9 2 
E:maj [4, 8, 11] 4 2 
F#:min7/b7 [1, 4, 6, 9] 4 2 
D:maj [2, 6, 9] 2 2 
A:maj [1, 4, 9] 9 2 
E:maj [4, 8, 11] 4 2 
F#:min [1, 6, 9] 6 2 
D:maj [2, 6, 9] 2 2 
E:maj [4, 8, 11] 4 2 
A:maj [1, 4, 9] 9 2 
F#:min [1, 6, 9] 6 2 
D:maj [2, 6, 9] 2 2 
A:maj [1, 4, 9] 9 2 
E:maj [4, 8, 11] 4 2 
F#:min [1, 6, 9] 6 2 
D:maj [2, 6, 9] 2 2 
A:maj [1, 4, 9] 9 2 
E:maj [4, 8, 11] 4 2 
F#:min [1, 6, 9] 6 2 
D:maj [2, 6, 9] 2 2 
A:maj [1, 4, 9] 9 2 
E:maj [4, 8, 11] 4 2 
F#:min [1, 6, 9] 6 2 
D:maj [2, 6, 9] 2 2 
E:maj [4, 8, 11] 4 2 
A:maj [1, 4, 9] 9 2 
F#:min [1, 6, 9] 6 2 
F#:min7 [1, 4, 6, 9] 6 2 
A:maj [1, 4, 9] 9 2 
E:maj [4, 8, 11] 4 2 
F#:min [1, 6, 9] 6 2 
F#:min7 [1, 4, 6, 9] 6 2 
A:maj [1, 4, 9] 9 2 
E:maj [4, 8, 11] 4 2 
F#:min [1, 6, 9] 6 2 
D:maj [2, 6, 9] 2 2 
A:maj [1, 4, 9] 9 2 
E:maj [4, 8, 11] 4 2 
F#:min [1, 6, 9] 6 2 
A:maj [1, 4, 9] 9 4 
E:maj [4, 8, 11] 4 2 
