0 66
73 2
73 2
78 1
78 3
69 2
71 2
73 1
73 19
73 2
73 2
78 1
78 4
76 1
76 3
74 1
73 18
73 2
73 2
78 4
69 2
71 2
73 20
73 2
73 2
69 1
74 3
74 2
74 2
73 2
69 18
73 2
73 2
78 1
78 3
69 2
71 2
73 1
73 19
73 2
73 2
78 1
78 4
76 1
76 3
74 1
73 18
73 2
73 2
78 4
69 2
71 2
73 20
73 2
73 2
69 2
74 2
74 1
74 3
73 2
69 10
76 2
78 2
80 2
81 2
81 1
81 2
76 1
78 2
78 4
76 2
74 1
73 3
73 2
73 2
73 1
71 3
76 2
78 2
80 2
81 2
81 1
81 2
76 1
78 2
78 4
78 2
81 1
81 3
81 2
81 2
83 1
83 4
76 1
78 2
80 2
81 2
80 1
81 2
85 3
90 3
88 3
86 2
85 4
85 2
83 6
78 2
80 2
81 4
81 2
83 1
81 4
81 1
80 2
81 1
83 5
81 2
81 5
0 71
73 2
73 2
78 1
78 3
69 2
71 2
73 1
73 19
73 2
73 2
78 1
78 4
76 1
76 3
74 1
73 18
73 1
73 1
73 2
78 4
69 1
69 1
71 2
73 20
73 2
73 2
69 2
74 2
74 1
74 3
73 2
69 4
0 6
76 2
78 2
80 2
81 2
81 1
81 2
76 1
78 2
78 4
76 2
74 1
73 3
73 2
73 2
73 1
71 3
76 2
78 2
80 2
81 2
81 1
81 2
76 1
78 2
78 4
78 2
81 1
81 3
81 2
81 2
83 1
83 4
76 1
78 2
80 2
81 2
80 1
81 2
85 3
90 3
88 3
86 2
85 4
85 2
83 6
78 2
80 2
81 3
81 1
81 1
0 1
83 2
81 3
81 1
80 2
81 1
83 5
81 2
80 1
81 9
0 258
81 2
81 2
81 4
81 2
83 2
81 4
81 2
81 2
81 2
80 2
81 2
80 2
81 4
81 2
81 2
81 4
81 2
83 2
81 4
81 2
81 2
81 2
80 2
81 2
80 2
81 4
81 2
81 2
81 4
81 2
83 2
81 4
81 2
81 2
81 2
80 2
81 2
80 2
81 4
81 2
81 2
81 4
81 2
83 2
81 4
81 2
81 2
81 2
80 2
76 2
78 2
80 2
81 2
81 1
81 2
76 1
78 2
78 4
76 2
74 1
73 3
73 2
73 2
73 1
71 3
76 2
78 2
80 2
81 2
81 1
81 2
76 1
78 2
78 4
78 2
81 1
81 3
81 2
81 2
83 1
83 3
76 2
78 2
80 2
81 2
80 1
81 2
85 3
90 3
88 3
86 2
85 4
85 2
83 6
78 2
80 2
81 3
81 3
83 1
81 4
81 1
80 2
81 1
83 5
81 2
80 1
81 1
80 2
76 2
78 2
80 2
81 2
81 1
81 2
76 1
78 2
78 4
76 2
74 1
73 3
73 2
73 2
73 1
71 3
76 2
78 2
80 2
81 2
81 1
81 2
76 1
78 2
78 4
78 2
81 1
81 3
81 2
81 2
83 1
83 3
76 2
78 2
80 2
81 2
80 1
81 2
85 3
90 3
88 3
86 2
85 4
85 2
83 6
78 2
80 2
81 3
81 3
83 1
81 4
81 1
80 2
81 1
83 5
81 2
80 1
81 1
80 2
76 2
78 2
80 2
81 2
81 1
81 2
76 1
78 2
78 4
76 2
74 1
73 3
73 2
73 2
73 1
71 3
76 2
78 2
80 2
81 2
81 1
81 2
76 1
78 2
78 4
78 2
81 1
81 3
81 2
81 2
83 1
83 3
76 2
78 2
80 2
81 2
80 1
81 2
85 3
90 3
88 3
86 2
85 4
85 2
83 6
78 2
80 2
81 3
81 3
83 1
81 4
81 1
80 2
81 1
83 5
81 2
80 1
81 9
0 2
73 2
73 2
78 1
78 3
69 2
71 2
73 2
73 18
73 2
73 2
78 2
78 3
76 1
76 3
74 1
73 18
73 1
73 1
73 2
78 4
69 2
71 2
73 20
73 2
73 2
69 1
74 3
74 2
74 2
73 2
69 24
