C:maj [0, 4, 7] 0 4 
G:maj [2, 7, 11] 7 3 
D:maj/3 [2, 6, 9] 6 1 
C:maj [0, 4, 7] 0 4 
G:maj [2, 7, 11] 7 4 
E:maj [4, 8, 11] 4 2 
C:maj [0, 4, 7] 0 2 
G:maj [2, 7, 11] 7 3 
D:maj/3 [2, 6, 9] 6 1 
E:min [4, 7, 11] 4 2 
C:maj [0, 4, 7] 0 2 
G:maj [2, 7, 11] 7 3 
D:maj/3 [2, 6, 9] 6 1 
E:min [4, 7, 11] 4 2 
C:maj [0, 4, 7] 0 2 
G:maj [2, 7, 11] 7 3 
D:maj/3 [2, 6, 9] 6 1 
E:maj [4, 8, 11] 4 2 
C:maj [0, 4, 7] 0 2 
G:maj [2, 7, 11] 7 4 
E:min [4, 7, 11] 4 2 
C:maj [0, 4, 7] 0 2 
G:maj [2, 7, 11] 7 3 
D:maj/3 [2, 6, 9] 6 1 
E:maj [4, 8, 11] 4 2 
C:maj [0, 4, 7] 0 2 
G:maj [2, 7, 11] 7 3 
D:maj/3 [2, 6, 9] 6 1 
E:min [4, 7, 11] 4 2 
C:maj [0, 4, 7] 0 2 
G:maj [2, 7, 11] 7 3 
D:maj/3 [2, 6, 9] 6 1 
E:min [4, 7, 11] 4 2 
C:maj [0, 4, 7] 0 2 
G:maj [2, 7, 11] 7 3 
D:maj/3 [2, 6, 9] 6 1 
E:min [4, 7, 11] 4 2 
C:maj [0, 4, 7] 0 2 
G:maj [2, 7, 11] 7 3 
D:maj/3 [2, 6, 9] 6 1 
E:min [4, 7, 11] 4 2 
C:maj [0, 4, 7] 0 2 
D:maj [2, 6, 9] 2 4 
G:maj [2, 7, 11] 7 4 
E:min [4, 7, 11] 4 4 
C:maj [0, 4, 7] 0 2 
D:maj [2, 6, 9] 2 2 
G:maj [2, 7, 11] 7 4 
B:maj [3, 6, 11] 11 4 
E:min [4, 7, 11] 4 2 
D:sus4 [2, 7, 9] 2 2 
C:sus2 [0, 2, 7] 0 4 
D:maj [2, 6, 9] 2 4 
G:maj [2, 7, 11] 7 4 
E:min [4, 7, 11] 4 4 
C:maj [0, 4, 7] 0 2 
D:maj [2, 6, 9] 2 2 
G:maj [2, 7, 11] 7 4 
B:maj [3, 6, 11] 11 4 
E:min [4, 7, 11] 4 2 
E:min7 [2, 4, 7, 11] 4 2 
C:sus2 [0, 2, 7] 0 4 
D:maj [2, 6, 9] 2 4 
G:maj [2, 7, 11] 7 4 
C:maj [0, 4, 7] 0 4 
A:min [0, 4, 9] 9 4 
C:maj [0, 4, 7] 0 2 
D:maj [2, 6, 9] 2 2 
E:min [4, 7, 11] 4 2 
C:maj [0, 4, 7] 0 2 
G:maj [2, 7, 11] 7 3 
D:maj/3 [2, 6, 9] 6 1 
E:min [4, 7, 11] 4 2 
C:maj [0, 4, 7] 0 2 
G:maj [2, 7, 11] 7 4 
E:min [4, 7, 11] 4 2 
C:maj [0, 4, 7] 0 2 
G:maj [2, 7, 11] 7 3 
D:maj/3 [2, 6, 9] 6 1 
E:min [4, 7, 11] 4 2 
C:maj [0, 4, 7] 0 2 
D:maj [2, 6, 9] 2 4 
G:maj [2, 7, 11] 7 4 
E:min [4, 7, 11] 4 4 
C:maj [0, 4, 7] 0 2 
D:maj [2, 6, 9] 2 2 
G:maj [2, 7, 11] 7 4 
B:maj [3, 6, 11] 11 4 
E:min [4, 7, 11] 4 2 
E:min7 [2, 4, 7, 11] 4 2 
C:sus2 [0, 2, 7] 0 4 
D:maj [2, 6, 9] 2 4 
G:maj [2, 7, 11] 7 4 
E:min [4, 7, 11] 4 4 
C:maj [0, 4, 7] 0 2 
D:maj [2, 6, 9] 2 2 
G:maj [2, 7, 11] 7 4 
B:maj [3, 6, 11] 11 4 
E:min [4, 7, 11] 4 2 
D:sus4 [2, 7, 9] 2 2 
C:sus2 [0, 2, 7] 0 4 
D:maj [2, 6, 9] 2 4 
G:maj [2, 7, 11] 7 4 
C:maj [0, 4, 7] 0 4 
A:min [0, 4, 9] 9 4 
C:maj [0, 4, 7] 0 2 
D:maj [2, 6, 9] 2 2 
G:maj [2, 7, 11] 7 4 
C:maj [0, 4, 7] 0 4 
A:min [0, 4, 9] 9 4 
C:maj [0, 4, 7] 0 2 
D:maj [2, 6, 9] 2 2 
