C:min [0, 3, 7] 0 2 
Ab:maj [0, 3, 8] 8 2 
C:min [0, 3, 7] 0 2 
G:maj [2, 7, 11] 7 1 
G:7 [2, 5, 7, 11] 7 1 
C:min [0, 3, 7] 0 2 
Ab:maj7 [0, 3, 6, 8] 8 2 
C:min [0, 3, 7] 0 2 
G:maj [2, 7, 11] 7 1 
G:7 [2, 5, 7, 11] 7 1 
C:min [0, 3, 7] 0 2 
G:maj/3 [2, 7, 11] 11 2 
Bb:maj6 [2, 5, 7, 10] 10 2 
F:maj/3 [0, 5, 9] 9 2 
Ab:maj [0, 3, 8] 8 2 
G:maj [2, 7, 11] 7 2 
C:min [0, 3, 7] 0 2 
C:min7 [0, 3, 7, 10] 0 2 
C:min [0, 3, 7] 0 4 
Bb:maj [2, 5, 10] 10 2 
A:dim [0, 3, 9] 9 2 
Ab:maj7 [0, 3, 6, 8] 8 2 
G:maj [2, 7, 11] 7 2 
C:min [0, 3, 7] 0 6 
Bb:maj [2, 5, 10] 10 2 
G:min [2, 7, 10] 7 1 
C:min [0, 3, 7] 0 3 
F:min [0, 5, 8] 5 2 
G:maj [2, 7, 11] 7 2 
C:min [0, 3, 7] 0 3 
C:sus2 [0, 2, 7] 0 3 
Bb:maj6 [2, 5, 7, 10] 10 2 
Eb:maj [3, 7, 10] 3 2 
C:min7 [0, 3, 7, 10] 0 2 
F:min [0, 5, 8] 5 2 
G:7 [2, 5, 7, 11] 7 2 
C:sus4 [0, 5, 7] 0 4 
C:min7 [0, 3, 7, 10] 0 2 
Bb:7 [2, 5, 8, 10] 10 2 
Eb:maj [3, 7, 10] 3 2 
Ab:maj7 [0, 3, 6, 8] 8 2 
F:min [0, 5, 8] 5 2 
G:maj [2, 7, 11] 7 2 
C#:maj [1, 5, 8] 1 2 
C:maj [0, 4, 7] 0 2 
C:min [0, 3, 7] 0 2 
G:maj/3 [2, 7, 11] 11 2 
Eb:maj7 [1, 3, 7, 10] 3 2 
A:dim [0, 3, 9] 9 1 
F:7 [0, 3, 5, 9] 5 1 
F:min7 [0, 3, 5, 8] 5 2 
G:maj [2, 7, 11] 7 2 
C:min [0, 3, 7] 0 6 
Bb:maj [2, 5, 10] 10 2 
Eb:maj [3, 7, 10] 3 2 
C:min7 [0, 3, 7, 10] 0 2 
F:min [0, 5, 8] 5 2 
G:maj [2, 7, 11] 7 2 
C:min [0, 3, 7] 0 6 
Bb:maj6 [2, 5, 7, 10] 10 2 
Eb:maj [3, 7, 10] 3 2 
C:min9 [0, 2, 3, 7, 10] 0 2 
F:min [0, 5, 8] 5 2 
G:7 [2, 5, 7, 11] 7 2 
C:sus4 [0, 5, 7] 0 3 
C:min [0, 3, 7] 0 3 
Bb:maj [2, 5, 10] 10 2 
Eb:maj [3, 7, 10] 3 2 
C:min9 [0, 2, 3, 7, 10] 0 2 
F:min [0, 5, 8] 5 2 
G:7 [2, 5, 7, 11] 7 2 
C:min [0, 3, 7] 0 4 
C:min7 [0, 3, 7, 10] 0 2 
Bb:7 [2, 5, 8, 10] 10 2 
Eb:maj7 [1, 3, 7, 10] 3 2 
Ab:maj7 [0, 3, 6, 8] 8 2 
F:min7 [0, 3, 5, 8] 5 2 
G:7 [2, 5, 7, 11] 7 2 
C:min [0, 3, 7] 0 4 
C:min7 [0, 3, 7, 10] 0 2 
Bb:7 [2, 5, 8, 10] 10 2 
Eb:maj7 [1, 3, 7, 10] 3 2 
Ab:maj7 [0, 3, 6, 8] 8 2 
F:min7 [0, 3, 5, 8] 5 2 
G:7 [2, 5, 7, 11] 7 2 
C:min [0, 3, 7] 0 4 
C:min7 [0, 3, 7, 10] 0 2 
Bb:7 [2, 5, 8, 10] 10 2 
Eb:maj7 [1, 3, 7, 10] 3 2 
Ab:maj7 [0, 3, 6, 8] 8 2 
F:min7 [0, 3, 5, 8] 5 2 
G:aug [3, 7, 11] 7 2 
C:min [0, 3, 7] 0 3 
