0 66
63 1
63 1
63 1
63 1
63 1
65 1
63 2
62 1
62 7
62 1
62 2
62 1
62 1
63 1
62 1
60 2
60 7
60 1
60 1
60 1
60 2
59 3
60 1
59 1
60 1
55 2
55 19
63 1
63 1
63 1
63 2
65 1
63 1
62 1
62 1
62 7
62 1
62 1
62 1
62 2
63 1
67 1
60 1
60 1
60 7
60 1
60 1
60 1
60 2
60 1
59 3
59 1
59 1
60 2
60 13
70 1
68 1
67 1
65 1
67 2
60 2
67 2
68 1
67 2
65 3
70 1
68 1
67 1
65 1
67 2
58 2
65 2
67 1
65 2
63 4
63 1
63 1
65 3
63 1
63 3
62 1
60 2
59 2
60 2
62 2
63 2
63 1
63 1
63 1
63 1
65 2
67 5
70 1
68 1
67 1
65 1
67 2
60 2
67 2
68 1
67 2
65 3
70 1
68 1
67 1
65 1
67 2
58 2
65 2
67 1
65 2
63 5
63 1
63 1
65 2
63 1
63 3
62 1
60 2
59 1
59 1
60 2
62 3
62 8
60 8
0 66
63 1
63 1
63 1
63 1
0 1
65 1
63 1
62 1
62 1
62 1
0 6
62 1
62 1
62 1
62 1
0 1
63 1
67 1
60 1
60 1
60 1
0 6
60 1
60 1
60 1
60 1
0 1
60 1
59 1
0 2
59 1
59 1
60 1
0 1
60 1
0 12
70 1
68 1
67 1
65 1
67 1
0 1
60 1
0 1
67 1
0 1
68 1
67 1
0 1
65 1
0 2
70 1
68 1
67 1
65 1
67 1
0 1
58 1
0 1
65 1
0 1
67 1
65 1
0 1
63 1
0 3
63 1
63 1
65 1
0 2
63 1
63 1
0 2
62 1
60 2
59 1
0 1
60 2
62 1
0 1
63 1
0 1
63 1
63 1
63 1
63 1
65 1
0 1
67 1
0 4
70 1
68 1
67 1
65 1
67 1
0 1
60 1
0 1
67 2
68 1
67 2
65 1
0 2
70 1
68 1
67 1
65 1
67 1
0 1
58 1
0 1
65 2
67 1
65 2
63 1
0 4
63 1
63 1
65 1
0 1
63 1
63 1
0 2
62 1
60 2
59 1
59 1
60 2
62 1
0 2
62 8
60 2
0 2
70 1
68 1
67 1
65 1
67 1
0 1
60 1
0 1
67 1
0 1
68 1
67 1
0 1
65 1
0 2
70 1
68 1
67 1
65 1
67 1
0 1
58 1
0 1
65 1
0 1
67 1
65 1
0 1
63 1
0 3
63 1
63 1
65 1
0 2
63 1
63 1
0 2
62 1
60 2
59 1
0 1
60 2
62 1
0 2
63 1
0 1
63 1
63 1
63 1
0 1
65 1
63 1
67 1
0 3
70 1
68 1
67 1
65 1
67 1
0 1
60 1
0 1
67 2
68 1
67 2
65 1
0 2
70 1
68 1
67 1
65 1
67 1
0 1
58 1
0 1
65 2
67 1
65 2
63 1
0 4
63 1
63 1
65 1
0 1
63 1
63 1
0 2
62 1
60 2
59 1
59 1
60 2
62 1
0 2
62 8
60 2
