Ab:maj [0, 3, 8] 8 2 
G:min [2, 7, 10] 7 2 
C:min [0, 3, 7] 0 1 
C:min7 [0, 3, 7, 10] 0 1 
A:dim [0, 3, 9] 9 5 
Ab:maj [0, 3, 8] 8 1 
F:min [0, 5, 8] 5 2 
C#:maj [1, 5, 8] 1 2 
Bb:maj [2, 5, 10] 10 4 
D:sus2 [2, 4, 9] 2 1 
E:maj/#4 [4, 8, 11] 8 1 
D:sus2 [2, 4, 9] 2 2 
Bb:7 [2, 5, 8, 10] 10 4 
Eb:maj [3, 7, 10] 3 6 
Eb:7 [1, 3, 7, 10] 3 2 
F:min7 [0, 3, 5, 8] 5 4 
Bb:maj [2, 5, 10] 10 4 
Eb:maj [3, 7, 10] 3 6 
Ab:maj7 [0, 3, 6, 8] 8 2 
Ab:maj [0, 3, 8] 8 4 
Bb:maj/3 [2, 5, 10] 2 1 
Eb:7/b7 [1, 3, 7, 10] 1 1 
C:sus4(b7) [0, 5, 7] 0 2 
F:min [0, 5, 8] 5 1 
B:dim [2, 5, 11] 11 1 
Bb:maj [2, 5, 10] 10 2 
Eb:maj [3, 7, 10] 3 3 
Eb:maj7 [1, 3, 7, 10] 3 1 
C:min [0, 3, 7] 0 3 
C:maj/3 [0, 4, 7] 4 1 
F:min [0, 5, 8] 5 4 
D:min [2, 5, 9] 2 1 
C#:maj [1, 5, 8] 1 1 
Ab:min/b3 [3, 8, 11] 11 1 
Bb:maj [2, 5, 10] 10 1 
Eb:maj [3, 7, 10] 3 3 
Eb:maj7 [1, 3, 7, 10] 3 1 
C:min [0, 3, 7] 0 3 
C:7 [0, 4, 7, 10] 0 1 
F:min [0, 5, 8] 5 2 
F:min7 [0, 3, 5, 8] 5 2 
C#:maj [1, 5, 8] 1 2 
Ab:min/b3 [3, 8, 11] 11 1 
Bb:7 [2, 5, 8, 10] 10 1 
Eb:maj [3, 7, 10] 3 6 
Ab:maj [0, 3, 8] 8 2 
F:min [0, 5, 8] 5 2 
Bb:maj [2, 5, 10] 10 2 
Eb:maj [3, 7, 10] 3 2 
Bb:maj [2, 5, 10] 10 2 
Eb:maj [3, 7, 10] 3 3 
Eb:maj7 [1, 3, 7, 10] 3 1 
C:min [0, 3, 7] 0 3 
C:7 [0, 4, 7, 10] 0 1 
F:min [0, 5, 8] 5 4 
D:min [2, 5, 9] 2 1 
C#:maj [1, 5, 8] 1 1 
Ab:min/b3 [3, 8, 11] 11 1 
Bb:maj [2, 5, 10] 10 1 
Eb:maj [3, 7, 10] 3 3 
Eb:maj7 [1, 3, 7, 10] 3 1 
C:min [0, 3, 7] 0 3 
C:7 [0, 4, 7, 10] 0 1 
F:min [0, 5, 8] 5 4 
C#:maj [1, 5, 8] 1 2 
Ab:min/b3 [3, 8, 11] 11 1 
Bb:7 [2, 5, 8, 10] 10 1 
Eb:maj [3, 7, 10] 3 6 
Ab:maj [0, 3, 8] 8 2 
F:min7 [0, 3, 5, 8] 5 2 
Bb:sus2 [0, 5, 10] 10 2 
Bb:maj [2, 5, 10] 10 2 
Eb:maj [3, 7, 10] 3 10 
