B:maj [3, 6, 11] 11 2 
C#:maj [1, 5, 8] 1 2 
F#:maj [1, 6, 10] 6 2 
C:min/b3 [0, 3, 7] 3 2 
B:maj [3, 6, 11] 11 2 
C#:maj [1, 5, 8] 1 2 
F#:maj [1, 6, 10] 6 8 
Eb:min [3, 6, 10] 3 2 
C#:maj [1, 5, 8] 1 2 
B:maj [3, 6, 11] 11 2 
Bb:min [1, 5, 10] 10 2 
Ab:maj [0, 3, 8] 8 2 
C#:maj [1, 5, 8] 1 2 
Eb:min/b3 [3, 6, 10] 6 2 
Bb:min/5 [1, 5, 10] 5 2 
Eb:min [3, 6, 10] 3 2 
C#:maj [1, 5, 8] 1 2 
B:maj [3, 6, 11] 11 4 
C#:maj [1, 5, 8] 1 4 
B:maj [3, 6, 11] 11 2 
C#:maj [1, 5, 8] 1 2 
F#:maj7/7 [1, 4, 6, 10] 5 2 
C#:sus2 [1, 3, 8] 1 2 
B:maj [3, 6, 11] 11 2 
C#:maj [1, 5, 8] 1 2 
F#:maj [1, 6, 10] 6 2 
F#:7/b7 [1, 4, 6, 10] 4 2 
B:maj [3, 6, 11] 11 2 
C#:maj [1, 5, 8] 1 2 
F#:maj7/7 [1, 4, 6, 10] 5 2 
Eb:min [3, 6, 10] 3 2 
B:maj [3, 6, 11] 11 2 
C#:maj [1, 5, 8] 1 2 
F#:maj [1, 6, 10] 6 4 
F#:maj(9) [1, 4, 6, 8, 10] 6 2 
Bb:min/5 [1, 5, 10] 5 2 
Eb:min [3, 6, 10] 3 2 
C#:maj [1, 5, 8] 1 2 
B:maj [3, 6, 11] 11 2 
Bb:min [1, 5, 10] 10 2 
Ab:maj [0, 3, 8] 8 2 
C#:maj [1, 5, 8] 1 2 
Eb:min/b3 [3, 6, 10] 6 2 
Bb:min/5 [1, 5, 10] 5 2 
Eb:min [3, 6, 10] 3 2 
C#:maj [1, 5, 8] 1 2 
B:maj [3, 6, 11] 11 4 
C#:maj [1, 5, 8] 1 8 
B:maj [3, 6, 11] 11 2 
C#:maj [1, 5, 8] 1 2 
F#:maj7/7 [1, 4, 6, 10] 5 2 
C#:sus2 [1, 3, 8] 1 2 
B:maj [3, 6, 11] 11 2 
C#:maj [1, 5, 8] 1 2 
F#:maj [1, 6, 10] 6 4 
B:maj [3, 6, 11] 11 2 
C#:maj [1, 5, 8] 1 2 
F#:maj7/7 [1, 4, 6, 10] 5 2 
Eb:min [3, 6, 10] 3 2 
B:maj [3, 6, 11] 11 2 
C#:maj [1, 5, 8] 1 2 
F#:maj [1, 6, 10] 6 4 
E:maj [4, 8, 11] 4 4 
B:maj [3, 6, 11] 11 4 
E:maj [4, 8, 11] 4 4 
Eb:sus4 [3, 8, 10] 3 8 
C#:maj [1, 5, 8] 1 2 
Eb:maj [3, 7, 10] 3 2 
Ab:maj7/7 [0, 3, 6, 8] 7 2 
F:min [0, 5, 8] 5 2 
C#:maj [1, 5, 8] 1 2 
Eb:maj [3, 7, 10] 3 2 
Ab:maj [0, 3, 8] 8 2 
Ab:7/b7 [0, 3, 6, 8] 6 2 
C#:maj [1, 5, 8] 1 2 
Eb:maj [3, 7, 10] 3 2 
Ab:maj7/7 [0, 3, 6, 8] 7 2 
F:min [0, 5, 8] 5 2 
C#:maj [1, 5, 8] 1 2 
Eb:maj [3, 7, 10] 3 2 
Ab:maj [0, 3, 8] 8 4 
C#:maj [1, 5, 8] 1 2 
Eb:maj [3, 7, 10] 3 2 
Ab:maj7/7 [0, 3, 6, 8] 7 2 
F:maj [0, 5, 9] 5 2 
C#:maj [1, 5, 8] 1 2 
Eb:maj [3, 7, 10] 3 5 
F#:maj [1, 6, 10] 6 2 
C#:maj/3 [1, 5, 8] 5 2 
C#:min/b3 [1, 4, 8] 4 1 
E:maj [4, 8, 11] 4 1 
Ab:maj [0, 3, 8] 8 5 
