F:maj [0, 5, 9] 5 4 
C:maj [0, 4, 7] 0 4 
F:maj [0, 5, 9] 5 4 
C:maj [0, 4, 7] 0 4 
F:maj [0, 5, 9] 5 2 
D:min [2, 5, 9] 2 2 
G:min [2, 7, 10] 7 6 
C:maj [0, 4, 7] 0 10 
F:maj [0, 5, 9] 5 4 
D:min [2, 5, 9] 2 4 
A:min [0, 4, 9] 9 2 
G:min [2, 7, 10] 7 2 
C:maj [0, 4, 7] 0 18 
F:maj/3 [0, 5, 9] 9 2 
C:maj [0, 4, 7] 0 4 
F:maj [0, 5, 9] 5 4 
C:maj [0, 4, 7] 0 4 
F:maj [0, 5, 9] 5 4 
C:maj/5 [0, 4, 7] 7 4 
F:maj [0, 5, 9] 5 4 
D:min [2, 5, 9] 2 4 
G:min [2, 7, 10] 7 2 
F:maj [0, 5, 9] 5 2 
C:maj [0, 4, 7] 0 4 
F:maj [0, 5, 9] 5 4 
C:maj [0, 4, 7] 0 4 
F:maj [0, 5, 9] 5 4 
C:maj/5 [0, 4, 7] 7 4 
F:maj [0, 5, 9] 5 4 
D:min [2, 5, 9] 2 4 
G:min [2, 7, 10] 7 2 
F:maj [0, 5, 9] 5 1 
C:maj [0, 4, 7] 0 1 
F:maj [0, 5, 9] 5 4 
D:min [2, 5, 9] 2 3 
C:maj [0, 4, 7] 0 1 
D:min [2, 5, 9] 2 2 
C:maj [0, 4, 7] 0 2 
D:min [2, 5, 9] 2 4 
G:min [2, 7, 10] 7 2 
C:maj [0, 4, 7] 0 2 
D:min [2, 5, 9] 2 3 
C:maj [0, 4, 7] 0 1 
D:min [2, 5, 9] 2 2 
C:maj [0, 4, 7] 0 2 
D:min [2, 5, 9] 2 4 
G:min [2, 7, 10] 7 2 
C:maj [0, 4, 7] 0 4 
F:maj [0, 5, 9] 5 2 
C:maj [0, 4, 7] 0 2 
F:maj [0, 5, 9] 5 2 
D:min [2, 5, 9] 2 2 
C:maj [0, 4, 7] 0 10 
F:maj [0, 5, 9] 5 14 
C:maj [0, 4, 7] 0 2 
G:min [2, 7, 10] 7 4 
Bb:maj [2, 5, 10] 10 4 
C:maj [0, 4, 7] 0 4 
F:maj [0, 5, 9] 5 2 
D:min [2, 5, 9] 2 2 
C:maj [0, 4, 7] 0 2 
F:maj [0, 5, 9] 5 2 
G:min [2, 7, 10] 7 4 
C:maj [0, 4, 7] 0 4 
F:maj [0, 5, 9] 5 2 
D:min [2, 5, 9] 2 2 
C:maj [0, 4, 7] 0 4 
F:maj [0, 5, 9] 5 2 
D:min [2, 5, 9] 2 2 
C:maj [0, 4, 7] 0 4 
F:maj [0, 5, 9] 5 4 
C:maj [0, 4, 7] 0 4 
D:min [2, 5, 9] 2 4 
C:maj [0, 4, 7] 0 8 
F:maj [0, 5, 9] 5 4 
C:maj [0, 4, 7] 0 4 
F:maj [0, 5, 9] 5 4 
C:maj/5 [0, 4, 7] 7 4 
F:maj [0, 5, 9] 5 4 
D:min [2, 5, 9] 2 4 
G:min [2, 7, 10] 7 2 
F:maj [0, 5, 9] 5 2 
C:maj [0, 4, 7] 0 4 
F:maj [0, 5, 9] 5 4 
C:maj [0, 4, 7] 0 4 
F:maj [0, 5, 9] 5 4 
C:maj/5 [0, 4, 7] 7 4 
F:maj [0, 5, 9] 5 4 
D:min [2, 5, 9] 2 4 
G:min [2, 7, 10] 7 2 
F:maj [0, 5, 9] 5 1 
C:maj [0, 4, 7] 0 1 
F:maj [0, 5, 9] 5 4 
D:min [2, 5, 9] 2 3 
C:maj [0, 4, 7] 0 1 
D:min [2, 5, 9] 2 2 
C:maj [0, 4, 7] 0 2 
D:min [2, 5, 9] 2 4 
G:min [2, 7, 10] 7 2 
C:maj [0, 4, 7] 0 2 
D:min [2, 5, 9] 2 3 
C:maj [0, 4, 7] 0 1 
D:min [2, 5, 9] 2 2 
C:maj [0, 4, 7] 0 2 
D:min [2, 5, 9] 2 4 
G:min [2, 7, 10] 7 2 
C:maj [0, 4, 7] 0 4 
F:maj [0, 5, 9] 5 2 
C:maj [0, 4, 7] 0 2 
F:maj [0, 5, 9] 5 2 
D:min [2, 5, 9] 2 2 
C:maj [0, 4, 7] 0 10 
F:maj [0, 5, 9] 5 4 
D:min [2, 5, 9] 2 3 
C:maj [0, 4, 7] 0 1 
D:min [2, 5, 9] 2 2 
C:maj [0, 4, 7] 0 2 
D:min [2, 5, 9] 2 4 
G:min [2, 7, 10] 7 2 
C:maj [0, 4, 7] 0 2 
D:min [2, 5, 9] 2 3 
C:maj [0, 4, 7] 0 1 
D:min [2, 5, 9] 2 2 
C:maj [0, 4, 7] 0 2 
D:min [2, 5, 9] 2 4 
G:min [2, 7, 10] 7 2 
C:maj [0, 4, 7] 0 4 
F:maj [0, 5, 9] 5 2 
C:maj [0, 4, 7] 0 2 
F:maj [0, 5, 9] 5 2 
D:min [2, 5, 9] 2 2 
C:maj [0, 4, 7] 0 10 
F:maj [0, 5, 9] 5 12 
