0 286
60 2
69 1
0 1
69 1
0 1
69 1
0 1
67 1
0 1
69 3
0 1
67 1
0 1
65 2
67 8
0 4
69 2
67 1
0 1
67 2
65 3
0 1
67 1
0 1
65 3
0 1
57 1
0 1
62 1
0 1
60 8
0 8
69 2
72 1
0 1
72 1
0 1
72 1
0 1
72 1
0 1
72 4
0 2
74 3
0 1
69 1
0 1
67 1
0 1
65 2
62 4
0 2
65 2
67 1
0 1
67 1
0 1
67 1
0 1
69 3
0 1
67 1
0 1
65 1
0 1
67 13
0 3
60 1
0 1
69 1
0 1
69 1
0 1
67 1
0 1
69 3
0 1
67 1
0 1
65 2
67 8
0 4
69 2
67 1
0 1
67 2
65 3
0 1
67 1
0 1
65 3
0 1
57 1
0 1
62 1
0 1
60 8
0 8
69 2
72 1
0 1
72 1
0 1
72 1
0 1
72 1
0 1
72 4
0 2
74 3
0 1
69 1
0 1
67 1
0 1
65 2
62 4
0 2
65 2
67 1
0 1
67 1
0 1
67 1
0 1
69 3
0 1
67 1
0 1
67 1
0 1
65 13
0 1
65 1
0 1
74 1
0 1
74 3
0 1
72 1
0 1
74 1
0 1
72 1
0 1
72 2
0 2
74 2
72 1
0 1
72 1
0 1
69 1
0 1
72 5
0 3
62 1
0 1
65 3
0 1
65 1
0 1
65 1
0 1
65 1
0 1
62 2
0 2
74 2
72 1
0 1
72 1
0 1
74 2
69 1
0 1
67 4
0 2
77 1
0 1
77 3
0 1
74 1
0 1
74 2
72 1
0 1
72 3
0 1
74 2
72 1
0 1
72 1
0 1
74 1
0 1
69 5
0 3
62 1
0 1
65 3
0 1
62 2
62 1
0 1
74 1
0 1
74 1
0 1
72 1
0 1
74 1
0 1
72 2
0 2
74 1
0 1
72 6
60 1
60 1
72 1
0 1
69 3
0 1
67 1
69 1
67 2
65 2
0 2
60 1
60 1
72 1
0 1
69 3
0 1
67 1
69 1
67 2
65 2
0 2
60 1
60 1
74 2
72 1
0 1
72 1
0 1
69 1
0 1
74 2
72 1
0 1
72 2
69 2
74 2
72 3
0 1
69 1
0 1
74 2
72 3
0 1
60 2
0 1
69 10
0 1
67 2
69 2
67 2
65 10
0 306
60 2
69 1
0 1
69 1
0 1
69 1
0 1
67 1
0 1
69 3
0 1
67 1
0 1
65 2
67 8
0 4
69 2
67 1
0 1
67 2
65 3
0 1
67 1
0 1
65 3
0 1
57 1
0 1
62 1
0 1
60 8
0 8
69 2
72 1
0 1
72 1
0 1
72 1
0 1
72 1
0 1
72 4
0 2
74 3
0 1
69 1
0 1
67 1
0 1
65 2
62 4
0 2
65 2
67 1
0 1
67 1
0 1
67 1
0 1
69 3
0 1
67 1
0 1
65 1
0 1
67 13
0 3
60 1
0 1
69 1
0 1
69 1
0 1
67 1
0 1
69 3
0 1
67 1
0 1
65 2
67 8
0 4
69 2
67 1
0 1
67 2
65 3
0 1
67 1
0 1
65 3
0 1
57 1
0 1
62 1
0 1
60 8
0 8
69 2
72 1
0 1
72 1
0 1
72 1
0 1
72 1
0 1
72 4
0 2
74 3
0 1
69 1
0 1
67 1
0 1
65 2
62 4
0 2
65 2
67 1
0 1
67 1
0 1
67 1
0 1
69 3
0 1
67 1
0 1
67 1
0 1
65 13
0 1
65 1
0 1
74 1
0 1
74 3
0 1
72 1
0 1
74 1
0 1
72 1
0 1
72 2
0 2
74 2
72 1
0 1
72 1
0 1
69 1
0 1
72 5
0 3
62 1
0 1
65 3
0 1
65 1
0 1
65 1
0 1
65 1
0 1
62 2
0 2
74 2
72 1
0 1
72 1
0 1
74 2
69 1
0 1
67 4
0 2
77 1
0 1
77 3
0 1
74 1
0 1
74 2
72 1
0 1
72 3
0 1
74 2
72 1
0 1
72 1
0 1
74 1
0 1
69 5
0 3
62 1
0 1
65 3
0 1
62 2
62 1
0 1
74 1
0 1
74 1
0 1
72 1
0 1
74 1
0 1
72 2
0 2
74 1
0 1
72 6
60 1
60 1
72 1
0 1
69 3
0 1
67 1
69 1
67 2
65 2
0 2
60 1
60 1
72 1
0 1
69 3
0 1
67 1
69 1
67 2
65 2
0 2
60 1
60 1
74 2
72 1
0 1
72 1
0 1
69 1
0 1
74 2
72 1
0 1
72 2
69 2
74 2
72 3
0 1
69 1
0 1
74 2
72 3
0 1
60 2
0 1
69 10
0 1
67 2
69 2
67 2
65 10
0 2
65 1
0 1
74 1
0 1
74 3
0 1
72 1
0 1
74 1
0 1
72 1
0 1
72 2
0 2
74 2
72 1
0 1
72 1
0 1
69 1
0 1
72 5
0 3
62 1
0 1
65 3
0 1
65 1
0 1
65 1
0 1
65 1
0 1
62 2
0 2
74 2
72 1
0 1
72 1
0 1
74 2
69 1
0 1
67 4
0 2
77 1
0 1
77 3
0 1
74 1
0 1
74 2
72 1
0 1
72 3
0 1
74 2
72 1
0 1
72 1
0 1
74 1
0 1
69 5
0 3
62 1
0 1
65 3
0 1
62 2
62 1
0 1
74 1
0 1
74 1
0 1
72 1
0 1
74 1
0 1
72 2
0 2
74 1
0 1
72 6
60 1
60 1
72 1
0 1
69 3
0 1
67 1
69 1
67 2
65 2
0 2
60 1
60 1
72 1
0 1
69 3
0 1
67 1
69 1
67 2
65 2
0 2
60 1
60 1
74 2
72 1
0 1
72 1
0 1
69 1
0 1
74 2
72 1
0 1
72 2
69 2
74 2
72 3
0 1
69 1
0 1
74 2
72 3
0 1
60 2
0 1
69 10
0 1
67 2
69 2
67 2
65 10
