C:maj [0, 4, 7] 0 4
A:min [0, 4, 9] 9 4
F:maj [0, 5, 9] 5 4
Bb:9(13) [0, 2, 3, 5, 7, 8, 10] 10 4
F:maj6 [0, 2, 5, 9] 5 1
D:9 [0, 2, 4, 6, 9] 2 3
G:maj [2, 7, 11] 7 8
C:maj [0, 4, 7] 0 2
G:maj/3 [2, 7, 11] 11 2
A:min7 [0, 4, 7, 9] 9 4
F:maj [0, 5, 9] 5 2
D:min7 [0, 2, 5, 9] 2 2
G:maj [2, 7, 11] 7 4
D:min/b3 [2, 5, 9] 5 2
G:maj7/7 [2, 5, 7, 11] 6 2
E:maj [4, 8, 11] 4 2
A:min [0, 4, 9] 9 2
D:min9 [0, 2, 4, 5, 9] 2 2
E:min/b3 [4, 7, 11] 7 2
C:sus4 [0, 5, 7] 0 4
A:sus2 [4, 9, 11] 9 2
C:maj/3 [0, 4, 7] 4 2
F:maj [0, 5, 9] 5 2
C:maj [0, 4, 7] 0 2
D:min [2, 5, 9] 2 2
E:min [4, 7, 11] 4 2
D:7/3 [0, 2, 6, 9] 6 2
G:maj [2, 7, 11] 7 4
C:maj [0, 4, 7] 0 4
A:min [0, 4, 9] 9 2
E:min7 [2, 4, 7, 11] 4 2
F:maj [0, 5, 9] 5 2
E:sus4 [4, 9, 11] 4 2
F:maj [0, 5, 9] 5 1
D:7 [0, 2, 6, 9] 2 1
G:maj [2, 7, 11] 7 2
C:maj [0, 4, 7] 0 3
E:aug(b7) [0, 2, 4, 8] 4 1
A:min [0, 4, 9] 9 2
E:min7 [2, 4, 7, 11] 4 2
F:maj [0, 5, 9] 5 2
G:maj [2, 7, 11] 7 2
C:maj [0, 4, 7] 0 2
C:7/b7 [0, 4, 7, 10] 10 2
F:sus2 [0, 5, 7] 5 2
G:7 [2, 5, 7, 11] 7 2
G:7 [2, 5, 7, 11] 7 2
C:maj [0, 4, 7] 0 2
G:maj/3 [2, 7, 11] 11 2
A:min7 [0, 4, 7, 9] 9 4
F:maj [0, 5, 9] 5 2
D:min7 [0, 2, 5, 9] 2 2
G:maj [2, 7, 11] 7 4
D:min/b3 [2, 5, 9] 5 2
G:maj7/7 [2, 5, 7, 11] 6 2
E:maj [4, 8, 11] 4 2
A:min [0, 4, 9] 9 2
D:min9 [0, 2, 4, 5, 9] 2 2
E:min/b3 [4, 7, 11] 7 2
C:sus4 [0, 5, 7] 0 4
A:min [0, 4, 9] 9 2
E:min [4, 7, 11] 4 2
F:maj [0, 5, 9] 5 2
C:maj [0, 4, 7] 0 2
D:min7 [0, 2, 5, 9] 2 2
E:min [4, 7, 11] 4 2
F:maj [0, 5, 9] 5 1
D:maj/3 [2, 6, 9] 6 1
G:maj [2, 7, 11] 7 4
C:maj [0, 4, 7] 0 4
A:min [0, 4, 9] 9 2
E:min7 [2, 4, 7, 11] 4 2
F:maj [0, 5, 9] 5 2
E:sus4 [4, 9, 11] 4 2
F:maj [0, 5, 9] 5 1
D:maj [2, 6, 9] 2 1
G:maj [2, 7, 11] 7 2
C:maj [0, 4, 7] 0 3
E:aug [0, 4, 8] 4 1
A:min [0, 4, 9] 9 2
E:min7 [2, 4, 7, 11] 4 2
F:maj [0, 5, 9] 5 2
G:maj [2, 7, 11] 7 2
C:maj [0, 4, 7] 0 8
F:maj [0, 5, 9] 5 4
C:maj9 [0, 2, 4, 7, 10] 0 4
Bb:9(13) [0, 2, 3, 5, 7, 8, 10] 10 4
E:min7 [2, 4, 7, 11] 4 4
D:min9 [0, 2, 4, 5, 9] 2 4
A:min [0, 4, 9] 9 4
G:maj [2, 7, 11] 7 4
Ab:maj [0, 3, 8] 8 4
C#:maj [1, 5, 8] 1 4
Bb:min [1, 5, 10] 10 2
F:min [0, 5, 8] 5 2
F#:maj [1, 6, 10] 6 2
C#:maj/3 [1, 5, 8] 5 2
Eb:min7 [1, 3, 6, 10] 3 2
Ab:maj [0, 3, 8] 8 2
C#:maj [1, 5, 8] 1 4
Bb:min [1, 5, 10] 10 2
F:min7 [0, 3, 5, 8] 5 2
F#:maj [1, 6, 10] 6 2
Ab:maj [0, 3, 8] 8 2
C#:maj [1, 5, 8] 1 2
C#:maj7 [1, 5, 8, 11] 1 2
Eb:maj [3, 7, 10] 3 2
Ab:maj [0, 3, 8] 8 6
C#:maj [1, 5, 8] 1 2
C#:7/b7 [1, 5, 8, 11] 11 2
F#:maj [1, 6, 10] 6 2
F#:min/b3 [1, 6, 9] 9 1
F#:min6/b3 [1, 3, 6, 9] 9 8
C#:maj [1, 5, 8] 1 1
