0 60
68 2
73 2
75 2
73 10
73 2
73 2
75 2
73 10
73 2
73 2
75 2
77 2
82 2
84 2
85 4
82 2
82 2
80 2
80 2
77 2
73 2
75 4
68 2
73 2
75 2
73 10
73 2
73 3
75 1
77 10
68 2
73 2
75 2
77 2
82 2
84 2
85 4
82 2
82 2
80 2
80 2
82 2
77 2
75 4
73 2
73 2
72 2
73 2
70 2
85 2
80 2
82 4
82 2
80 2
80 2
77 2
77 2
73 2
75 4
73 2
72 2
73 2
70 2
85 2
87 2
85 4
85 2
82 4
80 2
77 2
80 2
75 4
73 2
72 2
73 2
70 2
85 2
80 2
82 4
82 2
80 2
80 2
82 2
77 2
80 2
75 4
73 2
75 2
73 2
72 1
73 9
73 2
75 2
77 2
75 1
73 3
72 1
73 67
68 2
73 2
75 2
73 10
73 2
73 2
75 2
73 10
73 2
73 2
75 2
77 2
82 2
84 2
85 4
82 2
82 2
80 2
80 2
77 2
73 2
75 4
68 2
73 2
75 2
73 10
73 2
73 3
75 1
77 10
68 2
73 2
75 2
77 2
82 2
84 2
85 4
82 2
82 2
80 2
80 2
82 2
77 2
75 4
73 2
73 2
72 2
73 2
70 2
85 2
80 2
82 4
82 2
80 2
80 2
77 2
77 2
73 2
75 4
73 2
72 2
73 2
70 2
85 2
87 2
85 4
85 2
82 4
80 2
77 2
80 2
75 4
73 2
72 2
73 2
70 2
85 2
80 2
82 4
82 2
80 2
80 2
82 2
77 2
80 2
75 4
73 2
75 2
73 2
72 1
73 9
73 2
75 2
77 2
75 1
73 3
72 1
73 5
73 2
73 2
73 2
70 2
85 2
80 2
82 4
82 2
80 2
80 2
77 2
77 2
73 2
75 4
73 2
72 2
73 2
70 2
85 2
87 2
85 4
85 2
82 4
80 2
77 2
80 2
75 4
73 2
73 2
73 2
70 2
85 2
80 2
82 4
82 2
80 2
80 2
82 2
77 2
80 2
75 4
73 2
75 2
73 2
72 2
73 8
73 2
75 2
77 2
75 1
73 3
72 1
73 19
74 2
74 2
73 2
74 2
71 2
86 2
81 2
83 4
83 2
81 2
81 2
78 2
78 2
74 2
76 4
74 2
73 2
74 2
71 2
86 2
88 2
86 4
86 2
83 4
81 2
78 2
81 2
76 4
74 2
73 2
74 2
71 2
86 2
81 2
83 4
83 2
81 2
81 2
83 2
78 2
81 2
76 4
74 2
76 2
74 2
73 2
74 8
74 2
76 2
78 2
76 1
74 3
73 1
74 17
