A:maj [1, 4, 9] 9 2 
E:maj [4, 8, 11] 4 2 
F#:min7 [1, 4, 6, 9] 6 2 
A:maj [1, 4, 9] 9 4 
C#:min/5 [1, 4, 8] 8 2 
D:min/b3 [2, 5, 9] 5 4 
A:maj [1, 4, 9] 9 2 
E:maj/3 [4, 8, 11] 8 2 
F#:min7 [1, 4, 6, 9] 6 2 
F:aug [1, 5, 9] 5 2 
F#:min7 [1, 4, 6, 9] 6 2 
D:maj [2, 6, 9] 2 2 
A:maj [1, 4, 9] 9 6 
E:maj/3 [4, 8, 11] 8 2 
F#:min7 [1, 4, 6, 9] 6 2 
F:aug [1, 5, 9] 5 2 
F#:min7 [1, 4, 6, 9] 6 2 
D:maj [2, 6, 9] 2 2 
A:maj [1, 4, 9] 9 6 
E:maj/3 [4, 8, 11] 8 2 
F#:min7 [1, 4, 6, 9] 6 2 
F:dim [5, 8, 11] 5 2 
D:maj [2, 6, 9] 2 3 
E:maj/5 [4, 8, 11] 11 1 
A:maj [1, 4, 9] 9 6 
E:maj/3 [4, 8, 11] 8 2 
F#:min7 [1, 4, 6, 9] 6 2 
E:maj [4, 8, 11] 4 2 
F#:min7 [1, 4, 6, 9] 6 2 
E:maj/3 [4, 8, 11] 8 2 
A:maj [1, 4, 9] 9 6 
E:maj/3 [4, 8, 11] 8 2 
F#:min7 [1, 4, 6, 9] 6 2 
E:maj6 [1, 4, 8, 11] 4 2 
D:maj [2, 6, 9] 2 2 
D:min [2, 5, 9] 2 2 
A:sus2 [4, 9, 11] 9 3 
A:maj [1, 4, 9] 9 3 
E:maj/3 [4, 8, 11] 8 2 
F#:min7 [1, 4, 6, 9] 6 2 
E:maj [4, 8, 11] 4 2 
D:maj [2, 6, 9] 2 2 
D:min [2, 5, 9] 2 2 
A:maj [1, 4, 9] 9 6 
E:maj/3 [4, 8, 11] 8 1 
E:maj [4, 8, 11] 4 1 
F#:min7 [1, 4, 6, 9] 6 2 
A:maj/5 [1, 4, 9] 4 2 
D:maj [2, 6, 9] 2 2 
D:min [2, 5, 9] 2 2 
A:maj [1, 4, 9] 9 6 
E:maj/3 [4, 8, 11] 8 1 
E:maj [4, 8, 11] 4 1 
F#:min7 [1, 4, 6, 9] 6 2 
E:maj [4, 8, 11] 4 2 
D:maj [2, 6, 9] 2 2 
D:min [2, 5, 9] 2 2 
A:maj [1, 4, 9] 9 6 
E:maj/3 [4, 8, 11] 8 2 
F#:min7 [1, 4, 6, 9] 6 2 
F:maj7 [0, 3, 5, 9] 5 2 
A:maj [1, 4, 9] 9 2 
E:maj/3 [4, 8, 11] 8 2 
D:maj7/3 [0, 2, 6, 9] 6 2 
F:aug [1, 5, 9] 5 2 
A:maj [1, 4, 9] 9 2 
E:maj/3 [4, 8, 11] 8 2 
F#:min7 [1, 4, 6, 9] 6 2 
F:dim [5, 8, 11] 5 2 
D:maj [2, 6, 9] 2 3 
A:maj [1, 4, 9] 9 7 
E:maj/3 [4, 8, 11] 8 2 
F#:min7 [1, 4, 6, 9] 6 2 
E:maj [4, 8, 11] 4 2 
F#:min7 [1, 4, 6, 9] 6 2 
E:maj/3 [4, 8, 11] 8 2 
A:maj [1, 4, 9] 9 6 
E:maj/3 [4, 8, 11] 8 2 
F#:min7 [1, 4, 6, 9] 6 2 
E:maj6 [1, 4, 8, 11] 4 2 
D:maj [2, 6, 9] 2 2 
D:min [2, 5, 9] 2 2 
A:sus2 [4, 9, 11] 9 3 
A:maj [1, 4, 9] 9 3 
E:maj/3 [4, 8, 11] 8 2 
F#:min7 [1, 4, 6, 9] 6 2 
E:maj [4, 8, 11] 4 2 
D:maj [2, 6, 9] 2 2 
D:min [2, 5, 9] 2 2 
A:maj [1, 4, 9] 9 6 
E:maj/3 [4, 8, 11] 8 1 
E:maj [4, 8, 11] 4 1 
F#:min7 [1, 4, 6, 9] 6 2 
A:maj/5 [1, 4, 9] 4 2 
D:maj [2, 6, 9] 2 2 
D:min [2, 5, 9] 2 2 
A:maj [1, 4, 9] 9 6 
E:maj/3 [4, 8, 11] 8 1 
E:maj [4, 8, 11] 4 1 
F#:min7 [1, 4, 6, 9] 6 2 
E:maj [4, 8, 11] 4 2 
D:maj [2, 6, 9] 2 2 
D:min [2, 5, 9] 2 2 
A:maj [1, 4, 9] 9 6 
E:maj [4, 8, 11] 4 2 
F#:min7 [1, 4, 6, 9] 6 2 
A:maj7/5 [1, 4, 7, 9] 4 2 
A:maj [1, 4, 9] 9 2 
A:maj/3 [1, 4, 9] 1 2 
A:maj [1, 4, 9] 9 2 
A:sus4 [2, 4, 9] 9 1 
