Bb:maj [2, 5, 10] 10 16 
G:min [2, 7, 10] 7 2 
C:min [0, 3, 7] 0 2 
C:maj/3 [0, 4, 7] 4 2 
F:maj [0, 5, 9] 5 2 
Bb:maj [2, 5, 10] 10 2 
Eb:maj [3, 7, 10] 3 2 
Bb:maj [2, 5, 10] 10 2 
Eb:maj [3, 7, 10] 3 2 
G:min [2, 7, 10] 7 2 
C:min [0, 3, 7] 0 2 
F:maj [0, 5, 9] 5 4 
Bb:maj [2, 5, 10] 10 2 
F:maj [0, 5, 9] 5 2 
Bb:maj [2, 5, 10] 10 8 
G:min [2, 7, 10] 7 2 
C:min [0, 3, 7] 0 4 
F:maj [0, 5, 9] 5 2 
Bb:maj [2, 5, 10] 10 2 
Eb:sus2 [3, 5, 10] 3 2 
Bb:maj [2, 5, 10] 10 2 
Eb:sus2 [3, 5, 10] 3 2 
Bb:maj [2, 5, 10] 10 4 
G:min [2, 7, 10] 7 2 
C:min [0, 3, 7] 0 2 
F:maj [0, 5, 9] 5 4 
Bb:maj [2, 5, 10] 10 2 
C:min [0, 3, 7] 0 2 
F:maj [0, 5, 9] 5 2 
Bb:maj [2, 5, 10] 10 12 
G:min [2, 7, 10] 7 2 
C:min [0, 3, 7] 0 2 
C:maj/3 [0, 4, 7] 4 2 
F:maj [0, 5, 9] 5 2 
Bb:maj [2, 5, 10] 10 2 
Eb:maj [3, 7, 10] 3 2 
Bb:maj [2, 5, 10] 10 2 
Eb:maj [3, 7, 10] 3 2 
G:min [2, 7, 10] 7 2 
C:min [0, 3, 7] 0 2 
F:maj [0, 5, 9] 5 4 
Bb:maj [2, 5, 10] 10 2 
F:maj [0, 5, 9] 5 2 
Bb:maj [2, 5, 10] 10 8 
G:min [2, 7, 10] 7 2 
C:min [0, 3, 7] 0 4 
F:maj [0, 5, 9] 5 2 
Bb:maj [2, 5, 10] 10 2 
Eb:sus2 [3, 5, 10] 3 2 
Bb:maj [2, 5, 10] 10 2 
Eb:sus2 [3, 5, 10] 3 2 
Bb:maj [2, 5, 10] 10 4 
G:min [2, 7, 10] 7 2 
C:min [0, 3, 7] 0 2 
F:maj [0, 5, 9] 5 4 
Bb:maj [2, 5, 10] 10 2 
C:min [0, 3, 7] 0 2 
F:maj [0, 5, 9] 5 2 
Bb:maj [2, 5, 10] 10 12 
G:min [2, 7, 10] 7 2 
C:min [0, 3, 7] 0 2 
C:maj/3 [0, 4, 7] 4 2 
F:maj [0, 5, 9] 5 2 
Bb:maj [2, 5, 10] 10 2 
Eb:maj [3, 7, 10] 3 2 
Bb:maj [2, 5, 10] 10 2 
Eb:maj [3, 7, 10] 3 2 
G:min [2, 7, 10] 7 2 
C:min [0, 3, 7] 0 2 
F:maj [0, 5, 9] 5 4 
Bb:maj [2, 5, 10] 10 2 
F:maj [0, 5, 9] 5 2 
Bb:maj [2, 5, 10] 10 8 
G:min [2, 7, 10] 7 2 
C:min [0, 3, 7] 0 4 
F:maj [0, 5, 9] 5 2 
Bb:maj [2, 5, 10] 10 2 
Eb:sus2 [3, 5, 10] 3 2 
Bb:maj [2, 5, 10] 10 2 
Eb:sus2 [3, 5, 10] 3 2 
Bb:maj [2, 5, 10] 10 4 
G:min [2, 7, 10] 7 2 
C:min [0, 3, 7] 0 2 
F:maj [0, 5, 9] 5 5 
Bb:maj [2, 5, 10] 10 2 
C:sus4 [0, 5, 7] 0 2 
F:sus4(b7) [0, 5, 10] 5 4 
Bb:sus2 [0, 5, 10] 10 5 
