0 32
62 2
65 2
70 2
67 2
65 7
0 1
62 2
65 2
67 2
70 2
65 7
0 1
70 6
74 2
72 3
0 1
70 3
0 1
72 2
70 2
67 2
70 2
65 7
0 1
62 5
0 1
65 2
67 4
65 1
0 1
67 2
70 3
0 1
72 2
65 2
67 6
0 2
62 2
60 2
58 4
60 7
0 1
60 3
0 1
60 2
62 2
65 3
0 1
65 3
0 1
70 3
0 1
60 2
62 2
65 7
0 1
62 2
65 2
70 2
67 2
65 7
0 1
62 2
65 2
67 2
70 2
65 7
0 1
70 6
74 2
72 3
0 1
70 3
0 1
72 2
70 2
67 2
70 2
65 7
0 1
62 5
0 1
65 2
67 4
65 1
0 1
67 2
70 3
0 1
72 2
65 2
67 6
0 2
62 5
0 1
70 1
0 1
67 3
0 1
65 3
0 1
62 2
60 2
58 2
62 2
60 7
0 1
60 5
0 1
62 2
65 4
67 3
0 1
70 4
72 2
74 2
72 3
0 1
70 3
0 1
72 2
70 2
65 2
67 2
70 13
0 3
62 2
65 2
70 2
67 2
65 7
0 1
62 2
65 2
67 2
70 2
65 7
0 1
70 6
74 2
72 3
0 1
70 3
0 1
72 2
70 2
67 2
70 2
65 7
0 1
62 5
0 1
65 2
67 4
65 1
0 1
67 2
70 3
0 1
72 2
65 2
67 6
0 2
62 2
60 2
58 4
60 7
0 1
60 3
0 1
60 2
62 2
65 3
0 1
65 3
0 1
70 3
0 1
60 2
62 2
65 7
0 1
62 2
65 2
70 2
67 2
65 7
0 1
62 2
65 2
67 2
70 2
65 7
0 1
70 6
74 2
72 3
0 1
70 3
0 1
72 2
70 2
67 2
70 2
65 7
0 1
62 5
0 1
65 2
67 4
65 1
0 1
67 2
70 3
0 1
72 2
65 2
67 6
0 2
62 5
0 1
70 1
0 1
67 3
0 1
65 3
0 1
62 2
60 2
58 2
62 2
60 7
0 1
60 5
0 1
62 2
65 4
67 3
0 1
70 4
72 2
74 2
72 3
0 1
70 3
0 1
72 2
70 2
65 2
67 2
70 13
0 147
62 2
65 2
70 2
67 2
65 7
0 1
62 2
65 2
67 2
70 2
65 7
0 1
70 6
74 2
72 3
0 1
70 3
0 1
72 2
70 2
67 2
70 2
65 7
0 1
62 5
0 1
65 2
67 4
65 1
0 1
67 2
70 3
0 1
72 2
65 2
67 6
0 2
62 5
0 1
70 1
0 1
67 3
0 1
65 3
0 1
62 2
60 2
58 2
62 2
60 7
0 1
60 5
0 1
62 2
65 4
67 3
0 1
70 4
72 2
74 2
72 6
70 4
0 2
72 3
70 3
65 4
67 3
70 12
