C:maj [0, 4, 7] 0 2
F:maj [0, 5, 9] 5 10
A:min [0, 4, 9] 9 4
C:maj [0, 4, 7] 0 2
E:min/5 [4, 7, 11] 11 2
A:min [0, 4, 9] 9 4
D:min [2, 5, 9] 2 2
G:sus2 [2, 7, 9] 7 2
C:sus4 [0, 5, 7] 0 8
F:maj [0, 5, 9] 5 4
G:maj [2, 7, 11] 7 4
C:maj [0, 4, 7] 0 4
B:dim [2, 5, 11] 11 2
E:maj [4, 8, 11] 4 2
A:min [0, 4, 9] 9 2
G:maj [2, 7, 11] 7 2
F:maj [0, 5, 9] 5 2
D:min [2, 5, 9] 2 2
G:maj [2, 7, 11] 7 4
C:maj [0, 4, 7] 0 4
F:maj [0, 5, 9] 5 4
C:sus2 [0, 2, 7] 0 8
B:dim [2, 5, 11] 11 2
E:maj [4, 8, 11] 4 2
A:min [0, 4, 9] 9 2
G:maj [2, 7, 11] 7 2
F:maj [0, 5, 9] 5 2
D:min [2, 5, 9] 2 2
G:maj [2, 7, 11] 7 4
F:maj [0, 5, 9] 5 2
E:maj [4, 8, 11] 4 2
A:min [0, 4, 9] 9 2
G:maj [2, 7, 11] 7 2
F:maj [0, 5, 9] 5 2
G:maj [2, 7, 11] 7 2
C:maj [0, 4, 7] 0 4
B:dim [2, 5, 11] 11 2
E:maj [4, 8, 11] 4 2
A:min [0, 4, 9] 9 2
G:maj [2, 7, 11] 7 2
F:maj [0, 5, 9] 5 2
D:min [2, 5, 9] 2 2
G:maj [2, 7, 11] 7 4
F:maj [0, 5, 9] 5 2
E:maj [4, 8, 11] 4 2
A:min [0, 4, 9] 9 2
G:maj [2, 7, 11] 7 2
F:maj [0, 5, 9] 5 2
G:maj [2, 7, 11] 7 2
C:maj [0, 4, 7] 0 4
B:dim [2, 5, 11] 11 2
E:maj [4, 8, 11] 4 2
A:min [0, 4, 9] 9 2
G:maj [2, 7, 11] 7 2
F:maj [0, 5, 9] 5 2
G:maj [2, 7, 11] 7 9
G:maj [2, 7, 11] 7 1
C:maj [0, 4, 7] 0 16
B:dim [2, 5, 11] 11 2
E:maj [4, 8, 11] 4 2
A:min [0, 4, 9] 9 2
G:maj [2, 7, 11] 7 2
F:maj [0, 5, 9] 5 2
D:min [2, 5, 9] 2 2
G:maj [2, 7, 11] 7 4
F:maj [0, 5, 9] 5 2
E:maj [4, 8, 11] 4 2
A:min [0, 4, 9] 9 2
G:maj [2, 7, 11] 7 2
F:maj [0, 5, 9] 5 2
G:maj [2, 7, 11] 7 2
C:maj [0, 4, 7] 0 4
B:dim [2, 5, 11] 11 2
E:maj [4, 8, 11] 4 2
A:min [0, 4, 9] 9 2
G:maj [2, 7, 11] 7 2
F:maj [0, 5, 9] 5 2
D:min [2, 5, 9] 2 2
G:maj [2, 7, 11] 7 4
F:maj [0, 5, 9] 5 2
E:maj [4, 8, 11] 4 2
A:min [0, 4, 9] 9 2
G:maj [2, 7, 11] 7 2
F:maj [0, 5, 9] 5 2
G:maj [2, 7, 11] 7 2
C:maj [0, 4, 7] 0 4
B:dim [2, 5, 11] 11 2
E:maj [4, 8, 11] 4 2
A:min [0, 4, 9] 9 2
G:maj [2, 7, 11] 7 2
F:maj [0, 5, 9] 5 2
G:maj [2, 7, 11] 7 2
Ab:maj [0, 3, 8] 8 4
Bb:maj [2, 5, 10] 10 4
Ab:maj [0, 3, 8] 8 4
C:maj [0, 4, 7] 0 4
B:dim [2, 5, 11] 11 2
E:maj [4, 8, 11] 4 2
A:min [0, 4, 9] 9 2
G:maj [2, 7, 11] 7 2
F:maj [0, 5, 9] 5 2
G:maj [2, 7, 11] 7 2
C:maj [0, 4, 7] 0 4
B:dim [2, 5, 11] 11 2
E:sus4(b7) [4, 9, 11] 4 2
A:min [0, 4, 9] 9 2
G:maj [2, 7, 11] 7 2
F:maj [0, 5, 9] 5 2
D:maj [2, 6, 9] 2 2
G:maj [2, 7, 11] 7 4
F:maj [0, 5, 9] 5 2
E:maj [4, 8, 11] 4 2
A:min [0, 4, 9] 9 2
G:maj [2, 7, 11] 7 2
F:maj [0, 5, 9] 5 2
G:maj [2, 7, 11] 7 2
C:maj [0, 4, 7] 0 2
C:sus2 [0, 2, 7] 0 2
B:dim [2, 5, 11] 11 2
E:maj [4, 8, 11] 4 2
A:min [0, 4, 9] 9 2
G:maj [2, 7, 11] 7 2
D:min7 [0, 2, 5, 9] 2 2
G:maj [2, 7, 11] 7 6
C:maj [0, 4, 7] 0 2
E:min/5 [4, 7, 11] 11 2
A:min [0, 4, 9] 9 4
D:min [2, 5, 9] 2 2
G:sus2 [2, 7, 9] 7 2
G:maj/3 [2, 7, 11] 11 1
A:min9 [0, 4, 7, 9, 11] 9 1
