A:min [0, 4, 9] 9 4 
E:min [4, 7, 11] 4 2 
A:min [0, 4, 9] 9 4 
D:min [2, 5, 9] 2 2 
G:maj [2, 7, 11] 7 2 
E:min [4, 7, 11] 4 2 
A:min [0, 4, 9] 9 4 
E:min [4, 7, 11] 4 4 
D:maj [2, 6, 9] 2 2 
E:min [4, 7, 11] 4 2 
A:min [0, 4, 9] 9 8 
E:min [4, 7, 11] 4 2 
A:min [0, 4, 9] 9 2 
D:min [2, 5, 9] 2 4 
A:min [0, 4, 9] 9 2 
E:min [4, 7, 11] 4 2 
A:min [0, 4, 9] 9 2 
D:min [2, 5, 9] 2 2 
E:min [4, 7, 11] 4 2 
A:min [0, 4, 9] 9 2 
D:min [2, 5, 9] 2 4 
E:min [4, 7, 11] 4 2 
A:min [0, 4, 9] 9 6 
E:min [4, 7, 11] 4 2 
A:min [0, 4, 9] 9 2 
D:min [2, 5, 9] 2 4 
A:min [0, 4, 9] 9 2 
E:min/b3 [4, 7, 11] 7 2 
A:min [0, 4, 9] 9 2 
D:min [2, 5, 9] 2 2 
E:min [4, 7, 11] 4 2 
A:min [0, 4, 9] 9 2 
E:min [4, 7, 11] 4 2 
D:min [2, 5, 9] 2 2 
E:maj [4, 8, 11] 4 2 
A:min [0, 4, 9] 9 6 
E:min [4, 7, 11] 4 2 
A:min [0, 4, 9] 9 6 
G:maj [2, 7, 11] 7 2 
E:min [4, 7, 11] 4 2 
A:min [0, 4, 9] 9 2 
D:min [2, 5, 9] 2 2 
E:min [4, 7, 11] 4 2 
A:min [0, 4, 9] 9 2 
D:min [2, 5, 9] 2 4 
E:min [4, 7, 11] 4 2 
A:min [0, 4, 9] 9 6 
E:min [4, 7, 11] 4 2 
A:min [0, 4, 9] 9 6 
G:maj [2, 7, 11] 7 2 
E:min [4, 7, 11] 4 2 
A:min [0, 4, 9] 9 2 
D:min [2, 5, 9] 2 2 
E:min [4, 7, 11] 4 2 
A:min [0, 4, 9] 9 2 
D:min [2, 5, 9] 2 4 
E:min [4, 7, 11] 4 2 
A:min [0, 4, 9] 9 6 
E:min [4, 7, 11] 4 4 
A:min [0, 4, 9] 9 2 
D:min [2, 5, 9] 2 2 
G:maj [2, 7, 11] 7 2 
E:min [4, 7, 11] 4 2 
A:min [0, 4, 9] 9 2 
D:min [2, 5, 9] 2 2 
E:min [4, 7, 11] 4 2 
A:min [0, 4, 9] 9 2 
D:maj [2, 6, 9] 2 2 
E:min [4, 7, 11] 4 2 
A:min [0, 4, 9] 9 8 
E:min [4, 7, 11] 4 2 
A:min [0, 4, 9] 9 2 
D:min [2, 5, 9] 2 4 
A:min [0, 4, 9] 9 2 
E:min/b3 [4, 7, 11] 7 2 
A:min [0, 4, 9] 9 2 
D:min [2, 5, 9] 2 2 
E:min [4, 7, 11] 4 2 
A:min [0, 4, 9] 9 2 
E:min [4, 7, 11] 4 2 
D:min [2, 5, 9] 2 2 
E:maj [4, 8, 11] 4 2 
A:min [0, 4, 9] 9 6 
E:min [4, 7, 11] 4 2 
A:min [0, 4, 9] 9 6 
G:maj [2, 7, 11] 7 2 
E:min [4, 7, 11] 4 2 
A:min [0, 4, 9] 9 2 
D:min [2, 5, 9] 2 2 
E:min [4, 7, 11] 4 2 
A:min [0, 4, 9] 9 2 
D:min [2, 5, 9] 2 4 
E:min [4, 7, 11] 4 2 
A:min [0, 4, 9] 9 6 
E:min [4, 7, 11] 4 2 
A:min [0, 4, 9] 9 6 
G:maj [2, 7, 11] 7 2 
E:min [4, 7, 11] 4 2 
A:min [0, 4, 9] 9 2 
D:min [2, 5, 9] 2 2 
E:min [4, 7, 11] 4 2 
A:min [0, 4, 9] 9 2 
D:min [2, 5, 9] 2 4 
E:min [4, 7, 11] 4 2 
A:min [0, 4, 9] 9 2 
D:min [2, 5, 9] 2 4 
E:min [4, 7, 11] 4 4 
A:min [0, 4, 9] 9 4 
D:min [2, 5, 9] 2 4 
E:min [4, 7, 11] 4 4 
A:min [0, 4, 9] 9 3 
