0 128
69 2
76 1
76 3
76 1
74 1
76 6
0 2
71 2
71 2
69 2
67 2
69 6
0 2
69 2
74 1
0 1
74 2
69 2
74 2
76 2
74 4
72 2
69 2
72 2
76 1
0 1
76 7
0 1
76 2
81 1
0 1
81 2
74 2
76 3
0 1
74 3
0 1
76 2
79 1
0 1
79 2
74 1
76 1
72 7
0 1
74 2
0 1
74 1
74 2
69 1
69 1
74 3
76 1
74 3
0 1
67 2
69 2
72 2
71 2
69 8
69 2
76 1
76 3
76 1
74 1
76 6
0 2
71 2
71 2
69 2
67 2
69 6
0 2
69 2
74 1
0 1
74 2
69 2
74 2
76 2
74 4
72 2
69 2
72 2
76 1
0 1
76 7
0 1
76 2
81 1
0 1
81 2
74 2
76 3
0 1
74 3
0 1
76 2
79 1
0 1
79 2
74 1
76 1
72 7
0 1
74 2
0 1
74 1
74 2
69 1
69 1
74 3
76 1
74 3
0 1
67 2
69 2
72 2
71 2
69 8
76 4
81 4
81 7
0 1
79 2
81 2
83 2
79 1
81 1
81 6
0 2
76 2
81 1
0 1
81 1
0 1
83 2
81 4
79 3
0 1
74 2
76 2
79 2
78 2
76 7
0 1
69 3
0 1
74 2
76 2
74 7
0 1
79 2
76 4
74 2
76 1
74 1
72 5
0 1
74 2
0 1
74 1
74 2
76 2
74 3
76 1
74 3
0 1
76 2
74 4
67 2
69 7
0 1
76 4
81 4
81 7
0 1
79 2
81 2
83 2
79 1
81 1
81 6
0 2
76 2
81 1
81 1
81 1
0 1
83 2
81 4
79 3
0 1
74 2
76 2
79 2
78 2
76 7
0 1
69 3
0 1
74 2
76 2
74 7
0 1
79 2
76 4
74 2
76 1
74 1
72 5
0 1
74 2
0 1
74 1
74 2
76 2
74 3
76 1
74 3
0 1
76 2
74 4
67 2
69 7
0 129
69 2
76 1
76 3
76 1
74 1
76 6
0 2
71 2
71 2
69 2
67 2
69 6
0 2
69 2
74 1
0 1
74 2
69 2
74 2
76 2
74 4
72 2
69 2
72 2
76 1
0 1
76 7
0 1
76 2
81 1
0 1
81 2
74 2
76 3
0 1
74 3
0 1
76 2
79 1
0 1
79 2
74 1
76 1
72 7
0 1
74 2
0 1
74 1
74 2
69 1
69 1
74 3
76 1
74 3
0 1
67 2
69 2
72 2
71 2
69 8
76 4
81 4
81 7
0 1
79 2
81 2
83 2
79 1
81 1
81 6
0 2
76 2
81 1
0 1
81 1
0 1
83 2
81 4
79 3
0 1
74 2
76 2
79 2
78 2
76 7
0 1
69 3
0 1
74 2
76 2
74 7
0 1
79 2
76 4
74 2
76 1
74 1
72 5
0 1
74 2
0 1
74 1
74 2
76 2
74 3
76 1
74 3
0 1
76 2
74 4
67 2
69 7
0 1
76 4
81 4
81 7
0 1
79 2
81 2
83 2
79 1
81 1
81 6
0 2
76 2
81 1
81 1
81 1
0 1
83 2
81 4
79 3
0 1
74 2
76 2
79 2
78 2
76 7
0 1
69 3
0 1
74 2
76 2
74 7
0 1
79 2
76 4
74 2
76 1
74 1
72 5
0 1
74 2
0 1
74 1
74 2
76 2
74 3
76 1
74 3
0 1
76 2
74 4
67 2
69 7
0 1
74 2
0 1
74 1
74 2
76 2
74 3
76 1
74 3
0 1
79 1
0 1
79 8
83 4
81 2
81 1
