A:maj [1, 4, 9] 9 4 
E:maj/3 [4, 8, 11] 8 4 
B:min [2, 6, 11] 11 4 
E:maj [4, 8, 11] 4 3 
A:maj [1, 4, 9] 9 5 
C#:min [1, 4, 8] 1 4 
B:min7 [2, 6, 9, 11] 11 4 
E:maj [4, 8, 11] 4 4 
A:sus2 [4, 9, 11] 9 4 
A:maj [1, 4, 9] 9 1 
C#:maj [1, 5, 8] 1 2 
C#:min7 [1, 4, 8, 11] 1 1 
B:min7 [2, 6, 9, 11] 11 4 
E:maj [4, 8, 11] 4 4 
A:maj [1, 4, 9] 9 5 
C#:min [1, 4, 8] 1 2 
C#:min/5 [1, 4, 8] 8 1 
B:min [2, 6, 11] 11 4 
E:maj [4, 8, 11] 4 4 
A:maj [1, 4, 9] 9 4 
C#:min [1, 4, 8] 1 4 
B:min [2, 6, 11] 11 4 
E:maj [4, 8, 11] 4 4 
A:maj [1, 4, 9] 9 4 
C#:min [1, 4, 8] 1 4 
B:min [2, 6, 11] 11 4 
E:maj [4, 8, 11] 4 4 
A:maj [1, 4, 9] 9 4 
C#:min [1, 4, 8] 1 4 
B:min7 [2, 6, 9, 11] 11 4 
E:maj [4, 8, 11] 4 4 
A:sus2 [4, 9, 11] 9 4 
A:maj [1, 4, 9] 9 1 
C#:maj [1, 5, 8] 1 2 
C#:min7 [1, 4, 8, 11] 1 1 
B:min7 [2, 6, 9, 11] 11 4 
E:maj [4, 8, 11] 4 4 
A:maj [1, 4, 9] 9 5 
C#:min [1, 4, 8] 1 2 
C#:min/5 [1, 4, 8] 8 1 
B:min [2, 6, 11] 11 4 
E:maj [4, 8, 11] 4 4 
A:maj [1, 4, 9] 9 4 
C#:min [1, 4, 8] 1 4 
B:min [2, 6, 11] 11 4 
E:maj [4, 8, 11] 4 4 
A:maj [1, 4, 9] 9 4 
C#:min [1, 4, 8] 1 4 
B:min [2, 6, 11] 11 4 
E:maj [4, 8, 11] 4 4 
A:maj [1, 4, 9] 9 4 
C#:min [1, 4, 8] 1 4 
B:min7 [2, 6, 9, 11] 11 3 
D:maj [2, 6, 9] 2 2 
E:maj [4, 8, 11] 4 3 
Eb:min [3, 6, 10] 3 4 
C#:min [1, 4, 8] 1 4 
Eb:min [3, 6, 10] 3 4 
C#:min [1, 4, 8] 1 4 
F#:maj [1, 6, 10] 6 8 
B:maj [3, 6, 11] 11 3 
Eb:min [3, 6, 10] 3 5 
C#:min [1, 4, 8] 1 4 
F#:maj [1, 6, 10] 6 4 
B:maj [3, 6, 11] 11 4 
Eb:min [3, 6, 10] 3 4 
C#:min [1, 4, 8] 1 4 
F#:maj [1, 6, 10] 6 4 
B:maj [3, 6, 11] 11 3 
Eb:min [3, 6, 10] 3 5 
C#:min [1, 4, 8] 1 4 
F#:maj [1, 6, 10] 6 4 
B:maj [3, 6, 11] 11 4 
Eb:min [3, 6, 10] 3 4 
C#:min [1, 4, 8] 1 4 
F#:maj [1, 6, 10] 6 4 
B:maj [3, 6, 11] 11 3 
Eb:min [3, 6, 10] 3 5 
C#:min7 [1, 4, 8, 11] 1 4 
F#:maj [1, 6, 10] 6 4 
B:maj [3, 6, 11] 11 3 
Eb:min [3, 6, 10] 3 5 
C#:min7 [1, 4, 8, 11] 1 4 
F#:maj [1, 6, 10] 6 4 
B:maj [3, 6, 11] 11 3 
Eb:min [3, 6, 10] 3 5 
C#:min7 [1, 4, 8, 11] 1 4 
F#:maj [1, 6, 10] 6 4 
B:maj [3, 6, 11] 11 3 
Eb:min [3, 6, 10] 3 5 
C#:min7 [1, 4, 8, 11] 1 4 
F#:maj [1, 6, 10] 6 4 
B:maj [3, 6, 11] 11 3 
Eb:min [3, 6, 10] 3 5 
C#:min7 [1, 4, 8, 11] 1 4 
F#:maj [1, 6, 10] 6 4 
B:maj [3, 6, 11] 11 3 
Eb:min [3, 6, 10] 3 5 
C#:min7 [1, 4, 8, 11] 1 4 
F#:maj [1, 6, 10] 6 3 
