0 132
69 2
71 1
0 1
73 2
71 1
0 1
69 2
73 3
0 1
68 6
0 12
62 1
0 1
64 1
0 1
66 2
64 1
0 1
62 2
66 2
64 13
0 7
69 1
0 1
71 2
73 2
71 1
0 1
69 1
0 1
73 3
0 1
68 8
0 10
62 1
0 1
64 2
66 1
0 1
64 1
0 1
62 1
0 1
66 1
0 1
69 3
0 1
68 3
0 1
69 3
0 1
71 3
0 1
71 3
0 1
73 1
0 1
73 3
0 3
71 1
0 1
69 1
0 1
76 1
0 1
73 3
0 1
73 2
0 4
73 1
0 1
76 1
0 1
76 1
0 1
74 3
0 1
74 2
0 4
73 1
0 1
74 1
0 1
73 1
0 1
71 1
0 1
71 1
0 1
69 1
0 1
73 2
71 1
0 3
69 2
71 1
0 1
73 3
0 1
73 3
0 1
73 1
0 1
71 1
0 1
69 1
0 1
76 1
0 1
73 3
0 1
73 2
0 2
73 1
0 1
73 1
0 1
76 1
0 1
76 1
0 1
74 3
0 1
74 2
0 2
73 1
0 1
73 1
0 1
74 1
0 1
73 1
0 1
71 3
0 1
69 2
71 3
0 1
73 3
0 1
71 2
69 14
0 52
69 2
71 1
0 1
73 2
71 1
0 1
69 2
73 3
0 1
68 6
0 12
62 1
0 1
64 1
0 1
66 2
64 1
0 1
62 2
66 2
64 13
0 7
69 1
0 1
71 2
73 2
71 1
0 1
69 1
0 1
73 3
0 1
68 8
0 10
62 1
0 1
64 2
66 1
0 1
64 1
0 1
62 1
0 1
66 1
0 1
69 3
0 1
68 3
0 1
69 3
0 1
71 3
0 1
71 3
0 1
73 1
0 1
73 3
0 3
71 1
0 1
69 1
0 1
76 1
0 1
73 3
0 1
73 2
0 4
73 1
0 1
76 1
0 1
76 1
0 1
74 3
0 1
74 2
0 4
73 1
0 1
74 1
0 1
73 1
0 1
71 1
0 1
71 1
0 1
69 1
0 1
73 2
71 1
0 3
69 2
71 1
0 1
73 3
0 1
73 3
0 1
73 1
0 1
71 1
0 1
69 1
0 1
76 1
0 1
73 3
0 1
73 2
0 2
73 1
0 1
73 1
0 1
76 1
0 1
76 1
0 1
74 3
0 1
74 2
0 2
73 1
0 1
73 1
0 1
74 1
0 1
73 1
0 1
71 3
0 1
69 2
71 3
0 1
73 3
0 1
71 2
69 14
0 52
73 1
0 1
73 1
0 1
73 1
0 1
73 1
0 1
73 1
0 1
75 2
73 1
0 1
71 1
0 1
68 1
0 1
71 4
73 2
68 2
66 3
0 1
73 1
0 1
73 1
0 1
73 1
0 1
73 1
0 1
73 1
0 1
73 1
0 1
75 1
0 1
73 1
0 1
71 1
0 1
68 1
0 1
71 2
0 2
75 2
73 1
0 1
71 1
0 1
73 1
0 1
75 3
0 1
76 4
78 1
0 1
75 1
0 1
75 4
73 4
71 1
0 1
75 3
0 1
73 1
0 1
71 1
0 1
73 3
0 1
75 1
0 1
75 3
0 3
73 1
0 1
71 1
0 1
78 1
0 1
75 3
0 1
75 2
0 4
75 1
0 1
78 1
0 1
78 1
0 1
76 3
0 1
76 2
0 4
75 1
0 1
76 1
0 1
75 1
0 1
73 1
0 1
73 1
0 1
71 1
0 1
75 2
73 1
0 3
71 2
73 1
0 1
75 3
0 1
75 3
0 1
75 1
0 1
73 1
0 1
71 1
0 1
78 1
0 1
75 3
0 1
75 2
0 2
75 1
0 1
75 1
0 1
78 1
0 1
78 1
0 1
76 3
0 1
76 2
0 2
75 1
0 1
73 1
0 1
71 1
0 1
80 1
0 1
78 3
0 1
80 2
75 2
73 3
0 1
71 2
73 3
0 1
75 1
0 1
75 3
0 3
73 1
0 1
71 1
0 1
78 1
0 1
75 3
0 1
75 2
0 4
75 1
0 1
78 1
0 1
78 1
0 1
76 3
0 1
76 2
0 4
75 1
0 1
76 1
0 1
75 1
0 1
73 1
0 1
73 1
0 1
71 1
0 1
75 2
73 1
0 3
71 2
73 1
0 1
75 3
0 1
75 3
0 1
75 1
0 1
73 1
0 1
71 1
0 1
78 1
0 1
75 3
0 1
75 2
0 2
75 1
0 1
75 1
0 1
78 1
0 1
78 1
0 1
76 3
0 1
76 2
0 2
75 1
0 1
75 1
0 1
76 1
0 1
75 1
0 1
73 3
0 1
71 2
73 3
0 1
75 3
0 1
73 2
71 14
