0 66
72 1
0 1
72 2
72 2
72 2
76 2
77 2
72 4
70 12
67 1
69 1
70 7
0 1
70 2
72 2
67 2
70 4
69 16
69 2
69 2
74 2
74 2
76 2
76 2
77 2
69 4
67 10
65 2
69 2
67 2
67 2
65 2
67 6
65 2
69 2
67 2
67 2
65 2
72 10
72 2
72 2
72 2
72 2
76 2
77 2
72 4
70 12
67 1
69 1
70 7
0 1
70 2
72 2
67 2
69 20
69 2
69 2
74 2
74 2
76 2
76 2
77 2
81 4
79 4
74 6
77 2
81 4
79 4
73 6
77 2
79 16
69 2
72 2
76 2
77 2
79 6
81 2
81 6
77 2
79 6
81 2
81 6
84 2
84 2
82 2
81 2
77 2
77 2
79 2
79 1
81 1
82 2
79 4
81 2
79 2
69 2
72 2
76 2
77 2
79 6
81 2
81 6
77 2
79 6
84 2
81 6
84 2
84 2
82 2
81 2
77 2
84 2
0 2
82 2
0 2
81 2
79 2
77 2
76 2
79 4
77 3
0 59
72 2
72 2
72 2
72 2
76 2
77 2
72 4
70 12
67 1
69 1
70 7
0 1
70 2
72 2
67 2
69 20
69 2
69 2
74 2
74 2
76 2
76 2
77 2
81 4
79 4
74 6
77 2
81 4
79 4
73 6
77 2
79 16
69 2
72 2
76 2
77 2
79 6
81 2
81 6
77 2
79 6
81 2
81 6
84 2
84 2
82 2
81 2
77 2
77 2
79 2
79 1
81 1
82 2
79 8
69 2
72 2
76 2
77 2
79 6
81 2
81 6
77 2
79 6
84 2
81 6
84 2
84 2
82 2
81 2
77 2
84 2
0 2
82 2
0 2
81 2
79 2
77 2
76 2
79 4
77 3
0 11
77 1
76 1
77 1
0 1
77 1
76 1
77 1
0 1
77 1
76 1
77 1
79 1
81 2
0 2
77 1
76 1
77 1
0 1
77 1
76 1
77 1
77 1
77 1
76 1
77 1
79 1
81 2
0 2
77 1
76 1
77 1
0 1
77 1
76 1
77 1
0 1
76 2
74 2
76 2
74 3
72 1
0 14
77 1
76 1
77 1
0 1
77 1
76 1
77 1
0 1
77 1
76 1
77 1
79 1
81 3
0 1
77 1
76 1
77 1
0 1
77 1
77 1
84 2
84 1
84 1
84 1
77 1
77 1
0 1
74 2
76 2
77 2
79 2
81 3
0 1
82 2
79 8
77 1
79 1
80 5
0 3
70 2
73 2
77 2
78 2
80 6
82 2
82 6
78 2
80 6
82 2
82 6
85 2
85 2
83 2
82 2
78 2
78 2
80 2
80 1
82 1
83 2
80 8
70 2
73 2
77 2
78 2
80 6
82 2
82 6
78 2
80 6
85 2
82 6
85 2
85 2
83 2
82 2
78 2
85 2
0 2
83 2
0 2
82 2
80 2
78 2
0 18
77 2
0 2
78 3
