A:min [0, 4, 9] 9 2 
Bb:maj [2, 5, 10] 10 2 
A:maj/3 [1, 4, 9] 1 2 
D:min [2, 5, 9] 2 2 
G:min [2, 7, 10] 7 2 
C:maj [0, 4, 7] 0 2 
C:sus4(b7) [0, 5, 7] 0 2 
C:maj [0, 4, 7] 0 2 
F:maj [0, 5, 9] 5 2 
A:aug [1, 5, 9] 9 2 
F:maj [0, 5, 9] 5 4 
Bb:maj [2, 5, 10] 10 2 
A:min [0, 4, 9] 9 2 
G:min [2, 7, 10] 7 2 
C:maj [0, 4, 7] 0 2 
F:maj [0, 5, 9] 5 2 
A:aug [1, 5, 9] 9 2 
D:min [2, 5, 9] 2 2 
C:maj [0, 4, 7] 0 2 
Bb:maj [2, 5, 10] 10 2 
D:maj [2, 6, 9] 2 2 
G:min [2, 7, 10] 7 2 
C:maj [0, 4, 7] 0 2 
E:min7 [2, 4, 7, 11] 4 2 
A:maj [1, 4, 9] 9 2 
D:min [2, 5, 9] 2 4 
G:maj [2, 7, 11] 7 2 
B:dim [2, 5, 11] 11 2 
C:maj [0, 4, 7] 0 3 
A:min [0, 4, 9] 9 1 
Bb:maj [2, 5, 10] 10 4 
A:min [0, 4, 9] 9 2 
D:min [2, 5, 9] 2 2 
G:min [2, 7, 10] 7 2 
C:maj [0, 4, 7] 0 2 
F:maj [0, 5, 9] 5 4 
Bb:maj [2, 5, 10] 10 4 
A:maj [1, 4, 9] 9 3 
D:min [2, 5, 9] 2 1 
G:min [2, 7, 10] 7 2 
C:maj [0, 4, 7] 0 2 
F:maj [0, 5, 9] 5 4 
Ab:maj [0, 3, 8] 8 4 
Eb:maj [3, 7, 10] 3 3 
C:maj [0, 4, 7] 0 1 
F:min [0, 5, 8] 5 3 
C#:maj [1, 5, 8] 1 1 
Eb:maj [3, 7, 10] 3 4 
C:sus2 [0, 2, 7] 0 4 
F:maj [0, 5, 9] 5 3 
A:7 [1, 4, 7, 9] 9 1 
F:maj [0, 5, 9] 5 4 
Bb:maj [2, 5, 10] 10 2 
A:min [0, 4, 9] 9 2 
G:min [2, 7, 10] 7 2 
C:maj [0, 4, 7] 0 2 
F:maj [0, 5, 9] 5 3 
A:maj/3 [1, 4, 9] 1 1 
D:min [2, 5, 9] 2 2 
C:maj [0, 4, 7] 0 2 
Bb:maj [2, 5, 10] 10 3 
D:maj [2, 6, 9] 2 1 
G:min [2, 7, 10] 7 2 
C:maj [0, 4, 7] 0 2 
E:min7 [2, 4, 7, 11] 4 2 
A:maj [1, 4, 9] 9 2 
D:min [2, 5, 9] 2 4 
G:maj [2, 7, 11] 7 2 
G:7 [2, 5, 7, 11] 7 1 
B:dim [2, 5, 11] 11 1 
C:maj [0, 4, 7] 0 3 
A:min [0, 4, 9] 9 1 
Bb:maj [2, 5, 10] 10 4 
A:min [0, 4, 9] 9 2 
D:min [2, 5, 9] 2 2 
G:min [2, 7, 10] 7 2 
C:maj [0, 4, 7] 0 2 
F:maj [0, 5, 9] 5 4 
Bb:maj [2, 5, 10] 10 4 
A:maj [1, 4, 9] 9 2 
D:min [2, 5, 9] 2 2 
G:min [2, 7, 10] 7 2 
C:maj [0, 4, 7] 0 4 
F#:maj7/3 [1, 4, 6, 10] 10 2 
B:maj [3, 6, 11] 11 2 
B:maj(9) [1, 3, 6, 9, 11] 11 2 
Bb:min [1, 5, 10] 10 2 
Bb:min7 [1, 5, 8, 10] 10 1 
Eb:min [3, 6, 10] 3 1 
Ab:min [3, 8, 11] 8 2 
Ab:min7 [3, 6, 8, 11] 8 1 
C#:maj [1, 5, 8] 1 1 
F#:maj [1, 6, 10] 6 4 
B:maj [3, 6, 11] 11 2 
B:maj7 [3, 6, 9, 11] 11 2 
Bb:maj [2, 5, 10] 10 2 
Bb:7 [2, 5, 8, 10] 10 1 
Eb:min [3, 6, 10] 3 1 
Ab:min [3, 8, 11] 8 2 
Ab:min7 [3, 6, 8, 11] 8 1 
C#:maj [1, 5, 8] 1 1 
B:maj [3, 6, 11] 11 2 
F#:maj7/3 [1, 4, 6, 10] 10 2 
Ab:min [3, 8, 11] 8 2 
Ab:min7 [3, 6, 8, 11] 8 1 
C#:maj [1, 5, 8] 1 1 
F#:maj [1, 6, 10] 6 5 
