0 65
63 2
66 1
0 1
66 2
63 2
66 6
0 2
63 2
68 2
68 2
66 1
68 7
0 2
68 2
68 2
68 2
66 1
68 4
0 5
68 2
71 1
0 1
68 1
0 1
63 1
66 7
0 2
63 2
66 1
0 1
66 2
63 1
66 7
0 2
63 2
68 1
0 1
68 1
0 1
66 1
68 7
0 2
68 1
0 1
68 1
0 1
68 2
66 1
68 5
0 4
68 1
0 1
68 1
0 1
68 2
63 1
66 8
0 14
66 1
68 1
71 1
73 2
75 1
75 4
0 1
73 2
78 1
75 2
0 1
75 1
78 1
80 2
83 2
80 1
0 1
78 1
0 1
80 1
78 1
80 1
78 1
75 1
0 3
73 1
0 1
75 2
73 1
0 1
73 1
75 1
73 1
0 1
71 1
68 2
0 2
68 1
80 2
78 1
78 1
78 1
0 1
80 1
82 2
75 3
0 1
66 1
68 1
71 1
73 2
75 1
0 1
75 2
0 2
73 2
78 1
75 1
0 2
75 1
78 1
80 1
0 1
83 1
0 1
80 2
78 1
78 1
80 1
78 1
80 1
78 1
75 2
0 2
73 1
0 1
75 2
73 1
0 1
73 1
75 1
73 2
71 1
68 2
0 2
66 1
80 1
0 1
78 1
0 1
78 1
0 1
75 1
78 3
0 1
78 1
83 1
82 1
78 1
73 1
75 1
0 1
75 1
73 1
75 1
75 2
73 1
75 2
80 1
78 2
0 2
73 1
75 1
0 1
75 1
73 1
75 1
0 1
75 1
73 1
75 1
0 1
83 1
80 2
0 2
78 1
80 1
0 1
80 1
0 1
80 2
83 1
0 1
80 1
0 1
75 1
73 2
0 1
71 1
73 1
75 2
78 2
75 2
78 1
80 3
0 1
78 1
83 1
82 1
78 1
73 1
75 1
0 1
75 1
73 1
75 1
75 2
73 1
75 2
80 1
78 2
0 2
73 1
75 1
0 1
75 1
73 1
75 1
0 1
75 1
73 1
75 1
0 1
83 1
80 2
0 2
78 1
80 1
0 1
80 1
0 1
80 2
83 1
0 1
80 1
0 1
75 1
73 2
0 1
71 1
73 1
75 2
78 2
75 2
78 1
80 8
0 30
66 1
68 1
71 1
73 2
75 1
75 4
0 1
73 2
78 1
75 2
0 1
75 1
78 1
80 2
83 2
80 1
0 1
78 1
0 1
80 1
78 1
80 1
78 1
75 1
0 3
73 1
0 1
75 2
73 1
0 1
73 1
75 1
73 1
0 1
71 1
68 2
0 2
68 1
80 2
78 1
78 1
78 1
0 1
80 1
82 2
75 3
0 1
66 1
68 1
71 1
73 2
75 1
0 1
75 2
0 2
73 2
78 1
75 1
0 2
75 1
78 1
80 1
0 1
83 1
0 1
80 2
78 1
78 1
80 1
78 1
80 1
78 1
75 2
0 2
73 1
0 1
75 2
73 1
0 1
73 1
75 1
73 2
71 1
68 2
0 2
66 1
80 1
0 1
78 1
0 1
78 1
0 1
75 1
78 3
0 1
78 1
83 1
82 1
78 1
73 1
75 1
0 1
75 1
73 1
75 1
75 2
73 1
75 2
80 1
78 2
0 2
73 1
75 1
0 1
75 1
73 1
75 1
0 1
75 1
73 1
75 1
0 1
83 1
80 2
0 2
78 1
80 1
0 1
80 1
0 1
80 2
83 1
0 1
80 1
0 1
75 1
73 2
0 1
71 1
73 1
75 2
78 2
75 2
78 1
80 3
0 1
78 1
83 1
82 1
78 1
73 1
75 1
0 1
75 1
73 1
75 1
75 2
73 1
75 2
80 1
78 2
0 2
73 1
75 1
0 1
75 1
73 1
75 1
0 1
75 1
73 1
75 1
0 1
83 1
80 2
0 2
78 1
80 1
0 1
80 1
0 1
80 2
83 1
0 1
80 1
0 1
75 1
73 2
0 1
71 1
73 1
75 2
78 2
75 2
78 1
80 8
0 65
63 2
66 1
0 1
66 2
63 2
66 6
0 2
63 2
68 2
68 2
66 1
68 7
0 2
68 2
68 2
68 2
66 1
68 4
0 5
68 2
71 1
0 1
68 1
0 1
63 1
66 7
0 2
63 2
66 1
0 1
66 2
63 1
66 7
0 2
63 2
68 1
0 1
68 1
0 1
66 1
68 7
0 2
68 1
0 1
68 1
0 1
68 2
66 1
68 5
0 4
68 1
0 1
68 1
0 1
68 2
63 1
66 3
0 1
78 1
83 1
82 1
78 1
73 1
75 1
0 1
75 1
73 1
75 1
75 2
73 1
75 2
80 1
78 2
0 2
73 1
75 1
0 1
75 1
73 1
75 1
0 1
75 1
73 1
75 1
0 1
83 1
80 2
0 2
78 1
80 1
0 1
80 1
0 1
80 2
83 1
0 1
80 1
0 1
75 1
73 2
0 1
71 1
73 1
75 2
78 2
75 2
78 1
80 3
0 1
78 1
83 1
82 1
78 1
73 1
75 1
0 1
75 1
73 1
75 1
75 2
73 1
75 2
80 1
78 2
0 2
73 1
75 1
0 1
75 1
73 1
75 1
0 1
75 1
73 1
75 1
0 1
83 1
80 2
0 2
78 1
80 1
0 1
80 1
0 1
80 2
83 1
0 1
80 1
0 1
75 1
73 2
0 1
71 1
73 1
75 2
78 2
75 2
78 2
80 7
78 1
80 1
0 1
80 1
0 1
80 1
0 1
83 1
0 2
80 1
0 1
75 1
73 2
0 1
71 1
73 1
75 2
78 2
0 1
75 1
78 2
0 1
80 10
