G:maj [2, 7, 11] 7 4
D:maj [2, 6, 9] 2 4
E:min [4, 7, 11] 4 4
C:maj [0, 4, 7] 0 4
G:maj [2, 7, 11] 7 4
D:maj [2, 6, 9] 2 4
E:min [4, 7, 11] 4 4
B:min7 [2, 6, 9, 11] 11 4
C:maj [0, 4, 7] 0 2
D:maj [2, 6, 9] 2 2
B:min [2, 6, 11] 11 2
E:min [4, 7, 11] 4 2
A:min [0, 4, 9] 9 4
D:maj [2, 6, 9] 2 4
G:maj [2, 7, 11] 7 4
D:maj [2, 6, 9] 2 4
E:min [4, 7, 11] 4 4
B:min7 [2, 6, 9, 11] 11 4
C:maj [0, 4, 7] 0 2
D:maj [2, 6, 9] 2 2
G:maj [2, 7, 11] 7 2
E:min [4, 7, 11] 4 2
F:maj [0, 5, 9] 5 2
D:maj [2, 6, 9] 2 2
G:sus4 [0, 2, 7] 7 4
C:maj [0, 4, 7] 0 2
B:maj [3, 6, 11] 11 2
E:min [4, 7, 11] 4 2
A:maj [1, 4, 9] 9 2
C:maj [0, 4, 7] 0 2
D:maj [2, 6, 9] 2 2
G:maj [2, 7, 11] 7 4
C#:dim [1, 4, 7] 1 2
B:maj [3, 6, 11] 11 2
E:min [4, 7, 11] 4 2
A:7/5 [1, 4, 7, 9] 4 2
C#:dim [1, 4, 7] 1 4
B:maj [3, 6, 11] 11 4
E:maj [4, 8, 11] 4 4
B:maj [3, 6, 11] 11 4
C#:min [1, 4, 8] 1 4
Ab:min [3, 8, 11] 8 4
A:maj [1, 4, 9] 9 2
B:maj [3, 6, 11] 11 2
Ab:min [3, 8, 11] 8 2
C#:min [1, 4, 8] 1 2
F#:min [1, 6, 9] 6 4
B:maj [3, 6, 11] 11 4
E:maj [4, 8, 11] 4 4
B:maj [3, 6, 11] 11 4
C#:min [1, 4, 8] 1 4
Ab:min [3, 8, 11] 8 4
A:maj [1, 4, 9] 9 2
B:maj [3, 6, 11] 11 2
Ab:min [3, 8, 11] 8 2
C#:min [1, 4, 8] 1 2
F#:min [1, 6, 9] 6 2
B:maj [3, 6, 11] 11 2
E:maj [4, 8, 11] 4 8
G:maj [2, 7, 11] 7 6
D:maj [2, 6, 9] 2 2
E:min [4, 7, 11] 4 4
G:maj [2, 7, 11] 7 4
D:maj [2, 6, 9] 2 4
E:min [4, 7, 11] 4 4
B:min7 [2, 6, 9, 11] 11 4
C:maj [0, 4, 7] 0 2
D:maj [2, 6, 9] 2 2
G:maj [2, 7, 11] 7 2
E:min [4, 7, 11] 4 2
F:maj [0, 5, 9] 5 2
D:maj [2, 6, 9] 2 2
G:sus4 [0, 2, 7] 7 4
C:maj [0, 4, 7] 0 2
B:maj [3, 6, 11] 11 2
E:min [4, 7, 11] 4 4
C:maj [0, 4, 7] 0 2
D:maj [2, 6, 9] 2 2
G:maj [2, 7, 11] 7 4
C#:dim [1, 4, 7] 1 2
B:maj [3, 6, 11] 11 2
E:min [4, 7, 11] 4 2
A:7/5 [1, 4, 7, 9] 4 2
C#:dim [1, 4, 7] 1 4
B:maj [3, 6, 11] 11 4
E:maj [4, 8, 11] 4 4
B:maj [3, 6, 11] 11 4
C#:min [1, 4, 8] 1 4
Ab:min [3, 8, 11] 8 4
A:maj [1, 4, 9] 9 2
B:maj [3, 6, 11] 11 2
Ab:min [3, 8, 11] 8 2
C#:min [1, 4, 8] 1 2
F#:min [1, 6, 9] 6 4
B:maj [3, 6, 11] 11 4
E:maj [4, 8, 11] 4 4
B:maj [3, 6, 11] 11 4
C#:min [1, 4, 8] 1 4
Ab:min [3, 8, 11] 8 4
A:maj [1, 4, 9] 9 2
B:maj [3, 6, 11] 11 2
Ab:min [3, 8, 11] 8 2
C#:min [1, 4, 8] 1 2
F#:min [1, 6, 9] 6 2
B:maj [3, 6, 11] 11 6
E:maj [4, 8, 11] 4 4
B:maj [3, 6, 11] 11 4
C#:min [1, 4, 8] 1 4
A:maj [1, 4, 9] 9 2
