A:min [0, 4, 9] 9 4 
C:maj [0, 4, 7] 0 2 
E:min [4, 7, 11] 4 2 
G:maj [2, 7, 11] 7 4 
A:min [0, 4, 9] 9 8 
D:min [2, 5, 9] 2 2 
A:min [0, 4, 9] 9 2 
G:maj [2, 7, 11] 7 4 
C:maj [0, 4, 7] 0 2 
E:min [4, 7, 11] 4 2 
A:maj [1, 4, 9] 9 4 
D:min [2, 5, 9] 2 4 
G:maj [2, 7, 11] 7 4 
C:maj7 [0, 4, 7, 10] 0 2 
A:min [0, 4, 9] 9 6 
D:min [2, 5, 9] 2 2 
A:min [0, 4, 9] 9 2 
G:maj [2, 7, 11] 7 4 
C:maj [0, 4, 7] 0 2 
E:min [4, 7, 11] 4 2 
A:min [0, 4, 9] 9 4 
D:min [2, 5, 9] 2 4 
G:maj [2, 7, 11] 7 4 
C:maj7/5 [0, 4, 7, 10] 7 2 
D:maj/5 [2, 6, 9] 9 6 
G:maj [2, 7, 11] 7 2 
C:maj [0, 4, 7] 0 2 
G:maj [2, 7, 11] 7 4 
C:maj [0, 4, 7] 0 2 
E:min [4, 7, 11] 4 2 
A:min [0, 4, 9] 9 4 
G:maj [2, 7, 11] 7 2 
C:maj [0, 4, 7] 0 2 
G:maj [2, 7, 11] 7 4 
C:maj [0, 4, 7] 0 2 
A:min [0, 4, 9] 9 6 
G:maj [2, 7, 11] 7 2 
C:maj [0, 4, 7] 0 2 
G:maj [2, 7, 11] 7 4 
C:maj [0, 4, 7] 0 2 
E:min [4, 7, 11] 4 2 
A:min [0, 4, 9] 9 4 
C:maj [0, 4, 7] 0 2 
D:maj [2, 6, 9] 2 2 
G:maj [2, 7, 11] 7 4 
C:maj7 [0, 4, 7, 10] 0 2 
A:min [0, 4, 9] 9 42 
D:min [2, 5, 9] 2 2 
A:min [0, 4, 9] 9 2 
G:maj [2, 7, 11] 7 4 
C:maj [0, 4, 7] 0 2 
E:min [4, 7, 11] 4 2 
A:maj [1, 4, 9] 9 4 
D:min [2, 5, 9] 2 4 
G:maj [2, 7, 11] 7 4 
C:maj7 [0, 4, 7, 10] 0 2 
A:min [0, 4, 9] 9 6 
D:min [2, 5, 9] 2 2 
A:min [0, 4, 9] 9 2 
G:maj [2, 7, 11] 7 4 
C:maj [0, 4, 7] 0 2 
E:min [4, 7, 11] 4 2 
A:min [0, 4, 9] 9 4 
D:min [2, 5, 9] 2 4 
G:maj [2, 7, 11] 7 4 
C:maj7/5 [0, 4, 7, 10] 7 2 
D:maj/5 [2, 6, 9] 9 6 
G:maj [2, 7, 11] 7 2 
C:maj [0, 4, 7] 0 2 
G:maj [2, 7, 11] 7 4 
C:maj [0, 4, 7] 0 2 
E:min [4, 7, 11] 4 2 
A:min [0, 4, 9] 9 4 
G:maj [2, 7, 11] 7 2 
C:maj [0, 4, 7] 0 2 
G:maj [2, 7, 11] 7 4 
C:maj [0, 4, 7] 0 2 
A:min [0, 4, 9] 9 6 
G:maj [2, 7, 11] 7 2 
C:maj [0, 4, 7] 0 2 
G:maj [2, 7, 11] 7 4 
C:maj [0, 4, 7] 0 2 
E:min [4, 7, 11] 4 2 
A:min [0, 4, 9] 9 4 
C:maj [0, 4, 7] 0 2 
D:maj [2, 6, 9] 2 2 
G:maj [2, 7, 11] 7 4 
C:maj7 [0, 4, 7, 10] 0 2 
A:min [0, 4, 9] 9 6 
C:maj [0, 4, 7] 0 2 
E:maj [4, 8, 11] 4 2 
G:maj [2, 7, 11] 7 4 
C:maj7/7 [0, 4, 7, 10] 11 1 
C:maj [0, 4, 7] 0 1 
