0 64
57 2
64 1
0 1
64 1
0 1
64 1
0 1
64 1
0 1
64 1
0 1
62 1
0 1
60 1
0 1
62 1
0 1
62 1
0 1
60 2
59 1
0 1
57 2
0 6
59 1
0 1
59 1
0 1
59 1
0 1
60 1
0 1
62 2
55 1
0 1
55 1
0 1
55 1
0 1
60 2
59 1
0 1
60 1
0 1
62 1
0 1
64 4
0 4
57 1
0 1
69 1
0 1
69 1
0 1
67 1
0 1
69 1
0 1
69 2
67 1
0 1
64 2
62 1
0 1
62 2
57 2
64 1
0 1
62 5
0 3
55 2
67 1
0 1
67 1
0 1
67 1
0 1
67 1
0 1
67 2
64 1
0 1
62 1
0 1
60 1
0 1
59 2
55 2
59 1
0 1
57 5
0 3
57 2
64 1
0 1
64 1
0 1
64 1
0 1
64 1
0 1
64 1
0 1
62 1
0 1
60 1
0 1
62 1
0 1
62 1
0 1
60 1
0 1
59 2
57 5
0 3
59 1
0 1
59 1
0 1
59 1
0 1
60 1
0 1
62 1
0 1
55 1
0 1
55 1
0 1
55 1
0 1
60 1
0 1
59 1
0 1
60 1
0 1
62 1
0 1
64 3
0 5
57 2
69 1
0 1
69 1
0 1
67 1
0 1
69 1
0 1
69 1
0 1
67 1
0 1
64 1
0 1
62 1
0 1
62 1
0 1
57 2
64 1
0 1
62 4
0 4
55 1
0 1
67 1
0 1
67 1
0 1
67 1
0 1
67 1
0 1
67 1
67 1
64 1
0 1
62 1
0 1
60 1
0 1
59 2
55 2
59 1
0 1
57 4
0 4
64 3
0 1
69 2
0 2
72 1
0 1
71 1
0 1
69 3
0 1
69 2
67 2
62 2
67 2
64 3
0 5
57 2
62 1
0 1
62 1
0 1
64 1
0 1
67 1
0 1
67 1
0 1
67 1
0 1
69 1
0 1
67 1
0 1
64 1
0 1
64 1
0 1
62 1
0 1
64 6
0 2
64 2
0 2
69 2
0 2
72 2
71 2
69 1
0 3
69 2
67 1
67 1
62 1
0 1
67 1
0 1
64 4
0 4
62 1
0 1
62 1
62 1
62 1
0 1
64 1
0 1
67 1
0 1
67 1
0 1
67 1
0 1
64 1
0 1
72 2
71 1
0 1
69 1
0 1
67 1
0 1
69 5
0 3
64 3
0 1
69 2
0 2
72 1
0 1
71 1
0 1
69 3
0 1
69 2
67 2
62 2
67 2
64 3
0 5
57 2
62 1
0 1
62 1
0 1
64 1
0 1
67 1
0 1
67 1
0 1
67 1
0 1
69 1
0 1
67 1
0 1
64 1
0 1
64 1
0 1
62 1
0 1
64 6
0 2
64 2
0 2
69 2
0 2
72 2
71 2
69 1
0 3
69 2
76 1
0 1
74 1
0 1
72 1
0 1
74 5
0 3
71 1
0 1
71 1
0 1
71 1
0 1
72 1
0 1
74 1
0 1
74 1
0 1
74 1
0 1
76 1
0 1
72 1
0 1
71 1
0 1
69 1
0 1
67 1
0 1
69 8
0 144
57 2
64 1
0 1
64 1
0 1
64 1
0 1
64 1
0 1
64 1
0 1
62 1
0 1
60 1
0 1
62 1
0 1
62 1
0 1
60 2
59 1
0 1
57 2
0 6
59 1
0 1
59 1
0 1
59 1
0 1
60 1
0 1
62 2
55 1
0 1
55 1
0 1
55 1
0 1
60 2
59 1
0 1
60 1
0 1
62 1
0 1
64 4
0 4
57 1
0 1
69 1
0 1
69 1
0 1
67 1
0 1
69 1
0 1
69 2
67 1
0 1
64 2
62 1
0 1
62 2
57 2
64 1
0 1
62 5
0 3
55 2
67 1
0 1
67 1
0 1
67 1
0 1
67 1
0 1
67 2
64 1
0 1
62 1
0 1
60 1
0 1
59 2
55 2
59 1
0 1
57 5
0 3
57 2
64 1
0 1
64 1
0 1
64 1
0 1
64 1
0 1
64 1
0 1
62 1
0 1
60 1
0 1
62 1
0 1
62 1
0 1
60 1
0 1
59 2
57 5
0 3
59 1
0 1
59 1
0 1
59 1
0 1
60 1
0 1
62 1
0 1
55 1
0 1
55 1
0 1
55 1
0 1
60 1
0 1
59 1
0 1
60 1
0 1
62 1
0 1
64 3
0 5
57 2
69 1
0 1
69 1
0 1
67 1
0 1
69 1
0 1
69 1
0 1
67 1
0 1
64 1
0 1
62 1
0 1
62 1
0 1
57 2
64 1
0 1
62 4
0 4
55 1
0 1
67 1
0 1
67 1
0 1
67 1
0 1
67 1
0 1
67 1
67 1
64 1
0 1
62 1
0 1
60 1
0 1
59 2
55 2
59 1
0 1
57 4
0 4
64 3
0 1
69 2
0 2
72 1
0 1
71 1
0 1
69 3
0 1
69 2
67 2
62 2
67 2
64 3
0 5
57 2
62 1
0 1
62 1
0 1
64 1
0 1
67 1
0 1
67 1
0 1
67 1
0 1
69 1
0 1
67 1
0 1
64 1
0 1
64 1
0 1
62 1
0 1
64 6
0 2
64 2
0 2
69 2
0 2
72 2
71 2
69 1
0 3
69 2
67 1
67 1
62 1
0 1
67 1
0 1
64 4
0 4
62 1
0 1
62 1
62 1
62 1
0 1
64 1
0 1
67 1
0 1
67 1
0 1
67 1
0 1
64 1
0 1
72 2
71 1
0 1
69 1
0 1
67 1
0 1
69 5
0 3
64 3
0 1
69 2
0 2
72 1
0 1
71 1
0 1
69 3
0 1
69 2
67 2
62 2
67 2
64 3
0 5
57 2
62 1
0 1
62 1
0 1
64 1
0 1
67 1
0 1
67 1
0 1
67 1
0 1
69 1
0 1
67 1
0 1
64 1
0 1
64 1
0 1
62 1
0 1
64 6
0 2
64 2
0 2
69 2
0 2
72 2
71 2
69 1
0 3
69 2
76 1
0 1
74 1
0 1
72 1
0 1
74 5
0 3
71 1
0 1
71 1
0 1
71 1
0 1
72 1
0 1
74 1
0 1
74 1
0 1
74 1
0 1
76 1
0 1
72 1
0 1
71 1
0 1
69 1
0 1
67 1
0 1
69 8
