Ab:maj [0, 3, 8] 8 4
C:min [0, 3, 7] 0 4
C#:maj [1, 5, 8] 1 4
F#:maj [1, 6, 10] 6 2
Eb:maj [3, 7, 10] 3 2
Ab:maj [0, 3, 8] 8 4
C:min [0, 3, 7] 0 4
C#:maj [1, 5, 8] 1 4
F#:maj [1, 6, 10] 6 4
Eb:maj [3, 7, 10] 3 4
Ab:maj [0, 3, 8] 8 4
C:min [0, 3, 7] 0 4
C#:maj [1, 5, 8] 1 4
Bb:min [1, 5, 10] 10 2
Eb:maj [3, 7, 10] 3 4
Ab:maj [0, 3, 8] 8 4
C:min [0, 3, 7] 0 4
C#:maj [1, 5, 8] 1 4
F#:maj [1, 6, 10] 6 2
Eb:maj [3, 7, 10] 3 4
Bb:min [1, 5, 10] 10 4
C#:maj [1, 5, 8] 1 2
Ab:maj [0, 3, 8] 8 4
Bb:min [1, 5, 10] 10 4
C#:maj [1, 5, 8] 1 2
Eb:maj [3, 7, 10] 3 4
Ab:maj [0, 3, 8] 8 4
C:min [0, 3, 7] 0 4
C#:maj [1, 5, 8] 1 2
Ab:maj [0, 3, 8] 8 2
Eb:maj [3, 7, 10] 3 4
Ab:maj [0, 3, 8] 8 4
C:min [0, 3, 7] 0 4
C#:maj [1, 5, 8] 1 2
Ab:maj [0, 3, 8] 8 2
Bb:min [1, 5, 10] 10 2
Bb:min7 [1, 5, 8, 10] 10 1
Eb:sus4(b7 [3, 8, 10] 3 1
C#:maj [1, 5, 8] 1 2
Eb:maj [3, 7, 10] 3 2
Ab:maj [0, 3, 8] 8 4
F#:maj [1, 6, 10] 6 4
Ab:maj [0, 3, 8] 8 4
F#:maj [1, 6, 10] 6 4
Ab:maj [0, 3, 8] 8 4
Bb:min [1, 5, 10] 10 4
C:min [0, 3, 7] 0 4
C#:maj [1, 5, 8] 1 4
Eb:maj [3, 7, 10] 3 4
Ab:maj [0, 3, 8] 8 4
C:min [0, 3, 7] 0 4
C#:maj [1, 5, 8] 1 4
Bb:min [1, 5, 10] 10 2
Eb:maj [3, 7, 10] 3 4
Ab:maj [0, 3, 8] 8 4
C:min [0, 3, 7] 0 4
C#:maj [1, 5, 8] 1 4
F#:maj [1, 6, 10] 6 2
Eb:maj [3, 7, 10] 3 4
Bb:min [1, 5, 10] 10 4
C#:maj [1, 5, 8] 1 2
Ab:maj [0, 3, 8] 8 4
Bb:min [1, 5, 10] 10 4
C#:maj [1, 5, 8] 1 2
Eb:maj [3, 7, 10] 3 4
Ab:maj [0, 3, 8] 8 4
C:min [0, 3, 7] 0 4
C#:maj [1, 5, 8] 1 2
Ab:maj [0, 3, 8] 8 2
Eb:maj [3, 7, 10] 3 4
Ab:maj [0, 3, 8] 8 4
C:min [0, 3, 7] 0 4
C#:maj [1, 5, 8] 1 2
Ab:maj [0, 3, 8] 8 2
Bb:min [1, 5, 10] 10 2
Bb:min7 [1, 5, 8, 10] 10 1
Eb:sus4(b7 [3, 8, 10] 3 1
C#:maj [1, 5, 8] 1 2
Eb:maj [3, 7, 10] 3 2
E:maj [4, 8, 11] 4 4
F#:maj [1, 6, 10] 6 4
E:maj [4, 8, 11] 4 4
Bb:maj [2, 5, 10] 10 2
Eb:maj [3, 7, 10] 3 2
Ab:maj [0, 3, 8] 8 4
C:min [0, 3, 7] 0 4
C#:maj [1, 5, 8] 1 2
Ab:maj [0, 3, 8] 8 2
Eb:maj [3, 7, 10] 3 4
Ab:maj [0, 3, 8] 8 4
C:min [0, 3, 7] 0 4
C#:maj [1, 5, 8] 1 2
Ab:maj [0, 3, 8] 8 2
Eb:maj [3, 7, 10] 3 2
Eb:sus4(b7 [3, 8, 10] 3 2
C#:maj [1, 5, 8] 1 2
Eb:maj [3, 7, 10] 3 2
Ab:maj [0, 3, 8] 8 4
Bb:min [1, 5, 10] 10 2
Eb:maj [3, 7, 10] 3 3
Ab:maj [0, 3, 8] 8 3
Ab:sus2 [3, 8, 10] 8 6
