0 136
63 2
65 2
68 2
70 2
72 6
0 2
73 2
72 2
70 2
68 2
72 7
0 1
73 2
72 2
73 2
75 2
72 1
70 1
68 1
0 1
68 9
0 1
65 1
68 1
73 4
73 1
0 1
72 1
0 1
70 7
0 1
63 2
65 2
68 2
70 2
72 6
0 2
73 2
72 2
70 2
68 2
72 7
0 1
73 2
72 2
73 2
75 2
72 1
70 1
68 1
0 1
68 9
0 1
65 1
68 1
73 4
73 1
0 1
72 1
0 1
70 7
0 5
70 2
68 2
70 5
0 1
70 1
72 1
73 2
72 2
70 2
68 2
65 2
68 2
70 2
68 2
70 2
72 1
72 5
0 4
70 2
68 1
70 6
0 1
70 1
72 1
73 2
72 2
70 2
68 2
65 2
68 2
70 2
77 4
75 4
0 5
75 2
73 1
0 1
72 1
75 10
0 1
75 2
73 1
0 1
72 1
75 6
77 2
75 4
75 1
73 1
0 1
72 1
73 2
75 1
77 4
0 1
75 2
73 1
72 2
0 1
72 1
75 1
72 1
70 1
0 1
70 1
70 2
75 1
77 1
75 1
0 1
70 2
75 1
73 1
0 1
72 1
75 10
0 1
75 2
73 1
0 1
72 1
75 6
77 2
75 4
0 1
73 1
73 1
72 1
73 2
75 1
77 4
0 1
75 2
73 1
72 2
0 1
72 1
75 1
72 1
70 1
0 1
70 1
70 4
0 6
70 1
72 1
73 2
72 2
70 2
68 2
67 1
0 1
65 2
63 1
0 1
70 2
68 8
0 128
63 2
65 2
68 2
70 2
72 6
0 2
73 2
72 2
70 2
68 2
72 7
0 1
73 2
72 2
73 2
75 2
72 1
70 1
68 1
0 1
68 9
0 1
65 1
68 1
73 4
73 1
0 1
72 1
0 1
70 7
0 1
63 2
65 2
68 2
70 2
72 6
0 2
73 2
72 2
70 2
68 2
72 7
0 1
73 2
72 2
73 2
75 2
72 1
70 1
68 1
0 1
68 9
0 1
65 1
68 1
73 4
73 1
0 1
72 1
0 1
70 7
0 5
70 2
68 2
70 5
0 1
70 1
72 1
73 2
72 2
70 2
68 2
65 2
68 2
70 2
68 2
70 2
72 1
72 5
0 4
70 2
68 1
70 6
0 1
70 1
72 1
73 2
72 2
70 2
68 2
65 2
68 2
70 2
77 4
75 4
0 5
75 2
73 1
0 1
72 1
75 10
0 1
75 2
73 1
0 1
72 1
75 6
77 2
75 4
75 1
73 1
0 1
72 1
73 2
75 1
77 4
0 1
75 2
73 1
72 2
0 1
72 1
75 1
72 1
70 1
0 1
70 1
70 2
75 1
77 1
75 1
0 1
70 2
75 1
73 1
0 1
72 1
75 10
0 1
75 2
73 1
0 1
72 1
75 6
77 2
75 4
0 1
73 1
73 1
72 1
73 2
75 1
77 4
0 1
75 2
73 1
72 2
0 1
72 1
75 1
72 1
70 1
0 1
70 1
70 4
0 6
70 1
72 1
73 2
72 2
70 2
68 2
67 1
0 1
65 2
63 1
0 1
70 2
68 8
0 48
75 3
75 1
0 1
80 3
75 10
0 1
75 2
73 1
0 1
72 1
75 6
77 2
75 4
75 1
73 1
0 1
72 1
73 2
75 1
77 4
0 1
75 2
73 1
72 2
0 1
72 1
75 1
72 1
70 1
0 1
70 1
70 2
75 1
77 1
75 1
0 1
70 2
75 1
73 1
0 1
72 1
75 10
0 1
75 2
73 1
0 1
72 1
75 6
77 2
75 4
0 1
73 1
73 1
72 1
73 2
75 1
77 4
0 1
75 2
73 1
72 2
0 1
72 1
75 1
72 1
70 1
0 1
70 1
70 4
0 6
70 1
72 1
73 2
72 2
70 2
68 2
67 1
0 1
65 2
63 1
0 1
70 2
68 8
0 6
70 1
72 1
73 2
72 2
70 2
68 2
67 2
65 3
63 3
70 9
0 4
68 9
