F:min [0, 5, 8] 5 2 
Ab:maj [0, 3, 8] 8 2 
Bb:min [1, 5, 10] 10 2 
C:min [0, 3, 7] 0 2 
C#:maj/3 [1, 5, 8] 5 3 
F:min [0, 5, 8] 5 17 
C#:maj/3 [1, 5, 8] 5 3 
F:min [0, 5, 8] 5 5 
Ab:maj [0, 3, 8] 8 3 
F:min [0, 5, 8] 5 5 
Ab:maj7 [0, 3, 6, 8] 8 2 
C#:maj [1, 5, 8] 1 2 
F:min [0, 5, 8] 5 3 
Eb:maj [3, 7, 10] 3 1 
Ab:maj [0, 3, 8] 8 2 
C#:maj [1, 5, 8] 1 1 
Eb:maj [3, 7, 10] 3 1 
F:min7 [0, 3, 5, 8] 5 4 
Ab:maj [0, 3, 8] 8 2 
C#:maj [1, 5, 8] 1 2 
F:min [0, 5, 8] 5 4 
Ab:maj7 [0, 3, 6, 8] 8 2 
C#:sus2 [1, 3, 8] 1 1 
C#:maj [1, 5, 8] 1 1 
F:min [0, 5, 8] 5 8 
Ab:maj [0, 3, 8] 8 2 
Eb:maj/3 [3, 7, 10] 7 2 
F:min7 [0, 3, 5, 8] 5 4 
C#:maj [1, 5, 8] 1 4 
Eb:maj [3, 7, 10] 3 4 
Ab:maj [0, 3, 8] 8 4 
Bb:maj [2, 5, 10] 10 4 
C#:sus2 [1, 3, 8] 1 2 
C#:maj [1, 5, 8] 1 2 
F:sus2 [0, 5, 7] 5 4 
C#:maj [1, 5, 8] 1 1 
Eb:maj [3, 7, 10] 3 1 
Ab:maj [0, 3, 8] 8 2 
Eb:maj [3, 7, 10] 3 2 
Bb:sus4 [3, 5, 10] 10 2 
F:min [0, 5, 8] 5 2 
Ab:maj7 [0, 3, 6, 8] 8 2 
Eb:sus2 [3, 5, 10] 3 2 
Bb:min7 [1, 5, 8, 10] 10 2 
F:min [0, 5, 8] 5 4 
Ab:maj [0, 3, 8] 8 2 
F:min7 [0, 3, 5, 8] 5 2 
C:min7 [0, 3, 7, 10] 0 2 
F:min [0, 5, 8] 5 2 
Ab:maj [0, 3, 8] 8 2 
F:min [0, 5, 8] 5 2 
C:min7 [0, 3, 7, 10] 0 2 
F:min [0, 5, 8] 5 6 
Bb:min [1, 5, 10] 10 2 
Eb:sus4 [3, 8, 10] 3 2 
Ab:maj [0, 3, 8] 8 2 
Eb:maj [3, 7, 10] 3 2 
C#:maj [1, 5, 8] 1 2 
Eb:maj [3, 7, 10] 3 2 
Ab:maj [0, 3, 8] 8 2 
Ab:maj7/5 [0, 3, 6, 8] 3 2 
F:min [0, 5, 8] 5 4 
F:sus4(b7) [0, 5, 10] 5 2 
C#:sus2 [1, 3, 8] 1 2 
F:sus2 [0, 5, 7] 5 11 
Eb:maj [3, 7, 10] 3 1 
Ab:maj [0, 3, 8] 8 3 
F:min [0, 5, 8] 5 5 
Ab:maj7 [0, 3, 6, 8] 8 2 
C#:maj [1, 5, 8] 1 2 
F:min [0, 5, 8] 5 3 
Eb:maj [3, 7, 10] 3 1 
Ab:maj [0, 3, 8] 8 2 
C#:maj [1, 5, 8] 1 1 
Eb:maj [3, 7, 10] 3 1 
F:min7 [0, 3, 5, 8] 5 4 
Ab:maj [0, 3, 8] 8 2 
C#:maj [1, 5, 8] 1 2 
F:min [0, 5, 8] 5 3 
Eb:sus2 [3, 5, 10] 3 1 
Ab:maj7 [0, 3, 6, 8] 8 2 
C#:sus2 [1, 3, 8] 1 1 
C#:maj [1, 5, 8] 1 1 
F:min [0, 5, 8] 5 4 
C#:maj7 [1, 5, 8, 11] 1 1 
F:min7/b7 [0, 3, 5, 8] 3 1 
Ab:maj [0, 3, 8] 8 2 
Eb:maj [3, 7, 10] 3 2 
Bb:sus4 [3, 5, 10] 10 2 
F:min [0, 5, 8] 5 2 
Ab:maj7 [0, 3, 6, 8] 8 2 
Eb:sus2 [3, 5, 10] 3 2 
Bb:min7 [1, 5, 8, 10] 10 2 
F:min [0, 5, 8] 5 4 
Ab:maj [0, 3, 8] 8 2 
F:min7 [0, 3, 5, 8] 5 2 
C:min7 [0, 3, 7, 10] 0 2 
F:min [0, 5, 8] 5 2 
Ab:maj [0, 3, 8] 8 2 
F:min [0, 5, 8] 5 2 
C:min7 [0, 3, 7, 10] 0 2 
F:min [0, 5, 8] 5 2 
Ab:maj [0, 3, 8] 8 2 
F:min [0, 5, 8] 5 2 
Bb:min [1, 5, 10] 10 2 
Eb:sus4 [3, 8, 10] 3 2 
Ab:maj [0, 3, 8] 8 2 
Eb:maj [3, 7, 10] 3 2 
C#:maj [1, 5, 8] 1 2 
Eb:maj [3, 7, 10] 3 2 
Ab:maj [0, 3, 8] 8 2 
Ab:maj7/5 [0, 3, 6, 8] 3 2 
F:min [0, 5, 8] 5 4 
F:sus4(b7) [0, 5, 10] 5 2 
C#:sus2 [1, 3, 8] 1 2 
F:sus2 [0, 5, 7] 5 7 
F:min [0, 5, 8] 5 5 
Ab:maj [0, 3, 8] 8 3 
F:min [0, 5, 8] 5 5 
Ab:maj7 [0, 3, 6, 8] 8 2 
C#:maj [1, 5, 8] 1 2 
F:min [0, 5, 8] 5 4 
Ab:maj [0, 3, 8] 8 2 
C#:maj [1, 5, 8] 1 1 
Eb:maj [3, 7, 10] 3 1 
F:min7 [0, 3, 5, 8] 5 4 
Ab:maj [0, 3, 8] 8 2 
C#:maj [1, 5, 8] 1 1 
Eb:maj [3, 7, 10] 3 1 
F:min7 [0, 3, 5, 8] 5 2 
Eb:maj [3, 7, 10] 3 2 
Ab:maj [0, 3, 8] 8 2 
Eb:maj [3, 7, 10] 3 2 
F:min7 [0, 3, 5, 8] 5 4 
Ab:maj [0, 3, 8] 8 2 
Eb:maj [3, 7, 10] 3 2 
F:sus4(b7) [0, 5, 10] 5 2 
F:maj [0, 5, 9] 5 2 
Ab:maj [0, 3, 8] 8 2 
Eb:maj [3, 7, 10] 3 2 
F:min [0, 5, 8] 5 6 
Ab:maj [0, 3, 8] 8 2 
Bb:min [1, 5, 10] 10 2 
C:min7 [0, 3, 7, 10] 0 2 
F:min [0, 5, 8] 5 4 
