D:min [2, 5, 9] 2 4 
C:maj [0, 4, 7] 0 4 
G:min [2, 7, 10] 7 4 
A:maj [1, 4, 9] 9 4 
D:min [2, 5, 9] 2 2 
C#:aug [1, 5, 9] 1 2 
C:sus4 [0, 5, 7] 0 2 
B:dim [2, 5, 11] 11 2 
A:min [0, 4, 9] 9 3 
F:maj7/3 [0, 3, 5, 9] 9 1 
D:min [2, 5, 9] 2 4 
D:maj [2, 6, 9] 2 16 
G:min [2, 7, 10] 7 4 
D:min [2, 5, 9] 2 4 
G:maj [2, 7, 11] 7 4 
Bb:maj [2, 5, 10] 10 2 
C:maj [0, 4, 7] 0 2 
F:maj [0, 5, 9] 5 2 
A:maj [1, 4, 9] 9 2 
D:min [2, 5, 9] 2 12 
G:min [2, 7, 10] 7 4 
D:min [2, 5, 9] 2 4 
G:maj [2, 7, 11] 7 4 
Bb:maj [2, 5, 10] 10 2 
C:maj [0, 4, 7] 0 2 
D:min [2, 5, 9] 2 8 
G:min [2, 7, 10] 7 4 
Bb:maj [2, 5, 10] 10 4 
C:maj [0, 4, 7] 0 4 
D:min [2, 5, 9] 2 4 
G:min [2, 7, 10] 7 4 
Bb:maj [2, 5, 10] 10 2 
C:maj [0, 4, 7] 0 2 
Bb:maj [2, 5, 10] 10 1 
C:maj [0, 4, 7] 0 1 
D:min [2, 5, 9] 2 6 
G:min [2, 7, 10] 7 4 
Bb:maj [2, 5, 10] 10 4 
C:maj [0, 4, 7] 0 4 
D:min [2, 5, 9] 2 4 
G:min [2, 7, 10] 7 4 
Bb:maj [2, 5, 10] 10 2 
C:maj [0, 4, 7] 0 4 
D:sus2 [2, 4, 9] 2 10 
G:min [2, 7, 10] 7 3 
C:maj [0, 4, 7] 0 1 
D:min [2, 5, 9] 2 12 
G:min [2, 7, 10] 7 1 
A:min [0, 4, 9] 9 1 
F:maj7/3 [0, 3, 5, 9] 9 2 
D:min [2, 5, 9] 2 20 
G:min [2, 7, 10] 7 4 
D:min [2, 5, 9] 2 4 
G:maj [2, 7, 11] 7 4 
Bb:maj [2, 5, 10] 10 2 
C:maj [0, 4, 7] 0 2 
F:maj [0, 5, 9] 5 2 
A:maj [1, 4, 9] 9 2 
D:min [2, 5, 9] 2 12 
G:min [2, 7, 10] 7 4 
D:min [2, 5, 9] 2 4 
G:maj [2, 7, 11] 7 4 
Bb:maj [2, 5, 10] 10 2 
C:maj [0, 4, 7] 0 2 
D:min [2, 5, 9] 2 8 
G:min [2, 7, 10] 7 4 
Bb:maj [2, 5, 10] 10 4 
C:maj [0, 4, 7] 0 4 
D:min [2, 5, 9] 2 4 
G:min [2, 7, 10] 7 4 
Bb:maj [2, 5, 10] 10 2 
C:maj [0, 4, 7] 0 2 
Bb:maj [2, 5, 10] 10 1 
C:maj [0, 4, 7] 0 1 
D:min [2, 5, 9] 2 6 
G:min [2, 7, 10] 7 4 
Bb:maj [2, 5, 10] 10 4 
C:maj [0, 4, 7] 0 4 
D:min [2, 5, 9] 2 4 
G:min [2, 7, 10] 7 4 
Bb:maj [2, 5, 10] 10 2 
C:maj [0, 4, 7] 0 2 
Bb:maj [2, 5, 10] 10 1 
C:maj [0, 4, 7] 0 1 
D:sus2 [2, 4, 9] 2 10 
G:min [2, 7, 10] 7 4 
D:min [2, 5, 9] 2 12 
G:min [2, 7, 10] 7 1 
G:sus2 [2, 7, 9] 7 1 
F:maj7/3 [0, 3, 5, 9] 9 4 
D:min [2, 5, 9] 2 3 
C:sus2 [0, 2, 7] 0 1 
