F:maj [0, 5, 9] 5 4 
D:min [2, 5, 9] 2 4 
Bb:maj [2, 5, 10] 10 4 
C:sus2 [0, 2, 7] 0 4 
F:maj [0, 5, 9] 5 4 
D:sus2 [2, 4, 9] 2 4 
Bb:maj [2, 5, 10] 10 4 
C:sus2 [0, 2, 7] 0 4 
F:maj [0, 5, 9] 5 4 
D:min [2, 5, 9] 2 4 
Bb:maj [2, 5, 10] 10 4 
C:maj [0, 4, 7] 0 4 
Bb:maj [2, 5, 10] 10 2 
C:maj [0, 4, 7] 0 2 
A:min [0, 4, 9] 9 2 
D:min [2, 5, 9] 2 2 
G:maj [2, 7, 11] 7 2 
C:maj [0, 4, 7] 0 2 
F:maj [0, 5, 9] 5 4 
Bb:maj [2, 5, 10] 10 2 
C:maj [0, 4, 7] 0 2 
A:min [0, 4, 9] 9 2 
D:min [2, 5, 9] 2 2 
G:min [2, 7, 10] 7 2 
Bb:maj [2, 5, 10] 10 2 
C:maj [0, 4, 7] 0 4 
D:min [2, 5, 9] 2 2 
A:min [0, 4, 9] 9 2 
Bb:maj [2, 5, 10] 10 2 
F:maj [0, 5, 9] 5 2 
D:min [2, 5, 9] 2 2 
A:min [0, 4, 9] 9 2 
Bb:maj [2, 5, 10] 10 4 
G:min [2, 7, 10] 7 2 
C:maj [0, 4, 7] 0 2 
A:min [0, 4, 9] 9 2 
D:min [2, 5, 9] 2 2 
G:min [2, 7, 10] 7 2 
Bb:maj [2, 5, 10] 10 2 
C:sus2 [0, 2, 7] 0 4 
D:min [2, 5, 9] 2 2 
A:min [0, 4, 9] 9 2 
Bb:maj [2, 5, 10] 10 2 
F:maj [0, 5, 9] 5 2 
D:min [2, 5, 9] 2 2 
A:min [0, 4, 9] 9 2 
Bb:maj [2, 5, 10] 10 4 
G:min [2, 7, 10] 7 2 
C:maj [0, 4, 7] 0 2 
A:min [0, 4, 9] 9 2 
D:min [2, 5, 9] 2 2 
G:min [2, 7, 10] 7 2 
C:sus2 [0, 2, 7] 0 2 
F:maj [0, 5, 9] 5 4 
C:min [0, 3, 7] 0 2 
Bb:maj [2, 5, 10] 10 2 
F:maj [0, 5, 9] 5 4 
C:min [0, 3, 7] 0 4 
E:hdim7 [1, 4, 7, 10] 4 2 
C:maj [0, 4, 7] 0 2 
Bb:maj [2, 5, 10] 10 2 
C:maj [0, 4, 7] 0 2 
A:min [0, 4, 9] 9 2 
D:min [2, 5, 9] 2 2 
G:min [2, 7, 10] 7 2 
Bb:maj [2, 5, 10] 10 2 
C:maj [0, 4, 7] 0 4 
D:min [2, 5, 9] 2 2 
A:min [0, 4, 9] 9 2 
Bb:maj [2, 5, 10] 10 2 
F:maj [0, 5, 9] 5 2 
D:min [2, 5, 9] 2 2 
A:min [0, 4, 9] 9 2 
Bb:maj [2, 5, 10] 10 4 
G:min [2, 7, 10] 7 2 
C:maj [0, 4, 7] 0 2 
A:min [0, 4, 9] 9 2 
D:min [2, 5, 9] 2 2 
G:min [2, 7, 10] 7 2 
Bb:maj [2, 5, 10] 10 2 
C:sus2 [0, 2, 7] 0 4 
D:min [2, 5, 9] 2 2 
A:min [0, 4, 9] 9 2 
Bb:maj [2, 5, 10] 10 2 
F:maj [0, 5, 9] 5 2 
D:min [2, 5, 9] 2 2 
A:min [0, 4, 9] 9 2 
Bb:maj [2, 5, 10] 10 4 
G:min [2, 7, 10] 7 2 
C:maj [0, 4, 7] 0 2 
A:min [0, 4, 9] 9 2 
D:min [2, 5, 9] 2 2 
G:min [2, 7, 10] 7 2 
C:sus2 [0, 2, 7] 0 2 
Bb:maj [2, 5, 10] 10 4 
A:min [0, 4, 9] 9 4 
Ab:maj [0, 3, 8] 8 4 
C:maj [0, 4, 7] 0 4 
G:min [2, 7, 10] 7 2 
C:maj [0, 4, 7] 0 2 
A:min [0, 4, 9] 9 2 
D:min [2, 5, 9] 2 2 
G:min [2, 7, 10] 7 2 
C:sus2 [0, 2, 7] 0 2 
D:min [2, 5, 9] 2 2 
G:maj/3 [2, 7, 11] 11 2 
G:min/b3 [2, 7, 10] 10 1 
A:maj [1, 4, 9] 9 1 
G:maj [2, 7, 11] 7 10 
F:maj [0, 5, 9] 5 4 
D:min [2, 5, 9] 2 4 
Bb:maj [2, 5, 10] 10 4 
C:sus2 [0, 2, 7] 0 4 
