0 66
69 1
67 1
69 2
67 1
69 3
67 1
69 3
67 1
69 9
0 10
69 1
67 1
69 2
67 1
69 3
67 1
69 3
72 1
69 8
0 3
67 6
0 2
69 1
67 1
69 2
67 1
69 3
67 1
69 3
72 1
69 9
0 10
69 1
67 1
69 2
67 1
69 3
67 1
74 3
72 1
67 8
0 7
65 2
74 6
74 2
76 2
77 1
76 2
72 1
69 1
72 5
0 3
69 1
74 2
69 1
67 3
69 1
70 3
69 1
70 3
69 1
70 3
69 1
72 3
65 1
69 9
0 4
65 1
64 1
65 1
74 7
0 1
74 1
79 2
77 1
76 2
72 1
69 1
72 5
0 2
77 5
0 1
67 2
69 1
69 2
70 1
70 2
69 2
65 1
69 2
70 1
70 2
69 2
65 1
72 10
0 5
74 1
76 1
77 2
69 1
69 2
0 1
77 1
76 3
69 1
69 3
76 1
74 3
65 1
65 3
74 1
72 6
0 1
74 1
76 1
77 2
69 1
69 3
77 1
76 3
67 1
67 3
76 1
74 9
0 6
74 1
72 1
70 2
72 1
74 3
77 1
77 2
76 4
0 1
72 1
70 1
69 2
70 1
72 3
79 1
79 2
77 3
0 4
70 1
72 1
70 1
72 1
70 2
69 1
70 2
72 1
70 1
72 1
70 2
69 2
72 10
0 4
74 1
76 1
77 2
69 1
69 2
0 1
77 1
76 3
69 1
69 3
76 1
74 3
65 1
65 3
74 1
72 6
0 1
74 1
76 1
77 2
69 1
69 3
77 1
76 3
67 1
67 3
76 1
74 9
0 6
74 1
72 1
70 2
72 1
74 3
77 1
77 2
76 3
74 2
72 1
70 1
69 2
70 1
72 3
79 1
79 2
77 3
0 4
74 2
76 1
77 2
0 1
65 1
65 2
69 3
67 3
65 1
65 15
0 61
65 1
64 1
65 1
74 7
0 1
74 1
79 2
77 1
76 2
72 1
69 1
72 5
0 2
77 5
0 1
67 2
69 1
69 2
70 1
70 2
69 2
65 1
69 2
70 1
70 2
69 2
65 1
72 10
0 5
74 1
76 1
77 2
69 1
69 2
0 1
77 1
76 3
69 1
69 3
76 1
74 3
65 1
65 3
74 1
72 6
0 1
74 1
76 1
77 2
69 1
69 3
77 1
76 3
67 1
67 3
76 1
74 9
0 6
74 1
72 1
70 2
72 1
74 3
77 1
77 2
76 4
0 1
72 1
70 1
69 2
70 1
72 3
79 1
79 2
77 3
0 4
70 1
72 1
70 1
72 1
70 2
69 1
70 2
72 1
70 1
72 1
70 2
69 2
72 10
0 4
74 1
76 1
77 2
69 1
69 2
0 1
77 1
76 3
69 1
69 3
76 1
74 3
65 1
65 3
74 1
72 6
0 1
74 1
76 1
77 2
69 1
69 3
77 1
76 3
67 1
67 3
76 1
74 9
0 6
74 1
72 1
70 2
72 1
74 3
77 1
77 2
76 3
74 2
72 1
70 1
69 2
70 1
72 3
79 1
79 2
77 3
0 4
74 2
76 1
77 2
0 1
65 1
65 2
69 3
67 3
65 1
65 15
0 47
74 1
72 1
70 2
72 1
74 3
77 1
77 2
76 3
74 2
72 1
70 1
69 2
70 1
72 3
79 1
79 2
77 3
0 4
74 2
76 1
77 2
0 1
65 1
65 2
69 3
67 3
65 1
65 15
0 1
74 2
76 2
77 3
65 1
0 1
65 2
69 10
0 8
67 4
65 2
0 1
65 13
