F:maj [0, 5, 9] 5 4
Bb:maj7 [2, 5, 8, 10] 10 2
C:maj [0, 4, 7] 0 1
C:7 [0, 4, 7, 10] 0 1
F:maj [0, 5, 9] 5 4
Bb:maj7 [2, 5, 8, 10] 10 1
C:maj [0, 4, 7] 0 1
F:maj7/5 [0, 3, 5, 9] 0 2
F:maj7 [0, 3, 5, 9] 5 2
C:maj [0, 4, 7] 0 2
D:min [2, 5, 9] 2 2
F:maj7/3 [0, 3, 5, 9] 9 2
G:min [2, 7, 10] 7 4
C:sus4 [0, 5, 7] 0 4
F:maj [0, 5, 9] 5 4
D:min7 [0, 2, 5, 9] 2 4
Bb:maj [2, 5, 10] 10 4
F:maj [0, 5, 9] 5 4
Bb:maj7 [2, 5, 8, 10] 10 4
F:maj [0, 5, 9] 5 1
C:maj/3 [0, 4, 7] 4 1
D:maj [2, 6, 9] 2 2
Eb:maj/3 [3, 7, 10] 7 4
C:maj [0, 4, 7] 0 4
F:maj [0, 5, 9] 5 4
D:min [2, 5, 9] 2 4
G:min/b3 [2, 7, 10] 10 4
F:maj [0, 5, 9] 5 4
Bb:maj7 [2, 5, 8, 10] 10 4
F:maj [0, 5, 9] 5 1
F:maj9 [0, 3, 5, 7, 9] 5 1
D:min [2, 5, 9] 2 2
G:min [2, 7, 10] 7 2
C:maj [0, 4, 7] 0 2
F:maj [0, 5, 9] 5 4
Bb:maj7 [2, 5, 8, 10] 10 2
A:min7 [0, 4, 7, 9] 9 2
G:min [2, 7, 10] 7 1
C:maj [0, 4, 7] 0 1
F:maj [0, 5, 9] 5 2
D:min [2, 5, 9] 2 2
A:min [0, 4, 9] 9 2
Bb:maj [2, 5, 10] 10 2
C:maj [0, 4, 7] 0 6
F:maj [0, 5, 9] 5 2
D:min [2, 5, 9] 2 2
G:min [2, 7, 10] 7 2
C:maj [0, 4, 7] 0 2
Bb:maj [2, 5, 10] 10 2
A:min [0, 4, 9] 9 1
D:maj [2, 6, 9] 2 1
G:min [2, 7, 10] 7 2
C:maj [0, 4, 7] 0 2
F:maj [0, 5, 9] 5 2
D:min [2, 5, 9] 2 2
G:min [2, 7, 10] 7 2
C:maj [0, 4, 7] 0 2
Bb:maj [2, 5, 10] 10 2
A:min [0, 4, 9] 9 1
D:maj [2, 6, 9] 2 1
G:min [2, 7, 10] 7 1
C:maj [0, 4, 7] 0 1
F:maj [0, 5, 9] 5 2
Bb:maj7 [2, 5, 8, 10] 10 2
A:min [0, 4, 9] 9 1
D:min [2, 5, 9] 2 1
G:min [2, 7, 10] 7 1
G:min7(11) [0, 2, 5, 7, 9, 10] 7 1
Bb:maj7 [2, 5, 8, 10] 10 2
F:maj [0, 5, 9] 5 4
D:min [2, 5, 9] 2 4
G:min/b3 [2, 7, 10] 10 4
F:maj [0, 5, 9] 5 4
Bb:maj7 [2, 5, 8, 10] 10 4
F:maj [0, 5, 9] 5 1
F:maj9 [0, 3, 5, 7, 9] 5 1
D:min [2, 5, 9] 2 2
G:min [2, 7, 10] 7 2
C:maj [0, 4, 7] 0 2
F:maj [0, 5, 9] 5 4
Bb:maj7 [2, 5, 8, 10] 10 2
A:min7 [0, 4, 7, 9] 9 2
G:min [2, 7, 10] 7 1
C:maj [0, 4, 7] 0 1
F:maj [0, 5, 9] 5 2
D:min [2, 5, 9] 2 2
A:min [0, 4, 9] 9 2
Bb:maj [2, 5, 10] 10 2
C:maj [0, 4, 7] 0 6
F:maj [0, 5, 9] 5 2
D:min [2, 5, 9] 2 2
G:min [2, 7, 10] 7 2
C:maj [0, 4, 7] 0 2
Bb:maj [2, 5, 10] 10 2
A:min [0, 4, 9] 9 1
D:maj [2, 6, 9] 2 1
G:min [2, 7, 10] 7 2
C:maj [0, 4, 7] 0 2
F:maj [0, 5, 9] 5 2
D:min [2, 5, 9] 2 2
G:min [2, 7, 10] 7 2
C:maj [0, 4, 7] 0 2
Bb:maj [2, 5, 10] 10 2
A:min [0, 4, 9] 9 1
D:maj [2, 6, 9] 2 1
G:min [2, 7, 10] 7 1
C:maj [0, 4, 7] 0 1
F:maj [0, 5, 9] 5 2
Bb:maj7 [2, 5, 8, 10] 10 2
A:min [0, 4, 9] 9 1
D:min [2, 5, 9] 2 1
G:min [2, 7, 10] 7 1
C:maj [0, 4, 7] 0 1
D:min7 [0, 2, 5, 9] 2 4
A:min7 [0, 4, 7, 9] 9 2
D:min [2, 5, 9] 2 2
Bb:maj(9) [0, 2, 5, 8, 10] 10 2
C:maj [0, 4, 7] 0 8
F:maj [0, 5, 9] 5 2
D:min [2, 5, 9] 2 2
G:min [2, 7, 10] 7 2
C:maj [0, 4, 7] 0 2
D:min [2, 5, 9] 2 2
A:min [0, 4, 9] 9 1
D:maj [2, 6, 9] 2 1
G:min [2, 7, 10] 7 2
C:maj [0, 4, 7] 0 2
F:maj [0, 5, 9] 5 2
D:min [2, 5, 9] 2 2
G:min [2, 7, 10] 7 2
C:maj [0, 4, 7] 0 2
D:min [2, 5, 9] 2 2
A:min [0, 4, 9] 9 1
D:maj [2, 6, 9] 2 1
G:min [2, 7, 10] 7 1
C:maj [0, 4, 7] 0 1
F:maj [0, 5, 9] 5 2
Bb:maj7 [2, 5, 8, 10] 10 2
A:min [0, 4, 9] 9 1
D:min [2, 5, 9] 2 1
G:min [2, 7, 10] 7 1
C:maj [0, 4, 7] 0 1
F:maj [0, 5, 9] 5 4
Bb:sus2 [0, 5, 10] 10 2
C:maj [0, 4, 7] 0 2
F:maj(9) [0, 3, 5, 7, 9] 5 4
Bb:maj7 [2, 5, 8, 10] 10 2
C:maj [0, 4, 7] 0 2
