0 66
64 1
62 1
64 2
67 1
64 4
0 1
64 2
67 1
72 1
71 4
71 1
0 1
72 1
69 6
0 1
69 1
67 1
69 1
0 1
69 1
67 1
69 1
0 1
60 4
0 4
60 1
65 1
64 6
65 1
67 5
0 6
64 1
62 1
64 2
62 1
64 2
67 1
64 2
0 2
64 1
72 1
71 6
72 1
69 5
0 2
69 1
67 1
69 1
0 1
69 1
60 4
0 5
60 1
60 1
60 1
65 1
64 3
0 1
64 1
65 2
62 5
0 3
71 1
72 2
71 1
72 3
71 1
72 3
71 1
72 3
79 2
74 2
0 4
64 2
71 5
0 1
69 1
67 1
69 1
67 1
69 1
67 1
69 1
0 1
69 4
0 2
69 2
67 1
67 1
0 1
67 5
62 2
64 5
0 1
71 1
71 1
72 1
71 1
72 4
71 2
72 4
71 2
76 1
0 1
76 6
71 1
0 1
71 4
0 2
69 1
67 1
69 1
67 1
69 1
0 1
69 1
0 1
67 1
0 1
67 1
0 2
69 2
67 1
0 1
67 1
67 6
60 2
62 5
0 3
76 2
74 1
76 4
74 1
76 2
74 1
76 4
74 2
67 2
69 6
0 4
69 1
69 1
72 1
72 1
72 1
72 1
72 3
71 1
72 3
0 2
71 1
72 1
72 1
72 1
62 1
64 2
64 8
0 3
74 1
76 2
74 1
76 3
74 1
76 1
0 1
76 3
74 1
76 1
79 4
0 1
69 7
0 7
77 1
77 1
77 1
77 1
0 1
77 2
76 1
77 3
0 1
77 1
0 1
77 1
77 1
72 2
74 13
0 18
64 1
62 1
64 2
67 1
64 2
0 3
64 1
0 1
67 1
72 1
71 6
72 1
0 1
69 5
0 1
69 1
67 1
0 1
69 1
0 1
60 1
69 2
69 1
69 4
0 1
69 1
0 1
67 1
0 1
67 4
0 2
62 2
64 5
0 5
64 1
62 1
64 1
0 1
62 1
64 2
67 1
64 2
0 2
64 1
72 1
71 4
0 2
72 1
69 3
0 4
69 1
67 1
69 1
0 1
69 1
69 3
60 1
0 1
69 1
0 1
69 3
0 1
69 1
67 1
67 6
64 2
62 5
0 1
72 1
71 1
72 1
71 1
72 4
71 1
0 1
72 1
0 1
72 1
72 3
76 2
71 5
0 1
64 2
71 4
0 2
69 1
67 1
69 1
0 1
69 1
69 3
69 1
69 3
0 2
69 2
67 1
67 1
67 6
62 1
64 7
72 1
71 1
72 1
0 1
72 1
71 1
72 1
0 1
72 4
0 4
72 1
76 1
76 6
71 1
71 4
0 3
69 1
67 1
69 1
0 1
67 1
69 4
0 5
69 1
69 1
69 1
72 1
71 2
67 3
0 1
76 2
74 4
0 3
74 1
76 1
0 1
74 1
76 3
0 1
74 1
76 2
74 1
76 5
72 1
67 2
69 5
0 6
69 1
69 1
77 1
77 1
77 1
77 3
76 1
77 3
0 1
76 1
77 1
0 1
77 1
72 2
0 1
74 1
74 6
0 6
74 1
76 2
74 1
76 3
74 1
76 1
0 1
76 3
74 1
76 1
79 4
69 3
0 9
69 1
0 1
77 1
0 1
77 1
77 1
77 1
0 1
76 1
77 3
0 2
77 1
0 1
77 1
77 1
74 1
0 1
74 7
0 102
74 1
76 2
74 1
76 3
74 1
76 3
74 1
76 3
72 2
67 2
69 8
0 4
69 1
69 1
72 1
72 1
72 1
72 2
0 1
71 1
72 3
0 1
71 1
72 1
72 1
72 1
62 1
0 1
64 2
64 4
0 8
74 1
76 2
74 1
76 2
74 1
76 1
0 1
76 3
0 1
74 1
76 1
79 3
0 1
69 7
0 6
69 1
77 1
77 1
77 1
76 1
77 1
0 1
76 1
77 1
0 4
77 1
0 1
77 1
77 1
76 1
0 1
76 2
74 10
0 17
76 1
78 2
76 1
78 3
0 1
76 1
78 2
76 1
78 4
0 1
74 1
0 1
69 2
71 6
0 5
69 1
79 1
78 1
79 1
78 1
79 2
78 1
79 4
0 1
79 2
78 1
0 1
78 1
74 2
76 9
0 4
76 1
78 1
0 1
76 1
78 3
76 1
78 1
0 1
78 4
76 1
78 1
81 6
71 6
0 3
71 1
79 1
79 2
78 1
79 2
78 1
79 5
79 1
0 1
78 1
78 1
76 1
0 1
76 10
0 5
78 10
0 2
78 2
81 1
81 3
71 9
0 5
76 11
74 1
76 1
74 1
76 1
76 11
0 1
74 2
78 1
0 1
78 11
0 1
78 2
81 2
71 12
0 4
76 12
74 1
76 1
74 1
76 1
76 16
