0 144
64 2
67 2
69 1
72 3
67 3
0 1
62 2
64 2
62 2
64 1
62 1
60 2
62 2
64 6
0 2
64 2
67 2
69 1
72 3
67 3
0 1
62 2
64 2
62 2
64 1
62 1
60 2
62 2
60 6
0 2
62 2
64 2
62 2
60 2
62 4
60 2
62 2
64 2
67 2
64 2
62 2
64 4
64 2
67 2
69 3
0 1
69 2
67 2
64 3
0 1
64 2
67 2
62 1
64 3
62 2
60 2
62 7
0 1
64 2
67 2
69 1
72 3
67 3
0 1
62 2
64 2
62 2
64 1
62 1
60 2
62 2
64 6
0 2
64 2
67 2
69 1
72 3
67 3
0 1
62 2
64 2
62 2
64 1
62 1
60 2
62 2
60 6
0 2
62 2
64 2
62 2
60 2
62 4
60 2
62 2
64 2
67 2
64 2
62 2
64 4
64 2
67 2
69 3
0 1
69 2
67 2
64 1
64 3
64 2
67 2
62 1
64 3
62 2
60 2
62 7
0 1
64 2
67 2
69 2
72 2
74 4
76 4
74 2
72 1
72 8
0 1
74 2
72 2
64 4
64 2
67 2
62 2
64 2
64 2
62 2
60 15
0 1
64 2
67 2
69 1
72 3
67 3
0 1
62 2
64 2
62 2
64 1
62 1
60 2
62 2
64 6
0 2
64 2
67 2
69 1
72 3
67 3
0 1
62 2
64 2
62 2
64 1
62 1
60 2
62 2
60 6
0 2
62 2
64 2
62 2
60 2
62 4
60 2
62 2
64 2
67 2
64 2
62 2
64 4
64 2
67 2
69 3
0 1
69 2
67 2
64 3
0 1
64 2
67 2
62 1
64 3
62 2
60 2
62 7
0 1
64 2
67 2
69 2
72 2
74 4
76 4
74 2
72 1
72 8
0 1
74 2
72 2
64 4
64 2
67 2
62 2
64 2
64 2
62 2
60 15
0 129
64 2
67 2
69 1
72 3
67 3
0 1
62 2
64 2
62 2
64 1
62 1
60 2
62 2
64 6
0 2
64 2
67 2
69 1
72 3
67 3
0 1
62 2
64 2
62 2
64 1
62 1
60 2
62 2
60 6
0 2
62 2
64 2
62 2
60 2
62 4
60 2
62 2
64 2
67 2
64 2
62 2
64 4
64 2
67 2
69 3
0 1
69 2
67 2
64 3
0 1
64 2
67 2
62 1
64 3
62 2
60 2
62 7
0 1
64 2
67 2
69 2
72 2
74 4
76 4
74 2
72 1
72 8
0 1
74 2
72 2
64 4
64 2
67 2
62 2
64 2
64 2
62 2
60 15
0 1
64 2
67 2
69 2
72 2
74 4
76 4
74 2
72 1
72 8
0 1
74 2
72 2
64 4
64 2
67 2
62 2
64 2
64 2
62 2
60 15
