D:maj [2, 6, 9] 2 4 
F#:min/5 [1, 6, 9] 1 4 
B:min [2, 6, 11] 11 4 
G:maj [2, 7, 11] 7 4 
D:maj [2, 6, 9] 2 4 
F#:min/5 [1, 6, 9] 1 4 
B:min [2, 6, 11] 11 4 
G:maj [2, 7, 11] 7 4 
D:maj [2, 6, 9] 2 4 
F#:min/5 [1, 6, 9] 1 4 
B:min [2, 6, 11] 11 4 
G:maj [2, 7, 11] 7 4 
D:maj [2, 6, 9] 2 4 
F#:min/5 [1, 6, 9] 1 4 
B:min [2, 6, 11] 11 4 
G:maj [2, 7, 11] 7 4 
D:maj [2, 6, 9] 2 3 
A:maj [1, 4, 9] 9 5 
B:min [2, 6, 11] 11 3 
E:maj [4, 8, 11] 4 1 
G:maj [2, 7, 11] 7 4 
D:maj [2, 6, 9] 2 4 
F#:min/5 [1, 6, 9] 1 4 
B:min [2, 6, 11] 11 4 
G:maj [2, 7, 11] 7 4 
D:maj [2, 6, 9] 2 4 
F#:min/5 [1, 6, 9] 1 4 
B:min [2, 6, 11] 11 4 
G:maj [2, 7, 11] 7 4 
D:maj [2, 6, 9] 2 4 
D:maj7 [0, 2, 6, 9] 2 4 
B:min [2, 6, 11] 11 4 
G:maj [2, 7, 11] 7 4 
D:maj [2, 6, 9] 2 4 
F#:min/5 [1, 6, 9] 1 4 
B:min [2, 6, 11] 11 4 
D:maj [2, 6, 9] 2 12 
B:min [2, 6, 11] 11 4 
G:maj [2, 7, 11] 7 4 
D:maj [2, 6, 9] 2 8 
B:min [2, 6, 11] 11 4 
G:maj [2, 7, 11] 7 4 
D:maj [2, 6, 9] 2 4 
F#:min/5 [1, 6, 9] 1 4 
B:min [2, 6, 11] 11 4 
D:maj [2, 6, 9] 2 4 
