Eb:min [3, 6, 10] 3 12 
Bb:min7 [1, 5, 8, 10] 10 3 
Eb:min [3, 6, 10] 3 13 
Bb:min7 [1, 5, 8, 10] 10 1 
Eb:min7 [1, 3, 6, 10] 3 5 
Eb:min(9) [1, 3, 5, 6, 10] 3 2 
Ab:min [3, 8, 11] 8 1 
Ab:min(9) [3, 6, 8, 10, 11] 8 3 
Ab:min [3, 8, 11] 8 2 
Eb:min [3, 6, 10] 3 9 
Eb:min(9) [1, 3, 5, 6, 10] 3 1 
Bb:min7 [1, 5, 8, 10] 10 4 
Ab:min [3, 8, 11] 8 3 
Bb:min7 [1, 5, 8, 10] 10 5 
B:maj7 [3, 6, 9, 11] 11 4 
Eb:min [3, 6, 10] 3 4 
Ab:min [3, 8, 11] 8 1 
Ab:sus2 [3, 8, 10] 8 3 
Bb:min [1, 5, 10] 10 4 
Eb:min [3, 6, 10] 3 6 
Bb:min [1, 5, 10] 10 2 
Ab:min [3, 8, 11] 8 1 
Ab:maj(9) [0, 3, 6, 8, 10] 8 3 
Bb:min [1, 5, 10] 10 3 
Ab:7/5 [0, 3, 6, 8] 3 9 
Bb:min [1, 5, 10] 10 2 
Eb:min [3, 6, 10] 3 17 
Ab:min7 [3, 6, 8, 11] 8 9 
Eb:min [3, 6, 10] 3 12 
Ab:min7 [3, 6, 8, 11] 8 4 
Bb:min7 [1, 5, 8, 10] 10 3 
Bb:min [1, 5, 10] 10 1 
B:maj7 [3, 6, 9, 11] 11 4 
Eb:min [3, 6, 10] 3 4 
Ab:min7 [3, 6, 8, 11] 8 4 
Bb:min [1, 5, 10] 10 4 
Eb:min/5 [3, 6, 10] 10 6 
C#:maj [1, 5, 8] 1 2 
Ab:min [3, 8, 11] 8 4 
Bb:min [1, 5, 10] 10 4 
Eb:min [3, 6, 10] 3 8 
Bb:min7 [1, 5, 8, 10] 10 2 
Bb:min [1, 5, 10] 10 2 
Eb:min [3, 6, 10] 3 9 
Eb:min7 [1, 3, 6, 10] 3 3 
Ab:min7 [3, 6, 8, 11] 8 4 
Eb:min [3, 6, 10] 3 4 
B:maj [3, 6, 11] 11 4 
Bb:min [1, 5, 10] 10 4 
Ab:min [3, 8, 11] 8 1 
Ab:maj [0, 3, 8] 8 3 
Ab:min [3, 8, 11] 8 4 
B:maj [3, 6, 11] 11 4 
C#:maj [1, 5, 8] 1 4 
Ab:maj [0, 3, 8] 8 4 
Eb:sus4 [3, 8, 10] 3 3 
Eb:min [3, 6, 10] 3 1 
B:maj [3, 6, 11] 11 4 
F#:maj/3 [1, 6, 10] 10 4 
Ab:min [3, 8, 11] 8 3 
Ab:sus2 [3, 8, 10] 8 4 
Ab:min(9) [3, 6, 8, 10, 11] 8 1 
B:maj6 [3, 6, 8, 11] 11 4 
C#:maj [1, 5, 8] 1 4 
Ab:maj [0, 3, 8] 8 3 
Eb:min [3, 6, 10] 3 5 
B:maj7 [3, 6, 9, 11] 11 4 
F#:maj [1, 6, 10] 6 3 
Eb:min [3, 6, 10] 3 1 
Ab:min [3, 8, 11] 8 2 
Ab:maj [0, 3, 8] 8 1 
Ab:sus2 [3, 8, 10] 8 3 
B:maj7 [3, 6, 9, 11] 11 6 
C#:maj [1, 5, 8] 1 3 
Ab:maj [0, 3, 8] 8 5 
Eb:sus4 [3, 8, 10] 3 3 
Eb:min [3, 6, 10] 3 1 
B:maj7 [3, 6, 9, 11] 11 4 
Bb:min7 [1, 5, 8, 10] 10 4 
Ab:min7 [3, 6, 8, 11] 8 3 
Ab:min [3, 8, 11] 8 1 
Ab:sus2 [3, 8, 10] 8 2 
Ab:min(9) [3, 6, 8, 10, 11] 8 1 
F#:sus2 [1, 6, 8] 6 1 
F#:maj [1, 6, 10] 6 4 
Bb:min7 [1, 5, 8, 10] 10 5 
Eb:min [3, 6, 10] 3 7 
B:maj7 [3, 6, 9, 11] 11 8 
C#:maj [1, 5, 8] 1 8 
B:maj7 [3, 6, 9, 11] 11 8 
C#:maj [1, 5, 8] 1 8 
Eb:min [3, 6, 10] 3 4 
Ab:min7 [3, 6, 8, 11] 8 8 
Eb:min [3, 6, 10] 3 8 
Bb:min7 [1, 5, 8, 10] 10 4 
Ab:min7 [3, 6, 8, 11] 8 4 
Bb:min7 [1, 5, 8, 10] 10 3 
Bb:min [1, 5, 10] 10 1 
B:maj7 [3, 6, 9, 11] 11 4 
Eb:min [3, 6, 10] 3 4 
Ab:min [3, 8, 11] 8 4 
Bb:min [1, 5, 10] 10 4 
Eb:min/5 [3, 6, 10] 10 6 
C#:maj [1, 5, 8] 1 2 
Ab:min [3, 8, 11] 8 4 
Bb:min [1, 5, 10] 10 4 
Eb:min [3, 6, 10] 3 8 
Bb:min7 [1, 5, 8, 10] 10 2 
Eb:min [3, 6, 10] 3 10 
Ab:min7 [3, 6, 8, 11] 8 4 
Eb:min [3, 6, 10] 3 4 
B:maj [3, 6, 11] 11 4 
Bb:min [1, 5, 10] 10 4 
Ab:min [3, 8, 11] 8 1 
Ab:maj [0, 3, 8] 8 3 
Ab:min [3, 8, 11] 8 4 
B:maj [3, 6, 11] 11 4 
C#:maj [1, 5, 8] 1 4 
Ab:maj [0, 3, 8] 8 4 
Eb:sus4 [3, 8, 10] 3 3 
Eb:min [3, 6, 10] 3 1 
B:maj [3, 6, 11] 11 4 
F#:maj/3 [1, 6, 10] 10 4 
Ab:min [3, 8, 11] 8 3 
Ab:sus2 [3, 8, 10] 8 3 
B:maj [3, 6, 11] 11 6 
C#:maj [1, 5, 8] 1 4 
Ab:maj [0, 3, 8] 8 3 
Eb:min [3, 6, 10] 3 5 
B:maj7 [3, 6, 9, 11] 11 4 
Bb:min [1, 5, 10] 10 3 
Eb:min/b3 [3, 6, 10] 6 1 
Ab:min [3, 8, 11] 8 2 
Ab:maj [0, 3, 8] 8 1 
Ab:sus2 [3, 8, 10] 8 3 
Eb:min/4 [3, 6, 10] 8 2 
B:maj [3, 6, 11] 11 4 
C#:maj [1, 5, 8] 1 3 
Ab:maj [0, 3, 8] 8 5 
Eb:sus4 [3, 8, 10] 3 3 
Eb:min [3, 6, 10] 3 1 
B:maj7 [3, 6, 9, 11] 11 4 
Bb:min7 [1, 5, 8, 10] 10 4 
Ab:min7 [3, 6, 8, 11] 8 3 
Ab:min(9) [3, 6, 8, 10, 11] 8 1 
F#:maj [1, 6, 10] 6 7 
Eb:min [3, 6, 10] 3 5 
Eb:sus4(b7) [3, 8, 10] 3 6 
Eb:min [3, 6, 10] 3 2 
Eb:min9 [1, 3, 5, 6, 10] 3 4 
Bb:min [1, 5, 10] 10 4 
B:maj7 [3, 6, 9, 11] 11 8 
Bb:maj [2, 5, 10] 10 12 
Eb:min [3, 6, 10] 3 8 
Ab:min [3, 8, 11] 8 6 
Bb:min7 [1, 5, 8, 10] 10 2 
Eb:min7 [1, 3, 6, 10] 3 7 
Eb:min [3, 6, 10] 3 1 
B:maj [3, 6, 11] 11 8 
Ab:min7 [3, 6, 8, 11] 8 4 
Bb:min7 [1, 5, 8, 10] 10 4 
B:maj7 [3, 6, 9, 11] 11 7 
Eb:min [3, 6, 10] 3 2 
Eb:sus4 [3, 8, 10] 3 6 
Eb:min [3, 6, 10] 3 1 
Ab:min7 [3, 6, 8, 11] 8 3 
Ab:min [3, 8, 11] 8 1 
B:maj7 [3, 6, 9, 11] 11 3 
Bb:min7 [1, 5, 8, 10] 10 1 
C#:maj [1, 5, 8] 1 7 
Ab:min7 [3, 6, 8, 11] 8 5 
Eb:min [3, 6, 10] 3 4 
B:maj [3, 6, 11] 11 4 
Bb:min [1, 5, 10] 10 4 
Ab:min [3, 8, 11] 8 8 
B:maj [3, 6, 11] 11 4 
C#:maj [1, 5, 8] 1 4 
Ab:maj [0, 3, 8] 8 4 
Eb:sus4 [3, 8, 10] 3 3 
Eb:min [3, 6, 10] 3 1 
B:maj [3, 6, 11] 11 4 
F#:maj/3 [1, 6, 10] 10 3 
Ab:sus2 [3, 8, 10] 8 3 
Ab:min [3, 8, 11] 8 1 
Ab:sus2 [3, 8, 10] 8 4 
Ab:min [3, 8, 11] 8 1 
B:maj [3, 6, 11] 11 3 
B:maj7 [3, 6, 9, 11] 11 1 
C#:maj [1, 5, 8] 1 4 
Ab:maj [0, 3, 8] 8 3 
Eb:min [3, 6, 10] 3 5 
B:maj7 [3, 6, 9, 11] 11 4 
Bb:min [1, 5, 10] 10 3 
Eb:min/b3 [3, 6, 10] 6 1 
Ab:min [3, 8, 11] 8 2 
Ab:maj [0, 3, 8] 8 1 
Ab:sus2 [3, 8, 10] 8 2 
