0 130
63 1
0 1
63 1
0 1
63 2
70 2
70 3
0 1
70 2
68 1
0 1
68 1
0 1
68 2
70 2
66 2
63 3
0 3
68 3
0 1
68 3
0 1
68 2
70 6
66 2
63 9
0 7
75 1
0 1
75 1
0 1
75 1
0 1
75 1
0 1
75 1
0 1
75 1
0 1
75 2
73 2
70 1
0 1
70 1
0 1
70 2
73 2
70 4
0 2
68 4
68 4
66 2
68 4
70 5
0 11
70 2
78 1
0 1
78 1
0 1
78 2
77 2
75 4
0 2
73 2
75 1
0 1
75 1
0 1
75 2
73 2
70 2
73 5
0 1
68 1
0 1
68 1
0 1
68 1
0 1
68 1
0 1
68 1
0 1
68 2
66 2
63 2
68 2
70 1
0 1
70 2
73 2
70 5
0 1
70 2
78 1
0 1
78 1
0 1
78 2
77 2
75 5
0 3
75 1
0 1
75 1
0 1
75 2
70 2
73 5
0 1
66 2
68 3
0 1
68 1
0 1
68 1
0 1
68 1
0 1
68 2
66 2
63 2
68 1
0 1
70 2
70 2
70 4
70 2
68 2
66 2
68 6
63 12
0 10
63 1
0 1
63 2
70 3
0 1
70 2
73 2
68 3
0 1
68 2
70 2
66 3
0 1
63 2
61 4
63 12
0 28
63 1
0 1
63 1
0 1
63 2
70 1
0 1
70 1
0 1
70 2
73 2
68 1
0 1
68 1
0 1
68 2
66 2
63 4
0 4
68 3
0 1
68 3
0 1
68 2
70 6
66 2
63 7
0 9
75 1
0 1
75 1
0 1
75 1
0 1
75 1
0 1
75 1
0 1
75 1
0 1
75 1
0 1
73 4
70 2
73 4
70 3
0 3
68 3
0 1
68 2
68 6
66 4
70 8
0 6
70 2
78 1
0 1
78 1
0 1
78 2
77 4
75 2
0 2
73 2
75 1
0 1
75 1
0 1
75 2
73 2
70 2
73 5
0 1
68 1
0 1
68 1
0 1
68 1
0 1
68 1
0 1
68 1
0 1
68 2
66 2
63 2
68 2
70 1
0 1
70 1
0 1
70 6
0 2
70 2
78 1
0 1
78 1
0 1
78 2
77 2
75 5
0 3
75 1
0 1
75 1
0 1
75 2
70 2
73 5
0 1
66 2
68 1
0 1
68 1
0 1
68 1
0 1
68 1
0 1
68 1
0 1
68 2
66 2
63 2
68 2
70 1
0 1
70 1
0 1
70 3
0 1
70 2
68 2
66 2
68 6
63 11
0 11
63 1
0 1
63 1
0 1
70 3
0 1
70 2
73 2
68 3
0 1
68 2
70 2
66 4
63 2
61 4
63 16
0 16
73 2
75 2
78 2
80 1
0 1
80 1
0 1
80 1
0 1
80 1
0 1
80 1
0 1
80 1
0 1
80 2
82 2
80 2
78 4
75 3
0 7
75 1
0 1
75 1
0 1
75 1
0 1
75 1
0 1
75 1
0 1
75 1
0 1
75 2
78 2
75 2
73 1
0 1
73 4
70 5
0 1
70 2
68 2
70 2
68 2
66 4
63 3
0 1
70 2
68 2
70 2
68 2
66 4
63 3
0 1
63 2
75 1
0 1
75 1
0 1
75 1
0 1
75 1
0 1
75 4
70 1
0 1
75 4
73 5
0 3
73 2
75 1
0 1
78 2
80 4
80 1
0 1
80 1
0 1
80 3
0 1
80 2
82 2
80 2
78 4
75 4
0 4
73 2
75 1
0 1
75 1
0 1
75 1
0 1
75 1
0 1
75 3
0 1
75 2
78 2
75 2
73 1
0 1
73 4
70 3
0 3
70 2
68 2
70 2
68 2
66 4
63 3
0 1
70 2
68 2
70 2
68 2
66 4
63 3
0 1
63 1
0 1
75 1
0 1
75 1
0 1
75 1
0 1
75 1
0 1
75 1
0 1
75 1
0 1
75 2
78 2
75 2
73 2
75 2
73 4
73 1
0 1
75 2
78 2
80 1
0 1
80 1
0 1
80 1
0 1
80 1
0 1
80 1
0 1
80 1
0 1
80 2
82 2
80 2
78 1
0 1
78 4
75 4
0 2
73 2
75 1
0 1
75 1
0 1
75 1
0 1
75 1
0 1
75 1
0 1
75 1
0 1
75 2
78 2
75 2
73 1
0 1
73 4
70 5
0 1
70 2
68 2
70 2
68 2
66 2
63 4
0 2
70 2
68 2
70 2
68 2
66 4
63 3
0 1
63 2
75 1
0 1
75 1
0 1
75 1
0 1
75 1
0 1
75 1
0 1
75 4
78 2
75 2
73 2
75 2
73 4
73 1
0 1
75 2
78 2
80 1
0 1
80 1
0 1
80 1
0 1
80 1
0 1
80 3
0 1
80 2
82 2
80 2
78 1
0 1
78 4
75 5
0 3
75 1
0 1
75 1
0 1
75 1
0 1
75 1
0 1
75 3
0 1
75 2
78 2
75 2
73 1
0 1
73 4
70 4
0 2
70 2
68 2
70 2
68 2
66 2
63 4
0 2
70 2
68 2
70 2
68 2
66 4
63 2
0 6
61 2
63 2
66 1
0 1
75 3
73 3
70 7
0 3
68 4
68 2
70 2
66 2
0 4
63 12
0 144
63 1
0 1
63 1
0 1
63 2
70 1
0 1
70 1
0 1
70 2
73 2
68 1
0 1
68 1
0 1
68 2
66 2
63 4
0 4
68 3
0 1
68 3
0 1
68 2
70 6
66 2
63 7
0 9
75 1
0 1
75 1
0 1
75 1
0 1
75 1
0 1
75 1
0 1
75 1
0 1
75 1
0 1
73 4
70 2
73 4
70 3
0 3
68 3
0 1
68 2
68 6
66 4
70 8
0 6
70 2
78 1
0 1
78 1
0 1
78 2
77 4
75 2
0 2
73 2
75 1
0 1
75 1
0 1
75 2
73 2
70 2
73 5
0 1
68 1
0 1
68 1
0 1
68 1
0 1
68 1
0 1
68 1
0 1
68 2
66 2
63 2
68 2
70 1
0 1
70 1
0 1
70 6
0 2
70 2
78 1
0 1
78 1
0 1
78 2
77 2
75 5
0 3
75 1
0 1
75 1
0 1
75 2
70 2
73 5
0 1
66 2
68 1
0 1
68 1
0 1
68 1
0 1
68 1
0 1
68 1
0 1
68 2
66 2
63 2
68 2
70 1
0 1
70 1
0 1
70 3
0 1
70 2
68 2
66 2
68 6
63 11
0 11
63 1
0 1
63 1
0 1
70 3
0 1
70 2
73 2
68 3
0 1
68 2
70 2
66 4
63 2
61 4
63 16
73 2
75 2
78 2
80 1
0 1
80 1
0 1
80 1
0 1
80 1
0 1
80 1
0 1
80 1
0 1
80 2
82 2
80 2
78 4
75 3
0 7
75 1
0 1
75 1
0 1
75 1
0 1
75 1
0 1
75 1
0 1
75 1
0 1
75 2
78 2
75 2
73 1
0 1
73 4
70 5
0 1
70 2
68 2
70 2
68 2
66 4
63 3
0 1
70 2
68 2
70 2
68 2
66 4
63 3
0 1
63 2
75 1
0 1
75 1
0 1
75 1
0 1
75 1
0 1
75 4
70 1
0 1
75 4
73 5
0 3
73 2
75 1
0 1
78 2
80 4
80 1
0 1
80 1
0 1
80 3
0 1
80 2
82 2
80 2
78 4
75 4
0 4
73 2
75 1
0 1
75 1
0 1
75 1
0 1
75 1
0 1
75 3
0 1
75 2
78 2
75 2
73 1
0 1
73 4
70 3
0 3
70 2
68 2
70 2
68 2
66 4
63 3
0 1
70 2
68 2
70 2
68 2
66 4
63 3
0 1
63 2
75 1
0 1
75 1
0 1
75 1
0 1
75 1
0 1
75 1
0 1
75 1
0 1
75 2
78 2
75 2
73 2
75 2
73 4
73 1
0 1
75 2
78 2
80 1
0 1
80 1
0 1
80 1
0 1
80 1
0 1
80 1
0 1
80 1
0 1
80 2
82 2
80 2
78 1
0 1
78 4
75 4
0 2
73 2
75 1
0 1
75 1
0 1
75 1
0 1
75 1
0 1
75 1
0 1
75 1
0 1
75 2
78 2
75 2
73 1
0 1
73 4
70 5
0 1
70 2
68 2
70 2
68 2
66 2
63 4
0 2
70 2
68 2
70 2
68 2
66 4
63 3
0 1
63 2
75 1
0 1
75 1
0 1
75 1
0 1
75 1
0 1
75 1
0 1
75 4
78 2
75 2
73 2
75 2
73 4
73 1
0 1
75 2
78 2
80 1
0 1
80 1
0 1
80 1
0 1
80 1
0 1
80 3
0 1
80 2
82 2
80 2
78 1
0 1
78 4
75 5
0 3
75 2
75 2
75 2
75 2
75 3
0 1
75 2
78 2
75 2
73 1
0 1
73 4
70 4
0 2
70 2
68 2
70 2
68 2
66 2
63 4
0 2
70 2
68 2
70 2
68 2
66 4
63 2
0 6
61 2
63 2
66 1
0 1
75 3
73 3
70 7
0 3
68 4
68 2
70 2
66 2
63 3
0 1
63 13
0 7
61 2
63 2
66 1
0 1
75 4
73 2
70 7
0 3
68 4
68 1
0 1
70 2
66 2
63 5
75 12
0 5
78 12
0 4
82 47
0 283
73 2
75 2
78 2
80 1
0 1
80 1
0 1
80 1
0 1
80 1
0 1
80 1
0 1
80 1
0 1
80 2
82 2
80 2
78 4
75 7
0 3
75 2
75 2
75 2
75 2
75 2
75 1
0 1
75 2
78 2
75 2
73 1
0 1
73 4
70 4
0 2
70 2
68 2
70 2
68 2
66 4
63 3
0 1
70 2
68 2
70 2
68 2
66 4
63 2
0 2
63 2
75 1
0 1
75 1
0 1
75 1
0 1
75 1
0 1
75 4
70 1
0 1
75 4
73 5
0 3
73 2
75 1
0 1
78 2
80 4
80 1
0 1
80 1
0 1
80 3
0 1
80 2
82 2
80 2
78 4
75 4
0 4
73 2
75 1
0 1
75 1
0 1
75 1
0 1
75 1
0 1
75 3
0 1
75 2
78 2
75 2
73 1
0 1
73 4
70 3
0 3
70 2
68 2
70 2
68 2
66 4
63 3
0 1
70 2
68 2
70 2
68 2
66 4
63 3
0 1
63 1
0 1
75 1
0 1
75 1
0 1
75 1
0 1
75 1
0 1
75 1
0 1
75 1
0 1
75 2
78 2
75 2
73 2
75 2
73 4
73 1
0 1
75 2
78 2
80 1
0 1
80 1
0 1
80 1
0 1
80 1
0 1
80 1
0 1
80 1
0 1
80 2
82 2
80 2
78 1
0 1
78 4
75 4
0 2
73 2
75 1
0 1
75 1
0 1
75 1
0 1
75 1
0 1
75 1
0 1
75 1
0 1
75 2
78 2
75 2
73 1
0 1
73 4
70 5
0 1
70 2
68 2
70 2
68 2
66 2
63 4
