F:min [0, 5, 8] 5 2
Eb:min7 [1, 3, 6, 10] 3 1
Eb:maj [3, 7, 10] 3 1
C#:maj [1, 5, 8] 1 2
Bb:min [1, 5, 10] 10 2
F:min [0, 5, 8] 5 2
Eb:sus4(b7 [3, 8, 10] 3 2
F#:maj [1, 6, 10] 6 2
Bb:min [1, 5, 10] 10 2
F:min [0, 5, 8] 5 2
Eb:min7 [1, 3, 6, 10] 3 2
C#:maj [1, 5, 8] 1 1
F:min/5 [0, 5, 8] 0 1
Bb:min [1, 5, 10] 10 2
C#:maj7/3 [1, 5, 8, 11] 5 2
Eb:min [3, 6, 10] 3 2
F#:maj [1, 6, 10] 6 4
Bb:sus2 [0, 5, 10] 10 2
Bb:min7 [1, 5, 8, 10] 10 2
Eb:min [3, 6, 10] 3 2
C#:maj [1, 5, 8] 1 1
Ab:maj/3 [0, 3, 8] 0 1
Bb:min7 [1, 5, 8, 10] 10 3
F:min [0, 5, 8] 5 1
Eb:min7 [1, 3, 6, 10] 3 2
Ab:maj [0, 3, 8] 8 2
Bb:min [1, 5, 10] 10 2
F#:maj [1, 6, 10] 6 2
Ab:maj [0, 3, 8] 8 2
C#:maj [1, 5, 8] 1 1
C#:sus2 [1, 3, 8] 1 1
Eb:min [3, 6, 10] 3 2
F:min [0, 5, 8] 5 2
F#:maj [1, 6, 10] 6 2
C:dim [0, 3, 6] 0 2
F:maj [0, 5, 9] 5 2
C#:maj [1, 5, 8] 1 2
Ab:maj [0, 3, 8] 8 2
Eb:min7 [1, 3, 6, 10] 3 2
Bb:min7/b7 [1, 5, 8, 10] 8 2
F#:maj [1, 6, 10] 6 2
Bb:min [1, 5, 10] 10 2
Eb:min7 [1, 3, 6, 10] 3 2
F:maj [0, 5, 9] 5 2
C#:maj [1, 5, 8] 1 2
Ab:maj [0, 3, 8] 8 2
Eb:min7 [1, 3, 6, 10] 3 2
Bb:min7 [1, 5, 8, 10] 10 2
F#:maj [1, 6, 10] 6 2
Bb:min [1, 5, 10] 10 2
Ab:maj [0, 3, 8] 8 2
Bb:min [1, 5, 10] 10 4
F:min [0, 5, 8] 5 2
Eb:min7 [1, 3, 6, 10] 3 1
Ab:maj [0, 3, 8] 8 1
C#:maj [1, 5, 8] 1 1
F:min/5 [0, 5, 8] 0 1
Bb:min [1, 5, 10] 10 2
F:min [0, 5, 8] 5 2
Eb:min7 [1, 3, 6, 10] 3 2
F#:maj [1, 6, 10] 6 4
Bb:min [1, 5, 10] 10 2
F:min [0, 5, 8] 5 2
Eb:min7 [1, 3, 6, 10] 3 1
Ab:maj [0, 3, 8] 8 1
C#:sus2 [1, 3, 8] 1 2
Bb:min [1, 5, 10] 10 2
F:min [0, 5, 8] 5 2
Eb:min7 [1, 3, 6, 10] 3 2
F#:maj [1, 6, 10] 6 2
Bb:sus2 [0, 5, 10] 10 2
F:min [0, 5, 8] 5 2
Eb:min [3, 6, 10] 3 2
C#:maj [1, 5, 8] 1 1
Ab:maj/3 [0, 3, 8] 0 1
Bb:min7 [1, 5, 8, 10] 10 2
F:min [0, 5, 8] 5 2
Eb:min7 [1, 3, 6, 10] 3 2
Ab:maj [0, 3, 8] 8 2
Bb:min [1, 5, 10] 10 2
F#:maj [1, 6, 10] 6 2
Ab:maj [0, 3, 8] 8 2
C#:maj [1, 5, 8] 1 1
C#:sus2 [1, 3, 8] 1 1
Eb:min [3, 6, 10] 3 2
F:min [0, 5, 8] 5 2
F#:maj [1, 6, 10] 6 2
C:dim [0, 3, 6] 0 2
F:maj [0, 5, 9] 5 2
C#:maj [1, 5, 8] 1 2
Ab:maj [0, 3, 8] 8 2
Eb:min7 [1, 3, 6, 10] 3 2
Bb:min7/b7 [1, 5, 8, 10] 8 2
F#:maj [1, 6, 10] 6 2
Bb:min [1, 5, 10] 10 2
Eb:min7 [1, 3, 6, 10] 3 2
F:maj [0, 5, 9] 5 2
C#:maj [1, 5, 8] 1 2
Ab:maj [0, 3, 8] 8 2
Eb:min7 [1, 3, 6, 10] 3 2
Bb:min7 [1, 5, 8, 10] 10 2
F#:maj [1, 6, 10] 6 2
Bb:min [1, 5, 10] 10 2
Ab:maj [0, 3, 8] 8 2
Bb:min [1, 5, 10] 10 2
C#:sus2 [1, 3, 8] 1 2
Ab:maj [0, 3, 8] 8 2
Eb:min7 [1, 3, 6, 10] 3 2
Bb:min [1, 5, 10] 10 2
F#:maj [1, 6, 10] 6 2
Bb:sus2 [0, 5, 10] 10 2
Eb:min [3, 6, 10] 3 2
F:sus4 [0, 5, 10] 5 2
C#:maj [1, 5, 8] 1 2
Ab:maj [0, 3, 8] 8 2
Eb:min7 [1, 3, 6, 10] 3 2
Bb:min7 [1, 5, 8, 10] 10 2
F#:maj [1, 6, 10] 6 2
Bb:min [1, 5, 10] 10 2
Ab:maj [0, 3, 8] 8 2
Bb:min [1, 5, 10] 10 4
F:min [0, 5, 8] 5 2
Eb:min7 [1, 3, 6, 10] 3 1
Ab:maj [0, 3, 8] 8 1
C#:maj [1, 5, 8] 1 2
Bb:min [1, 5, 10] 10 2
F:min [0, 5, 8] 5 2
