0 128
70 1
70 1
70 1
68 1
70 1
0 1
72 1
73 1
65 1
0 1
68 1
0 1
68 1
0 3
63 1
63 1
63 1
63 1
63 1
0 1
65 1
66 1
65 1
0 1
65 1
0 1
65 1
0 2
65 1
70 1
70 1
70 1
68 1
70 1
0 1
72 1
73 1
65 1
0 1
68 1
0 1
68 1
0 3
63 1
63 1
63 1
61 1
63 1
0 1
65 1
68 1
0 1
63 1
0 5
65 1
70 1
70 1
70 1
68 1
70 1
0 1
72 1
73 1
70 1
0 1
73 1
0 1
73 1
0 3
72 1
73 1
72 1
73 1
75 1
73 1
72 1
70 1
68 1
0 1
70 1
0 1
68 1
0 3
63 1
65 1
63 1
65 1
63 1
0 3
63 1
65 1
68 1
70 1
68 1
0 3
73 1
72 1
70 1
68 1
70 1
0 2
70 1
73 1
72 1
70 1
68 1
70 1
73 1
75 1
80 1
77 2
0 4
73 1
75 1
77 3
0 1
77 1
0 1
73 1
0 1
75 1
0 5
75 1
73 1
75 2
0 2
75 1
0 1
70 1
73 1
0 6
73 1
72 1
70 1
0 1
73 1
0 1
75 1
73 1
72 1
70 1
68 1
0 1
70 1
0 1
70 1
0 3
75 1
73 1
75 1
73 1
75 1
0 1
80 1
0 1
77 2
0 4
73 1
75 1
77 3
77 1
77 1
0 1
75 1
73 1
77 1
0 1
75 1
0 3
72 1
73 1
75 2
0 2
75 1
0 1
70 1
73 1
0 4
73 1
72 1
70 1
68 1
70 1
0 1
70 1
0 1
73 1
72 1
70 1
68 1
70 1
0 1
70 1
0 5
72 1
73 1
72 1
73 1
75 1
73 1
72 1
68 1
0 1
70 1
0 142
70 1
70 1
70 1
68 1
70 1
0 1
72 1
73 1
65 1
0 1
68 1
0 1
68 1
0 3
63 1
63 1
63 1
63 1
63 1
0 1
65 1
66 1
65 1
0 1
65 1
0 1
65 1
0 2
65 1
70 1
70 1
70 1
68 1
70 1
0 1
72 1
73 1
65 1
0 1
68 1
0 1
68 1
0 3
63 1
63 1
63 1
61 1
63 1
0 1
65 1
68 1
0 1
63 1
0 5
65 1
70 1
70 1
70 1
68 1
70 1
0 1
72 1
73 1
70 1
0 1
73 1
0 1
73 1
0 3
72 1
73 1
72 1
73 1
75 1
73 1
72 1
70 1
68 1
0 1
70 1
0 1
68 1
0 3
63 1
65 1
63 1
65 1
63 1
0 3
63 1
65 1
68 1
70 1
68 1
0 3
73 1
72 1
70 1
68 1
70 1
0 2
70 1
73 1
72 1
70 1
68 1
70 1
73 1
75 1
80 1
77 2
0 4
73 1
75 1
77 3
0 1
77 1
0 1
73 1
0 1
75 1
0 5
75 1
73 1
75 2
0 2
75 1
0 1
70 1
73 1
0 6
73 1
72 1
70 1
0 1
73 1
0 1
75 1
73 1
72 1
70 1
68 1
0 1
70 1
0 1
70 1
0 3
75 1
73 1
75 1
73 1
75 1
0 1
80 1
0 1
77 2
0 4
73 1
75 1
77 3
77 1
77 1
0 1
75 1
73 1
77 1
0 1
75 1
0 3
72 1
73 1
75 2
0 2
75 1
0 1
70 1
73 1
0 4
73 1
72 1
70 1
68 1
70 1
0 1
70 1
0 1
73 1
72 1
70 1
68 1
70 1
0 1
70 1
0 5
72 1
73 1
72 1
73 1
75 1
73 1
72 1
68 1
0 1
70 1
0 6
77 3
0 1
77 1
0 1
73 1
0 1
75 1
0 5
75 1
73 1
75 2
0 2
75 1
0 1
70 1
73 1
0 6
73 1
72 1
70 1
0 1
73 1
0 1
75 1
73 1
72 1
70 1
68 1
0 1
70 1
0 1
70 1
0 3
75 1
73 1
75 1
73 1
75 1
0 1
80 1
0 1
77 2
0 4
73 1
75 1
77 3
77 1
77 1
0 1
75 1
73 1
77 1
0 1
75 1
0 3
72 1
73 1
75 2
0 2
75 1
0 1
70 1
73 1
0 4
73 1
72 1
70 1
68 1
70 1
0 1
70 1
0 1
73 1
72 1
70 1
68 1
70 1
0 1
70 1
0 5
72 1
73 1
72 1
73 1
75 1
73 1
72 1
68 1
0 1
70 1
