Ab:maj [0, 3, 8] 8 2 
Ab:maj7 [0, 3, 6, 8] 8 2 
F:min7 [0, 3, 5, 8] 5 2 
Eb:maj [3, 7, 10] 3 2 
C:min7 [0, 3, 7, 10] 0 2 
C:min [0, 3, 7] 0 2 
Bb:min [1, 5, 10] 10 2 
Eb:maj [3, 7, 10] 3 2 
Ab:maj [0, 3, 8] 8 4 
F:min [0, 5, 8] 5 2 
C:min [0, 3, 7] 0 2 
C#:maj [1, 5, 8] 1 2 
C:min [0, 3, 7] 0 2 
Bb:min [1, 5, 10] 10 2 
Eb:maj [3, 7, 10] 3 4 
Ab:maj [0, 3, 8] 8 2 
C:min [0, 3, 7] 0 2 
F:min [0, 5, 8] 5 2 
C:min [0, 3, 7] 0 2 
C#:maj [1, 5, 8] 1 2 
Ab:maj7/3 [0, 3, 6, 8] 0 2 
Bb:sus2 [0, 5, 10] 10 2 
Eb:maj [3, 7, 10] 3 2 
Ab:maj [0, 3, 8] 8 2 
C:min7 [0, 3, 7, 10] 0 2 
F:min7/b7 [0, 3, 5, 8] 3 2 
C:min [0, 3, 7] 0 2 
C#:maj [1, 5, 8] 1 2 
Bb:min [1, 5, 10] 10 2 
Eb:maj [3, 7, 10] 3 1 
Eb:sus4(b7,9) [1, 3, 5, 7, 10] 3 1 
Eb:9 [1, 3, 5, 7, 10] 3 4 
Ab:maj [0, 3, 8] 8 2 
C:min [0, 3, 7] 0 2 
F:min [0, 5, 8] 5 2 
C:min [0, 3, 7] 0 2 
C#:maj [1, 5, 8] 1 2 
C:min [0, 3, 7] 0 2 
C#:maj [1, 5, 8] 1 2 
Eb:maj [3, 7, 10] 3 2 
Ab:maj [0, 3, 8] 8 2 
C:min [0, 3, 7] 0 2 
F:min [0, 5, 8] 5 1 
F:min7 [0, 3, 5, 8] 5 1 
C:min [0, 3, 7] 0 2 
C#:maj [1, 5, 8] 1 2 
C:min [0, 3, 7] 0 2 
Bb:min [1, 5, 10] 10 2 
Eb:maj [3, 7, 10] 3 2 
Ab:maj [0, 3, 8] 8 2 
Ab:maj/3 [0, 3, 8] 0 2 
F:min [0, 5, 8] 5 2 
F:min7/b7 [0, 3, 5, 8] 3 2 
C#:maj [1, 5, 8] 1 2 
C:maj7/7 [0, 4, 7, 10] 11 2 
Bb:min [1, 5, 10] 10 2 
Eb:maj [3, 7, 10] 3 3 
Eb:sus4(9) [3, 5, 8, 10] 3 1 
Ab:maj [0, 3, 8] 8 2 
C:min [0, 3, 7] 0 2 
F:min [0, 5, 8] 5 2 
C:min7 [0, 3, 7, 10] 0 2 
C#:maj [1, 5, 8] 1 2 
C:maj [0, 4, 7] 0 2 
Bb:sus2 [0, 5, 10] 10 2 
Eb:maj [3, 7, 10] 3 2 
Ab:maj [0, 3, 8] 8 2 
C:min7 [0, 3, 7, 10] 0 2 
F:min7/b7 [0, 3, 5, 8] 3 2 
C:min7 [0, 3, 7, 10] 0 2 
C#:maj [1, 5, 8] 1 2 
Bb:min [1, 5, 10] 10 2 
Eb:maj [3, 7, 10] 3 1 
Eb:sus4(b7,9) [1, 3, 5, 7, 10] 3 1 
Eb:7 [1, 3, 7, 10] 3 4 
Ab:maj [0, 3, 8] 8 2 
C:min [0, 3, 7] 0 2 
F:min [0, 5, 8] 5 2 
C:min [0, 3, 7] 0 2 
C#:maj [1, 5, 8] 1 2 
C:min [0, 3, 7] 0 2 
C#:maj [1, 5, 8] 1 2 
Eb:maj [3, 7, 10] 3 2 
Ab:maj [0, 3, 8] 8 2 
C:min [0, 3, 7] 0 2 
F:min [0, 5, 8] 5 1 
F:min7 [0, 3, 5, 8] 5 1 
C:min [0, 3, 7] 0 2 
C#:maj [1, 5, 8] 1 2 
C:min [0, 3, 7] 0 2 
Bb:min [1, 5, 10] 10 2 
Eb:maj [3, 7, 10] 3 2 
Ab:maj [0, 3, 8] 8 4 
C#:maj [1, 5, 8] 1 2 
Ab:maj/5 [0, 3, 8] 3 2 
F#:7/b7 [1, 4, 6, 10] 4 4 
Ab:maj/5 [0, 3, 8] 3 4 
Ab:maj [0, 3, 8] 8 2 
C:min [0, 3, 7] 0 2 
F:min [0, 5, 8] 5 2 
C:min [0, 3, 7] 0 2 
C#:maj [1, 5, 8] 1 2 
C:min [0, 3, 7] 0 2 
C#:maj [1, 5, 8] 1 2 
Eb:maj [3, 7, 10] 3 2 
Ab:maj [0, 3, 8] 8 2 
C:min [0, 3, 7] 0 2 
F:min [0, 5, 8] 5 1 
F:min7 [0, 3, 5, 8] 5 1 
C:min [0, 3, 7] 0 2 
C#:maj [1, 5, 8] 1 2 
C:min [0, 3, 7] 0 2 
Bb:min [1, 5, 10] 10 2 
Eb:maj [3, 7, 10] 3 2 
Ab:maj [0, 3, 8] 8 2 
C:min [0, 3, 7] 0 2 
F:min [0, 5, 8] 5 2 
C:min/b3 [0, 3, 7] 3 2 
C#:maj [1, 5, 8] 1 2 
C:min7/b7 [0, 3, 7, 10] 10 2 
Bb:min [1, 5, 10] 10 2 
Eb:maj [3, 7, 10] 3 6 
Ab:maj [0, 3, 8] 8 4 
F:min [0, 5, 8] 5 2 
F:min7/b7 [0, 3, 5, 8] 3 2 
C#:maj [1, 5, 8] 1 2 
C:min7 [0, 3, 7, 10] 0 2 
Bb:min [1, 5, 10] 10 2 
Eb:maj [3, 7, 10] 3 3 
G:min7/b7 [2, 5, 7, 10] 5 1 
Ab:maj [0, 3, 8] 8 1 
