0 128
68 4
70 4
72 2
72 1
72 1
72 2
70 2
72 2
75 1
72 2
72 2
75 1
77 2
77 2
77 2
79 1
0 1
75 2
72 2
0 1
72 2
70 1
68 2
68 1
68 1
68 1
0 1
65 2
72 2
75 1
68 3
0 2
70 1
70 1
0 1
70 1
70 1
0 1
68 2
72 2
70 2
0 1
68 2
70 1
72 2
72 1
0 2
70 3
72 2
75 1
72 3
72 1
75 1
77 2
77 1
0 1
77 1
0 1
79 2
75 2
72 3
75 1
75 1
75 1
77 2
80 2
80 1
77 3
73 1
70 5
75 1
75 1
77 2
80 2
80 1
77 3
80 2
82 9
0 2
75 1
75 1
75 1
84 2
84 1
0 1
84 1
0 1
84 1
0 1
84 2
82 1
82 3
80 1
79 1
80 1
0 1
80 1
80 1
80 1
82 3
72 2
75 4
75 1
75 1
77 1
80 2
80 1
80 1
0 1
80 1
82 3
77 1
80 3
80 1
80 1
82 1
0 1
82 1
82 1
82 2
80 2
84 2
82 1
75 2
75 1
75 1
75 1
84 2
84 1
0 1
84 1
0 1
87 2
84 2
82 1
82 3
80 1
79 1
80 1
0 1
80 1
80 1
80 1
82 3
72 2
75 4
75 1
75 1
77 1
80 2
80 1
80 1
0 1
80 1
0 1
82 2
77 1
80 3
80 1
80 1
82 1
0 1
82 1
82 1
82 2
80 2
84 4
82 4
80 13
0 50
68 5
70 4
72 2
72 1
72 1
72 1
70 3
72 2
75 1
72 3
72 1
75 1
77 2
77 1
0 1
77 1
0 1
79 2
75 2
72 3
72 2
70 1
68 2
68 1
68 1
68 1
65 3
72 2
75 1
68 5
70 1
70 1
0 1
70 1
70 1
68 3
72 2
70 4
68 1
70 1
72 2
72 1
72 1
72 1
0 1
70 2
72 2
75 1
72 3
72 1
75 1
77 2
77 2
77 2
79 2
75 2
72 3
75 1
75 1
75 1
77 2
80 2
80 2
77 2
73 1
70 5
75 1
75 1
77 2
80 2
80 2
77 2
80 2
82 9
0 2
75 1
75 1
75 1
84 2
84 1
0 1
84 1
0 1
84 1
0 1
84 1
0 1
82 1
82 3
80 1
79 1
80 1
0 1
80 1
80 1
80 1
82 3
72 2
75 4
75 1
75 1
77 1
80 2
80 1
80 2
80 1
82 3
77 1
80 3
80 1
80 1
82 2
82 1
82 1
82 2
80 2
84 2
82 1
75 2
75 1
75 1
75 1
84 2
84 2
84 2
87 2
84 2
82 1
82 3
80 1
79 1
80 1
0 1
80 1
80 1
80 1
82 3
72 2
75 3
0 1
75 1
75 1
77 1
80 2
80 1
80 1
80 3
82 2
77 1
80 3
80 1
80 1
82 1
0 1
82 1
82 1
82 2
80 2
84 4
82 4
80 10
0 50
75 2
75 1
75 1
84 2
84 1
0 1
84 1
0 1
84 1
0 1
84 1
82 2
82 1
0 1
80 2
79 1
80 1
0 1
80 1
80 1
80 1
82 3
72 2
75 3
75 2
75 1
77 1
80 2
80 1
80 1
0 1
80 1
0 1
82 2
77 1
80 2
80 2
80 1
82 2
82 1
82 1
82 1
80 3
84 2
82 1
75 2
75 1
75 1
75 1
84 2
84 1
0 1
84 1
0 1
87 2
84 2
82 1
82 1
0 1
80 2
79 1
80 1
0 1
80 1
80 1
80 1
82 3
72 2
75 4
75 1
75 1
77 1
80 2
80 1
80 1
0 1
80 1
0 1
82 2
77 1
80 2
80 2
80 1
82 2
82 1
82 1
82 1
80 3
84 4
82 4
80 9
