A:maj [1, 4, 9] 9 4 
Ab:min [3, 8, 11] 8 3 
F#:min [1, 6, 9] 6 3 
E:maj7 [2, 4, 8, 11] 4 3 
A:maj [1, 4, 9] 9 4 
Ab:min7 [3, 6, 8, 11] 8 2 
Ab:min [3, 8, 11] 8 1 
F#:sus2 [1, 6, 8] 6 1 
F#:min [1, 6, 9] 6 2 
C:9 [0, 2, 4, 7, 10] 0 1 
B:9 [1, 3, 6, 9, 11] 11 2 
B:maj [3, 6, 11] 11 2 
A:maj [1, 4, 9] 9 4 
Ab:min7 [3, 6, 8, 11] 8 2 
C#:min [1, 4, 8] 1 2 
F#:min [1, 6, 9] 6 2 
B:maj [3, 6, 11] 11 2 
E:maj [4, 8, 11] 4 4 
A:maj [1, 4, 9] 9 4 
Ab:min7 [3, 6, 8, 11] 8 2 
C#:min [1, 4, 8] 1 2 
F#:min [1, 6, 9] 6 2 
B:maj [3, 6, 11] 11 2 
C#:min/b3 [1, 4, 8] 4 4 
F#:min/b3 [1, 6, 9] 9 2 
B:maj [3, 6, 11] 11 2 
Ab:min7 [3, 6, 8, 11] 8 2 
C#:min [1, 4, 8] 1 2 
F#:min [1, 6, 9] 6 2 
B:maj [3, 6, 11] 11 2 
E:maj [4, 8, 11] 4 4 
A:maj [1, 4, 9] 9 2 
A:maj7 [1, 4, 7, 9] 9 2 
Ab:min7 [3, 6, 8, 11] 8 2 
C#:min [1, 4, 8] 1 2 
F#:min7 [1, 4, 6, 9] 6 2 
B:maj [3, 6, 11] 11 2 
E:maj [4, 8, 11] 4 8 
A:maj [1, 4, 9] 9 4 
Ab:min7 [3, 6, 8, 11] 8 4 
F#:min [1, 6, 9] 6 2 
B:maj [3, 6, 11] 11 2 
E:maj [4, 8, 11] 4 4 
A:maj [1, 4, 9] 9 4 
Ab:min7 [3, 6, 8, 11] 8 4 
F#:min [1, 6, 9] 6 2 
B:sus4(b7) [4, 6, 11] 11 2 
E:maj [4, 8, 11] 4 4 
A:maj [1, 4, 9] 9 2 
Bb:dim [1, 4, 10] 10 2 
B:maj [3, 6, 11] 11 4 
A:maj [1, 4, 9] 9 2 
A:maj7 [1, 4, 7, 9] 9 2 
Ab:min7 [3, 6, 8, 11] 8 2 
C#:min [1, 4, 8] 1 2 
F#:sus2 [1, 6, 8] 6 2 
B:maj6 [3, 6, 8, 11] 11 2 
E:maj [4, 8, 11] 4 4 
A:maj [1, 4, 9] 9 4 
Ab:min7 [3, 6, 8, 11] 8 2 
C#:min [1, 4, 8] 1 2 
F#:min [1, 6, 9] 6 2 
B:maj [3, 6, 11] 11 2 
E:maj [4, 8, 11] 4 4 
A:maj [1, 4, 9] 9 4 
Ab:min7 [3, 6, 8, 11] 8 4 
F#:min [1, 6, 9] 6 2 
B:maj [3, 6, 11] 11 2 
E:maj [4, 8, 11] 4 4 
A:maj [1, 4, 9] 9 4 
Ab:min7 [3, 6, 8, 11] 8 4 
F#:min [1, 6, 9] 6 2 
B:sus4(b7) [4, 6, 11] 11 2 
E:maj [4, 8, 11] 4 4 
A:maj [1, 4, 9] 9 4 
Ab:min7 [3, 6, 8, 11] 8 4 
F#:min [1, 6, 9] 6 2 
B:maj [3, 6, 11] 11 2 
E:maj [4, 8, 11] 4 4 
A:maj [1, 4, 9] 9 4 
Ab:min7 [3, 6, 8, 11] 8 4 
F#:min [1, 6, 9] 6 2 
B:maj [3, 6, 11] 11 2 
E:maj [4, 8, 11] 4 4 
A:maj [1, 4, 9] 9 4 
Ab:min7 [3, 6, 8, 11] 8 4 
F#:min [1, 6, 9] 6 2 
B:sus4(b7) [4, 6, 11] 11 2 
E:maj [4, 8, 11] 4 4 
A:maj [1, 4, 9] 9 2 
Ab:min7 [3, 6, 8, 11] 8 2 
Ab:min [3, 8, 11] 8 2 
C#:min/5 [1, 4, 8] 8 2 
F#:min [1, 6, 9] 6 3 
B:maj [3, 6, 11] 11 1 
B:sus4(b7) [4, 6, 11] 11 1 
E:maj [4, 8, 11] 4 5 
