C:maj [0, 4, 7] 0 4 
E:min [4, 7, 11] 4 4 
A:min [0, 4, 9] 9 3 
F:maj [0, 5, 9] 5 5 
D:min [2, 5, 9] 2 4 
G:maj [2, 7, 11] 7 4 
C:maj [0, 4, 7] 0 16 
D:min [2, 5, 9] 2 8 
D:min/b3 [2, 5, 9] 5 2 
C:maj/5 [0, 4, 7] 7 2 
C:maj [0, 4, 7] 0 4 
A:min7 [0, 4, 7, 9] 9 4 
G:maj [2, 7, 11] 7 4 
C:maj [0, 4, 7] 0 8 
D:min [2, 5, 9] 2 8 
D:min/b3 [2, 5, 9] 5 2 
C:maj/5 [0, 4, 7] 7 2 
C:maj [0, 4, 7] 0 4 
D:min [2, 5, 9] 2 2 
C:maj/5 [0, 4, 7] 7 2 
C:maj [0, 4, 7] 0 4 
C#:maj/3 [1, 5, 8] 5 8 
C:maj [0, 4, 7] 0 8 
F:maj [0, 5, 9] 5 8 
D:min7 [0, 2, 5, 9] 2 4 
G:maj [2, 7, 11] 7 8 
C:maj [0, 4, 7] 0 8 
D:min [2, 5, 9] 2 9 
F:maj [0, 5, 9] 5 1 
G:maj [2, 7, 11] 7 2 
C:maj [0, 4, 7] 0 4 
A:min [0, 4, 9] 9 2 
G:maj [2, 7, 11] 7 2 
C:maj [0, 4, 7] 0 8 
E:maj [4, 8, 11] 4 4 
D:maj/5 [2, 6, 9] 9 3 
F:maj [0, 5, 9] 5 5 
D:maj [2, 6, 9] 2 4 
G:maj [2, 7, 11] 7 4 
C:maj [0, 4, 7] 0 16 
D:min [2, 5, 9] 2 8 
D:min/b3 [2, 5, 9] 5 2 
C:maj/5 [0, 4, 7] 7 2 
C:maj [0, 4, 7] 0 4 
A:min7 [0, 4, 7, 9] 9 4 
G:maj [2, 7, 11] 7 4 
C:maj [0, 4, 7] 0 8 
D:min [2, 5, 9] 2 8 
D:min/b3 [2, 5, 9] 5 2 
C:maj/5 [0, 4, 7] 7 2 
C:maj [0, 4, 7] 0 4 
D:min [2, 5, 9] 2 2 
C:maj/5 [0, 4, 7] 7 2 
C:maj [0, 4, 7] 0 3 
F:maj [0, 5, 9] 5 9 
C:maj [0, 4, 7] 0 8 
F:maj [0, 5, 9] 5 7 
D:min7 [0, 2, 5, 9] 2 5 
G:maj [2, 7, 11] 7 8 
C:maj [0, 4, 7] 0 8 
D:min [2, 5, 9] 2 8 
D:min/b3 [2, 5, 9] 5 2 
C:maj/5 [0, 4, 7] 7 2 
C:maj [0, 4, 7] 0 4 
A:min [0, 4, 9] 9 2 
C:maj/5 [0, 4, 7] 7 2 
C:maj [0, 4, 7] 0 8 
D:min [2, 5, 9] 2 2 
G:maj [2, 7, 11] 7 1 
G:7/b7 [2, 5, 7, 11] 5 2 
