0 128
64 2
0 2
64 1
0 3
64 1
0 1
55 1
0 1
57 1
0 1
55 1
0 1
64 1
0 1
64 1
0 3
64 2
0 2
55 2
57 1
0 1
60 1
0 1
62 3
0 1
64 3
0 1
62 2
60 3
0 1
57 8
0 10
65 2
0 2
65 2
0 2
65 2
55 2
57 2
55 2
62 2
64 3
64 5
60 2
62 2
64 2
67 3
0 1
69 3
0 1
67 2
64 4
62 10
0 8
64 2
0 2
64 1
0 3
64 1
0 1
55 1
0 1
57 1
0 1
55 1
0 1
64 1
0 1
64 1
0 3
64 2
0 2
55 2
57 1
0 1
60 1
0 1
62 3
0 1
64 3
0 1
62 2
60 3
0 1
57 8
0 10
65 2
0 2
65 2
0 2
65 2
55 2
57 2
55 2
62 2
64 3
64 5
60 2
62 2
64 2
69 3
0 1
67 3
0 1
64 2
62 4
60 10
0 2
60 2
64 2
67 2
69 4
0 4
69 5
0 3
69 2
67 2
65 2
69 4
69 1
0 1
69 1
0 1
69 1
0 1
67 5
0 3
67 5
0 3
67 2
65 2
64 2
67 2
0 2
60 2
64 2
67 2
69 4
0 4
69 5
0 3
69 2
67 2
65 2
69 4
69 1
0 1
69 1
0 1
72 1
0 1
74 1
0 3
74 2
0 2
74 2
72 2
71 2
69 2
71 2
67 13
0 17
64 2
0 2
64 1
0 3
64 1
0 1
55 1
0 1
57 1
0 1
55 1
0 1
64 1
0 1
64 1
0 3
64 2
0 2
55 2
57 1
0 1
60 1
0 1
62 3
0 1
64 3
0 1
62 2
60 3
0 1
57 8
0 10
65 2
0 2
65 2
0 2
65 2
55 2
57 2
55 2
62 2
64 3
64 5
60 2
62 2
64 2
67 3
0 1
69 3
0 1
64 2
62 4
60 10
0 136
64 2
0 2
64 1
0 3
64 1
0 1
55 1
0 1
57 1
0 1
55 1
0 1
64 1
0 1
64 1
0 3
64 2
0 2
55 2
57 1
0 1
60 1
0 1
62 3
0 1
64 3
0 1
62 2
60 3
0 1
57 8
0 10
65 2
0 2
65 2
0 2
65 2
55 2
57 2
55 2
62 2
64 3
64 5
60 2
62 2
64 2
67 3
0 1
69 3
0 1
67 2
64 4
62 10
0 8
64 2
0 2
64 1
0 3
64 1
0 1
55 1
0 1
57 1
0 1
55 1
0 1
64 1
0 1
64 1
0 3
64 2
0 2
55 2
57 1
0 1
60 1
0 1
62 3
0 1
64 3
0 1
62 2
60 3
0 1
57 8
0 10
65 2
0 2
65 2
0 2
65 2
55 2
57 2
55 2
62 2
64 3
64 5
60 2
62 2
64 2
69 3
0 1
67 3
0 1
64 2
62 4
60 10
0 2
60 2
64 2
67 2
69 4
0 4
69 5
0 3
69 2
67 2
65 2
69 3
0 1
69 1
0 1
69 1
0 1
72 1
0 1
67 5
0 3
67 5
0 3
67 2
65 2
64 2
67 2
0 2
60 2
64 2
67 2
69 4
0 4
69 5
0 3
69 2
67 2
65 2
69 4
69 1
0 1
69 1
0 1
72 1
0 1
74 1
0 3
74 2
0 2
74 2
72 2
71 2
69 2
71 2
67 13
0 17
64 2
0 2
64 1
0 3
64 1
0 1
55 1
0 1
57 1
0 1
55 1
0 1
64 1
0 1
64 1
0 3
64 2
0 2
55 2
57 1
0 1
60 1
0 1
62 3
0 1
64 3
0 1
62 2
60 3
0 1
57 8
0 10
65 2
0 2
65 2
0 2
65 2
55 2
57 2
55 2
62 2
64 3
64 5
60 2
62 2
64 2
67 3
0 1
69 3
0 1
64 2
62 4
60 10
