0 132
75 3
0 1
74 3
0 1
75 1
0 1
74 2
0 4
75 3
0 1
74 3
0 1
75 1
0 1
74 3
0 3
75 3
0 1
74 3
0 1
75 1
0 1
77 4
75 2
0 2
74 2
0 2
70 1
0 1
70 3
0 1
67 2
0 2
75 3
0 1
74 3
0 1
75 1
0 1
74 2
0 4
75 3
0 1
74 3
0 1
75 1
0 1
74 3
0 3
75 3
0 1
74 3
0 1
75 1
0 1
77 4
75 2
0 2
77 2
0 2
79 2
0 2
79 3
0 9
77 1
0 1
79 1
0 1
77 1
0 1
79 4
0 2
77 1
0 1
79 1
0 1
77 3
0 1
75 6
0 10
75 1
0 1
74 2
0 2
75 1
0 1
74 2
0 2
70 3
0 1
67 4
0 8
77 1
0 1
79 1
0 1
77 1
0 1
79 4
0 2
77 1
0 1
79 1
0 1
77 3
0 1
75 5
0 11
77 4
0 2
75 3
0 1
74 1
0 1
75 1
0 1
77 2
0 2
79 1
0 1
79 1
0 1
79 1
0 1
79 1
0 1
79 3
0 1
72 1
0 1
75 3
0 1
77 1
0 1
79 3
0 1
79 3
0 5
80 1
0 1
80 1
0 1
80 1
0 1
80 1
0 1
79 3
0 1
80 1
0 1
79 3
0 1
75 1
0 1
79 3
0 1
77 5
0 3
79 1
0 1
79 1
0 1
79 2
0 2
79 2
0 2
72 1
0 1
75 3
0 1
77 1
0 1
79 3
79 5
75 3
0 1
74 1
0 1
72 9
0 3
75 1
0 1
74 2
0 2
75 1
0 1
74 2
0 2
70 1
0 1
67 1
0 1
72 10
0 60
75 3
0 1
74 3
0 1
75 1
0 1
74 2
0 4
75 3
0 1
74 3
0 1
75 1
0 1
74 3
0 3
75 3
0 1
74 3
0 1
75 1
0 1
77 4
75 2
0 2
74 2
0 2
70 1
0 1
70 3
0 1
67 2
0 2
75 3
0 1
74 3
0 1
75 1
0 1
74 2
0 4
75 3
0 1
74 3
0 1
75 1
0 1
74 3
0 3
75 3
0 1
74 3
0 1
75 1
0 1
77 4
75 2
0 2
77 2
0 2
79 2
0 2
79 3
0 9
77 1
0 1
79 1
0 1
77 1
0 1
79 4
0 2
77 1
0 1
79 1
0 1
77 3
0 1
75 6
0 10
75 1
0 1
74 2
0 2
75 1
0 1
74 2
0 2
70 3
0 1
67 4
0 8
77 1
0 1
79 1
0 1
77 1
0 1
79 4
0 2
77 1
0 1
79 1
0 1
77 3
0 1
75 5
0 11
77 4
0 2
75 3
0 1
74 1
0 1
75 1
0 1
77 2
0 2
79 1
0 1
79 1
0 1
79 1
0 1
79 1
0 1
79 3
0 1
72 1
0 1
75 3
0 1
77 1
0 1
79 3
0 1
79 3
0 5
80 1
0 1
80 1
0 1
80 1
0 1
80 1
0 1
79 3
0 1
80 1
0 1
79 3
0 1
75 1
0 1
79 3
0 1
77 5
0 3
79 1
0 1
79 1
0 1
79 2
0 2
79 2
0 2
72 1
0 1
75 3
0 1
77 1
0 1
79 3
79 5
75 3
0 1
74 1
0 1
72 9
0 3
75 1
0 1
74 2
0 2
75 1
0 1
74 2
0 2
70 1
0 1
67 1
0 1
72 10
0 185
79 1
0 1
79 1
0 1
79 1
0 1
79 1
0 1
79 3
0 1
72 1
0 1
75 3
0 1
77 1
0 1
79 3
0 1
79 3
0 5
80 1
0 1
80 1
0 1
80 1
0 1
80 1
0 1
79 3
0 1
80 1
0 1
79 3
0 1
75 1
0 1
79 3
0 1
77 5
0 3
79 1
0 1
79 1
0 1
79 2
0 2
79 2
0 2
72 1
0 1
75 3
0 1
77 1
0 1
79 3
79 5
75 3
0 1
74 1
0 1
72 9
0 3
75 1
0 1
74 2
0 2
75 1
0 1
74 2
0 2
70 1
0 1
67 2
0 2
79 1
0 1
79 1
0 1
79 1
0 1
79 1
0 1
79 3
0 1
72 1
0 1
75 3
0 1
77 1
0 1
79 3
0 1
79 3
0 5
80 1
0 1
80 1
0 1
80 1
0 1
80 1
0 1
79 3
0 1
80 1
0 1
79 3
0 1
75 1
0 1
79 3
0 1
77 5
0 3
79 1
0 1
79 1
0 1
79 2
0 2
79 2
0 2
72 1
0 1
75 3
0 1
77 1
0 1
79 3
79 5
75 3
0 1
74 1
0 1
72 9
0 3
75 1
0 1
74 2
0 2
75 1
0 1
74 2
0 2
70 1
0 1
67 1
0 1
72 10
