F:min [0, 5, 8] 5 4
F:min(9) [0, 3, 5, 7, 8] 5 2
Ab:maj7 [0, 3, 6, 8] 8 2
D:dim [2, 5, 8] 2 4
Bb:min [1, 5, 10] 10 2
C:maj [0, 4, 7] 0 2
F:min [0, 5, 8] 5 2
Bb:maj [2, 5, 10] 10 2
C#:maj [1, 5, 8] 1 2
C:maj [0, 4, 7] 0 2
Bb:maj [2, 5, 10] 10 2
Bb:min9 [0, 1, 5, 8, 10] 10 1
F:min7/b7 [0, 3, 5, 8] 3 1
C#:maj [1, 5, 8] 1 2
C:maj [0, 4, 7] 0 2
F:min [0, 5, 8] 5 2
C#:maj [1, 5, 8] 1 2
Eb:maj [3, 7, 10] 3 2
Ab:maj [0, 3, 8] 8 2
Bb:min [1, 5, 10] 10 2
F:min7/b7 [0, 3, 5, 8] 3 1
D:dim [2, 5, 8] 2 1
Bb:min [1, 5, 10] 10 2
C:maj [0, 4, 7] 0 2
F:min [0, 5, 8] 5 2
Eb:maj [3, 7, 10] 3 2
C#:maj [1, 5, 8] 1 2
C:maj [0, 4, 7] 0 2
Bb:min [1, 5, 10] 10 2
D:dim [2, 5, 8] 2 2
Bb:min [1, 5, 10] 10 2
C:maj [0, 4, 7] 0 2
F:min [0, 5, 8] 5 2
Eb:maj [3, 7, 10] 3 2
C#:maj [1, 5, 8] 1 2
C:maj [0, 4, 7] 0 2
Bb:min [1, 5, 10] 10 2
Bb:min7 [1, 5, 8, 10] 10 1
D:dim [2, 5, 8] 2 1
Bb:min [1, 5, 10] 10 1
C:maj [0, 4, 7] 0 1
F:min [0, 5, 8] 5 6
Ab:maj/5 [0, 3, 8] 3 2
D:dim [2, 5, 8] 2 2
Bb:min [1, 5, 10] 10 1
C:maj [0, 4, 7] 0 1
F:min [0, 5, 8] 5 2
F:min7/b7 [0, 3, 5, 8] 3 2
D:hdim7 [2, 5, 8, 11] 2 2
F:min [0, 5, 8] 5 2
Eb:maj [3, 7, 10] 3 2
C#:maj [1, 5, 8] 1 2
C:maj [0, 4, 7] 0 2
Bb:min [1, 5, 10] 10 2
Bb:min7 [1, 5, 8, 10] 10 1
D:dim [2, 5, 8] 2 1
Bb:min [1, 5, 10] 10 2
C:maj [0, 4, 7] 0 2
F:min [0, 5, 8] 5 2
Eb:maj [3, 7, 10] 3 2
C#:maj [1, 5, 8] 1 2
C:maj [0, 4, 7] 0 2
Bb:min [1, 5, 10] 10 2
Bb:min7 [1, 5, 8, 10] 10 1
D:dim [2, 5, 8] 2 1
Bb:min [1, 5, 10] 10 1
C:maj [0, 4, 7] 0 1
F:min [0, 5, 8] 5 2
Bb:min [1, 5, 10] 10 2
F:min [0, 5, 8] 5 2
Bb:min [1, 5, 10] 10 1
C:maj [0, 4, 7] 0 1
F:min [0, 5, 8] 5 4
F:min9 [0, 3, 5, 7, 8] 5 2
C#:maj [1, 5, 8] 1 2
C:maj [0, 4, 7] 0 2
Bb:min [1, 5, 10] 10 2
F:min [0, 5, 8] 5 2
Bb:min [1, 5, 10] 10 2
C:maj [0, 4, 7] 0 5
F:sus2 [0, 5, 7] 5 3
