0 64
68 2
0 1
60 1
60 1
68 1
0 1
60 1
62 1
0 1
62 1
60 1
58 3
0 1
60 1
0 1
56 1
0 1
56 1
0 1
56 1
58 1
60 2
0 1
58 1
60 2
0 2
61 1
61 1
0 1
60 1
61 1
0 1
65 1
0 1
60 1
0 1
58 1
56 1
60 2
0 2
60 2
0 1
60 1
60 1
0 1
56 1
0 1
55 1
56 1
61 2
60 3
0 1
68 2
0 1
65 1
65 1
68 1
0 1
65 1
68 2
0 1
60 1
67 2
0 2
67 1
0 1
67 1
65 1
68 1
0 1
67 1
65 1
63 2
63 1
58 1
60 3
0 1
58 1
61 1
0 1
58 1
60 1
61 1
0 1
61 1
60 1
68 2
65 3
0 1
65 1
70 2
0 1
68 1
68 1
70 1
0 1
68 1
70 1
0 1
67 1
70 3
0 2
68 1
68 1
68 1
67 1
68 2
0 1
67 1
0 1
72 1
72 1
70 1
72 2
0 2
65 1
65 1
65 1
67 1
68 2
65 1
0 1
64 1
65 1
67 1
64 1
60 2
58 1
60 1
61 1
60 1
58 1
60 1
61 1
72 1
0 1
70 1
72 2
67 1
68 4
0 1
70 1
70 1
70 1
70 1
70 1
65 2
72 2
67 1
67 1
72 3
0 2
68 1
68 1
68 1
67 1
68 2
0 1
67 1
0 1
72 1
72 1
70 1
72 2
0 2
65 1
65 1
65 1
67 1
68 2
65 1
0 1
64 1
65 1
67 1
64 1
60 2
58 1
60 1
61 1
60 1
58 1
60 1
61 1
72 1
0 1
70 1
72 2
67 1
68 4
0 1
65 1
68 1
70 1
72 1
67 1
70 1
0 1
68 1
0 1
67 1
65 6
0 64
68 1
68 1
68 1
67 1
68 2
0 1
67 1
0 1
72 1
72 1
70 1
72 2
0 2
65 1
65 1
65 1
67 1
68 2
65 1
0 1
64 1
65 1
67 1
64 1
60 2
58 1
60 1
61 1
60 1
58 1
60 1
61 1
72 1
0 1
70 1
72 2
67 1
68 4
0 1
70 1
70 1
70 1
70 1
70 1
65 2
72 2
67 1
67 1
72 3
0 2
68 1
68 1
68 1
67 1
68 2
0 1
67 1
0 1
72 1
72 1
70 1
72 2
0 2
65 1
65 1
65 1
67 1
68 2
65 1
0 1
64 1
65 1
67 1
64 1
60 2
58 1
60 1
61 1
60 1
58 1
60 1
61 1
72 1
0 1
70 1
72 2
67 1
68 4
0 1
70 1
65 1
70 1
72 1
0 1
67 2
68 1
67 1
65 4
0 1
58 1
60 1
61 1
60 1
58 1
60 1
61 1
72 1
0 1
70 2
72 1
68 1
65 3
0 2
70 1
65 1
70 1
72 1
0 1
67 2
0 1
68 1
67 1
65 7
