Ab:maj [0, 3, 8] 8 2 
G:min/b3 [2, 7, 10] 10 2 
C:maj [0, 4, 7] 0 2 
C:min9 [0, 2, 3, 7, 10] 0 2 
Ab:maj [0, 3, 8] 8 2 
Bb:maj [2, 5, 10] 10 6 
C:min [0, 3, 7] 0 2 
Bb:maj [2, 5, 10] 10 2 
Ab:maj [0, 3, 8] 8 2 
C:min/b3 [0, 3, 7] 3 2 
F:min [0, 5, 8] 5 2 
G:min/b3 [2, 7, 10] 10 2 
Eb:maj [3, 7, 10] 3 4 
C:min [0, 3, 7] 0 2 
Bb:maj [2, 5, 10] 10 4 
C:min/b3 [0, 3, 7] 3 2 
F:min [0, 5, 8] 5 2 
G:min [2, 7, 10] 7 2 
C:min [0, 3, 7] 0 4 
C#:maj [1, 5, 8] 1 4 
C:min [0, 3, 7] 0 2 
F:min [0, 5, 8] 5 2 
Bb:min [1, 5, 10] 10 4 
C:maj [0, 4, 7] 0 4 
F:min [0, 5, 8] 5 2 
Eb:maj [3, 7, 10] 3 2 
C#:maj [1, 5, 8] 1 2 
C:min [0, 3, 7] 0 2 
Bb:min [1, 5, 10] 10 2 
Eb:maj [3, 7, 10] 3 2 
Ab:maj [0, 3, 8] 8 4 
F:min [0, 5, 8] 5 2 
Eb:maj [3, 7, 10] 3 2 
C#:maj [1, 5, 8] 1 2 
Ab:maj [0, 3, 8] 8 2 
Bb:min [1, 5, 10] 10 2 
C:min [0, 3, 7] 0 2 
F:min [0, 5, 8] 5 4 
C:min [0, 3, 7] 0 2 
Bb:maj [2, 5, 10] 10 2 
Ab:maj [0, 3, 8] 8 2 
Eb:maj [3, 7, 10] 3 2 
C:min [0, 3, 7] 0 2 
Bb:maj [2, 5, 10] 10 2 
A:dim [0, 3, 9] 9 4 
C:min [0, 3, 7] 0 2 
Bb:maj [2, 5, 10] 10 2 
Ab:maj [0, 3, 8] 8 2 
C:min/b3 [0, 3, 7] 3 2 
F:min [0, 5, 8] 5 2 
G:min/b3 [2, 7, 10] 10 2 
Eb:maj [3, 7, 10] 3 2 
G:min [2, 7, 10] 7 2 
C:min [0, 3, 7] 0 2 
Bb:maj [2, 5, 10] 10 2 
Ab:maj/2 [0, 3, 8] 10 2 
C:min/b3 [0, 3, 7] 3 2 
F:min [0, 5, 8] 5 2 
G:min [2, 7, 10] 7 2 
C:min [0, 3, 7] 0 4 
C#:maj [1, 5, 8] 1 4 
C:min [0, 3, 7] 0 2 
F:min [0, 5, 8] 5 2 
Bb:min [1, 5, 10] 10 4 
C:maj [0, 4, 7] 0 4 
F:min [0, 5, 8] 5 2 
Eb:maj [3, 7, 10] 3 2 
C#:maj [1, 5, 8] 1 2 
C:min [0, 3, 7] 0 2 
Bb:min [1, 5, 10] 10 2 
Eb:maj [3, 7, 10] 3 2 
Ab:maj [0, 3, 8] 8 4 
F:min [0, 5, 8] 5 2 
Eb:maj [3, 7, 10] 3 2 
C#:maj [1, 5, 8] 1 2 
Ab:maj [0, 3, 8] 8 2 
Bb:min [1, 5, 10] 10 2 
C:min [0, 3, 7] 0 2 
C#:maj [1, 5, 8] 1 4 
F:min [0, 5, 8] 5 2 
Eb:maj [3, 7, 10] 3 2 
C#:maj [1, 5, 8] 1 2 
C:min [0, 3, 7] 0 2 
Bb:min [1, 5, 10] 10 2 
Eb:maj [3, 7, 10] 3 2 
Ab:maj [0, 3, 8] 8 4 
F:min [0, 5, 8] 5 2 
Eb:maj [3, 7, 10] 3 2 
C#:maj [1, 5, 8] 1 2 
Ab:maj [0, 3, 8] 8 2 
Bb:min [1, 5, 10] 10 2 
C:min [0, 3, 7] 0 2 
F:min [0, 5, 8] 5 4 
Ab:min [3, 8, 11] 8 2 
F#:maj [1, 6, 10] 6 2 
E:maj [4, 8, 11] 4 2 
B:maj [3, 6, 11] 11 2 
Ab:min [3, 8, 11] 8 2 
Eb:min/b3 [3, 6, 10] 6 2 
E:maj [4, 8, 11] 4 4 
C#:min [1, 4, 8] 1 2 
F#:7 [1, 4, 6, 10] 6 2 
Eb:maj [3, 7, 10] 3 2 
Ab:min [3, 8, 11] 8 2 
C:maj [0, 4, 7] 0 4 
D:sus4 [2, 7, 9] 2 8 
G:maj [2, 7, 11] 7 2 
D:min [2, 5, 9] 2 2 
C:min7 [0, 3, 7, 10] 0 2 
Bb:maj [2, 5, 10] 10 2 
C:min [0, 3, 7] 0 2 
F:maj [0, 5, 9] 5 2 
Bb:maj [2, 5, 10] 10 4 
G:min [2, 7, 10] 7 2 
F:maj [0, 5, 9] 5 2 
C:min/b3 [0, 3, 7] 3 1 
F:maj [0, 5, 9] 5 1 
Bb:maj [2, 5, 10] 10 2 
C:min [0, 3, 7] 0 2 
D:min [2, 5, 9] 2 2 
Eb:maj [3, 7, 10] 3 4 
C:min [0, 3, 7] 0 3 
D:min [2, 5, 9] 2 5 
D:sus4 [2, 7, 9] 2 2 
G:maj [2, 7, 11] 7 4 
