0 64
60 3
0 3
55 2
62 3
0 3
55 1
0 1
63 2
62 2
60 2
58 2
55 3
0 5
53 2
0 2
63 3
62 3
60 1
0 1
58 1
0 1
53 1
0 1
55 6
0 8
55 2
60 4
0 2
55 2
62 4
0 2
55 1
0 1
63 2
62 2
63 2
65 2
67 3
0 5
65 2
0 2
60 2
0 2
62 3
0 3
58 2
60 7
0 9
65 2
0 4
60 2
63 4
0 2
61 2
60 2
63 1
0 1
63 1
0 1
65 2
60 4
0 2
56 1
0 1
58 2
0 4
65 2
65 1
0 2
63 2
0 1
65 1
0 1
67 8
0 4
65 1
0 1
67 1
0 1
68 2
0 2
72 3
0 1
67 3
0 5
65 1
0 1
67 1
0 1
68 1
0 1
65 1
0 1
63 4
0 4
61 2
0 2
68 3
67 3
65 2
63 1
0 1
58 2
60 7
0 5
65 2
67 1
0 1
68 3
0 1
72 3
0 1
67 4
0 4
65 2
67 1
0 1
68 1
0 1
70 1
0 1
72 4
0 4
70 3
0 1
65 3
0 1
67 4
0 2
63 2
65 12
0 68
60 3
0 3
55 2
62 3
0 3
55 1
0 1
63 2
62 2
60 2
58 2
55 3
0 5
53 2
0 2
63 3
62 3
60 1
0 1
58 1
0 1
53 1
0 1
55 6
0 8
55 2
60 4
0 2
55 2
62 4
0 2
55 1
0 1
63 2
62 2
63 2
65 2
67 3
0 5
65 2
0 2
60 2
0 2
62 3
0 3
58 2
60 7
0 9
65 2
0 4
60 2
63 4
0 2
61 2
60 2
63 1
0 1
63 1
0 1
65 2
60 4
0 2
56 1
0 1
58 2
0 4
65 2
65 1
0 2
63 2
0 1
65 1
0 1
67 8
0 4
65 1
0 1
67 1
0 1
68 2
0 2
72 3
0 1
67 3
0 5
65 1
0 1
67 1
0 1
68 1
0 1
65 1
0 1
63 4
0 4
61 2
0 2
68 3
67 3
65 2
63 1
0 1
58 2
60 7
0 5
65 2
67 1
0 1
68 3
0 1
72 3
0 1
67 4
0 4
65 2
67 1
0 1
68 1
0 1
70 1
0 1
72 4
0 4
70 3
0 1
65 3
0 1
67 4
0 2
63 2
65 8
0 4
65 1
0 1
67 1
0 1
68 2
0 2
72 3
0 1
67 3
0 5
65 1
0 1
67 1
0 1
68 1
0 1
65 1
0 1
63 4
0 4
61 2
0 2
68 3
67 3
65 2
63 1
0 1
58 2
60 7
0 5
65 2
67 1
0 1
68 3
0 1
72 3
0 1
67 4
0 4
65 2
67 1
0 1
68 1
0 1
70 1
0 1
72 4
0 4
70 3
0 1
65 3
0 1
67 4
0 2
63 2
65 8
0 148
67 1
0 1
69 1
0 1
70 2
0 2
74 3
0 1
69 3
0 5
67 1
0 1
69 1
0 1
70 1
0 1
67 1
0 1
65 4
0 4
63 2
0 2
70 3
69 3
67 2
65 1
0 1
60 2
62 7
0 5
67 2
69 1
0 1
70 3
0 1
74 3
0 1
69 4
0 4
67 2
69 1
0 1
70 1
0 1
72 1
0 1
74 4
0 4
72 3
0 1
67 3
0 1
69 4
0 2
65 2
67 8
0 9
72 4
0 5
67 2
0 1
69 5
0 9
65 8
67 15
