0 96
70 1
72 1
73 1
70 1
72 1
73 1
70 1
72 1
73 3
73 1
75 1
73 1
72 1
70 1
68 1
0 1
68 1
68 3
70 1
72 8
0 1
70 1
72 1
73 1
70 1
72 1
73 1
70 1
72 1
73 2
0 1
73 1
75 1
73 1
72 1
70 1
68 1
0 1
68 1
68 3
75 1
0 1
77 4
0 4
78 2
77 1
78 2
70 1
70 1
77 1
77 3
75 4
0 1
77 2
75 1
77 2
68 1
68 1
75 1
75 3
73 3
70 1
72 1
73 1
0 1
73 1
0 1
73 2
72 1
70 1
72 2
0 1
72 2
0 2
68 1
65 8
0 24
70 1
72 1
73 1
70 1
72 1
73 1
70 1
72 1
73 3
73 1
75 1
73 1
72 1
70 1
68 1
0 1
68 1
68 3
70 1
72 7
0 2
70 1
72 1
73 1
70 1
72 1
73 1
70 1
72 1
73 3
75 2
73 1
72 1
70 1
72 1
0 1
72 2
0 2
80 2
77 6
0 1
77 1
78 1
0 1
78 4
70 1
77 1
77 3
75 3
0 1
68 1
77 2
75 1
77 3
68 1
75 1
75 3
73 3
70 1
72 1
73 2
0 1
73 3
72 1
70 1
72 2
72 1
72 3
70 1
0 1
68 2
70 6
0 4
70 1
72 1
73 1
75 1
77 3
70 4
0 1
78 2
77 1
75 4
0 1
75 1
75 1
75 1
75 1
80 2
82 2
77 2
75 1
73 5
73 3
66 4
0 1
75 2
73 1
72 3
70 1
72 1
73 1
0 1
73 1
75 1
0 1
73 1
75 1
77 4
0 1
70 1
72 1
73 1
75 1
77 3
70 4
0 1
78 2
77 1
75 3
0 2
75 1
75 1
75 1
75 1
80 2
82 1
0 1
77 2
75 1
73 3
0 2
73 4
66 3
0 1
72 2
73 1
75 3
73 2
72 1
73 1
0 1
70 7
0 70
80 2
77 1
75 2
73 3
81 2
77 1
75 2
73 3
84 2
82 1
84 2
85 3
89 6
85 2
82 6
0 26
70 1
72 1
73 1
70 1
72 1
73 1
70 1
72 1
73 3
73 1
75 1
73 1
72 1
70 1
68 1
0 1
68 1
68 3
70 1
72 8
0 1
70 1
72 1
73 1
70 1
72 1
73 1
70 1
72 1
73 2
0 1
73 1
75 1
73 1
72 1
70 1
68 1
0 1
68 1
68 3
75 1
0 1
77 4
0 4
78 2
77 1
78 2
70 1
70 1
77 1
77 3
75 4
0 1
77 2
75 1
77 2
68 1
68 1
75 1
75 3
73 3
70 1
72 1
73 1
0 1
73 1
0 1
73 2
72 1
70 1
72 2
0 1
72 2
0 3
68 1
0 1
65 8
0 6
70 1
72 1
73 1
70 1
72 1
73 1
70 1
72 1
73 3
73 1
75 1
73 1
72 1
70 1
68 1
0 1
68 1
68 3
70 1
72 7
0 2
70 1
72 1
73 1
70 1
72 1
73 1
70 1
72 1
73 3
75 2
73 1
72 1
70 1
72 1
0 1
72 2
0 2
80 2
77 6
0 1
77 1
78 1
0 1
78 4
70 1
77 1
77 3
75 3
0 1
68 1
77 2
75 1
77 3
68 1
75 1
75 3
73 3
70 1
72 1
73 2
0 1
73 3
72 1
70 1
72 2
72 1
72 3
70 1
0 1
68 2
70 6
0 4
70 1
72 1
73 1
75 1
77 3
70 4
0 1
78 2
77 1
75 4
0 1
75 1
75 1
75 1
75 1
80 2
82 2
77 2
75 1
73 5
73 3
66 4
0 1
75 2
73 1
72 3
70 1
72 1
73 1
0 1
73 1
75 2
73 1
75 1
77 4
0 1
70 1
72 1
73 1
75 1
77 3
70 4
0 1
78 2
77 1
75 3
0 2
75 1
75 1
75 1
75 1
80 2
82 1
0 1
77 2
75 1
73 3
0 2
73 4
66 3
0 1
72 2
73 1
75 3
73 2
72 1
73 1
0 1
70 7
0 2
70 1
72 1
73 1
75 1
77 3
70 4
0 1
78 2
77 1
75 4
0 1
75 1
75 1
75 1
75 1
80 2
82 2
77 2
75 1
73 5
73 3
66 4
0 1
75 2
73 1
72 3
70 1
72 1
73 1
0 1
73 1
75 2
73 1
75 1
77 4
0 1
70 1
72 1
73 1
75 1
77 3
70 4
0 1
78 2
77 1
75 3
0 2
75 1
75 1
75 1
75 1
80 2
82 1
0 1
77 2
75 1
73 3
0 2
73 4
66 3
0 1
72 2
73 1
75 3
73 2
72 1
73 1
0 1
70 7
