A:sus2 [4, 9, 11] 9 6 
E:min [4, 7, 11] 4 6 
F:maj [0, 5, 9] 5 6 
E:min [4, 7, 11] 4 6 
A:min [0, 4, 9] 9 6 
C:maj [0, 4, 7] 0 3 
A:min [0, 4, 9] 9 3 
D:maj [2, 6, 9] 2 3 
A:min [0, 4, 9] 9 3 
D:maj [2, 6, 9] 2 3 
E:maj [4, 8, 11] 4 3 
A:min [0, 4, 9] 9 6 
C:maj [0, 4, 7] 0 3 
A:min [0, 4, 9] 9 3 
D:maj [2, 6, 9] 2 3 
A:min [0, 4, 9] 9 3 
D:maj [2, 6, 9] 2 3 
E:sus4 [4, 9, 11] 4 3 
A:min [0, 4, 9] 9 3 
E:min [4, 7, 11] 4 3 
F:maj [0, 5, 9] 5 3 
E:min [4, 7, 11] 4 3 
D:min [2, 5, 9] 2 3 
A:maj [1, 4, 9] 9 3 
D:min [2, 5, 9] 2 3 
E:maj [4, 8, 11] 4 4 
A:min/5 [0, 4, 9] 4 3 
A:sus2 [4, 9, 11] 9 3 
C:maj [0, 4, 7] 0 3 
A:min [0, 4, 9] 9 3 
D:maj [2, 6, 9] 2 9 
A:min [0, 4, 9] 9 6 
E:min [4, 7, 11] 4 2 
F:sus2 [0, 5, 7] 5 4 
E:min [4, 7, 11] 4 3 
D:min [2, 5, 9] 2 3 
A:maj [1, 4, 9] 9 3 
D:min [2, 5, 9] 2 3 
E:maj [4, 8, 11] 4 4 
A:min/5 [0, 4, 9] 4 3 
A:sus2 [4, 9, 11] 9 3 
C:maj [0, 4, 7] 0 3 
A:min [0, 4, 9] 9 3 
D:maj [2, 6, 9] 2 9 
A:min [0, 4, 9] 9 9 
C:maj [0, 4, 7] 0 3 
A:min [0, 4, 9] 9 3 
D:min [2, 5, 9] 2 3 
A:min [0, 4, 9] 9 3 
D:maj [2, 6, 9] 2 3 
E:maj [4, 8, 11] 4 3 
A:min [0, 4, 9] 9 3 
E:min [4, 7, 11] 4 3 
F:maj [0, 5, 9] 5 3 
E:min [4, 7, 11] 4 3 
D:min [2, 5, 9] 2 3 
A:sus2 [4, 9, 11] 9 3 
D:min [2, 5, 9] 2 3 
E:maj [4, 8, 11] 4 4 
A:min [0, 4, 9] 9 6 
C:maj [0, 4, 7] 0 3 
A:min [0, 4, 9] 9 3 
D:maj [2, 6, 9] 2 9 
A:min [0, 4, 9] 9 3 
D:maj [2, 6, 9] 2 12 
A:sus2 [4, 9, 11] 9 7 
A:min(9) [0, 4, 7, 9, 11] 9 4 
A:min [0, 4, 9] 9 1 
