0 96
64 2
69 2
67 2
66 2
64 2
62 2
64 6
0 4
66 1
0 1
67 2
66 2
64 2
60 2
62 3
0 1
64 2
57 8
0 2
62 2
62 1
0 1
62 1
0 1
62 2
60 2
62 2
64 3
0 1
69 1
0 1
69 1
0 1
66 2
64 2
66 2
66 1
0 1
66 2
62 2
64 4
66 2
64 8
0 2
64 2
69 2
67 1
0 1
66 1
0 1
64 2
62 2
64 6
0 4
66 1
0 1
67 1
0 1
66 1
0 1
64 1
0 1
60 1
0 1
62 3
0 1
64 1
0 1
57 6
0 4
62 2
0 2
62 1
0 1
62 1
0 1
60 1
0 1
62 1
0 1
64 3
0 1
69 2
67 1
0 1
66 1
0 1
64 1
0 1
66 1
0 1
66 1
0 1
66 1
0 1
62 1
0 1
64 2
0 2
66 2
64 5
0 5
69 3
0 1
69 3
0 1
69 3
0 1
71 3
0 1
64 3
0 1
71 2
0 2
69 2
67 1
0 1
64 2
62 2
64 1
0 1
69 2
67 1
0 1
67 3
0 7
62 3
0 1
62 3
0 1
62 3
0 1
64 3
0 1
57 2
0 2
64 2
0 2
62 2
0 2
62 1
0 1
57 1
0 1
60 1
0 1
57 1
0 1
59 5
0 11
64 2
69 2
67 1
0 1
66 1
0 1
64 2
62 2
64 6
0 4
66 1
0 1
67 1
0 1
66 1
0 1
64 1
0 1
60 1
0 1
62 3
0 1
64 1
0 1
57 6
0 4
62 1
0 1
62 1
0 1
62 1
0 1
62 1
0 1
60 1
0 1
62 1
0 1
64 3
0 1
69 2
67 1
0 1
66 1
0 1
64 1
0 1
66 1
0 1
62 1
0 1
64 1
0 1
60 1
0 1
62 1
0 1
55 1
0 1
57 8
0 4
69 3
0 1
69 3
0 1
69 3
0 1
71 3
0 1
64 3
0 1
71 2
0 2
69 2
67 1
0 1
64 2
62 2
64 1
0 1
69 2
67 1
0 1
67 3
0 7
62 3
0 1
62 3
0 1
62 3
0 1
64 3
0 1
57 2
0 2
64 2
0 2
62 2
0 2
62 1
0 1
57 1
0 1
60 1
0 1
57 1
0 1
59 5
0 11
64 2
69 2
67 2
66 2
64 2
62 2
64 6
0 4
66 1
0 1
67 2
66 2
64 2
60 2
62 3
0 1
64 2
57 8
0 2
62 2
62 1
0 1
62 1
0 1
62 2
60 2
62 2
64 3
0 1
69 1
0 1
69 1
0 1
66 2
64 2
66 2
62 2
64 1
0 1
60 2
62 2
55 2
57 7
0 101
69 3
0 1
69 3
0 1
69 3
0 1
71 3
0 1
64 3
0 1
71 2
0 2
69 2
67 1
0 1
64 2
62 2
64 1
0 1
69 2
67 1
0 1
67 3
0 7
62 3
0 1
62 3
0 1
62 3
0 1
64 3
0 1
57 2
0 2
64 2
0 2
62 2
0 2
62 1
0 1
57 1
0 1
60 1
0 1
57 1
0 1
59 5
0 11
64 2
69 2
67 2
66 2
64 2
62 2
64 6
0 4
66 1
0 1
67 2
66 2
64 2
60 2
62 3
0 1
64 2
57 8
0 2
62 2
62 1
0 1
62 1
0 1
62 2
60 2
62 2
64 3
0 1
69 1
0 1
69 1
0 1
66 2
64 2
66 2
62 2
64 1
0 1
60 2
62 2
55 2
57 7
0 5
62 2
62 1
0 1
62 1
0 1
62 2
60 2
62 2
64 3
0 1
69 1
0 1
69 1
0 1
66 2
64 2
66 2
62 2
64 2
0 1
60 3
62 5
0 6
55 3
0 1
57 13
