C:min [0, 3, 7] 0 2 
Bb:maj [2, 5, 10] 10 1 
Ab:maj [0, 3, 8] 8 5 
C:min [0, 3, 7] 0 20 
C:min9 [0, 2, 3, 7, 10] 0 4 
Ab:maj [0, 3, 8] 8 6 
Bb:maj6 [2, 5, 7, 10] 10 2 
C:min [0, 3, 7] 0 2 
Ab:maj7 [0, 3, 6, 8] 8 2 
Bb:maj6 [2, 5, 7, 10] 10 2 
G:min [2, 7, 10] 7 2 
C:min [0, 3, 7] 0 2 
Ab:maj7 [0, 3, 6, 8] 8 2 
Bb:maj6 [2, 5, 7, 10] 10 2 
G:min [2, 7, 10] 7 2 
C:min [0, 3, 7] 0 2 
Ab:maj7 [0, 3, 6, 8] 8 2 
Bb:maj6 [2, 5, 7, 10] 10 2 
G:min [2, 7, 10] 7 2 
F:min [0, 5, 8] 5 2 
G:min [2, 7, 10] 7 2 
Ab:maj [0, 3, 8] 8 2 
Bb:maj [2, 5, 10] 10 2 
C:min [0, 3, 7] 0 2 
Ab:maj7 [0, 3, 6, 8] 8 2 
Bb:maj6 [2, 5, 7, 10] 10 2 
G:min [2, 7, 10] 7 2 
C:min [0, 3, 7] 0 2 
Ab:maj7 [0, 3, 6, 8] 8 2 
Bb:maj6 [2, 5, 7, 10] 10 2 
G:min [2, 7, 10] 7 2 
C:min [0, 3, 7] 0 2 
Ab:maj7 [0, 3, 6, 8] 8 2 
Bb:maj6 [2, 5, 7, 10] 10 2 
G:min [2, 7, 10] 7 2 
F:min [0, 5, 8] 5 2 
G:min [2, 7, 10] 7 2 
Ab:maj [0, 3, 8] 8 2 
Bb:maj [2, 5, 10] 10 2 
C:min [0, 3, 7] 0 2 
Ab:maj7 [0, 3, 6, 8] 8 2 
Bb:maj6 [2, 5, 7, 10] 10 2 
G:min [2, 7, 10] 7 2 
C:min [0, 3, 7] 0 2 
Ab:maj7 [0, 3, 6, 8] 8 2 
Bb:maj6 [2, 5, 7, 10] 10 2 
G:min [2, 7, 10] 7 2 
C:min [0, 3, 7] 0 2 
Ab:maj7 [0, 3, 6, 8] 8 4 
G:min [2, 7, 10] 7 2 
F:min [0, 5, 8] 5 2 
G:min [2, 7, 10] 7 2 
Ab:maj [0, 3, 8] 8 2 
Bb:maj [2, 5, 10] 10 6 
C:maj [0, 4, 7] 0 1 
Bb:maj [2, 5, 10] 10 2 
Bb:sus4 [3, 5, 10] 10 1 
C:min [0, 3, 7] 0 2 
F:min7 [0, 3, 5, 8] 5 2 
G:min [2, 7, 10] 7 4 
C:min [0, 3, 7] 0 2 
F:min7 [0, 3, 5, 8] 5 2 
G:min [2, 7, 10] 7 4 
C:min [0, 3, 7] 0 2 
F:min7 [0, 3, 5, 8] 5 2 
G:min [2, 7, 10] 7 4 
C:min [0, 3, 7] 0 2 
G:min [2, 7, 10] 7 2 
F:min [0, 5, 8] 5 2 
F:min7 [0, 3, 5, 8] 5 2 
C:min [0, 3, 7] 0 2 
F:min7 [0, 3, 5, 8] 5 2 
G:min [2, 7, 10] 7 4 
C:min [0, 3, 7] 0 2 
F:min7 [0, 3, 5, 8] 5 2 
G:min [2, 7, 10] 7 4 
C:min [0, 3, 7] 0 2 
F:min7 [0, 3, 5, 8] 5 2 
G:min/b3 [2, 7, 10] 10 4 
C:min [0, 3, 7] 0 2 
G:min [2, 7, 10] 7 2 
F:min [0, 5, 8] 5 2 
F:min7 [0, 3, 5, 8] 5 2 
C:min [0, 3, 7] 0 2 
Ab:maj7 [0, 3, 6, 8] 8 2 
Bb:maj6 [2, 5, 7, 10] 10 2 
G:min [2, 7, 10] 7 2 
C:min [0, 3, 7] 0 2 
Ab:maj7 [0, 3, 6, 8] 8 2 
Bb:maj6 [2, 5, 7, 10] 10 2 
G:min [2, 7, 10] 7 2 
C:min [0, 3, 7] 0 2 
Ab:maj7 [0, 3, 6, 8] 8 4 
G:min [2, 7, 10] 7 2 
F:min [0, 5, 8] 5 2 
G:min [2, 7, 10] 7 2 
Ab:maj [0, 3, 8] 8 2 
Bb:maj [2, 5, 10] 10 2 
Bb:7 [2, 5, 8, 10] 10 4 
C:maj [0, 4, 7] 0 1 
Bb:maj [2, 5, 10] 10 2 
Bb:sus4 [3, 5, 10] 10 1 
C:min [0, 3, 7] 0 2 
F:min7 [0, 3, 5, 8] 5 2 
G:min/b3 [2, 7, 10] 10 2 
Bb:maj [2, 5, 10] 10 2 
C:min [0, 3, 7] 0 2 
F:min7 [0, 3, 5, 8] 5 2 
G:min/b3 [2, 7, 10] 10 4 
C:min [0, 3, 7] 0 2 
F:min7 [0, 3, 5, 8] 5 2 
G:min/b3 [2, 7, 10] 10 4 
C:min [0, 3, 7] 0 2 
G:min [2, 7, 10] 7 2 
F:min [0, 5, 8] 5 2 
F:min7 [0, 3, 5, 8] 5 2 
C:min [0, 3, 7] 0 2 
F:min7 [0, 3, 5, 8] 5 2 
G:min/b3 [2, 7, 10] 10 2 
Bb:maj [2, 5, 10] 10 2 
C:min [0, 3, 7] 0 2 
F:min7 [0, 3, 5, 8] 5 2 
G:min/b3 [2, 7, 10] 10 4 
C:min [0, 3, 7] 0 2 
F:min7 [0, 3, 5, 8] 5 2 
G:min/b3 [2, 7, 10] 10 4 
C:min [0, 3, 7] 0 2 
G:min [2, 7, 10] 7 2 
F:min [0, 5, 8] 5 2 
F:min7 [0, 3, 5, 8] 5 2 
C:min [0, 3, 7] 0 2 
Ab:maj7 [0, 3, 6, 8] 8 2 
Bb:maj6 [2, 5, 7, 10] 10 2 
G:min [2, 7, 10] 7 2 
C:min [0, 3, 7] 0 2 
Ab:maj7 [0, 3, 6, 8] 8 2 
Bb:maj6 [2, 5, 7, 10] 10 2 
G:min [2, 7, 10] 7 2 
C:min [0, 3, 7] 0 2 
Ab:maj7 [0, 3, 6, 8] 8 2 
Bb:maj6 [2, 5, 7, 10] 10 2 
G:min [2, 7, 10] 7 2 
F:min [0, 5, 8] 5 2 
G:min [2, 7, 10] 7 2 
Ab:maj [0, 3, 8] 8 2 
Bb:maj [2, 5, 10] 10 6 
C:maj [0, 4, 7] 0 1 
Bb:maj [2, 5, 10] 10 1 
Bb:maj/3 [2, 5, 10] 2 1 
Bb:sus4 [3, 5, 10] 10 1 
C:min [0, 3, 7] 0 2 
F:min7 [0, 3, 5, 8] 5 2 
G:min/b3 [2, 7, 10] 10 2 
Bb:maj [2, 5, 10] 10 2 
C:min [0, 3, 7] 0 2 
F:min7 [0, 3, 5, 8] 5 2 
G:min/b3 [2, 7, 10] 10 4 
C:min [0, 3, 7] 0 2 
F:min7 [0, 3, 5, 8] 5 2 
G:min/b3 [2, 7, 10] 10 4 
C:min [0, 3, 7] 0 2 
G:min [2, 7, 10] 7 2 
F:min [0, 5, 8] 5 2 
F:min7 [0, 3, 5, 8] 5 2 
C:min [0, 3, 7] 0 2 
F:min7 [0, 3, 5, 8] 5 2 
G:min/b3 [2, 7, 10] 10 2 
Bb:maj [2, 5, 10] 10 2 
C:min [0, 3, 7] 0 2 
F:min7 [0, 3, 5, 8] 5 2 
G:min/b3 [2, 7, 10] 10 4 
C:min [0, 3, 7] 0 2 
F:min7 [0, 3, 5, 8] 5 2 
G:min/b3 [2, 7, 10] 10 4 
C:min [0, 3, 7] 0 2 
G:min [2, 7, 10] 7 2 
F:min [0, 5, 8] 5 2 
F:min7 [0, 3, 5, 8] 5 2 
C:min [0, 3, 7] 0 2 
G:min [2, 7, 10] 7 2 
F:min [0, 5, 8] 5 2 
F:min7 [0, 3, 5, 8] 5 2 
C:min [0, 3, 7] 0 2 
G:min [2, 7, 10] 7 2 
