63 5
0 3
62 2
0 1
63 1
62 1
0 1
60 17
0 133
67 2
67 2
67 4
67 2
67 2
67 4
65 2
63 2
62 4
60 8
67 2
67 2
67 4
67 2
67 2
70 4
68 2
67 2
65 4
63 8
67 2
67 2
67 4
67 2
67 2
67 4
65 2
63 2
62 4
60 4
63 4
63 2
60 2
63 4
63 4
63 4
63 2
67 2
65 8
67 2
67 2
67 2
67 2
67 2
67 2
67 2
67 2
67 2
67 2
67 2
65 2
65 8
67 2
67 2
67 2
67 2
67 2
67 2
67 2
67 2
70 2
70 2
68 2
67 2
65 8
67 2
67 2
67 2
67 2
67 2
67 2
67 2
67 2
67 4
67 2
65 2
65 8
63 4
63 4
63 4
63 4
63 2
63 2
63 2
67 2
65 8
67 2
67 2
67 2
67 2
67 2
67 2
67 2
67 2
67 2
67 2
67 2
65 2
65 8
67 2
67 2
67 2
67 2
67 2
67 2
67 2
67 2
70 3
70 1
68 2
67 2
65 8
67 2
67 2
67 2
67 2
67 2
67 2
67 2
67 2
67 2
67 2
67 2
65 2
67 2
65 6
63 2
60 2
63 2
60 2
63 2
63 2
63 2
63 2
63 2
63 2
63 2
67 2
65 32
67 2
65 2
63 2
62 2
63 4
60 2
63 2
63 2
63 2
65 2
65 4
58 6
67 2
65 2
63 2
62 2
63 4
60 2
63 2
63 2
63 2
65 2
65 10
67 2
65 2
63 2
62 2
63 4
60 2
63 2
63 2
63 2
65 2
65 4
58 6
62 2
62 2
62 4
63 8
62 2
63 2
62 2
60 10
67 2
65 2
63 2
62 2
63 4
60 2
63 2
63 2
63 2
65 2
65 4
58 6
67 2
65 2
63 2
62 2
63 4
60 2
63 2
63 2
63 2
65 2
65 10
67 2
65 2
63 2
62 2
63 4
60 2
63 2
63 2
63 2
65 2
65 4
58 6
62 2
62 2
62 2
62 2
63 8
62 2
63 2
62 2
60 18
67 2
67 2
67 2
67 2
67 2
67 2
67 2
67 2
67 2
67 2
67 2
65 2
65 8
67 2
67 2
67 2
67 2
67 2
67 2
67 2
67 2
70 3
70 1
68 2
67 2
65 8
67 2
67 2
67 2
67 2
67 2
67 2
67 2
67 2
67 2
67 2
67 2
65 2
67 2
65 4
60 2
63 2
60 2
63 2
60 2
63 4
63 2
63 2
63 2
63 2
63 2
67 2
65 32
67 2
65 2
63 2
62 2
63 4
60 2
63 2
63 2
63 2
65 2
65 4
58 6
67 2
65 2
63 2
62 2
63 4
60 2
63 2
63 2
63 2
65 2
65 10
67 2
65 2
63 2
62 2
63 4
60 2
63 2
63 2
63 2
65 2
65 4
58 6
62 2
62 2
62 4
63 8
62 2
63 2
62 2
60 10
67 2
65 2
63 2
62 2
63 4
60 2
63 2
63 2
63 2
65 2
65 4
58 6
67 2
65 2
63 2
62 2
63 4
60 2
63 2
63 2
63 2
65 2
65 10
67 2
65 2
63 2
62 2
63 4
60 2
63 2
63 2
63 2
65 2
65 4
58 6
62 2
62 2
62 2
62 2
63 8
62 2
63 2
62 2
60 11
0 159
67 2
65 2
63 2
62 2
63 4
60 2
63 2
63 2
63 2
65 2
65 4
58 6
67 2
65 2
63 2
62 2
63 4
60 2
63 2
63 2
63 2
65 2
65 10
67 2
65 2
63 2
62 2
63 4
60 2
63 2
63 2
63 2
65 2
65 4
58 6
62 2
62 2
62 4
63 8
62 2
63 2
62 2
60 10
67 2
65 2
63 2
62 2
63 4
60 2
63 2
63 2
63 2
65 2
65 4
58 6
67 2
65 2
63 2
62 2
63 4
60 2
63 2
63 2
63 2
65 2
65 10
67 2
65 2
63 2
62 2
63 4
60 2
63 2
63 2
63 2
65 2
65 4
58 6
62 2
62 2
62 2
62 2
63 8
62 2
63 2
62 2
60 18
63 8
62 2
63 2
62 2
60 18
63 8
62 2
63 2
62 2
60 11
