G:maj [2, 7, 11] 7 32
Eb:maj [3, 7, 10] 3 2
D:maj [2, 6, 9] 2 2
F:maj [0, 5, 9] 5 2
Eb:maj [3, 7, 10] 3 2
G:min [2, 7, 10] 7 2
C:min [0, 3, 7] 0 4
G:min [2, 7, 10] 7 2
Eb:maj7 [1, 3, 7, 10] 3 2
D:maj [2, 6, 9] 2 2
F:maj [0, 5, 9] 5 2
Eb:maj [3, 7, 10] 3 2
G:min [2, 7, 10] 7 3
D:min/b3 [2, 5, 9] 5 1
Bb:maj [2, 5, 10] 10 2
C:min [0, 3, 7] 0 2
F:maj [0, 5, 9] 5 2
Eb:maj [3, 7, 10] 3 1
D:maj [2, 6, 9] 2 1
G:min [2, 7, 10] 7 2
C:min [0, 3, 7] 0 2
Eb:maj [3, 7, 10] 3 1
F:maj [0, 5, 9] 5 1
G:maj [2, 7, 11] 7 2
C:maj [0, 4, 7] 0 4
F:maj [0, 5, 9] 5 2
Eb:maj [3, 7, 10] 3 1
D:sus4 [2, 7, 9] 2 1
G:maj [2, 7, 11] 7 2
D:sus4(b7) [2, 7, 9] 2 2
Eb:maj [3, 7, 10] 3 1
F:maj [0, 5, 9] 5 1
Eb:maj [3, 7, 10] 3 2
G:maj [2, 7, 11] 7 18
C:min [0, 3, 7] 0 4
G:min [2, 7, 10] 7 2
C:min [0, 3, 7] 0 2
D:maj [2, 6, 9] 2 2
F:maj [0, 5, 9] 5 2
Eb:maj [3, 7, 10] 3 4
G:min [2, 7, 10] 7 2
Bb:maj [2, 5, 10] 10 2
C:min [0, 3, 7] 0 2
F:maj [0, 5, 9] 5 2
Eb:maj [3, 7, 10] 3 1
D:maj [2, 6, 9] 2 1
G:min [2, 7, 10] 7 2
C:min [0, 3, 7] 0 2
Eb:maj [3, 7, 10] 3 1
F:maj [0, 5, 9] 5 1
G:maj [2, 7, 11] 7 2
C:maj [0, 4, 7] 0 4
F:maj [0, 5, 9] 5 2
Eb:maj [3, 7, 10] 3 1
D:maj [2, 6, 9] 2 1
G:sus4 [0, 2, 7] 7 2
C:maj [0, 4, 7] 0 1
D:maj [2, 6, 9] 2 1
Eb:maj [3, 7, 10] 3 1
F:maj [0, 5, 9] 5 1
Eb:maj [3, 7, 10] 3 2
G:maj [2, 7, 11] 7 4
C:maj [0, 4, 7] 0 4
Eb:maj [3, 7, 10] 3 4
D:min [2, 5, 9] 2 2
F:maj [0, 5, 9] 5 2
Eb:maj [3, 7, 10] 3 2
F:maj [0, 5, 9] 5 2
Bb:maj [2, 5, 10] 10 2
C:min [0, 3, 7] 0 2
F:maj [0, 5, 9] 5 2
Eb:maj [3, 7, 10] 3 1
D:maj [2, 6, 9] 2 1
G:min [2, 7, 10] 7 2
C:min [0, 3, 7] 0 2
Eb:maj [3, 7, 10] 3 1
F:maj [0, 5, 9] 5 1
G:maj [2, 7, 11] 7 2
Bb:maj [2, 5, 10] 10 2
C:min [0, 3, 7] 0 2
F:maj [0, 5, 9] 5 2
Eb:maj [3, 7, 10] 3 1
D:maj [2, 6, 9] 2 1
G:min [2, 7, 10] 7 2
C:min [0, 3, 7] 0 2
Eb:maj [3, 7, 10] 3 1
F:maj [0, 5, 9] 5 1
G:maj [2, 7, 11] 7 2
Bb:maj [2, 5, 10] 10 2
C:min [0, 3, 7] 0 2
F:maj [0, 5, 9] 5 2
Eb:maj [3, 7, 10] 3 1
D:maj [2, 6, 9] 2 1
G:min [2, 7, 10] 7 2
C:min [0, 3, 7] 0 2
Eb:maj [3, 7, 10] 3 1
F:maj [0, 5, 9] 5 1
G:maj [2, 7, 11] 7 2
Bb:maj [2, 5, 10] 10 2
