0 96
74 1
67 1
67 1
67 1
67 1
0 1
74 1
0 1
74 1
0 1
67 1
0 1
72 3
0 1
72 1
0 1
67 1
67 2
0 1
72 1
0 1
72 2
67 1
0 1
70 3
0 1
70 2
62 1
62 2
0 1
70 1
70 1
70 1
0 1
62 1
0 1
69 3
0 1
69 2
65 2
67 2
69 1
0 1
67 8
74 1
67 1
67 1
67 2
0 1
74 1
74 1
74 1
74 1
67 1
0 1
72 2
0 2
72 1
0 1
67 1
67 1
67 1
0 1
72 1
0 1
72 1
0 1
67 1
0 1
70 3
0 1
70 1
0 1
62 1
62 2
0 1
70 1
0 1
70 1
0 1
62 1
0 1
69 2
0 2
69 1
0 1
65 1
0 1
67 2
69 2
67 8
0 16
77 1
74 1
0 1
74 4
0 1
74 1
67 1
67 1
70 5
0 1
72 1
72 1
72 1
72 2
0 1
67 1
70 2
72 1
74 1
74 3
0 1
77 1
74 1
0 1
74 3
0 1
72 1
74 1
67 1
67 1
70 2
0 3
72 1
72 1
72 1
67 1
70 1
70 1
69 2
67 8
79 1
79 1
79 1
77 1
74 1
74 1
74 1
77 1
79 1
79 1
79 1
76 1
74 3
0 2
72 1
72 1
72 1
72 1
0 1
70 1
67 1
70 1
70 1
72 1
0 1
74 3
0 1
79 1
79 1
79 1
77 1
74 1
74 1
74 1
77 1
79 1
79 1
79 1
76 1
74 3
72 1
70 1
70 2
0 1
69 1
69 3
67 8
0 64
74 1
67 1
67 1
67 2
0 1
74 1
74 1
74 1
74 1
67 1
0 1
72 2
0 2
72 1
0 1
67 1
67 1
67 1
0 1
72 1
0 1
72 1
0 1
67 1
0 1
70 3
0 1
70 1
0 1
62 1
62 2
0 1
70 1
0 1
70 1
0 1
62 1
0 1
69 2
0 2
69 1
0 1
65 1
0 1
67 2
69 2
67 11
0 13
77 1
74 1
0 1
74 4
0 1
74 1
67 1
67 1
70 5
0 1
72 1
72 1
72 1
72 2
0 1
67 1
70 2
72 1
74 1
74 3
0 1
77 1
74 1
0 1
74 3
0 1
72 1
74 1
67 1
67 1
70 2
0 3
72 1
72 1
72 1
67 1
70 1
70 1
69 2
67 8
79 1
79 1
79 1
77 1
74 1
74 1
74 1
77 1
79 1
79 1
79 1
76 1
74 3
0 2
72 1
72 1
72 1
72 1
0 1
70 1
67 1
70 1
70 1
72 1
0 1
74 3
0 1
79 1
79 1
79 1
77 1
74 1
74 1
74 1
77 1
79 1
79 1
79 1
76 1
74 3
72 1
70 1
70 2
0 1
69 1
69 3
67 8
0 80
77 1
74 1
0 1
74 4
0 1
74 1
67 1
67 1
70 5
0 1
72 1
72 1
72 1
72 2
0 1
67 1
70 2
72 1
74 1
74 3
0 1
77 1
74 1
0 1
74 3
0 1
72 1
74 1
67 1
67 1
70 2
0 3
72 1
72 1
72 1
67 1
70 1
70 1
69 2
67 8
77 1
74 1
0 1
74 4
0 1
74 1
67 1
67 1
70 5
0 1
72 1
72 1
72 1
72 2
0 1
67 1
70 2
72 1
74 1
74 3
0 1
77 1
74 1
0 1
74 3
0 1
72 1
74 1
67 1
67 1
70 2
0 3
72 1
72 1
72 1
67 1
70 1
70 1
69 2
67 8
77 1
74 1
0 1
74 4
0 1
74 1
67 1
67 1
70 5
0 1
72 1
72 1
72 1
72 2
0 1
67 1
70 2
72 1
74 1
74 3
0 1
77 1
74 1
0 1
74 3
0 1
72 1
74 1
67 1
67 1
70 2
0 3
72 1
72 1
72 1
67 1
70 1
70 1
69 2
67 8
77 1
74 1
0 1
74 4
0 1
