E:min9 [2, 4, 6, 7, 11] 4 8 
C:maj [0, 4, 7] 0 2 
D:maj [2, 6, 9] 2 2 
B:min [2, 6, 11] 11 2 
E:min [4, 7, 11] 4 2 
C:maj [0, 4, 7] 0 4 
D:maj [2, 6, 9] 2 8 
E:min [4, 7, 11] 4 4 
C:maj [0, 4, 7] 0 2 
D:maj [2, 6, 9] 2 2 
G:maj [2, 7, 11] 7 4 
C:maj [0, 4, 7] 0 2 
D:maj [2, 6, 9] 2 4 
E:min [4, 7, 11] 4 2 
C:maj [0, 4, 7] 0 2 
D:maj [2, 6, 9] 2 2 
E:min [4, 7, 11] 4 4 
C:maj [0, 4, 7] 0 2 
D:maj [2, 6, 9] 2 2 
B:min [2, 6, 11] 11 2 
E:min [4, 7, 11] 4 2 
C:maj [0, 4, 7] 0 2 
D:maj [2, 6, 9] 2 2 
E:min [4, 7, 11] 4 4 
G:maj [2, 7, 11] 7 2 
D:maj [2, 6, 9] 2 2 
E:min [4, 7, 11] 4 4 
C:maj [0, 4, 7] 0 2 
D:maj [2, 6, 9] 2 2 
G:maj [2, 7, 11] 7 4 
C:maj [0, 4, 7] 0 2 
D:maj [2, 6, 9] 2 2 
G:maj [2, 7, 11] 7 2 
E:min [4, 7, 11] 4 2 
C:maj [0, 4, 7] 0 2 
D:maj [2, 6, 9] 2 2 
E:min [4, 7, 11] 4 4 
C:maj [0, 4, 7] 0 2 
D:maj [2, 6, 9] 2 2 
G:maj [2, 7, 11] 7 2 
E:min [4, 7, 11] 4 2 
C:maj [0, 4, 7] 0 2 
D:maj [2, 6, 9] 2 2 
E:min [4, 7, 11] 4 4 
C#:min [1, 4, 8] 1 4 
Ab:min [3, 8, 11] 8 4 
F#:min [1, 6, 9] 6 2 
B:maj [3, 6, 11] 11 2 
E:maj [4, 8, 11] 4 4 
A:maj [1, 4, 9] 9 2 
B:maj [3, 6, 11] 11 2 
E:maj [4, 8, 11] 4 1 
F#:min [1, 6, 9] 6 1 
G:maj [2, 7, 11] 7 2 
A:min [0, 4, 9] 9 4 
D:maj [2, 6, 9] 2 4 
G:maj [2, 7, 11] 7 2 
D:maj/3 [2, 6, 9] 6 2 
E:min [4, 7, 11] 4 4 
C:maj [0, 4, 7] 0 2 
D:maj [2, 6, 9] 2 2 
G:maj [2, 7, 11] 7 4 
C:maj7 [0, 4, 7, 10] 0 2 
D:maj [2, 6, 9] 2 3 
D:maj/3 [2, 6, 9] 6 1 
E:min [4, 7, 11] 4 2 
C:maj [0, 4, 7] 0 2 
D:maj [2, 6, 9] 2 2 
E:min [4, 7, 11] 4 4 
C:maj [0, 4, 7] 0 2 
D:maj [2, 6, 9] 2 2 
G:maj [2, 7, 11] 7 1 
D:maj/3 [2, 6, 9] 6 1 
E:min [4, 7, 11] 4 2 
C:maj [0, 4, 7] 0 2 
D:maj [2, 6, 9] 2 2 
E:min [4, 7, 11] 4 4 
A:maj [1, 4, 9] 9 2 
C#:min/5 [1, 4, 8] 8 2 
F#:min [1, 6, 9] 6 4 
D:maj [2, 6, 9] 2 2 
E:maj [4, 8, 11] 4 2 
A:maj7/7 [1, 4, 7, 9] 8 2 
A:maj [1, 4, 9] 9 2 
D:maj [2, 6, 9] 2 2 
E:maj [4, 8, 11] 4 2 
A:maj7/7 [1, 4, 7, 9] 8 2 
F#:min [1, 6, 9] 6 2 
D:maj [2, 6, 9] 2 2 
E:maj [4, 8, 11] 4 2 
F#:min [1, 6, 9] 6 4 
D:maj [2, 6, 9] 2 2 
E:maj [4, 8, 11] 4 2 
A:maj7/7 [1, 4, 7, 9] 8 2 
F#:min [1, 6, 9] 6 2 
D:maj [2, 6, 9] 2 2 
E:maj [4, 8, 11] 4 2 
F#:min [1, 6, 9] 6 4 
D:maj [2, 6, 9] 2 2 
E:maj [4, 8, 11] 4 2 
A:maj7/7 [1, 4, 7, 9] 8 2 
F#:min [1, 6, 9] 6 2 
D:maj [2, 6, 9] 2 2 
E:maj [4, 8, 11] 4 6 
D:maj [2, 6, 9] 2 2 
E:maj [4, 8, 11] 4 2 
F#:min [1, 6, 9] 6 4 
D:maj [2, 6, 9] 2 2 
E:maj [4, 8, 11] 4 2 
A:maj [1, 4, 9] 9 4 
D:maj [2, 6, 9] 2 2 
E:maj [4, 8, 11] 4 2 
A:maj7/7 [1, 4, 7, 9] 8 2 
F#:min [1, 6, 9] 6 2 
D:maj [2, 6, 9] 2 2 
E:maj [4, 8, 11] 4 2 
F#:min [1, 6, 9] 6 4 
D:maj [2, 6, 9] 2 2 
E:maj [4, 8, 11] 4 2 
F#:min [1, 6, 9] 6 4 
D:maj [2, 6, 9] 2 2 
E:maj [4, 8, 11] 4 2 
A:maj [1, 4, 9] 9 4 
D:maj [2, 6, 9] 2 2 
E:maj [4, 8, 11] 4 2 
A:maj [1, 4, 9] 9 1 
C#:min/5 [1, 4, 8] 8 1 
F#:min [1, 6, 9] 6 2 
D:maj [2, 6, 9] 2 2 
E:maj [4, 8, 11] 4 2 
F#:min [1, 6, 9] 6 4 
D:maj [2, 6, 9] 2 2 
E:maj [4, 8, 11] 4 2 
A:maj [1, 4, 9] 9 1 
C#:maj/5 [1, 5, 8] 8 1 
F#:min [1, 6, 9] 6 2 
D:maj [2, 6, 9] 2 4 
E:maj [4, 8, 11] 4 4 
