0 92
74 2
79 1
0 1
79 4
0 2
83 1
86 3
83 2
81 2
83 2
76 10
0 2
83 2
86 1
88 5
0 2
88 1
0 1
88 2
86 2
86 2
88 3
0 1
83 5
0 5
83 2
86 1
88 5
0 3
88 1
90 2
88 2
86 2
84 2
83 2
86 2
81 2
83 2
76 4
74 2
76 2
79 4
0 3
83 1
86 2
83 2
81 2
83 4
76 8
0 2
83 2
88 1
0 1
88 4
0 3
88 1
90 2
88 2
86 2
84 2
83 2
86 2
81 2
83 2
76 3
0 1
74 2
76 2
79 4
0 3
83 1
86 2
83 2
81 2
83 4
76 9
0 1
74 2
79 1
0 1
79 4
0 2
83 1
0 1
86 2
83 2
81 2
83 2
76 7
0 5
83 2
86 1
88 5
0 2
88 1
0 1
88 2
86 1
86 2
0 1
81 1
83 7
0 6
83 2
86 1
88 5
0 3
88 1
90 2
88 2
86 2
84 2
83 2
86 2
81 2
83 2
76 4
74 2
76 2
79 4
0 3
83 1
86 2
83 2
81 2
83 4
76 8
0 2
83 2
88 1
0 1
88 4
0 3
88 1
90 2
88 2
86 2
84 2
83 2
86 2
81 2
83 2
76 3
0 1
74 2
76 2
79 4
0 3
83 1
86 2
83 2
86 3
0 1
83 2
76 9
0 129
74 2
79 1
0 1
79 4
0 2
83 1
86 3
83 2
81 2
83 2
76 10
0 2
83 2
86 1
0 1
88 5
0 1
88 1
0 1
88 2
86 2
86 2
88 2
83 5
0 7
83 2
86 1
88 5
0 3
88 1
90 2
88 2
86 2
84 2
83 2
86 2
81 2
83 2
76 4
74 2
76 2
79 4
0 3
83 1
86 2
83 2
81 2
83 4
76 8
0 2
83 2
88 1
0 1
88 4
0 3
88 1
90 2
88 2
86 2
84 2
83 2
86 2
81 2
83 2
76 3
0 1
74 2
76 2
79 4
0 3
83 1
86 2
83 2
81 2
83 4
76 9
0 1
76 2
78 2
81 4
0 2
85 1
0 1
88 2
85 2
83 2
85 2
78 7
0 5
85 2
88 1
90 5
0 2
90 1
0 1
90 2
88 1
88 2
0 1
83 1
85 7
0 6
85 2
88 1
90 5
0 3
90 1
92 2
90 2
88 2
86 2
85 2
88 2
83 2
85 2
78 4
76 2
78 2
81 4
0 3
85 1
88 2
85 2
83 2
85 4
78 8
0 2
85 2
90 1
0 1
90 4
0 3
90 1
92 2
90 2
88 2
86 2
85 2
88 2
83 2
85 2
78 3
0 1
76 2
78 2
81 4
0 3
85 1
88 2
85 1
0 1
83 2
88 4
78 8
0 2
85 2
88 1
90 5
0 3
90 1
92 2
90 2
88 2
86 2
85 2
88 2
83 2
85 2
78 4
76 2
78 2
81 4
0 3
85 1
88 2
85 2
85 1
0 1
92 17
0 1
90 13
0 15
85 2
88 1
90 5
0 2
90 1
0 1
90 2
88 1
88 2
0 1
83 1
85 7
0 6
85 2
88 1
90 5
0 3
90 1
92 2
90 2
88 2
86 2
85 2
88 2
83 2
85 2
78 4
76 2
78 2
81 4
0 3
85 1
88 2
85 2
83 2
85 4
78 8
0 2
76 2
78 2
81 4
0 3
85 1
88 2
85 2
83 2
85 4
78 8
0 2
85 2
88 1
90 5
0 2
90 1
0 1
90 2
88 1
88 2
0 1
83 1
85 7
0 6
85 2
88 1
90 5
0 3
90 1
92 2
90 2
88 2
86 2
85 2
88 2
83 2
85 2
78 4
76 2
78 2
81 4
0 3
85 1
88 2
85 2
83 2
85 4
78 8
