D:min [2, 5, 9] 2 8 
G:min [2, 7, 10] 7 8 
D:min [2, 5, 9] 2 4 
E:dim [4, 7, 10] 4 2 
A:min [0, 4, 9] 9 2 
Bb:maj7/3 [2, 5, 8, 10] 2 4 
D:maj/5 [2, 6, 9] 9 8 
D:min [2, 5, 9] 2 4 
G:min [2, 7, 10] 7 8 
A:maj/5 [1, 4, 9] 4 8 
D:sus2 [2, 4, 9] 2 4 
A:7 [1, 4, 7, 9] 9 4 
D:min/5 [2, 5, 9] 9 4 
D:maj [2, 6, 9] 2 4 
G:min [2, 7, 10] 7 8 
D:min [2, 5, 9] 2 4 
A:maj [1, 4, 9] 9 4 
D:sus2 [2, 4, 9] 2 8 
E:hdim7 [1, 4, 7, 10] 4 4 
A:7 [1, 4, 7, 9] 9 3 
A:min [0, 4, 9] 9 1 
D:min/5 [2, 5, 9] 9 8 
G:min [2, 7, 10] 7 4 
C:maj [0, 4, 7] 0 4 
F:maj [0, 5, 9] 5 4 
F:maj/b7 [0, 5, 9] 3 2 
D:maj [2, 6, 9] 2 2 
G:min [2, 7, 10] 7 4 
A:maj [1, 4, 9] 9 4 
D:min [2, 5, 9] 2 4 
Bb:maj [2, 5, 10] 10 4 
E:hdim7 [1, 4, 7, 10] 4 4 
A:maj [1, 4, 9] 9 4 
D:min/5 [2, 5, 9] 9 8 
G:min [2, 7, 10] 7 4 
C:maj [0, 4, 7] 0 4 
F:maj [0, 5, 9] 5 3 
F:maj7 [0, 3, 5, 9] 5 1 
D:maj [2, 6, 9] 2 4 
G:min [2, 7, 10] 7 4 
E:hdim7 [1, 4, 7, 10] 4 4 
A:7 [1, 4, 7, 9] 9 8 
D:min/5 [2, 5, 9] 9 8 
G:min [2, 7, 10] 7 8 
A:maj/5 [1, 4, 9] 4 8 
D:sus2 [2, 4, 9] 2 4 
A:7 [1, 4, 7, 9] 9 4 
D:min/5 [2, 5, 9] 9 4 
D:maj [2, 6, 9] 2 4 
G:min [2, 7, 10] 7 8 
D:min [2, 5, 9] 2 4 
A:maj [1, 4, 9] 9 4 
D:sus2 [2, 4, 9] 2 8 
E:hdim7 [1, 4, 7, 10] 4 4 
A:7 [1, 4, 7, 9] 9 3 
A:min [0, 4, 9] 9 1 
D:min/5 [2, 5, 9] 9 8 
G:min [2, 7, 10] 7 4 
C:maj [0, 4, 7] 0 4 
F:maj [0, 5, 9] 5 4 
F:maj/b7 [0, 5, 9] 3 2 
D:maj [2, 6, 9] 2 2 
G:min [2, 7, 10] 7 4 
A:maj [1, 4, 9] 9 4 
D:min [2, 5, 9] 2 4 
Bb:maj [2, 5, 10] 10 4 
E:hdim7 [1, 4, 7, 10] 4 4 
A:maj [1, 4, 9] 9 4 
D:min/5 [2, 5, 9] 9 8 
G:min7 [2, 5, 7, 10] 7 4 
A:maj/5 [1, 4, 9] 4 3 
A:min [0, 4, 9] 9 1 
D:min/5 [2, 5, 9] 9 8 
G:min [2, 7, 10] 7 4 
C:maj [0, 4, 7] 0 4 
F:maj [0, 5, 9] 5 6 
D:maj [2, 6, 9] 2 2 
G:min [2, 7, 10] 7 4 
A:maj [1, 4, 9] 9 4 
D:min [2, 5, 9] 2 4 
Bb:maj [2, 5, 10] 10 4 
E:hdim7 [1, 4, 7, 10] 4 4 
A:maj [1, 4, 9] 9 4 
D:min/5 [2, 5, 9] 9 4 
G:min [2, 7, 10] 7 4 
Bb:maj [2, 5, 10] 10 2 
E:hdim7 [1, 4, 7, 10] 4 2 
A:maj [1, 4, 9] 9 9 
D:min [2, 5, 9] 2 5 
