0 116
69 4
77 4
73 4
76 6
74 2
74 12
74 2
76 2
77 4
76 1
74 2
0 1
70 20
70 4
79 4
77 4
77 4
79 2
76 12
76 2
76 2
77 2
79 4
77 2
76 2
69 20
69 4
77 4
73 4
76 6
74 14
74 4
82 4
78 4
81 3
81 3
79 2
79 12
79 2
81 2
82 4
81 2
79 2
77 4
77 2
79 2
81 4
79 2
77 2
76 4
76 2
77 2
79 4
77 2
76 2
74 20
77 4
77 4
74 4
77 6
76 2
76 12
79 4
79 4
76 4
79 6
77 2
77 12
81 2
81 2
81 4
79 2
77 2
81 6
79 2
79 12
82 2
82 2
82 2
81 2
79 2
77 6
81 14
81 2
80 2
81 2
84 2
84 2
82 2
81 2
81 1
81 2
0 1
80 2
82 12
79 2
78 2
79 2
82 2
82 2
81 1
79 2
0 1
79 4
77 2
81 12
74 2
76 2
77 2
81 4
79 2
77 2
77 4
76 2
76 14
69 2
69 2
77 6
73 2
74 19
0 129
69 4
77 4
73 4
76 6
74 2
74 12
74 2
76 2
77 4
76 1
74 2
0 1
70 20
70 4
79 4
77 4
77 4
79 2
76 12
76 2
76 2
77 2
79 4
77 2
76 2
69 20
69 4
77 4
73 4
76 6
74 14
74 4
82 4
78 4
81 3
81 3
79 2
79 12
79 2
81 2
82 4
81 2
79 2
77 4
77 2
79 2
81 4
79 2
77 2
76 4
76 2
77 2
79 4
77 2
76 2
74 20
77 4
77 4
74 4
77 6
76 2
76 12
79 4
79 4
76 4
79 6
77 2
77 12
81 2
81 2
81 4
79 2
77 2
81 6
79 2
79 12
82 2
82 2
82 2
81 2
79 2
77 6
81 14
81 2
80 2
81 2
84 2
84 2
82 2
81 2
81 1
81 2
0 1
80 2
82 12
79 2
78 2
79 2
82 2
82 2
81 1
79 2
0 1
79 4
77 2
81 12
74 2
76 2
77 2
81 4
79 2
77 2
77 4
76 2
76 14
69 2
69 2
77 6
73 2
74 20
77 4
77 4
74 4
77 6
76 2
76 12
79 4
79 4
76 4
79 6
77 2
77 12
81 2
81 2
81 4
79 2
77 2
81 6
79 2
79 12
82 2
82 2
82 2
81 2
79 2
77 6
81 14
81 2
80 2
81 2
84 2
84 2
82 2
81 2
81 1
81 2
0 1
80 2
82 12
79 2
78 2
79 2
82 2
82 2
81 1
79 2
0 1
79 4
77 2
81 12
74 2
76 2
77 2
81 4
79 2
77 2
77 4
76 2
76 14
69 2
69 2
77 6
73 2
74 19
