G:maj [2, 7, 11] 7 4 
C:maj [0, 4, 7] 0 4 
A:min [0, 4, 9] 9 4 
D:7 [0, 2, 6, 9] 2 4 
G:maj [2, 7, 11] 7 4 
B:min [2, 6, 11] 11 4 
E:min [4, 7, 11] 4 2 
D:maj [2, 6, 9] 2 2 
G:sus4 [0, 2, 7] 7 14 
E:min [4, 7, 11] 4 2 
D:maj [2, 6, 9] 2 4 
G:maj [2, 7, 11] 7 2 
E:min [4, 7, 11] 4 2 
D:maj [2, 6, 9] 2 4 
E:min [4, 7, 11] 4 4 
D:maj [2, 6, 9] 2 4 
G:maj [2, 7, 11] 7 4 
D:sus2 [2, 4, 9] 2 4 
G:sus2 [2, 7, 9] 7 4 
C:maj [0, 4, 7] 0 4 
G:maj [2, 7, 11] 7 4 
C:maj [0, 4, 7] 0 3 
G:maj/3 [2, 7, 11] 11 1 
G:maj [2, 7, 11] 7 4 
E:min [4, 7, 11] 4 2 
D:sus4 [2, 7, 9] 2 2 
G:maj [2, 7, 11] 7 4 
D:sus4 [2, 7, 9] 2 4 
G:maj [2, 7, 11] 7 4 
C:maj [0, 4, 7] 0 4  
G:maj [2, 7, 11] 7 2 
E:min [4, 7, 11] 4 2 
D:maj [2, 6, 9] 2 4 
E:min [4, 7, 11] 4 2 
D:maj [2, 6, 9] 2 2 
G:maj [2, 7, 11] 7 4 
C:maj [0, 4, 7] 0 4 
G:maj [2, 7, 11] 7 2 
E:min [4, 7, 11] 4 2 
C:maj [0, 4, 7] 0 2 
D:maj [2, 6, 9] 2 2 
G:maj [2, 7, 11] 7 14 
E:min [4, 7, 11] 4 2 
D:maj [2, 6, 9] 2 4 
G:maj [2, 7, 11] 7 2 
E:min [4, 7, 11] 4 2 
D:maj [2, 6, 9] 2 4 
E:min [4, 7, 11] 4 4 
D:maj [2, 6, 9] 2 4 
G:maj [2, 7, 11] 7 4 
D:sus2 [2, 4, 9] 2 4 
G:sus2 [2, 7, 9] 7 4 
C:maj [0, 4, 7] 0 4 
G:maj [2, 7, 11] 7 4 
C:maj [0, 4, 7] 0 3 
G:maj/3 [2, 7, 11] 11 1 
G:maj [2, 7, 11] 7 4 
E:min [4, 7, 11] 4 2 
D:sus4 [2, 7, 9] 2 2 
G:maj [2, 7, 11] 7 4 
D:sus4 [2, 7, 9] 2 4 
G:maj [2, 7, 11] 7 4 
C:maj [0, 4, 7] 0 4  
G:maj [2, 7, 11] 7 2 
E:min [4, 7, 11] 4 2 
D:maj [2, 6, 9] 2 4 
E:min [4, 7, 11] 4 2 
D:maj [2, 6, 9] 2 2 
G:maj [2, 7, 11] 7 8 
B:min [2, 6, 11] 11 4 
E:min [4, 7, 11] 4 2 
D:maj [2, 6, 9] 2 2 
G:maj [2, 7, 11] 7 4 
