G:min [2, 7, 10] 7 4 
F:maj [0, 5, 9] 5 4 
Eb:maj [3, 7, 10] 3 4 
G:min [2, 7, 10] 7 4 
G:sus2 [2, 7, 9] 7 4 
F:maj [0, 5, 9] 5 4 
Eb:maj [3, 7, 10] 3 4 
G:sus2 [2, 7, 9] 7 12 
Bb:maj [2, 5, 10] 10 4 
F:maj [0, 5, 9] 5 4 
G:min [2, 7, 10] 7 4 
D:min [2, 5, 9] 2 4 
Eb:maj [3, 7, 10] 3 4 
F:maj [0, 5, 9] 5 4 
G:min [2, 7, 10] 7 8 
Bb:maj [2, 5, 10] 10 4 
F:maj [0, 5, 9] 5 4 
G:min [2, 7, 10] 7 4 
D:min [2, 5, 9] 2 4 
Eb:maj [3, 7, 10] 3 4 
F:maj [0, 5, 9] 5 4 
G:min [2, 7, 10] 7 8 
Bb:maj [2, 5, 10] 10 4 
F:maj [0, 5, 9] 5 4 
G:min [2, 7, 10] 7 4 
D:min [2, 5, 9] 2 4 
Eb:maj [3, 7, 10] 3 4 
F:maj [0, 5, 9] 5 4 
G:min [2, 7, 10] 7 8 
Bb:maj [2, 5, 10] 10 4 
F:maj [0, 5, 9] 5 4 
G:min [2, 7, 10] 7 4 
D:min [2, 5, 9] 2 4 
Eb:maj [3, 7, 10] 3 4 
F:maj [0, 5, 9] 5 4 
G:min [2, 7, 10] 7 24 
Bb:maj [2, 5, 10] 10 4 
F:maj [0, 5, 9] 5 4 
G:min [2, 7, 10] 7 4 
D:min [2, 5, 9] 2 4 
Eb:maj [3, 7, 10] 3 4 
F:maj [0, 5, 9] 5 4 
G:min [2, 7, 10] 7 8 
Bb:maj [2, 5, 10] 10 4 
F:maj [0, 5, 9] 5 4 
G:min [2, 7, 10] 7 4 
D:min [2, 5, 9] 2 4 
Eb:maj [3, 7, 10] 3 4 
F:maj [0, 5, 9] 5 4 
G:min [2, 7, 10] 7 8 
Bb:maj [2, 5, 10] 10 4 
F:maj [0, 5, 9] 5 4 
G:min [2, 7, 10] 7 4 
D:min [2, 5, 9] 2 4 
Eb:maj [3, 7, 10] 3 4 
F:maj [0, 5, 9] 5 4 
G:min [2, 7, 10] 7 8 
Bb:maj [2, 5, 10] 10 4 
F:maj [0, 5, 9] 5 4 
G:min [2, 7, 10] 7 4 
D:min [2, 5, 9] 2 4 
Eb:maj [3, 7, 10] 3 4 
F:maj [0, 5, 9] 5 4 
G:min [2, 7, 10] 7 8 
Bb:maj [2, 5, 10] 10 4 
F:maj [0, 5, 9] 5 4 
G:min [2, 7, 10] 7 4 
D:min [2, 5, 9] 2 4 
Eb:maj [3, 7, 10] 3 4 
F:maj [0, 5, 9] 5 4 
G:min [2, 7, 10] 7 8 
Bb:maj [2, 5, 10] 10 4 
F:maj [0, 5, 9] 5 4 
G:min [2, 7, 10] 7 4 
D:min [2, 5, 9] 2 4 
Eb:maj [3, 7, 10] 3 4 
F:maj [0, 5, 9] 5 4 
G:min [2, 7, 10] 7 8 
Bb:maj [2, 5, 10] 10 4 
F:maj [0, 5, 9] 5 4 
G:min [2, 7, 10] 7 4 
D:min [2, 5, 9] 2 4 
Eb:maj [3, 7, 10] 3 4 
F:maj [0, 5, 9] 5 4 
G:min [2, 7, 10] 7 8 
Bb:maj [2, 5, 10] 10 4 
F:maj [0, 5, 9] 5 4 
G:min [2, 7, 10] 7 4 
D:min [2, 5, 9] 2 4 
Eb:maj [3, 7, 10] 3 4 
F:maj [0, 5, 9] 5 4 
G:min [2, 7, 10] 7 6 
