0 150
67 1
0 1
67 2
69 2
70 2
67 2
74 8
0 14
72 2
72 2
74 1
0 1
74 2
72 2
70 2
65 2
67 10
0 8
65 1
0 1
65 2
67 2
67 2
65 2
70 4
70 3
0 1
70 3
0 1
70 3
0 1
70 2
72 3
0 1
70 1
0 1
72 2
70 2
72 2
70 1
0 1
70 1
0 1
65 1
0 1
67 11
0 7
67 1
0 1
67 2
69 2
70 2
67 2
74 11
0 11
72 2
72 2
74 1
0 1
74 2
72 2
70 2
65 2
67 10
0 8
65 1
0 1
65 2
67 2
67 2
65 2
70 4
70 3
0 1
70 3
0 1
70 3
0 1
70 2
72 3
0 1
70 1
0 1
72 2
70 2
72 2
70 1
0 1
70 1
0 1
65 1
0 1
67 11
0 9
70 1
0 1
70 2
72 2
72 1
0 1
74 1
0 1
74 2
74 1
0 1
74 1
0 1
74 2
74 2
74 2
77 2
79 2
77 1
0 1
77 2
72 3
0 1
72 2
74 2
77 1
0 1
79 2
79 2
79 2
79 1
0 1
79 1
0 1
77 2
77 2
72 2
74 4
0 2
74 2
72 1
0 1
74 2
77 2
74 2
67 5
0 1
67 1
0 1
67 2
70 2
70 2
67 2
65 5
0 1
65 1
0 1
65 2
62 1
62 3
65 4
67 18
0 4
70 1
0 1
70 2
72 2
72 1
0 1
74 1
0 1
74 2
74 1
0 1
74 1
0 1
74 2
74 2
74 2
77 2
79 2
77 1
0 1
77 2
72 3
0 1
72 2
74 2
77 1
0 1
79 2
79 2
79 2
79 1
0 1
79 1
0 1
77 2
77 2
72 2
74 4
0 2
74 2
72 1
0 1
74 2
77 2
74 2
67 5
0 1
67 1
0 1
67 2
70 2
70 2
67 2
65 5
0 1
65 1
0 1
65 2
62 1
62 3
65 4
67 18
0 66
67 1
0 1
67 2
69 2
70 2
67 2
74 11
0 11
72 2
72 2
74 1
0 1
74 2
72 2
70 2
65 2
67 10
0 8
65 1
0 1
65 2
67 2
67 2
65 2
70 4
70 3
0 1
70 3
0 1
70 3
0 1
70 2
72 3
0 1
70 1
0 1
72 2
70 2
72 2
70 1
0 1
70 1
0 1
65 1
0 1
67 11
0 9
70 1
0 1
70 2
72 2
72 1
0 1
74 1
0 1
74 2
74 1
0 1
74 1
0 1
74 2
74 2
74 2
77 2
79 2
77 1
0 1
77 2
72 3
0 1
72 2
74 2
77 1
0 1
79 2
79 2
79 2
79 1
0 1
79 1
0 1
77 2
77 2
72 2
74 4
0 2
74 2
72 1
0 1
74 2
77 2
74 2
67 5
0 1
67 1
0 1
67 2
70 2
70 2
67 2
65 5
0 1
65 1
0 1
65 2
62 1
62 3
65 4
67 18
0 4
70 1
0 1
70 2
72 2
72 1
0 1
74 1
0 1
74 2
74 1
0 1
74 1
0 1
74 2
74 2
74 2
77 2
79 2
77 1
0 1
77 2
72 3
0 1
72 2
74 2
77 1
0 1
79 2
79 2
79 2
79 1
0 1
79 1
0 1
77 2
77 2
72 2
74 4
0 2
74 2
72 1
0 1
74 2
77 2
74 2
67 5
0 1
67 1
0 1
67 2
70 2
70 2
67 2
65 5
0 1
65 1
0 1
65 2
62 1
62 3
65 4
67 18
0 132
70 1
0 1
70 2
72 2
72 1
0 1
74 1
0 1
74 2
74 1
0 1
74 1
0 1
74 2
74 2
74 2
77 2
79 2
77 1
0 1
77 2
72 3
0 1
72 2
74 2
77 1
0 1
79 2
79 2
79 2
79 1
0 1
79 1
0 1
77 2
77 2
72 2
74 4
0 2
74 2
72 1
0 1
74 2
77 2
74 2
67 5
0 1
67 1
0 1
67 2
70 2
70 2
67 2
65 5
0 1
65 1
0 1
65 2
62 1
62 3
65 4
67 18
0 4
70 1
0 1
70 2
72 2
72 1
0 1
74 1
0 1
74 2
74 1
0 1
74 1
0 1
74 2
74 2
74 2
77 2
79 2
77 1
0 1
77 2
72 3
0 1
72 2
74 2
77 1
0 1
79 2
79 2
79 2
79 1
0 1
79 1
0 1
77 2
77 2
72 2
74 4
0 2
74 2
72 1
0 1
74 2
77 2
74 2
67 5
0 1
67 1
0 1
67 2
70 2
70 2
67 2
65 5
0 1
65 1
0 1
65 2
62 1
62 3
65 4
67 18
0 4
70 1
0 1
70 2
72 2
72 1
0 1
74 1
0 1
74 2
74 1
0 1
74 1
0 1
74 2
74 2
74 2
77 2
79 2
77 1
0 1
77 2
72 3
0 1
72 2
74 2
77 1
0 1
79 2
79 2
79 2
79 1
0 1
79 1
0 1
77 2
77 2
72 2
74 4
0 2
74 2
72 1
0 1
74 2
77 2
74 2
67 5
0 1
67 1
0 1
67 2
70 1
0 1
70 2
67 2
65 5
0 1
65 1
0 1
65 2
62 1
62 3
65 4
67 18
0 4
70 1
0 1
70 2
72 2
72 1
0 1
74 1
0 1
74 2
74 1
0 1
74 1
0 1
74 2
74 2
74 2
77 2
79 2
77 1
0 1
77 2
72 3
0 1
72 2
74 2
77 1
0 1
79 2
79 2
79 2
79 1
0 1
79 1
0 1
77 2
77 2
72 2
74 4
0 2
74 2
72 1
0 1
74 2
77 2
74 2
67 5
0 1
67 1
0 1
67 2
70 1
0 1
70 2
67 2
65 5
0 1
65 1
0 1
65 2
62 1
62 3
65 4
67 18
