F:maj [0, 5, 9] 5 8 
D:min [2, 5, 9] 2 8 
Bb:maj [2, 5, 10] 10 4 
A:min [0, 4, 9] 9 2 
D:min [2, 5, 9] 2 2 
G:min [2, 7, 10] 7 4 
C:maj [0, 4, 7] 0 4 
F:maj [0, 5, 9] 5 4 
D:min [2, 5, 9] 2 4 
Bb:maj [2, 5, 10] 10 4 
C:maj [0, 4, 7] 0 4 
F:maj [0, 5, 9] 5 4 
D:min [2, 5, 9] 2 4 
Bb:maj [2, 5, 10] 10 4 
C:maj [0, 4, 7] 0 4 
Bb:maj [2, 5, 10] 10 4 
D:min [2, 5, 9] 2 4 
G:min [2, 7, 10] 7 4 
C:maj [0, 4, 7] 0 4 
F:maj [0, 5, 9] 5 6 
F:maj7/7 [0, 3, 5, 9] 4 2 
D:min [2, 5, 9] 2 8 
Bb:maj [2, 5, 10] 10 4 
G:sus2 [2, 7, 9] 7 4 
C:maj [0, 4, 7] 0 8 
F:maj [0, 5, 9] 5 8 
D:min [2, 5, 9] 2 8 
Bb:maj [2, 5, 10] 10 4 
G:min [2, 7, 10] 7 4 
C:maj [0, 4, 7] 0 8 
D:min [2, 5, 9] 2 2 
E:sus4(b7) [4, 9, 11] 4 2 
F:maj [0, 5, 9] 5 4 
Bb:maj [2, 5, 10] 10 8 
F:maj/5 [0, 5, 9] 0 4 
D:min [2, 5, 9] 2 4 
Bb:maj [2, 5, 10] 10 4 
C:maj [0, 4, 7] 0 4 
Bb:maj [2, 5, 10] 10 4 
D:min [2, 5, 9] 2 4 
G:min [2, 7, 10] 7 4 
C:maj [0, 4, 7] 0 4 
F:maj [0, 5, 9] 5 8 
D:min [2, 5, 9] 2 8 
Bb:maj [2, 5, 10] 10 4 
G:sus2 [2, 7, 9] 7 4 
C:maj [0, 4, 7] 0 8 
F:maj [0, 5, 9] 5 8 
D:min [2, 5, 9] 2 8 
Bb:maj [2, 5, 10] 10 4 
G:min [2, 7, 10] 7 4 
C:maj [0, 4, 7] 0 8 
Bb:maj [2, 5, 10] 10 4 
A:min [0, 4, 9] 9 4 
G:min [2, 7, 10] 7 4 
C:maj [0, 4, 7] 0 4 
C#:maj [1, 5, 8] 1 8 
F#:maj [1, 6, 10] 6 8 
Eb:min [3, 6, 10] 3 8 
B:maj [3, 6, 11] 11 4 
Ab:sus2 [3, 8, 10] 8 4 
C#:maj [1, 5, 8] 1 8 
F#:maj [1, 6, 10] 6 8 
Eb:min [3, 6, 10] 3 8 
B:maj [3, 6, 11] 11 4 
Ab:min [3, 8, 11] 8 4 
C#:maj [1, 5, 8] 1 8 
B:maj [3, 6, 11] 11 4 
Bb:min [1, 5, 10] 10 4 
Ab:min [3, 8, 11] 8 4 
C#:maj [1, 5, 8] 1 4 
