0 155
64 1
64 1
62 1
60 1
55 3
0 1
64 1
64 1
62 1
60 1
62 1
62 5
64 1
67 1
69 2
0 1
69 1
69 1
64 1
62 1
64 2
0 5
64 1
67 1
69 1
69 1
69 1
69 1
69 1
69 1
0 1
69 1
67 1
67 1
0 1
67 1
62 1
60 1
0 2
60 1
0 1
60 1
0 1
57 1
64 1
0 1
62 4
0 1
64 1
64 1
0 1
62 1
60 1
55 1
0 2
64 1
64 1
62 1
60 1
62 1
62 2
0 3
64 1
67 1
69 2
0 2
69 1
64 1
62 1
64 4
0 3
64 1
67 1
69 1
69 1
69 1
69 1
69 1
69 1
69 1
69 1
67 1
67 1
67 1
60 4
0 1
62 2
62 3
0 1
60 1
59 1
60 6
60 1
62 1
64 1
67 1
67 1
67 1
67 1
67 1
67 1
64 1
62 1
62 1
64 1
62 1
0 1
64 1
0 1
62 1
60 1
60 1
60 1
57 1
60 1
60 1
60 1
57 1
69 1
67 1
0 1
67 1
64 1
62 1
64 1
65 1
67 1
67 1
67 1
67 1
67 1
67 1
0 1
64 1
62 1
62 1
64 1
62 1
0 1
64 1
0 1
62 1
60 1
60 1
60 2
0 3
57 1
69 1
67 1
0 2
69 1
67 1
67 1
67 5
60 1
0 1
62 2
64 1
67 1
67 1
67 1
67 1
64 1
69 1
67 5
0 3
67 1
69 1
72 1
0 1
72 1
72 1
0 1
64 1
67 5
0 4
60 1
60 1
0 1
60 3
0 2
67 1
67 1
67 1
60 1
0 1
60 1
60 1
57 1
60 1
60 1
60 2
60 2
0 2
67 1
67 1
64 1
62 1
0 1
64 1
0 1
65 1
67 1
67 1
0 1
67 1
67 1
64 1
69 1
67 3
0 5
67 1
69 1
72 1
0 1
72 1
72 1
0 1
64 1
67 2
0 1
69 1
67 1
0 4
60 1
60 1
0 1
60 2
0 3
67 1
67 1
67 1
60 1
0 1
60 1
60 1
57 1
60 1
60 1
60 2
60 6
0 2
60 1
0 1
60 1
0 1
62 2
60 9
0 3
60 1
62 1
64 1
67 1
67 1
67 1
67 1
67 1
0 1
64 1
62 1
62 1
64 1
60 1
0 3
57 1
60 1
57 1
57 1
60 3
0 1
55 1
62 1
62 1
0 1
62 1
62 1
60 1
59 1
60 10
0 131
64 1
64 1
62 1
60 1
55 1
62 5
64 1
67 1
69 2
0 1
69 1
69 1
64 1
62 1
64 2
0 5
64 1
67 1
69 1
69 1
69 1
69 1
69 1
69 1
0 1
69 1
67 1
67 1
0 1
67 1
62 1
60 1
0 2
60 1
0 1
60 1
0 1
57 1
64 1
0 1
62 4
0 1
64 1
64 1
0 1
62 1
60 1
55 1
0 2
64 1
64 1
62 1
60 1
62 1
62 2
0 3
64 1
67 1
69 2
0 2
69 1
64 1
62 1
64 4
0 3
64 1
67 1
69 1
69 1
69 1
69 1
69 1
69 1
69 1
69 1
67 1
67 1
67 1
60 4
0 1
62 1
0 1
62 3
0 1
60 1
59 1
60 6
60 1
62 1
64 1
67 1
67 1
67 1
67 1
67 1
67 1
64 1
62 1
62 1
64 1
62 1
0 1
64 1
0 1
62 1
60 1
60 1
60 1
57 1
60 1
60 1
60 1
57 1
69 1
67 1
0 1
67 1
64 1
62 1
64 1
65 1
67 1
67 1
67 1
67 1
67 1
67 1
0 1
64 1
62 1
62 1
64 1
62 1
0 1
64 1
0 1
62 1
60 1
60 1
60 2
0 3
57 1
69 1
67 1
0 2
69 1
67 1
67 1
67 5
60 1
0 1
62 2
64 1
67 1
67 1
67 1
67 1
64 1
69 1
67 5
0 3
67 1
69 1
72 1
0 1
72 1
72 1
0 1
64 1
67 5
0 4
60 1
60 1
0 1
60 3
0 2
67 1
67 1
67 1
60 1
0 1
60 1
60 1
57 1
60 1
60 1
60 2
60 2
0 2
67 1
67 1
64 1
62 1
0 1
64 1
0 1
65 1
67 1
67 1
0 1
67 1
67 1
64 1
69 1
67 3
0 5
67 1
69 1
72 1
0 1
72 1
72 1
0 1
64 1
67 2
0 1
69 1
67 1
0 4
60 1
60 1
0 1
60 2
0 3
67 1
67 1
67 1
60 1
0 1
60 1
60 1
57 1
60 1
60 1
60 2
60 6
0 2
60 1
0 1
60 1
0 1
62 2
60 9
0 1
60 1
0 1
62 2
64 1
67 1
67 1
67 1
67 1
64 1
69 1
67 5
0 3
67 1
69 1
72 1
0 1
72 1
72 1
0 1
64 1
67 5
0 4
60 1
60 1
0 1
60 3
0 2
67 1
67 1
67 1
60 1
0 1
60 1
60 1
57 1
60 1
60 1
60 2
60 2
0 2
67 1
67 1
64 1
62 1
0 1
64 1
0 1
65 1
67 1
67 1
0 1
67 1
67 1
64 1
69 1
67 3
0 5
67 1
69 1
72 1
0 1
72 1
72 1
0 1
64 1
67 2
0 1
69 1
67 1
0 4
60 1
60 1
0 1
60 2
0 3
67 1
67 1
67 1
60 1
0 1
60 1
60 1
57 1
60 1
60 1
60 2
60 6
0 2
60 1
0 1
60 1
0 1
62 2
60 9
0 3
60 1
62 1
64 1
67 1
67 1
67 1
67 1
67 1
0 1
64 1
62 1
62 1
64 1
60 1
0 3
57 1
60 1
57 1
57 1
60 3
0 1
55 1
62 1
62 1
0 1
62 1
62 1
60 1
59 1
60 10
