F:maj [0, 5, 9] 5 2 
Bb:maj [2, 5, 10] 10 2 
F:maj [0, 5, 9] 5 6 
Bb:maj [2, 5, 10] 10 2 
F:maj [0, 5, 9] 5 8 
G:min/5 [2, 7, 10] 2 4 
G:min7 [2, 5, 7, 10] 7 2 
C:maj/5 [0, 4, 7] 7 2 
C:maj [0, 4, 7] 0 4 
F:maj [0, 5, 9] 5 4 
D:min7 [0, 2, 5, 9] 2 4 
G:min7 [2, 5, 7, 10] 7 2 
C:maj [0, 4, 7] 0 2 
F:maj/5 [0, 5, 9] 0 11 
F:maj [0, 5, 9] 5 1 
D:min7 [0, 2, 5, 9] 2 2 
D:min [2, 5, 9] 2 2 
D:min7 [0, 2, 5, 9] 2 4 
G:min7 [2, 5, 7, 10] 7 4 
D:min [2, 5, 9] 2 8 
G:min [2, 7, 10] 7 4 
A:min7 [0, 4, 7, 9] 9 2 
Bb:maj [2, 5, 10] 10 2 
C:maj [0, 4, 7] 0 4 
F:maj [0, 5, 9] 5 2 
Bb:maj [2, 5, 10] 10 2 
Bb:maj/5 [2, 5, 10] 5 2 
Bb:maj [2, 5, 10] 10 2 
C:maj [0, 4, 7] 0 4 
F:maj [0, 5, 9] 5 4 
D:min7 [0, 2, 5, 9] 2 4 
G:min7 [2, 5, 7, 10] 7 2 
C:maj [0, 4, 7] 0 2 
F:maj/5 [0, 5, 9] 0 11 
F:maj [0, 5, 9] 5 1 
D:min7 [0, 2, 5, 9] 2 2 
D:min [2, 5, 9] 2 2 
D:min7 [0, 2, 5, 9] 2 4 
G:min7 [2, 5, 7, 10] 7 4 
D:min [2, 5, 9] 2 8 
G:min [2, 7, 10] 7 4 
A:min7 [0, 4, 7, 9] 9 2 
Bb:maj [2, 5, 10] 10 2 
C:maj [0, 4, 7] 0 4 
F:maj [0, 5, 9] 5 2 
Bb:maj [2, 5, 10] 10 2 
Bb:maj/5 [2, 5, 10] 5 2 
Bb:maj [2, 5, 10] 10 2 
C:maj [0, 4, 7] 0 4 
F:maj [0, 5, 9] 5 4 
D:min7 [0, 2, 5, 9] 2 4 
G:min7 [2, 5, 7, 10] 7 2 
C:maj [0, 4, 7] 0 2 
F:maj/5 [0, 5, 9] 0 11 
F:maj [0, 5, 9] 5 1 
D:min7 [0, 2, 5, 9] 2 2 
D:min [2, 5, 9] 2 2 
D:min7 [0, 2, 5, 9] 2 4 
G:min7 [2, 5, 7, 10] 7 4 
D:min [2, 5, 9] 2 8 
G:min [2, 7, 10] 7 4 
A:min7 [0, 4, 7, 9] 9 2 
Bb:maj [2, 5, 10] 10 2 
C:maj [0, 4, 7] 0 4 
F:maj [0, 5, 9] 5 2 
Bb:maj [2, 5, 10] 10 2 
Bb:maj/5 [2, 5, 10] 5 2 
Bb:maj [2, 5, 10] 10 2 
C:maj [0, 4, 7] 0 4 
F:maj [0, 5, 9] 5 4 
D:min7 [0, 2, 5, 9] 2 4 
G:min7 [2, 5, 7, 10] 7 2 
C:maj [0, 4, 7] 0 2 
F:maj/5 [0, 5, 9] 0 11 
F:maj [0, 5, 9] 5 1 
D:min7 [0, 2, 5, 9] 2 2 
D:min [2, 5, 9] 2 2 
D:min7 [0, 2, 5, 9] 2 4 
G:min7 [2, 5, 7, 10] 7 4 
D:min [2, 5, 9] 2 8 
G:min [2, 7, 10] 7 4 
A:min [0, 4, 9] 9 1 
Bb:maj [2, 5, 10] 10 3 
C:maj [0, 4, 7] 0 8 
