0 128
66 6
0 2
73 6
0 1
66 5
69 4
66 4
64 4
61 4
0 15
73 5
71 4
69 4
64 4
0 4
71 3
0 5
64 4
68 4
66 4
64 4
66 3
0 29
66 6
0 2
73 6
0 1
66 5
69 4
66 4
64 4
61 4
0 15
73 5
71 4
69 4
64 4
0 4
71 3
0 5
64 4
68 4
66 4
64 4
66 3
0 29
69 1
0 1
69 1
0 1
69 1
0 1
64 2
69 2
0 2
71 1
0 1
73 1
0 1
71 1
0 1
71 1
0 1
71 1
0 1
69 1
0 1
71 2
0 6
71 1
0 1
71 1
0 1
71 1
0 1
69 1
0 1
71 2
0 2
73 2
0 2
66 1
0 1
66 1
0 1
66 2
64 2
66 3
0 5
69 1
0 1
69 1
0 1
69 2
64 2
69 2
0 2
73 3
0 1
71 1
0 1
71 1
0 1
71 2
69 1
0 1
71 3
0 1
73 2
76 1
0 1
78 1
0 1
78 1
0 1
78 1
0 1
78 1
0 1
78 1
0 3
73 1
0 1
78 1
0 1
76 3
0 13
73 3
0 1
78 2
0 2
81 2
0 2
78 2
76 2
73 2
73 1
0 1
73 2
71 2
73 1
0 1
76 2
73 2
69 2
71 2
0 2
71 2
69 2
71 1
0 3
71 2
69 2
71 2
73 1
0 1
73 2
71 2
73 2
0 6
73 3
0 1
78 2
0 2
81 2
0 2
78 2
76 2
73 2
73 1
0 1
73 2
71 2
73 1
0 1
76 2
73 2
69 2
71 2
0 2
71 2
69 2
71 1
0 3
71 2
73 2
71 2
69 2
66 2
64 2
66 3
0 5
73 3
0 1
78 2
0 2
81 2
0 2
78 2
76 2
73 2
73 1
0 1
73 2
71 2
73 1
0 1
76 2
73 2
69 2
71 2
0 2
71 2
69 2
71 1
0 3
71 2
69 2
71 2
73 1
0 1
73 2
76 2
73 2
0 6
73 3
0 1
78 2
0 2
81 2
0 2
78 2
76 2
73 2
73 1
0 1
73 2
71 2
73 1
0 1
76 2
73 2
69 2
71 2
0 2
71 2
69 2
71 1
0 3
73 2
0 2
64 2
69 2
66 2
64 2
66 3
0 133
66 6
0 2
73 6
0 1
66 5
69 4
66 4
64 4
61 4
0 15
73 5
71 4
69 4
64 4
0 4
71 3
0 5
64 4
68 4
66 4
64 4
66 3
0 29
66 6
0 2
73 6
0 1
66 5
69 4
66 4
64 4
61 4
0 15
73 5
71 4
69 4
64 4
0 4
71 3
0 5
64 4
68 4
66 4
64 4
66 3
0 29
69 1
0 1
69 1
0 1
69 1
0 1
64 2
69 2
0 2
71 1
0 1
73 1
0 1
71 1
0 1
71 1
0 1
71 1
0 1
69 1
0 1
71 2
0 6
71 1
0 1
71 1
0 1
71 1
0 1
69 1
0 1
71 2
0 2
73 2
0 2
66 1
0 1
66 1
0 1
66 2
64 2
66 3
0 5
69 1
0 1
69 1
0 1
69 2
64 2
69 2
0 2
73 3
0 1
71 1
0 1
71 1
0 1
71 2
69 1
0 1
71 3
0 1
73 2
76 1
0 1
78 1
0 1
78 1
0 1
78 1
0 1
78 1
0 1
78 1
0 3
73 1
0 1
78 1
0 1
76 3
0 13
73 3
0 1
78 2
0 2
81 2
0 2
78 2
76 2
73 2
73 1
0 1
73 2
71 2
73 1
0 1
76 2
73 2
69 2
71 2
0 2
71 2
69 2
71 1
0 3
71 2
69 2
71 2
73 1
0 1
73 2
71 2
73 2
0 6
73 3
0 1
78 2
0 2
81 2
0 2
78 2
76 2
73 2
73 1
0 1
73 2
71 2
73 1
0 1
76 2
73 2
69 2
71 2
0 2
71 2
69 2
71 1
0 3
71 2
73 2
71 2
69 2
66 2
64 2
66 3
0 5
73 3
0 1
78 2
0 2
81 2
0 2
78 2
76 2
73 2
73 1
0 1
73 2
71 2
73 1
0 1
76 2
73 2
69 2
71 2
0 2
71 2
69 2
71 1
0 3
71 2
69 2
71 2
73 1
0 1
73 2
76 2
73 2
0 6
73 3
0 1
78 2
0 2
81 2
0 2
78 2
76 2
73 2
73 1
0 1
73 2
71 2
73 1
0 1
76 2
73 2
69 2
71 2
0 2
71 2
69 2
71 1
0 3
73 2
0 2
64 2
69 2
66 2
64 2
66 3
0 133
73 3
0 1
78 2
0 2
81 2
0 2
78 2
76 2
73 2
73 1
0 1
73 2
71 2
73 1
0 1
76 2
73 2
69 2
71 2
0 2
71 2
69 2
71 1
0 3
71 2
69 2
71 2
73 1
0 1
73 2
71 2
73 2
0 6
73 3
0 1
78 2
0 2
81 2
0 2
78 2
76 2
73 2
73 1
0 1
73 2
71 2
73 1
0 1
76 2
73 2
69 2
71 2
0 2
71 2
69 2
71 1
0 3
71 2
73 2
71 2
69 2
66 2
64 2
66 3
0 5
73 3
0 1
78 2
0 2
81 2
0 2
78 2
76 2
73 2
73 1
0 1
73 2
71 2
73 1
0 1
76 2
73 2
69 2
71 2
0 2
71 2
69 2
71 1
0 3
71 2
69 2
71 2
73 1
0 1
73 2
76 2
73 2
0 6
73 3
0 1
78 2
0 2
81 2
0 2
78 2
76 2
73 2
73 1
0 1
73 2
71 2
73 1
0 1
76 2
73 2
69 2
71 2
0 2
71 2
69 2
71 1
0 3
73 2
0 2
64 2
69 2
66 2
64 2
66 3
0 5
66 2
0 2
66 1
0 1
66 1
0 1
73 3
0 1
69 2
0 2
66 3
0 5
73 3
0 1
76 2
0 2
66 1
0 1
69 2
66 2
64 2
61 2
0 2
71 2
69 2
66 3
