0 62
75 1
73 1
72 2
75 2
80 1
80 2
84 1
84 1
85 5
82 1
80 1
82 1
82 2
75 1
75 2
82 1
82 1
85 1
84 9
80 1
80 1
80 2
80 1
80 7
84 2
82 14
75 1
73 1
72 2
75 2
80 1
80 2
84 1
84 1
85 5
82 1
80 1
82 1
82 2
75 1
79 2
82 1
82 1
85 1
84 9
80 1
82 1
84 2
85 1
84 5
80 1
89 3
87 16
84 3
84 2
87 3
77 8
82 3
82 3
85 2
84 10
80 1
80 1
79 1
80 3
89 2
84 2
82 2
80 1
82 15
84 1
82 1
80 3
80 3
77 2
75 6
84 1
82 1
80 3
80 2
89 3
87 6
80 1
82 1
84 2
80 1
80 2
80 2
89 1
87 2
80 1
80 3
80 1
72 1
73 1
80 2
80 4
75 1
84 2
82 1
80 3
82 2
80 6
0 56
75 1
73 1
72 2
75 2
80 1
80 2
84 1
84 1
85 5
82 1
80 1
82 1
82 2
75 1
79 2
82 1
82 1
85 1
84 9
80 1
82 1
84 4
84 2
82 2
82 1
77 3
82 16
84 3
84 2
87 3
77 8
82 3
82 3
85 2
84 10
80 1
80 1
79 1
80 3
89 2
84 2
82 2
80 1
82 15
84 1
82 1
80 3
80 3
77 2
75 6
84 1
82 1
80 3
80 2
89 3
87 6
80 1
82 1
84 2
80 1
80 2
80 2
89 1
87 2
80 1
80 3
80 1
72 1
73 1
80 2
80 4
75 1
84 2
82 1
80 3
82 2
80 4
0 28
84 3
84 2
87 3
77 8
82 3
82 3
85 2
84 10
80 1
80 1
79 1
80 3
89 2
84 2
82 2
80 1
82 15
84 1
82 1
80 3
80 3
77 2
75 6
84 1
82 1
80 3
80 2
89 3
87 6
80 1
82 1
84 2
80 1
80 2
80 2
89 1
87 2
80 1
80 3
80 1
72 1
73 1
80 2
80 4
75 1
0 15
63 1
72 2
70 1
68 3
70 3
68 7
