0 130
72 2
72 2
74 2
75 2
75 2
75 2
72 2
79 4
77 2
75 4
77 8
70 2
70 2
72 2
74 2
74 2
74 2
70 2
80 4
79 2
77 4
79 8
77 2
77 2
79 2
80 2
80 2
80 2
77 2
79 4
77 2
77 4
75 10
72 2
72 2
72 4
70 2
72 18
0 2
72 2
72 2
74 2
75 2
75 2
75 2
72 2
79 4
77 2
75 4
77 8
70 2
70 2
72 2
74 2
74 2
74 2
70 2
80 4
79 2
77 4
79 6
0 2
77 2
77 2
79 2
80 2
80 2
80 2
77 2
79 4
77 2
77 4
75 6
0 4
72 2
72 2
72 4
70 2
72 14
0 6
84 2
84 2
82 2
82 2
82 2
82 2
79 2
77 2
79 4
77 10
84 3
82 3
79 2
77 3
82 3
79 14
79 2
77 4
75 6
75 4
72 2
77 16
72 2
75 4
75 2
75 4
79 4
79 18
0 2
84 2
84 2
82 2
82 2
82 2
82 2
79 2
77 2
79 4
77 10
84 2
82 4
79 2
82 3
84 3
79 14
79 2
77 4
75 6
75 4
72 2
77 16
75 2
77 4
75 2
77 4
75 4
72 18
0 130
72 2
72 2
74 2
75 2
75 2
75 2
72 2
79 4
77 2
75 4
77 8
70 2
70 2
72 2
74 2
74 2
74 2
70 2
80 4
79 2
77 4
79 8
77 2
77 2
79 2
80 2
80 2
80 2
77 2
79 4
77 2
77 4
75 10
72 2
72 2
72 4
70 2
72 18
0 2
72 2
72 2
74 2
75 2
75 2
75 2
72 2
79 4
77 2
75 4
77 8
70 2
70 2
72 2
74 2
74 2
74 2
70 2
80 4
79 2
77 4
79 6
0 2
77 2
77 2
79 2
80 2
80 2
80 2
77 2
79 4
77 2
77 4
75 6
0 4
72 2
72 2
72 4
70 2
72 14
0 6
84 2
84 2
82 2
82 2
82 2
82 2
79 2
77 2
79 4
77 10
84 3
82 3
79 2
77 3
82 3
79 14
79 2
77 4
75 6
75 4
72 2
77 16
72 2
75 4
75 2
75 4
79 4
79 18
0 2
84 2
84 2
82 2
82 2
82 2
82 2
79 2
77 2
79 4
77 10
84 2
82 4
79 2
82 3
84 3
79 14
79 2
77 4
75 6
75 4
72 2
77 16
75 2
77 4
75 2
77 4
75 4
72 18
0 2
84 2
84 2
82 2
82 2
82 2
82 2
79 2
77 2
79 4
77 10
84 2
82 4
79 2
82 3
84 3
79 14
79 2
77 4
75 6
75 4
72 2
77 16
72 2
75 4
75 2
75 4
79 4
79 18
0 2
84 2
84 2
82 2
82 2
82 2
82 2
79 2
77 2
79 4
77 10
84 2
82 4
79 2
82 3
84 3
79 14
79 2
77 4
75 6
75 4
72 2
77 16
75 2
77 4
75 2
77 4
75 4
72 18
