0 128
65 2
72 1
0 1
72 1
0 1
72 1
0 1
77 3
75 1
72 3
0 1
70 2
72 3
0 1
68 2
65 7
0 1
65 2
68 1
0 1
68 2
65 2
77 4
75 2
70 2
72 15
0 1
72 2
77 3
0 1
80 1
0 1
77 5
0 1
75 1
0 1
77 2
75 3
0 1
68 2
70 7
0 1
70 1
0 1
72 1
0 1
75 1
0 1
72 1
0 1
70 1
0 1
72 3
0 1
68 4
65 11
0 3
65 2
72 1
0 1
72 1
0 1
72 1
0 1
77 3
75 1
72 3
0 1
70 2
72 3
0 1
68 2
65 7
0 1
65 2
68 1
0 1
68 2
65 2
77 4
75 2
70 2
72 15
0 1
72 2
77 3
0 1
80 1
0 1
77 5
0 1
75 1
0 1
77 2
75 3
0 1
68 2
70 7
0 1
70 1
0 1
72 1
0 1
75 1
0 1
72 1
0 1
70 1
0 1
72 3
0 1
68 4
65 11
0 3
77 3
0 1
77 2
75 2
77 2
80 2
82 2
84 2
82 2
80 2
77 2
75 2
72 6
0 2
77 2
77 1
0 1
77 1
0 1
80 1
0 1
77 2
75 1
0 1
70 2
75 1
0 1
72 14
0 2
72 2
77 1
0 1
77 1
0 1
80 2
77 5
0 1
75 2
77 1
0 1
80 1
0 1
82 1
0 1
84 1
0 1
82 6
0 2
72 2
75 1
0 1
75 1
0 1
84 1
0 1
82 1
0 1
80 3
0 1
75 1
0 1
77 15
0 1
77 3
0 1
77 2
75 2
77 2
80 2
82 2
84 2
82 2
80 2
77 2
75 2
72 6
0 2
77 2
77 1
0 1
77 1
0 1
80 1
0 1
77 2
75 1
0 1
70 2
75 1
0 1
72 14
0 2
72 2
77 1
0 1
77 1
0 1
80 2
77 5
0 1
75 2
77 1
0 1
80 1
0 1
82 1
0 1
84 1
0 1
82 6
0 2
72 2
75 1
0 1
75 1
0 1
84 1
0 1
82 1
0 1
80 3
0 1
75 2
77 15
0 129
65 2
72 1
0 1
72 1
0 1
72 1
0 1
77 3
75 1
72 3
0 1
70 2
72 3
0 1
68 2
65 7
0 1
65 2
68 1
0 1
68 2
65 2
77 4
75 2
70 2
72 15
0 1
72 2
77 3
0 1
80 1
0 1
77 5
0 1
75 1
0 1
77 2
75 3
0 1
68 2
70 7
0 1
70 1
0 1
72 1
0 1
75 1
0 1
72 1
0 1
70 1
0 1
72 3
0 1
68 4
65 11
0 3
65 2
72 1
0 1
72 1
0 1
72 1
0 1
77 3
75 1
72 3
0 1
70 2
72 3
0 1
68 2
65 7
0 1
65 2
68 1
0 1
68 2
65 2
77 4
75 2
70 2
72 15
0 1
72 2
77 3
0 1
80 1
0 1
77 5
0 1
75 1
0 1
77 2
75 3
0 1
68 2
70 7
0 1
70 1
0 1
72 1
0 1
75 1
0 1
72 1
0 1
70 1
0 1
72 3
0 1
68 4
65 11
0 3
77 3
0 1
77 2
75 2
77 2
80 2
82 2
84 2
82 2
80 2
77 2
75 2
72 6
0 2
77 2
77 1
0 1
77 1
0 1
80 1
0 1
77 2
75 1
0 1
70 2
75 1
0 1
72 14
0 2
72 2
77 1
0 1
77 1
0 1
80 2
77 5
0 1
75 2
77 1
0 1
80 1
0 1
82 1
0 1
84 1
0 1
82 6
0 2
72 2
75 1
0 1
75 1
0 1
84 1
0 1
82 1
0 1
80 3
0 1
75 2
77 15
0 1
77 3
0 1
77 2
75 2
77 2
80 2
82 2
84 2
82 2
80 2
77 2
75 2
72 6
0 2
77 2
77 1
0 1
77 1
0 1
80 1
0 1
77 2
75 1
0 1
70 2
75 1
0 1
72 14
0 2
72 2
77 1
0 1
77 1
0 1
80 2
77 5
0 1
75 2
77 1
0 1
80 1
0 1
82 1
0 1
84 1
0 1
82 6
0 2
72 2
75 1
0 1
75 1
0 1
84 1
0 1
82 1
0 1
80 3
0 1
75 2
77 15
0 1
77 3
0 1
77 2
75 2
77 2
80 2
82 2
84 2
82 2
80 2
77 2
75 2
72 6
0 2
77 2
77 1
0 1
77 1
0 1
80 1
0 1
77 2
75 1
0 1
70 2
75 1
0 1
72 14
0 2
72 2
77 1
0 1
77 1
0 1
80 2
77 5
0 1
75 2
77 1
0 1
80 1
0 1
82 1
0 1
84 1
0 1
82 6
0 2
72 2
75 1
0 1
75 1
0 1
84 1
0 1
82 1
0 1
80 3
0 1
75 2
77 15
0 1
77 3
0 1
77 2
75 2
77 2
80 2
82 2
84 2
82 2
80 2
77 2
75 2
72 6
0 2
77 2
77 1
0 1
77 1
0 1
80 1
0 1
77 2
75 1
0 1
70 2
75 1
0 1
72 14
0 2
72 2
77 1
0 1
77 1
0 1
80 2
77 5
0 1
75 2
77 1
0 1
80 1
0 1
82 1
0 1
84 1
0 1
82 6
0 2
72 2
75 1
0 1
75 1
0 1
84 1
0 1
82 1
0 1
80 3
0 1
75 2
77 15
0 1
72 2
75 1
0 1
75 1
0 1
84 1
0 1
82 1
0 1
80 2
75 12
0 4
75 2
80 2
77 16
