B:maj [3, 6, 11] 11 1 
F#:maj/3 [1, 6, 10] 10 2 
Ab:min [3, 8, 11] 8 5 
B:maj [3, 6, 11] 11 2 
F#:maj/3 [1, 6, 10] 10 1 
Ab:min [3, 8, 11] 8 5 
B:maj [3, 6, 11] 11 4 
Ab:min [3, 8, 11] 8 4 
B:maj [3, 6, 11] 11 4 
Ab:min [3, 8, 11] 8 4 
E:maj [4, 8, 11] 4 2 
F#:maj [1, 6, 10] 6 5 
Eb:min/b3 [3, 6, 10] 6 1 
E:maj [4, 8, 11] 4 2 
F#:maj [1, 6, 10] 6 2 
C#:min [1, 4, 8] 1 4 
B:maj [3, 6, 11] 11 4 
Ab:min [3, 8, 11] 8 4 
B:maj [3, 6, 11] 11 4 
Ab:min [3, 8, 11] 8 4 
E:maj [4, 8, 11] 4 2 
Ab:min [3, 8, 11] 8 2 
F#:maj [1, 6, 10] 6 4 
E:maj [4, 8, 11] 4 2 
F#:maj [1, 6, 10] 6 2 
B:maj [3, 6, 11] 11 4 
F#:maj [1, 6, 10] 6 4 
B:maj [3, 6, 11] 11 2 
F#:maj/3 [1, 6, 10] 10 2 
Ab:min [3, 8, 11] 8 2 
E:maj [4, 8, 11] 4 2 
C#:min [1, 4, 8] 1 2 
F#:maj [1, 6, 10] 6 2 
B:maj [3, 6, 11] 11 4 
Eb:maj [3, 7, 10] 3 4 
Ab:min [3, 8, 11] 8 2 
C#:7 [1, 5, 8, 11] 1 2 
C#:maj [1, 5, 8] 1 4 
F#:maj [1, 6, 10] 6 4 
B:maj [3, 6, 11] 11 2 
F#:maj/3 [1, 6, 10] 10 2 
Ab:min [3, 8, 11] 8 2 
E:maj [4, 8, 11] 4 2 
C#:min [1, 4, 8] 1 2 
F#:maj [1, 6, 10] 6 2 
B:maj [3, 6, 11] 11 4 
Eb:maj [3, 7, 10] 3 4 
Ab:min [3, 8, 11] 8 4 
F#:maj [1, 6, 10] 6 8 
B:min/b3 [2, 6, 11] 2 1 
D:maj [2, 6, 9] 2 3 
E:maj [4, 8, 11] 4 4 
B:min [2, 6, 11] 11 2 
D:sus2 [2, 4, 9] 2 1 
Eb:min/b3 [3, 6, 10] 6 5 
B:maj [3, 6, 11] 11 4 
Ab:min [3, 8, 11] 8 4 
B:maj [3, 6, 11] 11 4 
Ab:min [3, 8, 11] 8 4 
E:maj [4, 8, 11] 4 2 
Ab:min [3, 8, 11] 8 2 
F#:maj [1, 6, 10] 6 2 
Ab:min7 [3, 6, 8, 11] 8 2 
E:maj [4, 8, 11] 4 2 
F#:maj [1, 6, 10] 6 2 
B:maj [3, 6, 11] 11 4 
F#:maj [1, 6, 10] 6 4 
B:maj [3, 6, 11] 11 2 
F#:maj/3 [1, 6, 10] 10 2 
Ab:min [3, 8, 11] 8 2 
E:maj [4, 8, 11] 4 2 
C#:min [1, 4, 8] 1 2 
F#:maj [1, 6, 10] 6 2 
B:maj [3, 6, 11] 11 4 
Eb:maj [3, 7, 10] 3 4 
Ab:min [3, 8, 11] 8 2 
C#:9 [1, 3, 5, 8, 11] 1 2 
C#:maj [1, 5, 8] 1 4 
F#:maj [1, 6, 10] 6 4 
B:maj [3, 6, 11] 11 2 
F#:maj/3 [1, 6, 10] 10 2 
Ab:min [3, 8, 11] 8 2 
E:maj [4, 8, 11] 4 2 
C#:min [1, 4, 8] 1 2 
F#:maj [1, 6, 10] 6 2 
B:maj [3, 6, 11] 11 4 
Eb:maj [3, 7, 10] 3 4 
Ab:min [3, 8, 11] 8 4 
F#:maj [1, 6, 10] 6 4 
Ab:min7/b7 [3, 6, 8, 11] 6 1 
Eb:min/b3 [3, 6, 10] 6 2 
E:maj [4, 8, 11] 4 5 
Ab:min [3, 8, 11] 8 2 
F#:maj [1, 6, 10] 6 1 
E:maj [4, 8, 11] 4 5 
Ab:min [3, 8, 11] 8 2 
F#:maj [1, 6, 10] 6 1 
E:maj [4, 8, 11] 4 5 
Ab:min [3, 8, 11] 8 2 
F#:maj [1, 6, 10] 6 1 
E:maj [4, 8, 11] 4 5 
F#:maj/5 [1, 6, 10] 1 4 
B:maj [3, 6, 11] 11 2 
F#:maj/3 [1, 6, 10] 10 2 
Ab:min7 [3, 6, 8, 11] 8 2 
E:maj [4, 8, 11] 4 2 
C#:min [1, 4, 8] 1 2 
F#:maj [1, 6, 10] 6 2 
B:maj [3, 6, 11] 11 4 
Eb:maj [3, 7, 10] 3 4 
Ab:min [3, 8, 11] 8 4 
C#:min [1, 4, 8] 1 4 
F#:maj [1, 6, 10] 6 4 
B:maj [3, 6, 11] 11 2 
F#:maj/3 [1, 6, 10] 10 2 
Ab:min [3, 8, 11] 8 2 
E:maj [4, 8, 11] 4 2 
C#:min [1, 4, 8] 1 2 
F#:maj [1, 6, 10] 6 2 
B:maj [3, 6, 11] 11 4 
Eb:maj [3, 7, 10] 3 4 
Ab:min [3, 8, 11] 8 4 
F#:maj [1, 6, 10] 6 8 
B:maj [3, 6, 11] 11 1 
F#:maj/3 [1, 6, 10] 10 2 
Ab:min [3, 8, 11] 8 5 
B:maj [3, 6, 11] 11 2 
F#:maj/3 [1, 6, 10] 10 1 
