F:maj [0, 5, 9] 5 4 
D:min [2, 5, 9] 2 2 
D:min7 [0, 2, 5, 9] 2 2 
G:min [2, 7, 10] 7 4 
C:sus2 [0, 2, 7] 0 4 
F:maj [0, 5, 9] 5 4 
D:min [2, 5, 9] 2 2 
A:min [0, 4, 9] 9 2 
G:min [2, 7, 10] 7 4 
C:maj [0, 4, 7] 0 4 
F:maj [0, 5, 9] 5 8 
G:min [2, 7, 10] 7 2 
F:maj [0, 5, 9] 5 2 
A:min [0, 4, 9] 9 2 
D:min [2, 5, 9] 2 2 
G:min [2, 7, 10] 7 2 
C:maj [0, 4, 7] 0 2 
A:min [0, 4, 9] 9 4 
D:min [2, 5, 9] 2 2 
Bb:maj [2, 5, 10] 10 2 
C:maj [0, 4, 7] 0 4 
F:maj [0, 5, 9] 5 8 
G:min [2, 7, 10] 7 2 
F:maj [0, 5, 9] 5 2 
A:min [0, 4, 9] 9 2 
D:min [2, 5, 9] 2 2 
G:min [2, 7, 10] 7 2 
C:maj [0, 4, 7] 0 2 
A:min [0, 4, 9] 9 4 
D:min [2, 5, 9] 2 2 
Bb:maj [2, 5, 10] 10 2 
C:maj [0, 4, 7] 0 4 
F:maj [0, 5, 9] 5 4 
G:min [2, 7, 10] 7 4 
A:min [0, 4, 9] 9 4 
Bb:maj [2, 5, 10] 10 4 
C:maj [0, 4, 7] 0 4 
F:maj [0, 5, 9] 5 4 
D:min [2, 5, 9] 2 2 
A:min [0, 4, 9] 9 2 
G:min [2, 7, 10] 7 4 
C:sus2 [0, 2, 7] 0 2 
C:maj [0, 4, 7] 0 2 
F:maj [0, 5, 9] 5 4 
D:min [2, 5, 9] 2 2 
A:min [0, 4, 9] 9 2 
G:min [2, 7, 10] 7 4 
C:maj [0, 4, 7] 0 4 
F:sus2 [0, 5, 7] 5 8 
D:min [2, 5, 9] 2 2 
A:min [0, 4, 9] 9 2 
G:min [2, 7, 10] 7 4 
C:sus2 [0, 2, 7] 0 4 
F:maj [0, 5, 9] 5 8 
G:min [2, 7, 10] 7 2 
F:maj [0, 5, 9] 5 2 
A:min [0, 4, 9] 9 2 
D:min [2, 5, 9] 2 2 
G:min [2, 7, 10] 7 2 
C:maj [0, 4, 7] 0 2 
A:min [0, 4, 9] 9 4 
D:min [2, 5, 9] 2 2 
Bb:maj [2, 5, 10] 10 2 
C:maj [0, 4, 7] 0 4 
F:maj [0, 5, 9] 5 4 
G:min [2, 7, 10] 7 4 
A:min [0, 4, 9] 9 4 
Bb:maj [2, 5, 10] 10 4 
C:maj [0, 4, 7] 0 4 
F:maj [0, 5, 9] 5 4 
D:min [2, 5, 9] 2 2 
A:min [0, 4, 9] 9 2 
G:min [2, 7, 10] 7 4 
C:sus2 [0, 2, 7] 0 4 
F:maj [0, 5, 9] 5 4 
D:min [2, 5, 9] 2 2 
A:min [0, 4, 9] 9 2 
G:min [2, 7, 10] 7 4 
C:maj [0, 4, 7] 0 4 
F:sus2 [0, 5, 7] 5 8 
D:min [2, 5, 9] 2 2 
A:min [0, 4, 9] 9 2 
G:min [2, 7, 10] 7 4 
C:sus2 [0, 2, 7] 0 2 
C:maj [0, 4, 7] 0 2 
F:maj [0, 5, 9] 5 4 
D:min [2, 5, 9] 2 2 
A:min [0, 4, 9] 9 2 
G:min [2, 7, 10] 7 4 
C:maj [0, 4, 7] 0 4 
F:sus2 [0, 5, 7] 5 8 
D:min [2, 5, 9] 2 2 
A:min [0, 4, 9] 9 2 
G:min [2, 7, 10] 7 4 
C:sus2 [0, 2, 7] 0 8 
F:maj [0, 5, 9] 5 4 
D:min [2, 5, 9] 2 2 
A:min [0, 4, 9] 9 2 
G:min [2, 7, 10] 7 4 
C:maj [0, 4, 7] 0 6 
F:maj [0, 5, 9] 5 7 
