0 144
60 2
60 2
62 2
65 2
69 7
0 1
67 2
65 2
67 2
62 2
65 7
0 1
69 2
69 1
0 1
69 2
72 1
0 1
74 2
72 2
69 1
67 1
65 2
67 12
0 4
69 2
72 1
0 1
72 1
0 1
72 1
0 1
72 6
0 2
69 2
69 2
67 2
69 2
65 7
0 1
60 1
0 1
62 2
65 1
0 1
69 2
67 5
0 1
62 2
65 13
0 3
60 2
60 2
62 2
65 2
69 7
0 1
67 2
65 2
67 2
62 2
65 7
0 1
69 2
69 1
0 1
69 2
72 1
0 1
74 2
72 2
69 1
67 1
65 2
67 12
0 4
69 2
72 1
0 1
72 1
0 1
72 1
0 1
72 6
0 2
69 2
69 2
67 2
69 2
65 7
0 1
60 1
0 1
62 2
65 1
0 1
69 2
67 5
0 1
62 2
65 13
0 3
67 1
67 1
67 1
67 1
67 1
65 3
67 3
0 1
65 2
62 1
0 1
69 1
69 1
69 1
69 1
69 2
67 2
69 4
69 2
72 2
74 1
74 1
74 1
74 1
74 2
72 2
74 4
74 2
77 2
72 3
72 8
0 1
72 2
74 2
77 1
77 1
77 1
77 1
79 1
77 1
74 1
0 1
77 4
72 2
74 1
0 1
77 1
77 1
77 1
77 1
79 1
77 1
74 2
72 4
65 1
0 1
69 1
0 1
67 1
67 1
67 1
67 1
67 2
65 2
67 3
0 1
65 2
62 1
0 1
72 1
72 1
72 1
72 1
74 1
72 1
69 2
67 4
72 2
74 2
77 1
77 1
77 1
77 1
79 1
77 1
74 1
0 1
77 4
72 2
74 1
0 1
77 1
77 1
77 1
77 1
79 1
77 1
74 2
72 4
65 1
0 1
69 1
0 1
67 1
67 1
67 1
67 1
67 2
65 2
67 3
0 1
65 2
62 1
0 1
72 1
72 1
72 1
72 1
74 1
72 1
69 2
67 4
60 1
0 1
62 4
65 13
0 81
60 2
60 2
62 2
65 2
69 7
0 1
67 2
65 2
67 2
62 2
65 7
0 1
69 2
69 1
0 1
69 2
72 1
0 1
74 2
72 2
69 1
67 1
65 2
67 12
0 4
69 2
72 1
0 1
72 1
0 1
72 1
0 1
72 6
0 2
69 2
69 2
67 2
69 2
65 7
0 1
60 1
0 1
62 2
65 1
0 1
69 2
67 5
0 1
62 2
65 13
0 3
67 1
67 1
67 1
67 1
67 1
65 3
67 3
0 1
65 2
62 1
0 1
69 1
69 1
69 1
69 1
69 2
67 2
69 4
69 2
72 2
74 1
74 1
74 1
74 1
74 2
72 2
74 4
74 2
77 2
72 3
72 8
0 1
72 2
74 2
77 1
77 1
77 1
77 1
79 1
77 1
74 1
0 1
77 4
72 2
74 1
0 1
77 1
77 1
77 1
77 1
79 1
77 1
74 2
72 4
65 1
0 1
69 1
0 1
67 1
67 1
67 1
67 1
67 2
65 2
67 3
0 1
65 2
62 1
0 1
72 1
72 1
72 1
72 1
74 1
72 1
69 2
67 4
72 2
74 2
77 1
77 1
77 1
77 1
79 1
77 1
74 1
0 1
77 4
72 2
74 1
0 1
77 1
77 1
77 1
77 1
79 1
77 1
74 2
72 4
65 1
0 1
69 1
0 1
67 1
67 1
67 1
67 1
67 2
65 2
67 3
0 1
65 2
62 1
0 1
72 1
72 1
72 1
72 1
74 1
72 1
69 2
67 4
60 1
0 1
62 4
65 8
0 2
72 2
74 2
77 1
77 1
77 1
77 1
79 1
77 1
74 1
0 1
77 4
72 2
74 1
0 1
77 1
77 1
77 1
77 1
79 1
77 1
74 2
72 4
65 1
0 1
69 1
0 1
67 1
67 1
67 1
67 1
67 2
65 2
67 3
0 1
65 2
62 1
0 1
72 1
72 1
72 1
72 1
74 1
72 1
69 2
67 4
72 2
74 2
77 1
77 1
77 1
77 1
79 1
77 1
74 1
0 1
77 4
72 2
74 1
0 1
77 1
77 1
77 1
77 1
79 1
77 1
74 2
72 4
65 1
0 1
69 1
0 1
67 1
67 1
67 1
67 1
67 2
65 2
67 3
0 1
65 2
62 1
0 1
72 1
72 1
72 1
72 1
74 1
72 1
69 2
67 4
60 1
0 1
62 4
65 8
0 2
72 2
74 2
77 1
77 1
77 1
77 1
79 1
77 1
74 1
0 1
77 4
72 2
74 1
0 1
77 1
77 1
77 1
77 1
79 1
77 1
74 2
72 4
65 1
0 1
69 1
0 1
67 1
67 1
67 1
67 1
67 2
65 2
67 3
0 1
65 2
62 1
0 1
72 1
72 1
72 1
72 1
74 1
72 1
69 2
67 12
0 4
60 4
62 4
65 12
