0 160
79 1
0 1
79 2
0 2
79 1
0 1
86 1
0 1
84 1
0 1
82 1
0 1
84 1
0 1
86 7
0 9
89 1
0 1
86 1
0 1
86 1
0 1
84 1
0 1
82 2
0 2
86 3
0 1
84 4
0 12
79 4
0 2
82 1
0 1
79 3
0 1
84 3
0 1
79 3
0 1
84 3
0 1
79 5
0 3
81 1
0 1
81 1
0 1
81 1
0 1
79 1
0 1
77 3
0 1
74 3
0 1
79 6
0 10
79 1
0 1
79 2
0 2
79 1
0 1
86 1
0 1
84 1
0 1
82 1
0 1
84 1
0 1
86 11
0 5
89 1
0 1
86 1
0 1
86 1
0 1
84 1
0 1
82 2
0 2
86 3
0 1
84 4
0 12
79 4
0 2
82 1
0 1
79 3
0 1
84 3
0 1
79 3
0 1
84 3
0 1
79 5
0 3
81 1
0 1
81 1
0 1
81 1
0 1
79 1
0 1
77 3
0 1
74 3
0 1
79 6
0 73
79 1
79 1
79 1
79 2
0 1
79 1
79 1
86 1
86 1
84 1
84 1
82 1
82 1
84 1
84 1
86 1
86 7
0 8
89 1
89 1
86 1
86 1
86 1
86 1
84 1
84 1
82 1
82 2
0 1
86 1
86 3
84 1
84 4
0 11
79 1
79 4
0 1
82 1
82 1
79 1
79 3
84 1
84 3
79 1
79 3
84 1
84 3
79 1
79 5
0 2
81 1
81 1
81 1
81 1
81 1
81 1
79 1
79 1
77 1
77 3
74 1
74 3
79 1
79 6
0 9
79 1
79 1
79 1
79 1
0 2
79 1
79 1
86 1
86 1
84 1
84 1
82 1
82 1
84 1
84 1
86 1
86 7
0 8
89 1
89 1
86 1
86 1
86 1
86 1
84 1
84 1
82 1
82 2
0 1
86 1
86 3
84 1
84 4
0 11
79 1
79 4
0 1
82 1
82 1
79 1
79 3
84 1
84 3
79 1
79 2
82 1
84 1
84 3
79 1
79 5
0 2
81 1
81 1
81 1
81 1
81 1
81 1
0 1
82 1
0 1
84 3
74 1
74 3
79 1
79 6
0 137
79 1
79 1
79 1
79 2
0 1
79 1
79 1
86 1
86 1
84 1
84 1
82 1
82 1
84 1
84 1
86 1
86 7
0 8
89 1
89 1
86 1
86 1
86 1
86 1
84 1
84 1
82 1
82 2
0 1
86 1
86 3
84 1
84 4
0 11
79 1
79 4
0 1
82 1
82 1
79 1
79 3
84 1
84 3
79 1
79 3
84 1
84 3
79 1
79 5
0 2
81 1
81 1
81 1
81 1
81 1
81 1
79 1
79 1
77 1
77 3
74 1
74 3
79 1
79 6
0 9
79 1
79 1
79 1
79 1
0 2
79 1
79 1
86 1
86 1
84 1
84 1
82 1
82 1
84 1
84 1
86 1
86 7
0 8
89 1
89 1
86 1
86 1
86 1
86 1
84 1
84 1
82 1
82 2
0 1
86 1
86 3
84 1
84 4
0 11
79 1
79 4
0 1
82 1
82 1
79 1
79 3
84 1
84 3
79 1
79 2
82 1
84 1
84 3
79 1
79 5
0 2
81 1
81 1
81 1
81 1
81 1
81 1
0 1
82 1
0 1
84 3
74 1
74 3
79 1
79 6
0 73
79 1
79 1
79 1
79 2
0 1
79 1
79 1
86 1
86 1
84 1
84 1
82 1
82 1
84 1
84 1
86 1
86 7
0 8
89 1
89 1
86 1
86 1
86 1
86 1
84 1
84 1
82 1
82 2
0 1
86 1
86 3
84 1
84 4
0 11
79 1
79 4
0 1
82 1
82 1
79 1
79 3
84 1
84 3
79 1
79 3
84 1
84 3
79 1
79 5
0 2
81 1
81 1
81 1
81 1
81 1
81 1
79 1
79 1
77 1
77 3
74 1
74 3
79 1
79 6
0 9
79 1
79 1
79 1
79 1
0 2
79 1
79 1
86 1
86 1
84 1
84 1
82 1
82 1
84 1
84 1
86 1
86 7
0 8
89 1
89 1
86 1
86 1
86 1
86 1
84 1
84 1
82 1
82 2
0 1
86 1
86 3
84 1
84 4
0 11
79 1
79 4
0 1
82 1
82 1
79 1
79 3
84 1
84 3
79 1
79 2
82 1
84 1
84 3
79 1
79 5
0 2
81 1
81 1
81 1
81 1
81 1
81 1
0 1
82 1
0 1
84 3
74 1
74 3
79 1
79 6
0 9
79 1
79 4
0 1
82 1
82 1
79 1
79 3
84 1
84 3
79 1
79 2
82 1
84 1
84 3
79 1
79 5
0 2
81 1
81 1
81 1
81 1
81 1
81 1
0 1
82 1
0 1
84 3
0 1
89 3
0 1
91 6
