0 128
57 1
0 1
57 1
60 1
62 1
0 1
64 1
0 1
64 4
62 2
0 2
57 1
0 1
57 1
60 1
62 1
0 1
64 1
0 1
64 3
0 5
57 1
0 1
57 1
60 1
62 1
0 1
64 1
0 1
64 3
0 1
62 1
0 3
67 1
0 1
60 1
62 1
60 1
0 1
60 1
59 1
57 5
0 3
69 1
0 1
64 1
64 1
69 1
0 1
64 1
0 1
69 3
0 1
64 1
0 1
69 1
0 1
67 1
0 1
64 1
62 1
60 1
0 1
67 1
0 1
64 3
0 5
57 1
0 1
57 1
60 1
62 1
0 1
64 1
64 1
64 2
62 1
0 1
62 1
0 3
64 1
0 1
60 1
62 1
60 2
59 2
57 5
0 3
57 1
0 1
57 1
60 1
62 1
0 1
64 1
0 1
64 3
0 1
62 3
0 1
57 1
0 1
57 1
60 1
62 1
0 1
64 1
0 1
64 3
0 5
57 1
0 1
57 1
60 1
62 1
0 1
64 1
0 1
64 3
0 1
62 2
0 2
64 1
0 1
60 1
62 1
60 2
60 1
59 1
57 7
0 1
69 1
0 1
64 1
64 1
69 1
0 1
64 1
0 1
69 3
67 1
64 1
0 1
69 1
0 1
67 1
0 1
64 1
62 1
60 1
0 1
67 2
64 1
67 1
64 4
0 2
57 1
0 1
57 1
60 1
62 1
0 1
64 1
64 1
64 3
0 1
62 1
0 3
64 1
0 1
60 1
62 1
60 2
59 2
57 5
0 195
57 1
0 1
57 1
60 1
62 1
0 1
64 1
0 1
64 4
62 2
0 2
57 1
0 1
57 1
60 1
62 1
0 1
64 1
0 1
64 3
0 5
57 1
0 1
57 1
60 1
62 1
0 1
64 1
0 1
64 2
62 1
0 1
62 1
0 3
64 1
0 1
60 1
62 1
60 1
0 1
60 1
59 1
57 5
0 3
69 1
0 1
64 1
64 1
69 1
0 1
64 1
0 1
69 3
0 1
64 1
0 1
69 1
0 1
67 1
0 1
64 1
62 1
60 1
0 1
67 1
0 1
64 1
67 1
64 5
0 1
57 1
0 1
57 1
60 1
62 1
0 1
64 1
64 1
64 2
62 1
0 1
62 1
0 3
64 1
0 1
60 1
62 1
60 2
60 1
59 1
57 5
0 3
57 1
0 1
57 1
60 1
62 1
0 1
64 1
0 1
64 3
0 1
62 3
0 1
57 1
0 1
57 1
60 1
62 1
0 1
64 1
0 1
64 3
0 5
57 1
0 1
57 1
60 1
62 1
0 1
64 1
0 1
64 2
62 2
62 2
0 2
64 1
0 1
60 1
62 1
60 2
60 1
59 1
57 7
0 1
69 1
0 1
64 1
64 1
69 1
0 1
64 1
0 1
69 3
0 1
64 1
0 1
69 1
0 1
67 1
0 1
64 1
62 1
60 1
0 1
67 2
64 1
67 1
64 4
0 2
57 1
0 1
57 1
60 1
62 1
0 1
64 1
64 1
64 2
62 1
0 1
62 1
0 3
64 1
0 1
60 1
62 1
60 2
60 1
59 1
57 5
