0 112
79 1
0 1
79 1
77 1
79 1
0 1
79 1
77 1
79 4
0 2
72 1
79 1
77 1
77 1
77 1
77 1
77 1
0 1
74 1
75 2
72 6
0 1
84 1
0 1
84 1
82 1
84 1
0 1
79 1
82 2
77 4
0 1
75 1
77 1
79 1
0 1
80 1
0 1
79 1
0 1
77 2
79 3
67 1
79 1
0 1
82 1
79 1
0 1
77 2
0 1
79 2
82 1
79 2
77 4
0 1
75 1
74 2
72 5
0 10
79 1
0 1
79 1
77 1
79 1
0 1
79 1
77 1
79 4
0 2
72 1
79 1
77 1
77 1
77 1
77 1
77 1
0 1
74 1
75 2
72 6
0 1
84 1
0 1
84 1
82 1
84 1
0 1
79 1
82 2
77 4
0 1
75 1
77 1
79 1
0 1
80 1
0 1
79 1
0 1
77 2
79 3
67 1
79 1
0 1
82 1
79 1
0 1
77 2
67 1
79 2
82 1
79 2
77 4
0 1
75 1
74 2
0 1
75 2
72 6
0 2
79 1
0 1
82 1
0 1
84 1
0 1
82 1
80 2
0 1
79 1
79 1
0 1
77 3
0 2
79 1
80 1
82 2
79 1
77 2
0 1
79 1
77 2
76 4
0 1
77 1
79 1
80 1
0 1
79 1
75 1
0 1
72 2
0 1
80 1
0 1
79 1
75 2
77 1
0 2
77 2
79 1
79 5
0 4
79 1
0 1
82 1
0 1
84 1
0 1
82 1
80 2
0 1
79 1
79 1
0 1
77 4
79 1
79 1
80 1
83 2
79 1
77 2
0 1
79 1
77 1
0 1
75 4
75 1
77 1
79 1
80 1
0 1
79 1
75 2
72 2
0 1
80 1
0 1
79 1
75 1
0 1
77 2
77 1
77 2
0 1
75 9
0 100
79 1
0 1
79 1
77 1
79 1
0 1
79 1
77 1
79 4
0 2
72 1
79 1
77 1
77 1
77 1
77 1
77 1
0 1
74 1
75 2
72 6
0 1
84 1
0 1
84 1
82 1
84 1
0 1
79 1
82 2
77 4
0 1
75 1
77 1
79 1
0 1
80 1
0 1
79 1
0 1
77 2
79 3
67 1
79 1
0 1
82 1
79 1
0 1
77 2
0 1
79 2
82 1
79 2
77 4
0 1
75 1
74 2
72 5
0 10
79 1
0 1
79 1
77 1
79 1
0 1
79 1
77 1
79 4
0 2
72 1
79 1
77 1
77 1
77 1
77 1
77 1
0 1
74 1
75 2
72 6
0 1
84 1
0 1
84 1
82 1
84 1
0 1
79 1
82 2
77 4
0 1
75 1
77 1
79 1
0 1
80 1
0 1
79 1
0 1
77 2
79 3
67 1
79 1
0 1
82 1
79 1
0 1
77 2
67 1
79 2
82 1
79 2
77 4
0 1
75 1
74 2
0 1
75 2
72 6
0 2
79 1
0 1
82 1
0 1
84 1
0 1
82 1
80 2
0 1
79 1
79 1
0 1
77 3
0 2
79 1
80 1
82 2
79 1
77 2
0 1
79 1
77 2
76 4
0 1
77 1
79 1
80 1
0 1
79 1
75 1
0 1
72 2
0 1
80 1
0 1
79 1
75 2
77 1
0 2
77 2
79 1
79 5
0 4
79 1
0 1
82 1
0 1
84 1
0 1
82 1
80 2
0 1
79 1
79 1
0 1
77 4
79 1
79 1
80 1
83 2
79 1
77 2
0 1
79 1
77 1
0 1
75 4
75 1
77 1
79 1
80 1
0 1
79 1
75 2
72 2
0 1
80 1
0 1
79 1
75 1
0 1
77 2
77 1
77 2
0 1
75 9
79 1
0 1
82 1
0 1
84 1
0 1
82 1
80 2
0 1
79 1
79 1
0 1
77 3
0 2
79 1
80 1
82 2
79 1
77 2
0 1
79 1
77 2
76 4
0 1
77 1
79 1
80 1
0 1
79 1
75 1
0 1
72 2
0 1
80 1
0 1
79 1
75 2
77 1
0 2
77 2
79 1
79 5
0 4
79 1
0 1
82 1
0 1
84 1
0 1
82 1
80 2
0 1
79 1
79 1
0 1
77 4
79 1
79 1
80 1
83 2
79 1
77 2
0 1
79 1
77 1
0 1
75 4
75 1
77 1
79 1
80 1
0 1
79 1
75 2
72 2
0 1
80 1
0 1
79 1
75 1
0 1
77 2
77 1
77 2
0 1
75 9
0 1
75 1
77 1
79 1
80 2
79 1
75 2
72 2
0 1
80 2
79 1
82 11
75 1
0 1
75 8
