0 124
68 2
75 1
0 1
75 7
0 1
73 2
75 2
70 2
66 2
68 10
0 2
68 2
75 1
0 1
75 7
0 1
73 1
0 1
75 2
78 2
73 4
75 9
0 1
75 2
78 2
80 4
78 1
0 1
80 2
73 6
0 2
75 4
73 1
0 1
71 2
68 3
0 3
68 2
75 4
73 1
0 1
75 1
0 1
70 3
0 1
68 2
66 2
68 10
0 2
68 2
75 1
0 1
75 7
0 1
73 2
75 2
70 2
66 2
68 10
0 2
68 2
75 1
0 1
75 7
0 1
73 1
0 1
75 2
78 2
73 4
75 9
0 1
75 2
78 2
80 4
78 1
0 1
80 2
73 6
0 2
75 4
73 1
0 1
71 2
68 3
0 3
68 2
75 4
73 1
0 1
71 1
0 1
71 3
0 1
70 2
71 2
71 10
0 18
71 2
73 2
75 4
78 4
80 6
83 2
82 4
78 2
75 2
80 3
0 1
75 1
0 1
75 2
73 6
75 2
73 2
71 1
0 1
71 2
78 2
75 11
0 1
71 2
73 2
75 4
78 4
80 4
0 2
83 2
82 4
80 2
82 2
83 3
0 1
75 1
0 1
75 2
73 5
0 1
80 2
78 2
75 2
73 2
75 4
71 14
0 60
68 2
75 1
0 1
75 7
0 1
73 2
75 2
70 2
66 2
68 10
0 2
68 2
75 1
0 1
75 7
0 1
73 1
0 1
75 2
78 2
73 4
75 9
0 1
75 2
78 2
80 4
78 1
0 1
80 2
73 6
0 2
75 4
73 1
0 1
71 2
68 3
0 3
68 2
75 4
73 1
0 1
75 1
0 1
70 3
0 1
68 2
66 2
68 10
0 2
68 2
75 1
0 1
75 7
0 1
73 2
75 2
70 2
66 2
68 10
0 2
68 2
75 1
0 1
75 7
0 1
73 1
0 1
75 2
78 2
73 4
75 9
0 1
75 2
78 2
80 4
78 1
0 1
80 2
73 6
0 2
75 4
73 1
0 1
71 2
68 3
0 3
68 2
75 4
73 1
0 1
71 1
0 1
71 3
0 1
70 2
71 2
71 10
0 18
71 2
73 2
75 4
78 4
80 6
83 2
82 4
78 2
75 2
80 3
0 1
75 1
0 1
75 2
73 6
75 2
73 2
71 1
0 1
71 2
78 2
75 11
0 1
71 2
73 2
75 4
78 4
80 4
0 2
83 2
82 4
80 2
82 2
83 3
0 1
75 1
0 1
75 2
73 5
0 1
80 2
78 2
75 2
73 2
75 4
71 14
0 140
71 2
73 2
75 4
78 4
80 6
83 2
82 4
78 2
75 2
80 3
0 1
75 1
0 1
75 2
73 6
75 2
73 2
71 1
0 1
71 2
78 2
75 11
0 1
71 2
73 2
75 4
78 4
80 4
0 2
83 2
82 4
80 2
82 2
83 3
0 1
75 1
0 1
75 2
73 5
0 1
80 2
78 2
75 2
73 2
75 4
71 10
71 2
73 2
75 4
78 4
80 4
0 2
83 2
82 4
80 2
82 2
83 3
0 1
75 1
0 1
75 2
73 5
0 1
80 2
78 2
75 2
73 2
75 4
71 10
68 2
75 1
0 1
75 7
0 1
73 2
75 2
70 2
66 2
68 10
0 2
68 2
75 1
0 1
75 7
0 1
73 1
0 1
75 2
78 2
73 4
75 9
0 1
75 2
78 2
80 4
78 1
0 1
80 2
73 6
0 2
75 4
73 1
0 1
71 2
68 3
0 3
68 2
75 4
73 1
0 1
71 1
0 1
71 3
0 4
70 4
71 4
0 1
71 24
