F:maj [0, 5, 9] 5 8 
D:min [2, 5, 9] 2 4 
G:min [2, 7, 10] 7 2 
C:maj [0, 4, 7] 0 2 
F:maj/5 [0, 5, 9] 0 4 
G:min [2, 7, 10] 7 4 
C:maj [0, 4, 7] 0 4 
F:maj(9) [0, 3, 5, 7, 9] 5 12 
C:maj/5 [0, 4, 7] 7 4 
F:maj [0, 5, 9] 5 4 
G:min [2, 7, 10] 7 2 
C:maj [0, 4, 7] 0 2 
F:maj/5 [0, 5, 9] 0 4 
D:maj [2, 6, 9] 2 2 
G:maj [2, 7, 11] 7 2 
C:sus2 [0, 2, 7] 0 8 
F:maj [0, 5, 9] 5 4 
C:maj/5 [0, 4, 7] 7 4 
F:maj [0, 5, 9] 5 4 
G:min [2, 7, 10] 7 2 
C:maj [0, 4, 7] 0 2 
F:maj [0, 5, 9] 5 4 
D:min7 [0, 2, 5, 9] 2 2 
G:min [2, 7, 10] 7 2 
C:maj [0, 4, 7] 0 2 
G:maj [2, 7, 11] 7 2 
F:maj/5 [0, 5, 9] 0 4 
A:min [0, 4, 9] 9 4 
A:min7 [0, 4, 7, 9] 9 2 
D:min7 [0, 2, 5, 9] 2 2 
F:maj [0, 5, 9] 5 2 
G:min [2, 7, 10] 7 2 
A:min [0, 4, 9] 9 4 
F:maj [0, 5, 9] 5 2 
G:min [2, 7, 10] 7 2 
F:maj/3 [0, 5, 9] 9 2 
D:min [2, 5, 9] 2 2 
F:maj [0, 5, 9] 5 2 
G:maj [2, 7, 11] 7 2 
C:maj [0, 4, 7] 0 4 
F:maj [0, 5, 9] 5 4 
C:maj/5 [0, 4, 7] 7 4 
F:maj [0, 5, 9] 5 4 
G:min [2, 7, 10] 7 2 
C:maj [0, 4, 7] 0 2 
F:maj [0, 5, 9] 5 4 
D:min7 [0, 2, 5, 9] 2 2 
G:min [2, 7, 10] 7 2 
C:maj [0, 4, 7] 0 4 
F:maj/5 [0, 5, 9] 0 8 
G:maj [2, 7, 11] 7 4 
C:maj(9) [0, 2, 4, 7, 10] 0 4 
F:maj [0, 5, 9] 5 12 
C:maj/5 [0, 4, 7] 7 4 
F:maj [0, 5, 9] 5 4 
G:min [2, 7, 10] 7 2 
C:maj [0, 4, 7] 0 2 
F:maj/5 [0, 5, 9] 0 4 
D:maj [2, 6, 9] 2 2 
G:maj [2, 7, 11] 7 2 
C:sus2 [0, 2, 7] 0 8 
F:maj [0, 5, 9] 5 4 
C:maj/5 [0, 4, 7] 7 4 
F:maj [0, 5, 9] 5 4 
G:min [2, 7, 10] 7 2 
C:maj [0, 4, 7] 0 2 
F:maj [0, 5, 9] 5 4 
D:min7 [0, 2, 5, 9] 2 2 
G:min [2, 7, 10] 7 2 
C:maj [0, 4, 7] 0 2 
G:maj [2, 7, 11] 7 2 
F:maj/5 [0, 5, 9] 0 4 
A:min [0, 4, 9] 9 6 
D:min7 [0, 2, 5, 9] 2 2 
F:maj [0, 5, 9] 5 2 
G:min [2, 7, 10] 7 2 
A:min [0, 4, 9] 9 4 
F:maj [0, 5, 9] 5 2 
G:min [2, 7, 10] 7 2 
F:maj/3 [0, 5, 9] 9 2 
D:min [2, 5, 9] 2 2 
F:maj [0, 5, 9] 5 2 
G:maj [2, 7, 11] 7 2 
C:maj [0, 4, 7] 0 4 
F:maj [0, 5, 9] 5 4 
C:maj/5 [0, 4, 7] 7 4 
F:maj [0, 5, 9] 5 4 
G:min [2, 7, 10] 7 2 
C:maj [0, 4, 7] 0 2 
F:maj [0, 5, 9] 5 4 
D:min7 [0, 2, 5, 9] 2 2 
G:min [2, 7, 10] 7 2 
C:maj [0, 4, 7] 0 4 
F:maj/5 [0, 5, 9] 0 8 
D:min7 [0, 2, 5, 9] 2 2 
G:min [2, 7, 10] 7 2 
C:maj [0, 4, 7] 0 10 
F:maj [0, 5, 9] 5 4 
G:sus4(b7) [0, 2, 7] 7 4 
C:sus2 [0, 2, 7] 0 1 
C:maj [0, 4, 7] 0 4 
F:maj [0, 5, 9] 5 5 
