0 144
65 5
0 1
67 2
69 2
72 2
62 3
0 1
60 2
57 2
60 8
60 2
62 2
65 5
0 1
67 2
69 2
72 1
0 1
62 2
65 2
67 13
0 3
65 6
67 2
69 2
72 2
69 2
67 2
65 3
0 1
67 2
64 2
62 6
0 2
57 2
60 2
62 2
65 2
67 2
69 4
62 2
60 15
0 1
65 5
0 1
67 2
69 2
72 2
62 3
0 1
60 2
57 2
60 8
60 2
62 2
65 5
0 1
67 2
69 2
72 1
0 1
62 2
65 2
67 13
0 3
65 6
67 2
69 2
72 2
69 2
67 2
65 3
0 1
67 2
64 2
62 6
0 2
57 2
60 2
62 2
65 2
67 2
69 4
62 2
65 15
0 1
64 2
67 2
60 2
62 2
64 6
67 2
64 2
62 2
60 2
64 2
62 2
62 6
65 2
62 2
65 4
67 2
69 2
65 2
67 2
69 14
0 2
72 2
72 4
69 2
67 4
65 2
67 2
64 2
62 2
64 2
67 2
62 7
0 1
57 2
60 2
62 2
65 2
67 2
69 2
64 2
62 2
60 15
0 1
65 5
0 1
67 2
69 2
72 2
62 3
0 1
60 2
57 2
60 8
60 2
62 2
65 5
0 1
67 2
69 2
72 1
0 1
62 2
65 2
67 13
0 3
65 6
67 2
69 2
72 2
69 2
67 2
65 3
0 1
67 2
64 2
62 6
0 2
57 2
60 2
62 2
65 2
67 2
69 4
62 2
65 15
0 81
65 5
0 1
67 2
69 2
72 2
62 3
0 1
60 2
57 2
60 8
60 2
62 2
65 5
0 1
67 2
69 2
72 1
0 1
62 2
65 2
67 13
0 3
65 6
67 2
69 2
72 2
69 2
67 2
65 3
0 1
67 2
64 2
62 6
0 2
57 2
60 2
62 2
65 2
67 2
69 4
62 2
60 15
0 1
65 5
0 1
67 2
69 2
72 2
62 3
0 1
60 2
57 2
60 8
60 2
62 2
65 5
0 1
67 2
69 2
72 1
0 1
62 2
65 2
67 13
0 3
65 6
67 2
69 2
72 2
69 2
67 2
65 3
0 1
67 2
64 2
62 6
0 2
57 2
60 2
62 2
65 2
67 2
69 4
62 2
65 15
0 1
64 2
67 2
60 2
62 2
64 6
67 2
64 2
62 2
60 2
64 2
62 2
62 6
65 2
62 2
65 4
67 2
69 2
65 2
67 2
69 14
0 2
72 2
72 4
69 2
67 4
65 2
67 2
64 2
62 2
64 2
67 2
62 7
0 1
57 2
60 2
62 2
65 2
67 2
69 2
64 2
62 2
60 15
0 1
65 5
0 1
67 2
69 2
72 2
62 3
0 1
60 2
57 2
60 8
60 2
62 2
65 5
0 1
67 2
69 2
72 1
0 1
62 2
65 2
67 13
0 3
65 6
67 2
69 2
72 2
69 2
67 2
65 3
0 1
67 2
64 2
62 6
0 2
57 2
60 2
62 2
65 2
67 2
69 4
62 2
65 15
0 1
65 6
67 2
69 2
72 2
69 2
67 2
65 3
0 1
67 2
64 2
62 6
0 2
57 4
60 3
62 3
65 3
67 3
69 11
62 10
65 15
