Ab:maj [0, 3, 8] 8 2 
C:min/5 [0, 3, 7] 7 2 
F:min [0, 5, 8] 5 2 
C:min [0, 3, 7] 0 2 
C#:maj [1, 5, 8] 1 4 
Eb:maj [3, 7, 10] 3 4 
C#:maj [1, 5, 8] 1 2 
Eb:maj [3, 7, 10] 3 2 
C:min [0, 3, 7] 0 2 
F:min [0, 5, 8] 5 2 
C#:maj [1, 5, 8] 1 2 
Eb:maj [3, 7, 10] 3 2 
Ab:maj [0, 3, 8] 8 4 
C#:maj [1, 5, 8] 1 2 
Eb:maj [3, 7, 10] 3 2 
C:min [0, 3, 7] 0 2 
F:min [0, 5, 8] 5 2 
C#:maj [1, 5, 8] 1 2 
Eb:maj [3, 7, 10] 3 2 
Ab:maj [0, 3, 8] 8 4 
C#:maj [1, 5, 8] 1 2 
Eb:maj [3, 7, 10] 3 2 
C:min [0, 3, 7] 0 2 
F:min [0, 5, 8] 5 2 
C#:maj [1, 5, 8] 1 2 
Eb:maj [3, 7, 10] 3 2 
Ab:maj [0, 3, 8] 8 2 
C:maj [0, 4, 7] 0 2 
C#:maj [1, 5, 8] 1 2 
Eb:maj [3, 7, 10] 3 2 
C:min [0, 3, 7] 0 2 
F:min [0, 5, 8] 5 2 
C#:maj [1, 5, 8] 1 2 
Eb:maj [3, 7, 10] 3 2 
Ab:maj [0, 3, 8] 8 2 
C:min/5 [0, 3, 7] 7 2 
F:min [0, 5, 8] 5 2 
C:min [0, 3, 7] 0 2 
C#:maj [1, 5, 8] 1 4 
Eb:maj [3, 7, 10] 3 4 
C#:maj [1, 5, 8] 1 2 
Eb:maj [3, 7, 10] 3 2 
C:min [0, 3, 7] 0 2 
F:min [0, 5, 8] 5 2 
C#:maj [1, 5, 8] 1 2 
Eb:maj [3, 7, 10] 3 2 
Ab:maj [0, 3, 8] 8 4 
C#:maj [1, 5, 8] 1 2 
Eb:maj [3, 7, 10] 3 2 
C:min [0, 3, 7] 0 2 
F:min [0, 5, 8] 5 2 
C#:maj [1, 5, 8] 1 2 
Eb:maj [3, 7, 10] 3 2 
Ab:maj [0, 3, 8] 8 4 
C#:maj [1, 5, 8] 1 2 
Eb:maj [3, 7, 10] 3 2 
C:min [0, 3, 7] 0 2 
F:min [0, 5, 8] 5 2 
C#:maj [1, 5, 8] 1 2 
Eb:maj [3, 7, 10] 3 2 
Ab:maj [0, 3, 8] 8 2 
C:maj [0, 4, 7] 0 2 
C#:maj [1, 5, 8] 1 2 
Eb:maj [3, 7, 10] 3 2 
C:min [0, 3, 7] 0 2 
F:min [0, 5, 8] 5 2 
C#:maj [1, 5, 8] 1 2 
Eb:maj [3, 7, 10] 3 2 
Ab:maj [0, 3, 8] 8 4 
C#:maj [1, 5, 8] 1 2 
Eb:maj [3, 7, 10] 3 2 
C:min [0, 3, 7] 0 2 
F:min [0, 5, 8] 5 2 
C#:maj [1, 5, 8] 1 2 
Eb:maj [3, 7, 10] 3 2 
Ab:maj [0, 3, 8] 8 2 
C:maj [0, 4, 7] 0 2 
C#:maj [1, 5, 8] 1 2 
Eb:maj [3, 7, 10] 3 2 
C:min [0, 3, 7] 0 2 
F:min [0, 5, 8] 5 2 
C#:maj [1, 5, 8] 1 2 
Eb:maj [3, 7, 10] 3 2 
Ab:maj [0, 3, 8] 8 2 
C:min/5 [0, 3, 7] 7 2 
F:min [0, 5, 8] 5 2 
C:min [0, 3, 7] 0 2 
C#:maj [1, 5, 8] 1 4 
Eb:maj [3, 7, 10] 3 4 
