Bb:maj [2, 5, 10] 10 20 
Eb:maj [3, 7, 10] 3 4 
F:maj [0, 5, 9] 5 2 
Eb:maj [3, 7, 10] 3 2 
Bb:maj [2, 5, 10] 10 1 
Eb:maj/5 [3, 7, 10] 10 1 
Bb:maj [2, 5, 10] 10 4 
D:min/5 [2, 5, 9] 9 2 
G:min [2, 7, 10] 7 4 
Eb:maj [3, 7, 10] 3 4 
C:min [0, 3, 7] 0 2 
F:maj [0, 5, 9] 5 2 
Bb:maj [2, 5, 10] 10 2 
D:min/5 [2, 5, 9] 9 2 
G:min [2, 7, 10] 7 2 
G:min7 [2, 5, 7, 10] 7 2 
Eb:maj [3, 7, 10] 3 4 
C:min [0, 3, 7] 0 2 
F:maj [0, 5, 9] 5 2 
Bb:maj [2, 5, 10] 10 2 
D:min/5 [2, 5, 9] 9 2 
G:min [2, 7, 10] 7 2 
G:min7 [2, 5, 7, 10] 7 2 
Eb:maj [3, 7, 10] 3 2 
F:maj [0, 5, 9] 5 2 
Bb:maj [2, 5, 10] 10 2 
Bb:sus4 [3, 5, 10] 10 2 
Bb:maj [2, 5, 10] 10 2 
D:min/5 [2, 5, 9] 9 2 
G:min [2, 7, 10] 7 2 
G:min7 [2, 5, 7, 10] 7 2 
Eb:maj [3, 7, 10] 3 2 
F:maj [0, 5, 9] 5 2 
Bb:maj [2, 5, 10] 10 2 
Bb:sus4 [3, 5, 10] 10 2 
Bb:maj [2, 5, 10] 10 2 
D:min/5 [2, 5, 9] 9 2 
Eb:maj [3, 7, 10] 3 2 
Bb:maj [2, 5, 10] 10 2 
G:min [2, 7, 10] 7 2 
D:min [2, 5, 9] 2 2 
Eb:maj [3, 7, 10] 3 2 
Bb:maj [2, 5, 10] 10 4 
D:min/5 [2, 5, 9] 9 2 
Eb:maj [3, 7, 10] 3 2 
Bb:maj [2, 5, 10] 10 2 
G:min [2, 7, 10] 7 2 
D:min [2, 5, 9] 2 2 
Eb:maj [3, 7, 10] 3 2 
F:maj [0, 5, 9] 5 2 
Bb:maj [2, 5, 10] 10 4 
Eb:maj [3, 7, 10] 3 4 
Bb:maj [2, 5, 10] 10 4 
Eb:maj/5 [3, 7, 10] 10 2 
F:maj/3 [0, 5, 9] 9 2 
G:min [2, 7, 10] 7 4 
F:maj [0, 5, 9] 5 4 
Eb:maj [3, 7, 10] 3 4 
F:maj [0, 5, 9] 5 4 
Bb:maj [2, 5, 10] 10 2 
D:min/5 [2, 5, 9] 9 2 
G:min [2, 7, 10] 7 2 
G:min7 [2, 5, 7, 10] 7 2 
Eb:maj [3, 7, 10] 3 2 
F:maj [0, 5, 9] 5 2 
Bb:maj [2, 5, 10] 10 2 
Bb:sus4 [3, 5, 10] 10 2 
Bb:maj [2, 5, 10] 10 2 
D:min/5 [2, 5, 9] 9 2 
G:min [2, 7, 10] 7 2 
G:min7 [2, 5, 7, 10] 7 2 
Eb:maj [3, 7, 10] 3 2 
F:maj [0, 5, 9] 5 2 
Bb:maj [2, 5, 10] 10 2 
Bb:sus4 [3, 5, 10] 10 2 
Bb:maj [2, 5, 10] 10 2 
D:min/5 [2, 5, 9] 9 2 
Eb:maj [3, 7, 10] 3 2 
Bb:maj [2, 5, 10] 10 2 
G:min [2, 7, 10] 7 2 
D:min [2, 5, 9] 2 2 
Eb:maj [3, 7, 10] 3 2 
Bb:maj [2, 5, 10] 10 4 
D:min/5 [2, 5, 9] 9 2 
Eb:maj [3, 7, 10] 3 2 
Bb:maj [2, 5, 10] 10 2 
G:min7 [2, 5, 7, 10] 7 2 
D:min [2, 5, 9] 2 2 
Eb:maj [3, 7, 10] 3 2 
F:maj [0, 5, 9] 5 2 
Bb:maj [2, 5, 10] 10 2 
F:maj [0, 5, 9] 5 2 
Bb:maj [2, 5, 10] 10 2 
D:min/5 [2, 5, 9] 9 2 
Eb:maj [3, 7, 10] 3 2 
Bb:maj [2, 5, 10] 10 2 
G:min7 [2, 5, 7, 10] 7 2 
D:min [2, 5, 9] 2 2 
Eb:maj [3, 7, 10] 3 1 
F:maj [0, 5, 9] 5 1 
Bb:maj [2, 5, 10] 10 4 
D:min/5 [2, 5, 9] 9 2 
Eb:maj [3, 7, 10] 3 2 
Bb:maj [2, 5, 10] 10 2 
G:min [2, 7, 10] 7 2 
D:min [2, 5, 9] 2 2 
Eb:maj [3, 7, 10] 3 2 
F:maj [0, 5, 9] 5 2 
Bb:maj [2, 5, 10] 10 4 
Eb:maj [3, 7, 10] 3 4 
Bb:maj [2, 5, 10] 10 6 
D:min/b3 [2, 5, 9] 5 2 
Bb:maj [2, 5, 10] 10 3 
