0 130
74 1
74 1
74 2
72 1
70 1
77 1
74 4
74 1
72 1
70 1
72 1
74 1
74 1
74 3
74 2
72 2
70 9
67 1
70 2
67 1
77 3
75 1
74 2
72 1
70 2
74 2
72 2
72 14
74 1
74 1
74 2
72 1
70 1
77 1
74 4
74 1
72 1
70 1
72 1
74 1
74 1
74 3
74 2
72 2
70 9
67 1
70 2
67 1
77 3
75 1
74 2
72 1
70 2
74 2
72 2
72 9
70 1
70 1
72 1
72 1
74 2
74 1
72 1
74 2
72 1
74 5
72 1
72 1
70 1
74 1
77 2
77 1
79 2
74 1
74 1
72 1
74 6
65 1
70 2
70 2
70 1
70 2
70 1
72 2
72 2
72 2
70 1
74 14
70 1
70 1
72 1
72 1
74 2
74 1
72 1
74 2
72 1
74 5
72 1
72 1
70 1
74 1
77 2
77 1
79 2
74 1
74 1
72 1
70 6
65 1
67 1
70 1
70 1
70 1
70 1
72 2
70 3
74 2
72 1
70 2
70 1
70 9
77 7
77 2
70 1
70 1
70 1
77 3
74 7
72 1
70 2
70 1
70 1
70 2
72 2
74 8
67 1
70 3
70 2
67 2
79 2
77 1
77 4
65 1
70 2
70 2
70 1
77 3
74 8
74 2
74 1
74 1
74 2
77 1
79 1
81 2
79 1
77 5
70 2
70 1
70 1
70 1
77 3
74 8
67 1
70 3
70 2
67 2
79 2
77 1
77 4
65 1
70 2
70 10
74 1
72 2
70 1
70 16
0 109
70 1
70 1
72 1
72 1
74 2
74 1
72 1
74 2
72 1
74 5
72 1
72 1
70 1
74 1
77 2
77 1
79 2
74 1
74 1
72 1
74 6
65 1
70 2
70 2
70 1
70 2
70 1
72 2
72 2
72 2
70 1
74 14
70 1
70 1
72 1
72 1
74 2
74 1
72 1
74 2
72 1
74 5
72 1
72 1
70 1
74 1
77 2
77 1
79 2
74 1
74 1
72 1
70 6
65 1
67 1
70 1
70 1
70 1
70 1
72 3
70 2
74 2
72 1
70 2
70 1
70 9
77 7
77 2
70 1
70 1
70 1
77 3
74 7
72 1
70 2
70 1
70 1
70 2
72 2
74 8
67 1
70 3
70 2
67 2
79 2
77 1
77 4
65 1
70 2
70 2
70 1
77 3
74 8
74 2
74 1
74 1
74 2
77 1
79 1
81 2
79 1
77 5
70 2
70 1
70 1
70 1
77 3
74 8
67 1
70 3
70 2
67 2
79 2
77 1
77 4
65 1
70 2
70 10
74 1
72 2
70 1
70 16
77 2
70 1
70 1
70 1
77 3
74 7
72 1
70 2
70 1
70 1
70 2
72 2
74 8
67 1
70 3
70 2
67 2
79 2
77 1
77 4
65 1
70 2
70 2
70 1
77 3
74 8
74 2
74 1
74 1
74 2
77 1
79 1
81 2
79 1
77 5
70 2
70 1
70 1
70 1
77 3
74 8
67 1
70 3
70 2
67 2
79 2
77 1
77 4
65 1
70 2
70 10
74 1
72 2
70 1
70 16
