E:min [4, 7, 11] 4 4 
D:maj [2, 6, 9] 2 2 
A:min [0, 4, 9] 9 9 
C:maj6(9) [0, 2, 4, 7, 9, 10] 0 1 
C:maj [0, 4, 7] 0 2 
A:min [0, 4, 9] 9 5 
A:min(9) [0, 4, 7, 9, 11] 9 4 
B:maj [3, 6, 11] 11 1 
B:7 [3, 6, 9, 11] 11 8 
E:maj [4, 8, 11] 4 2 
E:min [4, 7, 11] 4 2 
D:maj [2, 6, 9] 2 5 
A:min [0, 4, 9] 9 3 
E:maj [4, 8, 11] 4 1 
E:min [4, 7, 11] 4 3 
A:maj [1, 4, 9] 9 4 
A:min [0, 4, 9] 9 2 
B:maj [3, 6, 11] 11 9 
E:min [4, 7, 11] 4 5 
D:maj [2, 6, 9] 2 5 
A:min [0, 4, 9] 9 3 
E:maj [4, 8, 11] 4 4 
A:maj [1, 4, 9] 9 4 
A:min [0, 4, 9] 9 2 
B:maj [3, 6, 11] 11 3 
E:sus2 [4, 6, 11] 4 11 
C:maj [0, 4, 7] 0 3 
C:maj7 [0, 4, 7, 10] 0 1 
A:sus2 [4, 9, 11] 9 3 
D:maj [2, 6, 9] 2 3 
G:maj [2, 7, 11] 7 6 
A:min [0, 4, 9] 9 2 
F#:dim [0, 6, 9] 6 4 
B:maj [3, 6, 11] 11 9 
B:9 [1, 3, 6, 9, 11] 11 1 
E:min [4, 7, 11] 4 4 
A:min [0, 4, 9] 9 4 
A:sus4 [2, 4, 9] 9 1 
D:maj [2, 6, 9] 2 2 
G:sus2 [2, 7, 9] 7 4 
A:min [0, 4, 9] 9 5 
B:maj [3, 6, 11] 11 3 
B:7 [3, 6, 9, 11] 11 1 
C:maj [0, 4, 7] 0 2 
Ab:min/b3 [3, 8, 11] 11 2 
E:min [4, 7, 11] 4 12 
D:maj [2, 6, 9] 2 4 
A:sus4 [2, 4, 9] 9 4 
E:maj [4, 8, 11] 4 4 
A:maj [1, 4, 9] 9 4 
A:min [0, 4, 9] 9 2 
B:maj [3, 6, 11] 11 9 
B:9 [1, 3, 6, 9, 11] 11 1 
E:min [4, 7, 11] 4 4 
D:maj [2, 6, 9] 2 2 
A:sus4 [2, 4, 9] 9 6 
E:maj [4, 8, 11] 4 4 
A:maj [1, 4, 9] 9 4 
A:min [0, 4, 9] 9 2 
B:maj [3, 6, 11] 11 3 
E:sus2 [4, 6, 11] 4 11 
C:maj [0, 4, 7] 0 4 
A:min [0, 4, 9] 9 4 
D:maj [2, 6, 9] 2 4 
G:maj [2, 7, 11] 7 4 
A:min [0, 4, 9] 9 4 
F#:hdim7 [0, 3, 6, 9] 6 4 
B:maj [3, 6, 11] 11 8 
E:min [4, 7, 11] 4 4 
A:min [0, 4, 9] 9 4 
D:maj [2, 6, 9] 2 4 
G:maj [2, 7, 11] 7 4 
A:min [0, 4, 9] 9 4 
B:maj [3, 6, 11] 11 4 
A:min/b3 [0, 4, 9] 0 2 
B:maj [3, 6, 11] 11 2 
E:min [4, 7, 11] 4 10 
D:maj [2, 6, 9] 2 4 
A:sus4 [2, 4, 9] 9 6 
E:maj [4, 8, 11] 4 4 
A:maj [1, 4, 9] 9 4 
A:min [0, 4, 9] 9 2 
B:sus4 [4, 6, 11] 11 9 
E:min [4, 7, 11] 4 5 
D:maj [2, 6, 9] 2 2 
A:sus4 [2, 4, 9] 9 6 
E:min [4, 7, 11] 4 4 
C:maj [0, 4, 7] 0 4 
A:min [0, 4, 9] 9 2 
A:min7 [0, 4, 7, 9] 9 2 
B:sus4 [4, 6, 11] 11 2 
E:min [4, 7, 11] 4 10 
C:maj [0, 4, 7] 0 2 
A:min [0, 4, 9] 9 6 
D:maj [2, 6, 9] 2 4 
G:maj [2, 7, 11] 7 4 
A:min [0, 4, 9] 9 3 
A:min7 [0, 4, 7, 9] 9 1 
F#:hdim7 [0, 3, 6, 9] 6 4 
B:maj [3, 6, 11] 11 6 
E:min [4, 7, 11] 4 6 
A:min [0, 4, 9] 9 3 
A:min7 [0, 4, 7, 9] 9 1 
D:sus4(b7) [2, 7, 9] 2 3 
G:sus2 [2, 7, 9] 7 5 
A:min [0, 4, 9] 9 4 
B:maj [3, 6, 11] 11 3 
B:7 [3, 6, 9, 11] 11 1 
C:maj [0, 4, 7] 0 2 
Ab:min/b3 [3, 8, 11] 11 2 
E:min [4, 7, 11] 4 8 
A:min [0, 4, 9] 9 4 
B:maj [3, 6, 11] 11 3 
B:7 [3, 6, 9, 11] 11 1 
C:maj [0, 4, 7] 0 2 
B:maj [3, 6, 11] 11 2 
E:maj [4, 8, 11] 4 4 
E:min [4, 7, 11] 4 4 
A:sus2 [4, 9, 11] 9 2 
A:min [0, 4, 9] 9 2 
B:7 [3, 6, 9, 11] 11 1 
B:maj [3, 6, 11] 11 4 
E:sus2 [4, 6, 11] 4 4 
C:sus2 [0, 2, 7] 0 4 
C:maj7 [0, 4, 7, 10] 0 1 
A:min [0, 4, 9] 9 5 
B:maj [3, 6, 11] 11 12 
E:min [4, 7, 11] 4 7 
D:sus4 [2, 7, 9] 2 2 
A:maj [1, 4, 9] 9 2 
B:sus4(b7) [4, 6, 11] 11 6 
E:sus2 [4, 6, 11] 4 6 
