0 144
71 3
0 1
69 1
0 1
67 3
0 1
64 3
0 1
71 11
0 1
69 2
69 1
0 1
71 1
0 1
72 3
0 1
71 2
69 6
72 2
71 12
0 2
71 2
67 2
69 4
0 2
67 1
0 1
69 3
0 1
67 4
64 8
0 2
64 1
0 1
64 1
0 1
64 1
0 1
66 3
0 1
64 1
0 1
63 5
0 1
64 1
0 1
66 16
0 2
71 3
0 1
69 1
0 1
67 3
0 1
64 3
0 1
71 11
0 1
69 2
69 1
0 1
71 1
0 1
72 3
0 1
71 2
69 6
72 2
71 12
0 2
71 2
67 2
69 4
0 2
71 1
0 1
72 3
0 1
74 1
0 1
76 10
0 2
76 1
0 1
76 1
0 1
76 2
75 3
0 1
71 2
81 3
0 1
78 4
76 24
0 10
76 10
0 2
79 3
0 1
72 3
0 1
72 2
76 7
0 1
76 1
0 1
74 3
0 1
76 1
0 1
78 4
74 4
71 10
0 6
67 2
69 3
0 1
67 1
0 1
69 6
67 1
0 1
69 11
0 5
64 1
0 1
64 3
0 1
64 2
63 3
0 1
64 3
0 1
66 16
0 2
71 2
76 4
78 6
0 2
79 1
0 1
72 3
0 1
72 2
76 8
76 2
74 3
0 1
76 2
78 4
74 4
71 14
0 2
67 2
69 3
0 1
69 1
0 1
69 3
0 1
76 3
0 1
75 11
0 5
71 2
83 2
81 1
0 1
81 2
79 4
78 3
0 1
79 6
78 2
76 19
0 7
71 3
0 1
69 1
0 1
67 3
0 1
64 3
0 1
71 11
0 1
69 2
69 1
0 1
71 1
0 1
72 3
0 1
71 2
69 6
67 2
71 12
0 2
71 2
67 2
69 4
0 2
67 1
0 1
69 3
0 1
71 4
69 10
64 1
0 1
64 1
0 1
64 2
66 3
0 1
59 2
69 3
0 1
66 4
66 14
0 4
71 3
0 1
69 1
0 1
67 3
0 1
64 3
0 1
71 11
0 1
69 2
69 1
0 1
71 1
0 1
72 3
0 1
71 2
69 6
72 2
71 12
0 2
71 2
67 2
69 4
0 2
71 1
0 1
72 3
0 1
74 1
0 1
76 10
0 2
76 1
0 1
76 1
0 1
76 2
75 3
0 1
71 2
81 3
0 1
78 4
76 24
0 10
76 10
0 2
79 3
0 1
72 3
0 1
72 2
76 7
0 1
76 1
0 1
74 3
0 1
76 1
0 1
78 4
74 4
71 10
0 6
67 2
69 3
0 1
67 1
0 1
69 6
67 1
0 1
69 11
0 5
64 1
0 1
64 3
0 1
64 2
63 3
0 1
64 3
0 1
66 16
0 2
71 2
76 4
78 6
0 2
79 1
0 1
72 3
0 1
72 2
76 8
76 2
74 3
0 1
76 2
78 4
74 4
71 14
0 2
67 2
69 3
0 1
69 1
0 1
69 3
0 1
76 3
0 1
75 11
0 5
71 2
83 2
81 1
0 1
81 2
79 4
78 3
0 1
79 6
78 2
76 19
0 263
76 7
0 1
76 2
79 2
83 4
76 10
0 2
79 3
0 1
72 3
0 1
72 2
76 7
0 1
76 1
0 1
74 3
0 1
76 1
0 1
78 4
74 4
71 10
0 6
67 2
69 3
0 1
67 1
0 1
69 6
67 1
0 1
69 11
0 5
64 1
0 1
64 3
0 1
64 2
63 3
0 1
64 3
0 1
66 16
0 2
71 2
76 4
78 6
0 2
79 1
0 1
72 3
0 1
72 2
76 8
76 2
74 3
0 1
76 2
78 4
74 4
71 14
0 2
67 2
69 3
0 1
69 1
0 1
69 3
0 1
76 3
0 1
75 11
0 5
71 2
83 2
81 1
0 1
81 2
79 4
78 3
0 1
79 6
78 2
76 19
0 5
67 2
69 3
0 1
69 1
0 1
69 3
0 1
76 3
0 1
75 11
0 5
71 2
83 2
81 1
0 1
81 2
79 4
78 3
0 1
79 6
78 2
76 17
71 1
0 1
76 1
0 1
74 2
72 3
71 2
72 10
0 2
67 5
66 12
71 1
0 1
71 15
0 1
69 4
0 1
67 9
0 1
67 3
71 4
71 2
0 1
71 3
69 12
0 1
60 5
59 6
69 5
66 12
67 5
66 19
64 20
