Bb:sus2 [0, 5, 10] 10 4 
F:min [0, 5, 8] 5 4 
F#:maj7 [1, 4, 6, 10] 6 4 
C#:maj [1, 5, 8] 1 4 
Eb:sus2 [3, 5, 10] 3 4 
Bb:min [1, 5, 10] 10 4 
F#:maj7 [1, 4, 6, 10] 6 2 
F:min7 [0, 3, 5, 8] 5 2 
Bb:min [1, 5, 10] 10 12 
F:min7 [0, 3, 5, 8] 5 4 
F#:maj [1, 6, 10] 6 3 
F#:maj6 [1, 3, 6, 10] 6 1 
C#:sus2 [1, 3, 8] 1 4 
Eb:min [3, 6, 10] 3 4 
Bb:min [1, 5, 10] 10 4 
F#:maj [1, 6, 10] 6 2 
F:min7 [0, 3, 5, 8] 5 2 
Bb:min7 [1, 5, 8, 10] 10 2 
Bb:min [1, 5, 10] 10 10 
F:min7 [0, 3, 5, 8] 5 4 
F#:maj [1, 6, 10] 6 4 
C#:maj [1, 5, 8] 1 4 
Eb:min7 [1, 3, 6, 10] 3 4 
Bb:min [1, 5, 10] 10 4 
F#:maj [1, 6, 10] 6 2 
F:min7 [0, 3, 5, 8] 5 2 
Bb:min [1, 5, 10] 10 8 
C#:maj [1, 5, 8] 1 4 
Ab:maj [0, 3, 8] 8 4 
Bb:min [1, 5, 10] 10 4 
F:min7 [0, 3, 5, 8] 5 4 
F#:maj [1, 6, 10] 6 4 
C#:maj/3 [1, 5, 8] 5 4 
Eb:min [3, 6, 10] 3 4 
F:maj [0, 5, 9] 5 4 
C#:maj [1, 5, 8] 1 4 
Ab:maj/3 [0, 3, 8] 0 4 
Bb:min7 [1, 5, 8, 10] 10 4 
F:min7 [0, 3, 5, 8] 5 4 
F#:maj [1, 6, 10] 6 4 
C#:maj/3 [1, 5, 8] 5 4 
Eb:min7 [1, 3, 6, 10] 3 4 
F:maj [0, 5, 9] 5 8 
Bb:min [1, 5, 10] 10 4 
F:min7 [0, 3, 5, 8] 5 4 
F#:maj [1, 6, 10] 6 4 
C#:maj [1, 5, 8] 1 4 
Eb:min7 [1, 3, 6, 10] 3 4 
Bb:min [1, 5, 10] 10 4 
F#:maj [1, 6, 10] 6 2 
F:min7 [0, 3, 5, 8] 5 2 
Bb:min [1, 5, 10] 10 12 
F:min7 [0, 3, 5, 8] 5 2 
F:min [0, 5, 8] 5 2 
F#:maj7 [1, 4, 6, 10] 6 4 
C#:maj [1, 5, 8] 1 4 
Eb:sus2 [3, 5, 10] 3 2 
Eb:min/5 [3, 6, 10] 10 2 
Bb:min [1, 5, 10] 10 4 
F#:maj7 [1, 4, 6, 10] 6 2 
F:min7 [0, 3, 5, 8] 5 2 
Bb:min [1, 5, 10] 10 12 
F:min7 [0, 3, 5, 8] 5 4 
F#:maj [1, 6, 10] 6 4 
C#:maj [1, 5, 8] 1 4 
Eb:min7 [1, 3, 6, 10] 3 4 
Bb:min [1, 5, 10] 10 4 
F#:maj [1, 6, 10] 6 2 
F:min7 [0, 3, 5, 8] 5 2 
Bb:min [1, 5, 10] 10 8 
C#:maj [1, 5, 8] 1 4 
Ab:maj [0, 3, 8] 8 4 
Bb:min [1, 5, 10] 10 4 
F:min7 [0, 3, 5, 8] 5 4 
F#:maj [1, 6, 10] 6 4 
C#:maj/3 [1, 5, 8] 5 4 
Eb:min [3, 6, 10] 3 4 
F:maj [0, 5, 9] 5 4 
C#:maj [1, 5, 8] 1 4 
Ab:maj/3 [0, 3, 8] 0 4 
Bb:min7 [1, 5, 8, 10] 10 4 
F:min7 [0, 3, 5, 8] 5 4 
F#:maj [1, 6, 10] 6 2 
F#:maj7 [1, 4, 6, 10] 6 2 
C#:maj/3 [1, 5, 8] 5 4 
Eb:min7 [1, 3, 6, 10] 3 4 
F:maj [0, 5, 9] 5 8 
Bb:min [1, 5, 10] 10 4 
F:min7 [0, 3, 5, 8] 5 4 
F#:maj [1, 6, 10] 6 4 
C#:maj [1, 5, 8] 1 4 
Eb:min7 [1, 3, 6, 10] 3 4 
Bb:min [1, 5, 10] 10 4 
F#:maj [1, 6, 10] 6 2 
F:min7 [0, 3, 5, 8] 5 2 
Bb:min [1, 5, 10] 10 14 
C#:maj7/7 [1, 5, 8, 11] 0 2 
F#:maj/3 [1, 6, 10] 10 4 
C#:maj [1, 5, 8] 1 4 
Eb:min [3, 6, 10] 3 4 
Bb:min [1, 5, 10] 10 4 
F#:maj7 [1, 4, 6, 10] 6 2 
F:min7 [0, 3, 5, 8] 5 2 
Bb:min [1, 5, 10] 10 8 
F:min [0, 5, 8] 5 4 
F#:maj/3 [1, 6, 10] 10 4 
C#:maj/5 [1, 5, 8] 8 4 
Eb:min/5 [3, 6, 10] 10 3 
Eb:min [3, 6, 10] 3 2 
Bb:sus4(b7) [3, 5, 10] 10 3 
Bb:min7 [1, 5, 8, 10] 10 2 
F:min [0, 5, 8] 5 1 
Bb:min [1, 5, 10] 10 9 
F:min/5 [0, 5, 8] 0 1 
F:min [0, 5, 8] 5 3 
F#:maj/3 [1, 6, 10] 10 2 
F#:maj [1, 6, 10] 6 2 
C#:maj/5 [1, 5, 8] 8 4 
Eb:min [3, 6, 10] 3 6 
Bb:sus4 [3, 5, 10] 10 1 
Bb:min [1, 5, 10] 10 1 
F#:maj/5 [1, 6, 10] 1 2 
F:min [0, 5, 8] 5 2 
Bb:sus2 [0, 5, 10] 10 2 
Bb:min [1, 5, 10] 10 2 
