0 130
71 1
71 1
71 1
0 1
75 1
0 1
73 2
73 1
73 2
71 1
0 2
73 2
73 1
0 1
73 1
71 1
68 10
0 2
70 1
70 1
70 2
71 1
73 3
70 1
0 1
68 1
66 3
63 12
0 6
75 1
73 1
75 1
0 1
75 1
73 3
73 2
71 3
0 1
73 2
68 1
0 1
68 1
73 3
71 8
0 2
70 1
70 1
70 1
0 1
71 1
73 3
73 2
70 1
66 3
63 11
0 5
78 2
0 1
73 3
75 2
78 3
73 3
71 2
68 14
0 2
73 2
0 1
68 2
0 1
75 2
73 3
71 2
0 1
71 2
66 14
0 2
78 2
0 1
73 3
75 2
78 3
73 3
71 2
68 14
0 2
73 2
0 1
68 2
0 1
75 2
73 3
71 2
0 1
73 2
73 14
0 4
71 1
71 1
71 1
0 1
66 1
71 3
78 1
0 1
76 2
75 1
0 1
73 3
71 9
0 1
71 1
75 1
78 1
80 1
0 1
78 1
80 2
78 1
0 2
80 2
78 1
0 1
75 1
78 2
0 1
75 14
0 4
71 1
71 1
71 2
66 1
71 3
78 1
0 1
76 1
0 1
75 2
73 3
71 9
0 1
71 1
75 1
78 1
80 2
78 1
80 2
78 1
0 2
80 1
0 1
78 2
75 1
78 2
0 1
78 15
0 129
0 2
71 1
71 1
71 1
0 1
75 1
0 1
73 2
73 1
73 2
71 1
0 2
73 2
73 1
0 1
73 1
71 1
68 10
0 2
70 1
70 1
70 2
71 1
73 3
70 1
0 1
68 1
66 3
63 12
0 6
75 1
73 1
75 1
0 1
75 1
73 3
73 2
71 3
0 1
73 2
68 1
0 1
68 1
73 3
71 8
0 2
70 1
70 1
70 1
0 1
71 1
73 3
73 2
70 1
66 3
63 11
0 5
78 2
0 1
73 3
75 2
78 3
73 3
71 2
68 14
0 2
73 2
0 1
68 2
0 1
75 2
73 3
71 2
0 1
71 2
66 14
0 2
78 2
0 1
73 3
75 2
78 3
73 3
71 2
68 14
0 2
73 2
0 1
68 2
0 1
75 2
73 3
71 2
0 1
73 2
73 14
0 4
71 1
71 1
71 1
0 1
66 1
71 3
78 1
0 1
76 2
75 1
0 1
73 3
71 9
0 1
71 1
75 1
78 1
80 1
0 1
78 1
80 2
78 1
0 2
80 2
78 1
0 1
75 1
78 2
0 1
75 14
0 4
71 1
71 1
71 2
66 1
71 3
78 1
0 1
76 1
0 1
75 2
73 3
71 9
0 1
71 1
75 1
78 1
80 2
78 1
80 2
78 1
0 2
80 1
0 1
78 2
75 1
78 2
0 1
78 15
0 3
71 1
71 1
71 1
0 1
66 1
71 3
78 1
0 1
76 2
75 1
0 1
73 3
71 9
0 1
71 1
75 1
78 1
80 1
0 1
78 1
80 2
78 1
0 2
80 2
78 1
0 1
75 1
78 2
0 1
75 14
0 4
71 1
71 1
71 2
66 1
71 3
78 1
0 1
76 1
0 1
75 2
73 3
71 9
0 1
71 1
75 1
78 1
80 2
78 1
80 2
78 1
0 2
80 1
0 1
78 2
75 1
78 2
0 1
78 15
0 3
71 1
71 1
71 1
0 1
75 1
0 1
73 2
73 1
73 2
71 1
0 2
73 2
73 1
0 1
