A:maj [1, 4, 9] 9 2 
B:maj [3, 6, 11] 11 2 
Ab:min [3, 8, 11] 8 2 
C#:min [1, 4, 8] 1 2 
A:maj [1, 4, 9] 9 4 
B:maj [3, 6, 11] 11 4 
A:maj [1, 4, 9] 9 2 
B:maj [3, 6, 11] 11 2 
Ab:min [3, 8, 11] 8 2 
C#:min [1, 4, 8] 1 2 
A:maj [1, 4, 9] 9 2 
B:maj [3, 6, 11] 11 2 
E:maj [4, 8, 11] 4 8 
C#:min [1, 4, 8] 1 4 
A:maj [1, 4, 9] 9 4 
E:maj [4, 8, 11] 4 8 
C#:min [1, 4, 8] 1 4 
A:maj [1, 4, 9] 9 4 
E:maj [4, 8, 11] 4 4 
A:maj [1, 4, 9] 9 2 
B:maj [3, 6, 11] 11 2 
Ab:min [3, 8, 11] 8 2 
C#:min7/b7 [1, 4, 8, 11] 11 2 
A:maj [1, 4, 9] 9 2 
B:maj [3, 6, 11] 11 2 
E:maj [4, 8, 11] 4 4 
A:maj [1, 4, 9] 9 2 
B:maj [3, 6, 11] 11 2 
Ab:min [3, 8, 11] 8 2 
C#:min7 [1, 4, 8, 11] 1 2 
A:maj [1, 4, 9] 9 4 
B:maj [3, 6, 11] 11 4 
A:maj [1, 4, 9] 9 2 
B:maj [3, 6, 11] 11 2 
Ab:min [3, 8, 11] 8 2 
C#:min [1, 4, 8] 1 2 
A:maj [1, 4, 9] 9 2 
B:maj [3, 6, 11] 11 2 
E:maj [4, 8, 11] 4 4 
A:maj [1, 4, 9] 9 2 
B:maj [3, 6, 11] 11 2 
Ab:min [3, 8, 11] 8 2 
C#:min7/b7 [1, 4, 8, 11] 11 2 
A:maj [1, 4, 9] 9 2 
B:maj [3, 6, 11] 11 2 
E:maj [4, 8, 11] 4 4 
A:maj7 [1, 4, 7, 9] 9 2 
B:maj [3, 6, 11] 11 2 
Ab:min [3, 8, 11] 8 2 
C#:min [1, 4, 8] 1 2 
A:maj [1, 4, 9] 9 2 
B:maj [3, 6, 11] 11 2 
E:maj [4, 8, 11] 4 4 
A:maj [1, 4, 9] 9 2 
B:maj [3, 6, 11] 11 2 
Ab:min [3, 8, 11] 8 1 
C#:min [1, 4, 8] 1 3 
A:maj [1, 4, 9] 9 2 
B:maj [3, 6, 11] 11 2 
E:maj [4, 8, 11] 4 8 
C#:min [1, 4, 8] 1 4  
A:maj [1, 4, 9] 9 4 
E:maj [4, 8, 11] 4 8 
C#:min [1, 4, 8] 1 4 
A:maj [1, 4, 9] 9 4 
E:maj [4, 8, 11] 4 4 
A:maj [1, 4, 9] 9 2 
B:maj [3, 6, 11] 11 2 
Ab:min [3, 8, 11] 8 2 
C#:min7/b7 [1, 4, 8, 11] 11 2 
A:maj [1, 4, 9] 9 2 
B:maj [3, 6, 11] 11 2 
E:maj [4, 8, 11] 4 4 
A:maj [1, 4, 9] 9 2 
B:maj [3, 6, 11] 11 2 
Ab:min [3, 8, 11] 8 2 
C#:min7/b7 [1, 4, 8, 11] 11 2 
A:maj [1, 4, 9] 9 4 
B:maj [3, 6, 11] 11 4 
A:maj [1, 4, 9] 9 2 
B:maj [3, 6, 11] 11 2 
Ab:min [3, 8, 11] 8 2 
C#:min [1, 4, 8] 1 2 
A:maj [1, 4, 9] 9 2 
B:maj [3, 6, 11] 11 2 
E:maj [4, 8, 11] 4 4 
A:maj [1, 4, 9] 9 2 
B:maj [3, 6, 11] 11 2 
Ab:min [3, 8, 11] 8 2 
C#:min7/b7 [1, 4, 8, 11] 11 2 
A:maj [1, 4, 9] 9 2 
B:maj [3, 6, 11] 11 2 
E:maj [4, 8, 11] 4 4 
A:maj [1, 4, 9] 9 2 
B:maj [3, 6, 11] 11 2 
Ab:min [3, 8, 11] 8 2 
C#:min [1, 4, 8] 1 2 
A:maj [1, 4, 9] 9 2 
B:maj [3, 6, 11] 11 2 
E:maj [4, 8, 11] 4 4 
A:maj [1, 4, 9] 9 2 
B:maj [3, 6, 11] 11 2 
Ab:min [3, 8, 11] 8 2 
C#:min [1, 4, 8] 1 2 
A:maj [1, 4, 9] 9 2 
B:maj [3, 6, 11] 11 2 
E:maj [4, 8, 11] 4 4 
A:maj [1, 4, 9] 9 2 
B:maj [3, 6, 11] 11 2 
E:maj [4, 8, 11] 4 4 
A:maj [1, 4, 9] 9 2 
B:maj [3, 6, 11] 11 2 
Ab:min [3, 8, 11] 8 2 
C#:min [1, 4, 8] 1 2 
A:maj [1, 4, 9] 9 2 
B:maj [3, 6, 11] 11 2 
E:maj [4, 8, 11] 4 4 
