E:maj [4, 8, 11] 4 4 
C#:min [1, 4, 8] 1 2 
E:maj [4, 8, 11] 4 2 
A:maj [1, 4, 9] 9 2 
B:maj [3, 6, 11] 11 2 
E:maj [4, 8, 11] 4 4 
A:maj [1, 4, 9] 9 2 
B:maj [3, 6, 11] 11 2 
Ab:min7 [3, 6, 8, 11] 8 2 
C#:min [1, 4, 8] 1 2 
E:maj [4, 8, 11] 4 4 
F#:maj [1, 6, 10] 6 4 
A:maj [1, 4, 9] 9 2 
B:maj [3, 6, 11] 11 2 
E:maj [4, 8, 11] 4 4 
A:maj [1, 4, 9] 9 4 
Ab:min [3, 8, 11] 8 4 
F#:min [1, 6, 9] 6 4 
B:sus2 [1, 6, 11] 11 4 
E:maj [4, 8, 11] 4 4 
F#:maj [1, 6, 10] 6 4 
A:maj [1, 4, 9] 9 2 
B:maj [3, 6, 11] 11 2 
E:maj [4, 8, 11] 4 4 
A:maj [1, 4, 9] 9 4 
Ab:min [3, 8, 11] 8 4 
F#:min [1, 6, 9] 6 4 
B:sus2 [1, 6, 11] 11 4 
E:maj [4, 8, 11] 4 2 
Ab:min [3, 8, 11] 8 2 
C#:min [1, 4, 8] 1 2 
Ab:min [3, 8, 11] 8 2 
A:maj [1, 4, 9] 9 2 
E:maj [4, 8, 11] 4 2 
A:maj [1, 4, 9] 9 2 
B:sus2 [1, 6, 11] 11 2 
Ab:min [3, 8, 11] 8 4 
C#:min [1, 4, 8] 1 4 
A:maj [1, 4, 9] 9 2 
E:maj [4, 8, 11] 4 2 
A:maj [1, 4, 9] 9 2 
B:sus2 [1, 6, 11] 11 2 
E:maj [4, 8, 11] 4 2 
Ab:min [3, 8, 11] 8 2 
C#:min [1, 4, 8] 1 2 
Ab:min [3, 8, 11] 8 2 
A:maj [1, 4, 9] 9 2 
E:maj [4, 8, 11] 4 2 
A:maj [1, 4, 9] 9 2 
B:sus2 [1, 6, 11] 11 2 
Ab:min [3, 8, 11] 8 4 
C#:min [1, 4, 8] 1 4 
A:maj [1, 4, 9] 9 2 
E:maj [4, 8, 11] 4 2 
A:maj [1, 4, 9] 9 2 
B:sus2 [1, 6, 11] 11 2 
E:maj [4, 8, 11] 4 4 
C#:min [1, 4, 8] 1 2 
E:maj [4, 8, 11] 4 2 
A:maj [1, 4, 9] 9 2 
B:maj [3, 6, 11] 11 2 
E:maj [4, 8, 11] 4 4 
A:maj [1, 4, 9] 9 2 
B:maj [3, 6, 11] 11 2 
Ab:min7 [3, 6, 8, 11] 8 2 
C#:min [1, 4, 8] 1 2 
A:maj [1, 4, 9] 9 2 
B:maj [3, 6, 11] 11 2 
E:maj [4, 8, 11] 4 8 
F#:maj [1, 6, 10] 6 4 
A:maj [1, 4, 9] 9 2 
B:maj [3, 6, 11] 11 2 
E:maj [4, 8, 11] 4 4 
A:maj [1, 4, 9] 9 4 
Ab:min [3, 8, 11] 8 4 
F#:min [1, 6, 9] 6 4 
B:sus2 [1, 6, 11] 11 4 
E:maj [4, 8, 11] 4 2 
Ab:min [3, 8, 11] 8 2 
C#:min [1, 4, 8] 1 2 
Ab:min [3, 8, 11] 8 2 
A:maj [1, 4, 9] 9 2 
E:maj [4, 8, 11] 4 2 
A:maj [1, 4, 9] 9 2 
B:sus2 [1, 6, 11] 11 2 
Ab:min [3, 8, 11] 8 4 
C#:min [1, 4, 8] 1 4 
A:maj [1, 4, 9] 9 2 
E:maj [4, 8, 11] 4 2 
A:maj [1, 4, 9] 9 2 
B:sus2 [1, 6, 11] 11 2 
E:maj [4, 8, 11] 4 2 
Ab:min [3, 8, 11] 8 2 
C#:min [1, 4, 8] 1 2 
Ab:min [3, 8, 11] 8 2 
A:maj [1, 4, 9] 9 2 
E:maj [4, 8, 11] 4 2 
A:maj [1, 4, 9] 9 2 
B:sus2 [1, 6, 11] 11 2 
Ab:min [3, 8, 11] 8 4 
C#:min [1, 4, 8] 1 4 
A:maj [1, 4, 9] 9 2 
E:maj [4, 8, 11] 4 2 
A:maj [1, 4, 9] 9 2 
B:sus2 [1, 6, 11] 11 2 
F:maj [0, 5, 9] 5 2 
A:min [0, 4, 9] 9 2 
D:min [2, 5, 9] 2 2 
A:min [0, 4, 9] 9 2 
Bb:maj [2, 5, 10] 10 2 
F:maj [0, 5, 9] 5 2 
Bb:maj [2, 5, 10] 10 2 
C:sus2 [0, 2, 7] 0 2 
A:min [0, 4, 9] 9 4 
D:min [2, 5, 9] 2 4 
Bb:maj [2, 5, 10] 10 2 
F:maj [0, 5, 9] 5 2 
Bb:maj [2, 5, 10] 10 2 
C:sus2 [0, 2, 7] 0 2 
F:maj [0, 5, 9] 5 2 
A:min [0, 4, 9] 9 2 
D:min [2, 5, 9] 2 2 
A:min [0, 4, 9] 9 2 
Bb:maj [2, 5, 10] 10 2 
F:maj [0, 5, 9] 5 2 
Bb:maj [2, 5, 10] 10 2 
C:sus2 [0, 2, 7] 0 2 
A:min [0, 4, 9] 9 4 
D:min [2, 5, 9] 2 4 
Bb:maj [2, 5, 10] 10 2 
F:maj [0, 5, 9] 5 2 
Bb:maj [2, 5, 10] 10 2 
C:sus2 [0, 2, 7] 0 2 
F:maj [0, 5, 9] 5 4 
Bb:maj [2, 5, 10] 10 2 
C:maj [0, 4, 7] 0 2 
F:maj [0, 5, 9] 5 2 
D:sus4(b7) [2, 7, 9] 2 2 
Bb:maj [2, 5, 10] 10 2 
Bb:maj(9) [0, 2, 5, 8, 10] 10 2 
