Eb:maj [3, 7, 10] 3 4
F:maj [0, 5, 9] 5 4
G:min [2, 7, 10] 7 4
C:maj [0, 4, 7] 0 4
Eb:maj [3, 7, 10] 3 4
F:maj [0, 5, 9] 5 4
G:min [2, 7, 10] 7 4
C:maj [0, 4, 7] 0 4
G:min [2, 7, 10] 7 12
C:min [0, 3, 7] 0 4
F:maj [0, 5, 9] 5 4
Bb:maj7 [2, 5, 8, 10] 10 4
G:min [2, 7, 10] 7 4
C:maj [0, 4, 7] 0 4
F:maj [0, 5, 9] 5 4
G:min [2, 7, 10] 7 8
C:min [0, 3, 7] 0 4
F:maj [0, 5, 9] 5 4
Bb:maj [2, 5, 10] 10 4
G:min [2, 7, 10] 7 4
C:maj [0, 4, 7] 0 4
F:maj [0, 5, 9] 5 4
G:min [2, 7, 10] 7 6
Eb:maj [3, 7, 10] 3 2
F:maj [0, 5, 9] 5 2
Bb:maj [2, 5, 10] 10 2
C:maj [0, 4, 7] 0 4
Eb:maj [3, 7, 10] 3 1
F:maj [0, 5, 9] 5 1
Bb:maj [2, 5, 10] 10 2
G:min [2, 7, 10] 7 2
Eb:maj [3, 7, 10] 3 2
F:maj [0, 5, 9] 5 2
Bb:maj [2, 5, 10] 10 2
C:maj [0, 4, 7] 0 2
Eb:maj [3, 7, 10] 3 2
F:maj [0, 5, 9] 5 2
G:min [2, 7, 10] 7 2
Eb:maj [3, 7, 10] 3 4
F:maj [0, 5, 9] 5 4
G:maj [2, 7, 11] 7 4
C:min [0, 3, 7] 0 5
Eb:maj [3, 7, 10] 3 3
F:maj [0, 5, 9] 5 4
D:min [2, 5, 9] 2 4
G:min [2, 7, 10] 7 12
C:min [0, 3, 7] 0 4
F:maj [0, 5, 9] 5 4
Bb:maj [2, 5, 10] 10 4
G:min [2, 7, 10] 7 4
C:maj [0, 4, 7] 0 4
F:maj [0, 5, 9] 5 4
G:min [2, 7, 10] 7 6
Eb:maj [3, 7, 10] 3 2
F:maj [0, 5, 9] 5 2
Bb:maj [2, 5, 10] 10 2
C:maj [0, 4, 7] 0 4
Eb:maj [3, 7, 10] 3 1
F:maj [0, 5, 9] 5 1
Bb:maj [2, 5, 10] 10 2
G:min [2, 7, 10] 7 2
Eb:maj [3, 7, 10] 3 2
F:maj [0, 5, 9] 5 2
Bb:maj [2, 5, 10] 10 2
C:maj [0, 4, 7] 0 2
Eb:maj [3, 7, 10] 3 2
F:maj [0, 5, 9] 5 2
G:min [2, 7, 10] 7 2
G:min [2, 7, 10] 7 2
Eb:maj [3, 7, 10] 3 2
F:maj [0, 5, 9] 5 2
Bb:maj [2, 5, 10] 10 2
C:maj [0, 4, 7] 0 4
Eb:maj [3, 7, 10] 3 1
F:maj [0, 5, 9] 5 1
Bb:maj [2, 5, 10] 10 2
G:min [2, 7, 10] 7 4
Eb:maj [3, 7, 10] 3 1
F:maj [0, 5, 9] 5 1
Bb:maj [2, 5, 10] 10 2
C:maj [0, 4, 7] 0 2
Eb:maj [3, 7, 10] 3 2
F:maj [0, 5, 9] 5 2
G:min [2, 7, 10] 7 2
Eb:maj [3, 7, 10] 3 2
F:maj [0, 5, 9] 5 2
D:min [2, 5, 9] 2 4
G:min [2, 7, 10] 7 4
Eb:maj7 [1, 3, 7, 10] 3 2
