0 156
67 2
74 1
0 1
74 9
0 3
74 1
0 1
72 1
0 1
72 7
0 5
67 2
72 1
0 1
72 9
0 7
77 2
74 9
0 1
74 3
0 1
79 8
0 4
79 2
70 1
72 1
72 9
0 3
72 2
74 2
77 6
0 6
70 1
0 1
70 1
72 1
70 2
67 6
0 4
67 2
74 1
0 1
74 6
0 6
74 2
72 1
0 1
72 10
0 2
67 2
72 1
0 1
72 9
0 3
77 2
79 2
77 2
74 9
0 1
74 4
79 9
0 3
79 2
70 1
72 1
72 10
0 2
72 2
74 2
77 7
0 5
72 1
0 1
72 1
74 1
70 2
67 11
0 3
74 1
0 1
74 1
0 1
74 2
82 2
79 4
0 2
77 1
79 1
79 2
77 2
72 2
79 2
77 4
0 4
72 1
0 1
72 1
0 1
72 1
0 1
74 1
0 1
72 2
70 2
67 3
0 1
70 1
0 1
67 1
67 1
79 1
0 1
77 1
0 1
74 6
0 2
74 1
0 1
74 1
0 1
74 1
0 1
82 1
0 1
79 6
77 1
79 1
82 2
0 1
79 1
77 1
0 1
72 1
77 1
74 4
0 4
72 1
0 1
72 1
0 1
72 1
0 1
74 1
0 1
79 1
0 1
77 1
74 4
0 1
77 1
0 1
77 1
79 1
81 2
77 2
79 7
0 1
0 140
67 2
74 1
0 1
74 6
0 6
74 2
72 1
0 1
72 10
0 2
67 2
72 1
0 1
72 9
0 3
77 2
79 2
77 2
74 9
0 1
74 4
79 9
0 3
79 2
70 1
72 1
72 10
0 2
72 2
74 2
77 7
0 5
72 1
0 1
72 1
74 1
70 2
67 11
0 3
74 1
0 1
74 1
0 1
74 2
82 2
79 4
0 2
77 1
79 1
79 2
77 2
72 2
79 2
77 4
0 4
72 1
0 1
72 1
0 1
72 1
0 1
74 1
0 1
72 2
70 2
67 3
0 1
70 1
0 1
67 1
67 1
79 1
0 1
77 1
0 1
74 6
0 2
74 1
0 1
74 1
0 1
74 1
0 1
82 1
0 1
79 6
77 1
79 1
82 2
0 1
79 1
77 1
0 1
72 1
77 1
74 4
0 4
72 1
0 1
72 1
0 1
72 1
0 1
74 1
0 1
79 4
74 2
0 2
77 1
0 1
77 1
79 1
81 2
77 2
79 4
0 4
74 1
0 1
74 1
0 1
74 2
82 2
79 4
0 2
77 1
79 1
79 2
77 2
72 2
79 2
77 4
0 4
72 1
0 1
72 1
0 1
72 1
0 1
74 1
0 1
72 2
70 2
67 3
0 1
70 1
0 1
67 1
67 1
79 1
0 1
77 1
0 1
74 6
0 2
74 1
0 1
74 1
0 1
74 1
0 1
82 1
0 1
79 6
77 1
79 1
82 2
0 1
79 1
77 1
0 1
72 1
77 1
74 4
0 4
72 1
0 1
72 1
0 1
72 1
0 1
74 1
0 1
79 2
77 1
74 4
0 1
77 1
0 1
77 1
79 1
81 2
77 2
79 7
0 1
72 1
0 1
72 1
0 1
72 1
0 1
74 2
79 2
77 2
74 3
0 1
77 2
77 1
79 1
0 1
81 2
77 9
79 24
