0 128
61 2
68 1
68 1
68 2
66 2
68 1
66 1
64 5
0 1
63 3
61 1
59 1
61 1
56 1
59 1
61 6
0 2
61 2
64 4
61 1
61 1
66 2
64 1
66 1
68 4
63 1
0 1
63 1
61 1
0 1
59 1
56 1
59 1
61 7
0 1
61 2
68 1
68 1
68 2
66 2
68 1
66 1
64 5
0 1
63 3
61 1
59 1
61 1
56 1
59 1
61 6
0 2
61 2
64 4
61 2
66 1
66 1
64 1
66 1
68 4
71 1
71 1
0 1
71 1
71 1
68 1
76 1
75 1
73 6
0 2
68 2
73 4
71 2
73 1
0 2
76 1
73 2
71 2
73 1
0 1
73 1
0 1
73 2
64 1
66 1
68 6
0 2
66 1
0 1
66 1
66 1
66 2
68 2
71 2
73 1
0 1
73 1
0 1
71 1
73 1
71 1
68 11
0 4
68 2
73 3
0 1
71 1
0 1
73 3
76 1
73 2
71 2
73 1
0 1
73 1
0 1
73 1
0 1
64 1
66 1
68 3
0 3
68 1
68 1
66 3
0 5
71 2
0 1
68 1
78 1
0 1
76 1
78 1
73 12
0 4
68 2
73 3
0 1
71 1
0 1
73 3
76 1
73 2
71 2
73 1
0 1
73 1
0 1
73 1
0 1
64 1
66 1
68 3
0 5
66 1
0 1
66 1
66 1
66 1
0 1
68 2
71 2
71 1
0 1
73 2
71 1
73 1
71 2
68 10
0 4
68 2
73 3
0 1
73 1
71 1
73 3
76 1
73 2
71 2
73 1
0 1
73 1
0 1
73 1
0 1
64 1
66 1
68 3
0 3
68 1
68 1
66 3
0 3
68 1
0 1
71 2
0 1
68 1
78 1
0 1
76 1
78 1
75 1
73 12
0 131
61 2
68 1
68 1
68 2
66 2
68 1
66 1
64 5
0 1
63 3
61 1
59 1
61 1
56 1
59 1
61 6
0 2
61 2
64 4
61 1
61 1
66 2
64 1
66 1
68 4
63 1
0 1
63 1
61 1
0 1
59 1
56 1
59 1
61 7
0 1
61 2
68 1
68 1
68 2
66 2
68 1
66 1
64 5
0 1
63 3
61 1
59 1
61 1
56 1
59 1
61 6
0 2
61 2
64 4
61 2
66 1
66 1
64 1
66 1
68 4
71 1
71 1
0 1
71 1
71 1
68 1
76 1
75 1
73 6
0 2
68 2
73 4
71 2
73 1
0 2
76 1
73 2
71 2
73 1
0 1
73 1
0 1
73 2
64 1
66 1
68 6
0 2
66 1
0 1
66 1
66 1
66 2
68 2
71 2
73 1
0 1
73 1
0 1
71 1
73 1
71 1
68 11
0 4
68 2
73 3
0 1
71 1
0 1
73 3
76 1
73 2
71 2
73 1
0 1
73 1
0 1
73 1
0 1
64 1
66 1
68 3
0 3
68 1
68 1
66 3
0 5
71 2
0 1
68 1
78 1
0 1
76 1
78 1
73 12
0 4
68 2
73 3
0 1
71 1
0 1
73 3
76 1
73 2
71 2
73 1
0 1
73 1
0 1
73 1
0 1
64 1
66 1
68 3
0 5
66 1
0 1
66 1
66 1
66 1
0 1
68 2
71 2
71 1
0 1
73 2
71 1
73 1
71 2
68 10
0 4
68 2
73 3
0 1
73 1
71 1
73 3
76 1
73 2
71 2
73 1
0 1
73 1
0 1
73 1
0 1
64 1
66 1
68 3
0 3
68 1
68 1
66 3
0 3
68 1
0 1
71 2
0 1
68 1
78 1
0 1
76 1
78 1
75 1
73 12
0 3
68 2
73 3
0 1
71 1
0 1
73 3
76 1
73 2
71 2
73 1
0 1
73 1
0 1
73 1
0 1
64 1
66 1
68 3
0 5
66 1
0 1
66 1
66 1
66 1
0 1
68 2
71 2
71 1
0 1
73 2
71 1
73 1
71 2
68 10
0 4
68 2
73 3
0 1
73 1
71 1
73 3
76 1
73 2
71 2
73 1
0 1
73 1
0 1
73 1
0 1
64 1
66 1
68 3
0 3
68 1
68 1
66 3
0 3
68 1
0 1
71 2
0 1
68 5
0 4
78 2
76 1
75 1
