0 65
67 1
67 1
62 1
62 1
69 1
69 1
67 1
69 1
0 1
69 1
69 1
0 1
67 1
66 1
67 2
67 1
67 1
62 1
62 1
69 1
69 1
67 1
69 1
0 1
69 1
69 1
0 1
67 1
66 1
67 1
0 1
67 1
67 1
62 1
67 1
69 1
69 1
67 1
74 2
74 1
69 1
0 1
71 1
69 1
67 2
67 1
67 1
62 1
67 1
69 1
69 1
67 1
69 3
69 1
69 1
71 2
0 1
69 2
0 1
67 9
67 1
69 1
71 1
72 1
74 3
67 3
69 1
0 1
69 3
0 1
66 1
67 1
69 1
62 1
74 2
0 2
69 2
71 2
67 4
67 1
69 1
71 1
67 1
74 3
0 1
67 2
69 1
0 1
69 3
66 1
66 1
67 1
69 2
72 2
71 1
69 1
69 1
67 1
71 1
0 1
69 2
0 1
62 1
74 1
72 1
71 1
69 1
69 1
71 1
0 1
71 1
74 1
76 1
74 1
76 1
74 1
69 1
0 1
69 1
79 1
78 1
79 1
78 1
76 1
0 1
79 2
78 1
74 1
0 2
71 2
0 1
71 1
79 1
78 1
79 1
78 1
76 2
79 2
78 1
0 1
74 1
71 2
0 2
71 1
71 1
69 1
69 1
71 1
71 2
69 1
69 1
0 1
67 1
71 1
0 1
69 3
62 1
74 1
72 1
71 1
69 1
69 1
71 1
0 1
71 1
74 1
76 1
74 1
76 1
74 1
69 1
0 1
69 1
79 1
78 1
79 1
78 1
76 1
0 1
79 2
78 1
74 1
0 2
71 2
0 1
71 1
79 1
78 1
79 1
78 1
76 2
79 2
78 1
0 1
74 1
71 2
0 2
71 1
71 1
69 1
69 1
71 1
71 1
69 1
0 1
69 1
69 1
69 1
0 1
69 1
71 2
0 1
69 2
0 1
69 1
0 1
67 8
0 57
67 1
67 1
62 1
62 1
69 1
69 1
67 1
69 1
0 1
69 1
69 1
0 1
67 1
66 1
67 2
67 1
67 1
62 1
62 1
69 1
69 1
67 1
69 1
0 1
69 1
69 1
0 1
67 1
66 1
67 1
0 1
67 1
67 1
62 1
67 1
69 1
69 1
67 1
74 2
74 1
69 1
0 1
71 1
69 1
67 2
67 1
67 1
62 1
67 1
69 1
69 1
67 1
69 3
69 1
69 1
71 2
0 1
69 2
0 1
67 9
67 1
69 1
71 1
72 1
74 3
67 3
69 1
0 1
69 3
0 1
66 1
67 1
69 1
62 1
74 2
0 2
69 2
71 2
67 4
67 1
69 1
71 1
67 1
74 3
0 1
67 2
69 1
0 1
69 3
66 1
66 1
67 1
69 2
72 2
71 1
69 1
69 1
67 1
71 1
0 1
69 2
0 1
62 1
74 1
72 1
71 1
69 1
69 1
71 1
0 1
71 1
74 1
76 1
74 1
76 1
74 1
69 1
0 1
69 1
79 1
78 1
79 1
78 1
76 1
0 1
79 2
78 1
74 1
0 2
71 2
0 1
71 1
79 1
78 1
79 1
78 1
76 2
79 2
78 1
0 1
74 1
71 2
0 2
71 1
71 1
69 1
69 1
71 1
71 2
69 1
69 1
0 1
67 1
71 1
0 1
69 3
62 1
74 1
72 1
71 1
69 1
69 1
71 1
0 1
71 1
74 1
76 1
74 1
76 1
74 1
69 1
0 1
69 1
79 1
78 1
79 1
78 1
76 1
0 1
79 2
78 1
74 1
0 2
71 2
0 1
71 1
79 1
78 1
79 1
78 1
76 2
79 2
78 1
0 1
74 1
71 2
0 2
71 1
71 1
69 1
69 1
71 1
71 1
69 1
0 1
69 1
69 1
69 1
0 1
69 1
71 2
62 1
69 1
74 1
72 1
71 1
69 1
69 1
71 1
0 1
71 1
74 1
76 1
74 1
76 1
74 1
69 1
0 1
69 1
79 1
78 1
79 1
78 1
76 1
0 1
79 2
78 1
74 1
0 2
71 2
0 1
71 1
79 1
78 1
79 1
78 1
76 2
79 2
78 1
0 1
74 1
71 2
0 2
71 1
71 1
69 1
69 1
71 1
71 2
69 1
69 1
0 1
67 1
71 1
0 1
69 3
62 1
74 1
72 1
71 1
69 1
69 1
71 1
0 1
71 1
74 1
76 1
74 1
76 1
74 1
69 1
0 1
69 1
79 1
78 1
79 1
78 1
76 1
0 1
79 2
78 1
74 1
0 2
71 2
0 1
71 1
79 1
78 1
79 1
78 1
76 2
79 2
78 1
0 1
74 1
71 2
0 2
71 1
71 1
69 1
69 1
71 1
71 1
69 1
0 1
69 1
69 1
69 1
0 1
69 1
71 2
0 1
69 2
0 1
69 1
0 1
67 8
