A:maj [1, 4, 9] 9 16 
E:maj [4, 8, 11] 4 12 
B:maj [3, 6, 11] 11 3 
F:min/b3 [0, 5, 8] 8 1 
C#:min [1, 4, 8] 1 2 
F#:7/3 [1, 4, 6, 10] 10 2 
B:maj [3, 6, 11] 11 4 
E:maj [4, 8, 11] 4 4 
B:maj [3, 6, 11] 11 3 
Ab:maj [0, 3, 8] 8 1 
C#:min [1, 4, 8] 1 2 
Bb:hdim7 [1, 4, 7, 10] 10 2 
B:sus4 [4, 6, 11] 11 3 
B:maj [3, 6, 11] 11 1 
C#:sus2 [1, 3, 8] 1 2 
Ab:maj/3 [0, 3, 8] 0 2 
B:maj [3, 6, 11] 11 2 
Bb:hdim7 [1, 4, 7, 10] 10 2 
A:maj7 [1, 4, 7, 9] 9 4 
B:maj [3, 6, 11] 11 4 
E:maj [4, 8, 11] 4 2 
B:maj/3 [3, 6, 11] 3 2 
Ab:min [3, 8, 11] 8 1 
Ab:7 [0, 3, 6, 8] 8 1 
C#:min [1, 4, 8] 1 2 
F#:min [1, 6, 9] 6 2 
B:maj [3, 6, 11] 11 2 
E:maj [4, 8, 11] 4 6 
C#:min7 [1, 4, 8, 11] 1 2 
Ab:7 [0, 3, 6, 8] 8 2 
C#:min [1, 4, 8] 1 2 
A:maj [1, 4, 9] 9 2 
B:maj [3, 6, 11] 11 2 
E:maj [4, 8, 11] 4 4 
B:sus4(b7,9) [1, 3, 6, 9, 11] 11 1 
B:maj [3, 6, 11] 11 3 
E:maj [4, 8, 11] 4 4 
B:maj [3, 6, 11] 11 3 
F:min/b3 [0, 5, 8] 8 1 
C#:min [1, 4, 8] 1 2 
F#:7/3 [1, 4, 6, 10] 10 2 
B:maj [3, 6, 11] 11 4 
E:maj [4, 8, 11] 4 4 
B:maj [3, 6, 11] 11 3 
Ab:maj [0, 3, 8] 8 1 
C#:min [1, 4, 8] 1 2 
Bb:hdim7 [1, 4, 7, 10] 10 2 
B:sus4 [4, 6, 11] 11 3 
B:maj [3, 6, 11] 11 1 
C#:sus2 [1, 3, 8] 1 2 
Ab:maj/3 [0, 3, 8] 0 2 
B:maj [3, 6, 11] 11 2 
Bb:hdim7 [1, 4, 7, 10] 10 2 
A:maj7 [1, 4, 7, 9] 9 4 
B:maj [3, 6, 11] 11 4 
E:maj [4, 8, 11] 4 2 
B:maj/3 [3, 6, 11] 3 2 
Ab:min [3, 8, 11] 8 1 
Ab:7 [0, 3, 6, 8] 8 1 
C#:min [1, 4, 8] 1 2 
F#:min [1, 6, 9] 6 2 
B:maj [3, 6, 11] 11 2 
E:maj [4, 8, 11] 4 6 
C#:min [1, 4, 8] 1 2 
Ab:maj/3 [0, 3, 8] 0 2 
C#:min [1, 4, 8] 1 2 
A:maj [1, 4, 9] 9 2 
B:maj [3, 6, 11] 11 2 
E:maj [4, 8, 11] 4 4 
Ab:7 [0, 3, 6, 8] 8 4 
A:maj [1, 4, 9] 9 4 
F#:maj/3 [1, 6, 10] 10 2 
B:maj [3, 6, 11] 11 2 
C#:maj [1, 5, 8] 1 4 
A:maj7 [1, 4, 7, 9] 9 4 
E:maj/5 [4, 8, 11] 11 1 
Ab:maj/3 [0, 3, 8] 0 1 
C#:min [1, 4, 8] 1 2 
Bb:dim [1, 4, 10] 10 4 
B:maj [3, 6, 11] 11 4 
E:maj [4, 8, 11] 4 2 
B:maj/3 [3, 6, 11] 3 2 
Ab:min [3, 8, 11] 8 1 
Ab:min7 [3, 6, 8, 11] 8 1 
C#:min [1, 4, 8] 1 2 
F#:min [1, 6, 9] 6 2 
B:maj [3, 6, 11] 11 2 
E:maj [4, 8, 11] 4 6 
C#:min7 [1, 4, 8, 11] 1 2 
Ab:7 [0, 3, 6, 8] 8 2 
C#:min [1, 4, 8] 1 2 
A:maj [1, 4, 9] 9 2 
B:maj [3, 6, 11] 11 2 
E:maj [4, 8, 11] 4 6 
B:maj/3 [3, 6, 11] 3 2 
Ab:min [3, 8, 11] 8 1 
Ab:min7 [3, 6, 8, 11] 8 1 
C#:min [1, 4, 8] 1 2 
F#:min [1, 6, 9] 6 2 
B:maj [3, 6, 11] 11 2 
E:maj [4, 8, 11] 4 6 
C#:min7 [1, 4, 8, 11] 1 1 
B:maj/3 [3, 6, 11] 3 1 
Ab:7 [0, 3, 6, 8] 8 2 
C#:min [1, 4, 8] 1 2 
A:maj [1, 4, 9] 9 2 
B:maj [3, 6, 11] 11 2 
E:maj [4, 8, 11] 4 4 
A:sus2 [4, 9, 11] 9 3 
B:7 [3, 6, 9, 11] 11 1 
B:maj [3, 6, 11] 11 3 
E:maj [4, 8, 11] 4 4 
