A:min [0, 4, 9] 9 4
G:maj [2, 7, 11] 7 4
F:maj [0, 5, 9] 5 4
E:maj [4, 8, 11] 4 4
A:min [0, 4, 9] 9 3
G:maj [2, 7, 11] 7 1
C:maj [0, 4, 7] 0 2
A:min [0, 4, 9] 9 2
G:maj [2, 7, 11] 7 4
E:sus4 [4, 9, 11] 4 4
A:min [0, 4, 9] 9 4
C:maj [0, 4, 7] 0 2
A:min [0, 4, 9] 9 2
D:min [2, 5, 9] 2 6
E:maj [4, 8, 11] 4 2
A:min [0, 4, 9] 9 2
G:maj [2, 7, 11] 7 4
C:maj7/3 [0, 4, 7, 10] 4 2
A:min [0, 4, 9] 9 2
G:maj [2, 7, 11] 7 4
C:maj [0, 4, 7] 0 2
D:min [2, 5, 9] 2 2
A:min [0, 4, 9] 9 2
D:min/5 [2, 5, 9] 9 2
E:maj [4, 8, 11] 4 4
A:min [0, 4, 9] 9 2
G:maj [2, 7, 11] 7 2
A:min [0, 4, 9] 9 2
G:sus4 [0, 2, 7] 7 2
F:maj [0, 5, 9] 5 3
E:min/b3 [4, 7, 11] 7 1
A:min [0, 4, 9] 9 6
A:min [0, 4, 9] 9 4
C:maj [0, 4, 7] 0 4
D:min [2, 5, 9] 2 4
E:sus4 [4, 9, 11] 4 4
A:min [0, 4, 9] 9 3
G:maj/3 [2, 7, 11] 11 1
C:maj [0, 4, 7] 0 4
D:min [2, 5, 9] 2 4
E:sus4 [4, 9, 11] 4 4
A:min [0, 4, 9] 9 3
G:maj [2, 7, 11] 7 1
C:maj [0, 4, 7] 0 2
A:min [0, 4, 9] 9 2
G:maj [2, 7, 11] 7 4
E:maj [4, 8, 11] 4 4
A:min [0, 4, 9] 9 4
C:maj [0, 4, 7] 0 2
A:min [0, 4, 9] 9 2
D:min [2, 5, 9] 2 6
E:maj [4, 8, 11] 4 2
A:min [0, 4, 9] 9 2
G:maj [2, 7, 11] 7 4
C:maj7/3 [0, 4, 7, 10] 4 2
A:min [0, 4, 9] 9 2
G:maj [2, 7, 11] 7 4
C:maj [0, 4, 7] 0 2
D:min [2, 5, 9] 2 2
A:min [0, 4, 9] 9 2
D:maj [2, 6, 9] 2 2
E:maj [4, 8, 11] 4 2
E:maj [4, 8, 11] 4 4
A:min [0, 4, 9] 9 2
G:maj [2, 7, 11] 7 4
C:maj7/3 [0, 4, 7, 10] 4 2
A:min [0, 4, 9] 9 2
G:maj [2, 7, 11] 7 4
C:maj [0, 4, 7] 0 2
D:min [2, 5, 9] 2 2
A:min [0, 4, 9] 9 2
D:min/5 [2, 5, 9] 9 2
E:maj [4, 8, 11] 4 4
A:min [0, 4, 9] 9 2
G:maj [2, 7, 11] 7 2
A:min [0, 4, 9] 9 2
G:sus4 [0, 2, 7] 7 2
F:maj [0, 5, 9] 5 3
E:min7 [2, 4, 7, 11] 4 1
A:min [0, 4, 9] 9 12
G:maj [2, 7, 11] 7 4
E:maj [4, 8, 11] 4 2
A:min [0, 4, 9] 9 2
