0 62
69 1
71 1
72 2
71 1
69 1
69 2
71 1
69 5
0 2
72 1
74 1
76 2
74 1
72 1
71 2
72 1
71 3
69 3
0 2
69 1
71 6
69 2
67 2
69 1
71 3
67 2
64 4
62 2
64 1
0 1
64 5
0 1
69 1
71 1
72 2
71 1
69 1
69 2
71 1
69 5
0 2
72 1
74 1
76 2
74 1
72 1
71 2
72 1
71 3
69 3
0 3
74 1
0 1
74 1
0 1
74 2
76 1
0 1
77 2
76 2
74 2
72 2
77 1
0 1
76 2
74 2
77 1
76 7
0 1
76 1
81 1
0 1
81 1
0 1
81 2
76 2
74 4
0 3
74 1
79 1
0 1
79 1
0 1
79 1
0 1
74 1
76 5
74 1
72 3
81 1
0 1
81 1
0 1
81 2
76 2
74 4
0 3
74 1
79 1
0 1
79 1
0 1
79 2
74 2
76 4
0 2
74 1
76 1
77 1
0 1
76 1
0 1
74 3
0 1
76 1
0 1
74 2
72 2
74 1
76 1
77 1
0 1
76 1
0 1
74 2
77 1
0 1
76 1
0 1
76 1
0 1
76 1
0 1
76 1
0 1
76 2
74 2
72 1
0 1
71 2
69 4
76 3
0 1
74 4
71 2
67 2
69 3
0 1
76 3
0 1
74 4
71 2
67 2
69 8
0 4
67 2
64 2
69 12
72 2
71 2
69 8
0 126
69 1
71 1
72 2
71 1
69 1
69 2
71 1
69 5
0 2
72 1
74 1
76 2
74 1
72 1
71 2
72 1
71 3
69 3
0 2
69 1
71 6
69 2
67 2
69 1
71 3
67 2
64 4
62 2
64 1
0 1
64 5
0 1
69 1
71 1
72 2
71 1
69 1
69 2
71 1
69 5
0 2
72 1
74 1
76 2
74 1
72 1
71 2
72 1
71 3
69 3
0 3
74 1
0 1
74 1
0 1
74 2
76 1
0 1
77 2
76 2
74 2
72 2
77 1
0 1
76 2
74 2
77 1
76 7
0 1
76 1
81 1
0 1
81 1
0 1
81 2
76 2
74 4
0 3
74 1
79 1
0 1
79 1
0 1
79 1
0 1
74 1
76 5
74 1
72 3
81 1
0 1
81 1
0 1
81 2
76 2
74 4
0 3
74 1
79 1
0 1
79 1
0 1
79 2
74 2
76 4
0 2
74 1
76 1
77 1
0 1
76 1
0 1
74 3
0 1
76 1
0 1
74 2
72 2
74 1
76 1
77 1
0 1
76 1
0 1
74 2
77 1
0 1
76 1
0 1
76 1
0 1
76 1
0 1
76 1
0 1
0 4
76 3
0 1
74 4
0 3
76 1
81 1
0 1
81 1
0 1
81 2
76 2
74 4
0 3
74 1
79 1
0 1
79 1
0 1
79 1
0 1
74 1
76 5
74 1
72 3
81 1
0 1
81 1
0 1
81 2
76 2
74 4
0 3
74 1
79 1
0 1
79 1
0 1
79 2
74 2
76 4
0 2
74 1
76 1
77 1
0 1
76 1
0 1
74 3
0 1
76 1
0 1
74 2
72 2
74 1
76 1
77 1
0 1
76 1
0 1
74 2
77 1
0 1
76 1
0 1
76 1
0 1
76 1
0 1
76 1
0 1
76 2
74 2
72 1
0 1
71 2
69 4
76 3
0 1
74 4
71 2
67 2
69 3
0 1
76 3
0 1
74 4
71 2
67 2
69 8
0 4
67 2
64 2
69 12
72 2
71 2
69 10
