B:maj6 [3, 6, 8, 11] 11 2 
B:maj/5 [3, 6, 11] 6 2 
Ab:min7/5 [3, 6, 8, 11] 3 4 
B:maj [3, 6, 11] 11 4 
Ab:min7/5 [3, 6, 8, 11] 3 4 
B:maj6 [3, 6, 8, 11] 11 2 
B:maj/5 [3, 6, 11] 6 2 
Ab:min7/5 [3, 6, 8, 11] 3 4 
B:maj [3, 6, 11] 11 4 
F#:maj [1, 6, 10] 6 4 
B:maj6 [3, 6, 8, 11] 11 2 
C#:min [1, 4, 8] 1 2 
F#:maj/5 [1, 6, 10] 1 2 
B:maj6 [3, 6, 8, 11] 11 2 
B:maj [3, 6, 11] 11 4 
E:maj [4, 8, 11] 4 2 
F#:maj [1, 6, 10] 6 2 
B:maj/5 [3, 6, 11] 6 4 
Ab:min [3, 8, 11] 8 2 
F#:maj [1, 6, 10] 6 2 
B:maj/5 [3, 6, 11] 6 2 
Eb:min [3, 6, 10] 3 2 
Ab:min/5 [3, 8, 11] 3 4 
C#:min7/5 [1, 4, 8, 11] 8 3 
C#:min [1, 4, 8] 1 1 
B:maj [3, 6, 11] 11 14 
Ab:min/5 [3, 8, 11] 3 2 
Eb:min7/b7 [1, 3, 6, 10] 1 2 
F#:maj/5 [1, 6, 10] 1 2 
C#:min [1, 4, 8] 1 4 
E:maj [4, 8, 11] 4 2 
F#:maj/5 [1, 6, 10] 1 2 
B:maj/5 [3, 6, 11] 6 2 
Ab:min/5 [3, 8, 11] 3 2 
F#:maj [1, 6, 10] 6 4 
B:maj [3, 6, 11] 11 4 
E:maj [4, 8, 11] 4 2 
F#:maj [1, 6, 10] 6 2 
B:maj/5 [3, 6, 11] 6 4 
Ab:min [3, 8, 11] 8 2 
F#:maj [1, 6, 10] 6 2 
B:maj/5 [3, 6, 11] 6 2 
B:maj [3, 6, 11] 11 2 
Ab:min7/5 [3, 6, 8, 11] 3 4 
F#:maj [1, 6, 10] 6 4 
B:maj/5 [3, 6, 11] 6 4 
B:maj6 [3, 6, 8, 11] 11 2 
B:maj/5 [3, 6, 11] 6 2 
Ab:min7/5 [3, 6, 8, 11] 3 4 
B:maj [3, 6, 11] 11 4 
F#:maj [1, 6, 10] 6 4 
B:maj6 [3, 6, 8, 11] 11 2 
C#:min [1, 4, 8] 1 2 
F#:maj/5 [1, 6, 10] 1 2 
B:maj6 [3, 6, 8, 11] 11 2 
B:maj [3, 6, 11] 11 4 
E:maj [4, 8, 11] 4 2 
F#:maj [1, 6, 10] 6 2 
B:maj/5 [3, 6, 11] 6 4 
Ab:min [3, 8, 11] 8 2 
F#:maj [1, 6, 10] 6 2 
B:maj/5 [3, 6, 11] 6 2 
Eb:min [3, 6, 10] 3 2 
Ab:min/5 [3, 8, 11] 3 4 
C#:min7/5 [1, 4, 8, 11] 8 3 
C#:min [1, 4, 8] 1 1 
B:maj [3, 6, 11] 11 14 
Ab:min/5 [3, 8, 11] 3 2 
Eb:min7/b7 [1, 3, 6, 10] 1 2 
F#:maj/5 [1, 6, 10] 1 2 
C#:min [1, 4, 8] 1 4 
E:maj [4, 8, 11] 4 2 
F#:maj/5 [1, 6, 10] 1 2 
B:maj/5 [3, 6, 11] 6 2 
Ab:min/5 [3, 8, 11] 3 2 
F#:maj [1, 6, 10] 6 4 
B:maj [3, 6, 11] 11 4 
E:maj [4, 8, 11] 4 2 
F#:maj [1, 6, 10] 6 2 
B:maj/5 [3, 6, 11] 6 4 
Ab:min [3, 8, 11] 8 2 
F#:maj [1, 6, 10] 6 2 
B:maj/5 [3, 6, 11] 6 2 
Eb:min [3, 6, 10] 3 2 
Ab:min7/5 [3, 6, 8, 11] 3 4 
F#:maj [1, 6, 10] 6 4 
B:maj/5 [3, 6, 11] 6 14 
Ab:min/5 [3, 8, 11] 3 2 
Eb:min7/b7 [1, 3, 6, 10] 1 4 
C#:min [1, 4, 8] 1 4 
E:maj [4, 8, 11] 4 2 
F#:maj/5 [1, 6, 10] 1 2 
B:maj/5 [3, 6, 11] 6 2 
Ab:min/5 [3, 8, 11] 3 2 
F#:maj [1, 6, 10] 6 4 
B:maj [3, 6, 11] 11 4 
E:maj [4, 8, 11] 4 2 
F#:maj [1, 6, 10] 6 2 
B:maj/5 [3, 6, 11] 6 4 
Ab:min [3, 8, 11] 8 2 
F#:maj [1, 6, 10] 6 2 
B:maj/5 [3, 6, 11] 6 2 
B:maj [3, 6, 11] 11 2 
Ab:min7/5 [3, 6, 8, 11] 3 4 
F#:maj [1, 6, 10] 6 4 
B:maj/5 [3, 6, 11] 6 6 
Ab:min [3, 8, 11] 8 2 
C#:min [1, 4, 8] 1 2 
F#:maj [1, 6, 10] 6 1 
E:maj [4, 8, 11] 4 3 
