0 32
69 2
69 1
69 1
70 1
0 1
72 1
0 1
69 2
0 2
67 1
0 3
65 1
0 1
65 1
65 1
67 2
69 1
0 1
69 4
64 3
0 1
62 2
69 2
67 2
0 2
62 2
69 1
0 1
67 2
0 2
62 2
69 2
67 2
0 1
65 1
65 6
0 2
69 2
69 1
69 1
70 1
0 1
72 1
0 1
69 2
0 2
67 1
0 3
65 1
0 1
65 1
65 1
67 2
69 1
0 1
69 4
64 3
0 1
62 2
69 2
67 2
0 2
62 2
69 1
0 1
67 2
0 2
62 2
69 2
67 2
0 1
65 1
65 6
0 6
69 2
67 2
72 4
0 2
70 1
69 1
67 5
0 1
72 1
70 1
69 1
0 1
70 1
72 2
0 1
69 1
0 1
67 4
0 3
65 1
62 2
69 2
67 2
0 1
62 1
60 2
67 2
65 3
0 1
70 1
69 1
70 1
69 1
65 2
0 2
70 1
69 1
70 1
69 1
65 1
0 2
67 3
65 8
