0 128
68 2
75 2
75 2
73 1
0 1
75 7
0 1
70 2
70 1
70 1
68 2
66 2
68 6
0 2
68 2
73 1
0 1
73 2
71 2
73 2
71 2
68 3
0 1
71 2
68 2
71 2
73 1
0 1
75 7
0 1
75 2
80 3
0 1
75 1
0 1
73 7
0 1
75 2
78 2
73 2
75 2
71 5
0 3
73 2
0 1
73 1
73 2
68 2
73 2
75 2
73 3
0 1
66 2
63 3
0 1
66 1
0 1
68 7
0 1
68 2
75 2
75 2
73 1
0 1
75 7
0 1
70 2
70 1
70 1
68 2
66 2
68 6
0 2
68 2
73 1
0 1
73 2
71 2
73 2
71 2
68 3
0 1
71 2
68 2
71 2
73 1
0 1
75 7
0 1
75 2
80 3
0 1
75 1
0 1
73 7
0 1
75 2
78 2
73 2
75 2
71 5
0 3
73 2
0 1
73 1
73 2
68 2
73 2
75 2
73 3
0 1
78 2
78 1
0 1
78 2
75 2
80 7
0 1
75 2
80 1
0 1
80 2
78 1
0 1
80 8
75 2
82 2
80 2
78 1
80 1
78 1
80 1
78 1
75 5
68 2
73 2
73 1
0 1
71 1
0 1
73 2
68 1
0 1
68 3
0 1
78 2
80 2
78 2
73 2
75 7
0 1
75 2
80 2
78 2
75 2
73 6
0 2
78 2
75 2
75 2
73 1
75 2
0 1
71 5
0 1
73 2
0 1
73 1
73 1
0 1
75 2
78 2
75 1
0 1
75 3
0 1
73 3
0 1
75 4
68 7
0 129
68 2
75 2
75 2
73 1
0 1
75 7
0 1
70 2
70 1
70 1
68 2
66 2
68 6
0 2
68 2
73 1
0 1
73 2
71 2
73 2
71 2
68 3
0 1
71 2
68 2
71 2
73 1
0 1
75 7
0 1
75 2
80 3
0 1
75 1
0 1
73 7
0 1
75 2
78 2
73 2
75 2
71 5
0 3
73 2
0 1
73 1
73 2
68 2
73 2
75 2
73 3
0 1
66 2
63 3
0 1
66 1
0 1
68 7
0 1
68 2
75 2
75 2
73 1
0 1
75 7
0 1
70 2
70 1
70 1
68 2
66 2
68 6
0 2
68 2
73 1
0 1
73 2
71 2
73 2
71 2
68 3
0 1
71 2
68 2
71 2
73 1
0 1
75 7
0 1
75 2
80 3
0 1
75 1
0 1
73 7
0 1
75 2
78 2
73 2
75 2
71 5
0 3
73 2
0 1
73 1
73 2
68 2
73 2
75 2
73 3
0 1
78 2
78 1
0 1
78 2
75 2
80 7
0 1
75 2
80 1
0 1
80 2
78 1
0 1
80 8
75 2
82 2
80 2
78 1
80 1
78 1
80 1
78 1
75 5
68 2
73 2
73 1
0 1
71 1
0 1
73 2
68 1
0 1
68 3
0 1
78 2
80 2
78 2
73 2
75 7
0 1
75 2
80 2
78 2
75 2
73 6
0 2
78 2
75 2
75 2
73 1
75 2
0 1
71 5
0 1
73 2
0 1
73 1
73 1
0 1
75 2
78 2
75 1
0 1
75 3
0 1
73 3
0 1
75 4
68 7
0 1
75 2
80 1
0 1
80 2
78 1
0 1
80 8
75 2
82 2
80 2
78 1
80 1
78 1
80 1
78 1
75 5
68 2
73 2
73 1
0 1
71 1
0 1
73 2
68 1
0 1
68 3
0 1
78 2
80 2
78 2
73 2
75 7
0 1
75 2
80 2
78 2
75 2
73 6
0 2
78 2
75 2
75 2
73 1
75 2
0 1
71 5
0 1
73 2
0 1
73 1
73 1
0 1
75 2
78 2
75 1
0 1
75 3
0 1
73 3
0 1
75 4
68 7
0 1
73 2
0 1
73 1
73 1
0 1
75 2
78 2
75 1
0 1
75 3
0 1
73 3
0 1
75 12
68 15
