0 63
59 1
64 1
64 1
64 1
66 1
67 1
67 1
67 1
69 1
66 1
64 1
62 1
64 3
0 1
67 1
69 1
0 1
69 1
69 1
69 1
69 1
67 1
64 1
67 1
67 1
67 1
69 1
71 4
69 1
69 1
69 1
67 1
69 2
0 1
64 1
69 1
69 1
69 1
67 1
69 2
0 2
67 1
67 1
67 1
67 1
67 1
69 3
66 7
59 1
64 1
64 1
64 1
66 1
67 1
67 1
67 1
69 1
66 1
64 1
62 1
64 3
0 1
67 1
69 1
69 1
0 1
69 1
69 1
69 1
67 1
64 1
67 1
67 1
67 1
69 1
71 2
0 2
69 1
69 1
69 1
67 1
69 2
0 1
64 1
69 1
69 1
69 1
67 1
69 2
0 2
67 1
67 1
67 1
67 1
67 1
69 2
0 1
66 1
64 1
66 4
64 1
64 1
71 1
71 1
0 1
71 1
69 1
71 1
0 1
71 1
71 1
0 1
69 1
67 1
64 2
0 2
76 1
76 2
76 1
74 1
0 1
71 1
69 1
71 4
0 2
64 1
64 1
69 1
69 1
0 1
69 1
67 1
69 1
0 1
69 1
71 1
69 1
67 1
66 1
64 2
0 2
69 1
69 1
0 1
67 1
76 2
74 2
71 5
0 1
64 1
64 1
71 1
71 1
0 1
71 1
69 1
71 1
0 1
71 1
69 1
71 1
67 1
66 1
64 2
0 2
76 1
76 1
76 1
76 1
78 1
0 1
74 2
71 4
0 2
64 1
64 1
69 1
69 1
0 1
69 1
67 1
69 1
0 1
69 1
71 1
69 1
67 1
66 1
64 2
0 2
66 1
66 1
0 1
67 1
66 2
64 1
66 5
0 2
67 1
66 1
64 6
0 57
59 1
64 1
64 1
64 1
66 1
67 1
67 1
67 1
69 1
66 1
64 1
62 1
64 3
0 1
67 1
69 1
0 1
69 1
69 1
69 1
69 1
67 1
64 1
67 1
67 1
67 1
69 1
71 4
69 1
69 1
69 1
67 1
69 2
0 1
64 1
69 1
69 1
69 1
67 1
69 2
0 2
67 1
67 1
67 1
67 1
67 1
69 3
66 7
59 1
64 1
64 1
64 1
66 1
67 1
67 1
67 1
69 1
66 1
64 1
62 1
64 3
0 1
67 1
69 1
69 1
0 1
69 1
69 1
69 1
67 1
64 1
67 1
67 1
67 1
69 1
71 2
0 2
69 1
69 1
69 1
67 1
69 2
0 1
64 1
69 1
69 1
69 1
67 1
69 2
0 2
67 1
67 1
67 1
67 1
67 1
69 2
0 1
66 1
64 1
66 4
64 1
64 1
71 1
71 1
0 1
71 1
69 1
71 1
0 1
71 1
71 1
0 1
69 1
67 1
64 2
0 2
76 1
76 2
76 1
74 1
0 1
71 1
69 1
71 4
0 2
64 1
64 1
69 1
69 1
0 1
69 1
67 1
69 1
0 1
69 1
71 1
69 1
67 1
66 1
64 2
0 2
69 1
69 1
0 1
67 1
76 2
74 2
71 5
0 1
64 1
64 1
71 1
71 1
0 1
71 1
69 1
71 1
0 1
71 1
69 1
71 1
67 1
66 1
64 2
0 2
76 1
76 1
76 1
76 1
78 1
0 1
74 2
71 4
0 2
64 1
64 1
69 1
69 1
0 1
69 1
67 1
69 1
0 1
69 1
71 1
69 1
67 1
66 1
64 2
0 2
66 1
66 1
0 1
67 1
66 2
64 1
66 5
0 2
67 1
66 1
64 6
0 56
64 1
66 1
67 3
0 5
64 6
0 2
67 3
0 1
66 3
0 1
67 6
71 1
74 1
76 3
0 1
76 2
0 1
71 1
71 2
69 4
69 1
71 1
72 5
74 1
71 1
69 1
71 4
0 2
66 1
66 1
73 1
73 1
0 1
73 1
71 1
73 1
0 1
73 1
73 1
0 1
71 1
69 1
66 2
0 2
78 1
78 2
78 1
76 1
0 1
73 1
71 1
73 4
0 2
66 1
66 1
71 1
71 1
0 1
71 1
69 1
71 1
0 1
71 1
73 1
71 1
69 1
68 1
66 2
0 2
71 1
71 1
0 1
69 1
78 2
76 2
73 5
0 1
66 1
66 1
73 1
73 1
0 1
73 1
71 1
73 1
0 1
73 1
71 1
73 1
69 1
68 1
66 2
0 2
78 1
78 1
78 1
78 1
80 1
0 1
76 2
73 4
0 2
66 1
66 1
71 1
71 1
0 1
71 1
69 1
71 1
0 1
71 1
73 1
71 1
69 1
68 1
66 2
0 2
68 1
68 1
0 1
69 1
68 2
66 1
68 5
0 14
69 2
66 8
