F#:maj [1, 6, 10] 6 4
C#:maj [1, 5, 8] 1 4
F#:maj [1, 6, 10] 6 4
C#:maj [1, 5, 8] 1 4
F#:maj [1, 6, 10] 6 4
C#:maj [1, 5, 8] 1 4
F#:maj [1, 6, 10] 6 4
C#:maj [1, 5, 8] 1 4
B:maj [3, 6, 11] 11 4
F#:maj [1, 6, 10] 6 4
B:maj [3, 6, 11] 11 4
Ab:maj [0, 3, 8] 8 4
C#:maj [1, 5, 8] 1 2
Eb:min [3, 6, 10] 3 2
Ab:maj [0, 3, 8] 8 2
C#:maj [1, 5, 8] 1 2
Bb:min [1, 5, 10] 10 2
Eb:maj [3, 7, 10] 3 4
Ab:maj [0, 3, 8] 8 2
C#:maj [1, 5, 8] 1 2
Eb:min [3, 6, 10] 3 2
Ab:maj [0, 3, 8] 8 2
C#:maj [1, 5, 8] 1 2
Bb:min [1, 5, 10] 10 2
Eb:maj [3, 7, 10] 3 4
Ab:maj [0, 3, 8] 8 6
F#:maj [1, 6, 10] 6 4
C#:maj [1, 5, 8] 1 4
F#:maj [1, 6, 10] 6 4
C#:maj [1, 5, 8] 1 4
B:maj [3, 6, 11] 11 4
F#:maj [1, 6, 10] 6 4
B:maj [3, 6, 11] 11 4
Ab:maj [0, 3, 8] 8 4
C#:maj [1, 5, 8] 1 2
Eb:min [3, 6, 10] 3 2
Ab:maj [0, 3, 8] 8 2
C#:maj [1, 5, 8] 1 2
Bb:min [1, 5, 10] 10 2
Eb:maj [3, 7, 10] 3 4
Ab:maj [0, 3, 8] 8 2
C#:maj [1, 5, 8] 1 2
Eb:min [3, 6, 10] 3 2
Ab:maj [0, 3, 8] 8 2
C#:maj [1, 5, 8] 1 2
Bb:min [1, 5, 10] 10 2
Eb:maj [3, 7, 10] 3 4
Ab:maj [0, 3, 8] 8 2
C#:maj [1, 5, 8] 1 2
Eb:min [3, 6, 10] 3 2
Ab:maj [0, 3, 8] 8 2
C#:maj [1, 5, 8] 1 2
Bb:min [1, 5, 10] 10 2
Eb:maj [3, 7, 10] 3 4
Ab:maj [0, 3, 8] 8 2
C#:maj [1, 5, 8] 1 2
Eb:min [3, 6, 10] 3 2
Ab:maj [0, 3, 8] 8 2
C#:maj [1, 5, 8] 1 2
Bb:min [1, 5, 10] 10 2
Eb:maj [3, 7, 10] 3 4
Ab:maj [0, 3, 8] 8 3
Ab:7/b7 [0, 3, 6, 8] 6 4
C#:maj [1, 5, 8] 1 4
F#:sus2 [1, 6, 8] 6 4
F#:maj [1, 6, 10] 6 1
C#:sus2 [1, 3, 8] 1 3
