0 65
73 1
73 1
73 1
73 1
70 1
73 1
70 1
73 1
77 1
77 1
0 2
75 2
73 1
75 1
75 1
75 1
75 1
75 1
77 1
75 1
68 3
0 7
73 1
73 1
73 1
73 1
70 1
73 1
70 1
73 1
80 2
80 1
0 1
77 1
75 1
73 1
75 1
75 1
75 1
73 1
75 1
80 1
0 1
77 5
0 5
75 1
75 1
75 1
75 1
0 1
75 1
75 1
75 1
75 1
73 1
77 1
0 1
75 1
77 1
75 1
0 1
70 1
73 1
70 1
73 1
70 1
73 1
77 2
73 3
0 5
75 1
75 1
75 1
75 1
75 1
0 1
75 1
75 1
77 1
0 1
75 1
0 1
77 1
75 1
73 1
75 1
75 1
75 1
75 1
75 1
73 1
75 1
80 2
75 7
0 1
73 1
73 1
73 1
73 1
80 1
80 1
80 1
80 1
75 1
75 1
73 1
0 1
77 1
75 1
73 1
75 1
75 1
75 1
75 1
75 1
77 1
78 1
78 2
77 6
0 2
73 1
73 1
73 1
73 1
73 1
73 1
77 2
73 2
70 1
0 1
77 1
73 1
70 1
73 1
73 1
73 1
73 1
73 1
73 1
73 1
80 2
77 2
75 3
0 3
73 1
73 1
73 1
73 1
80 1
80 1
80 1
80 1
75 1
75 1
73 1
0 1
77 1
75 1
73 1
75 1
75 1
75 1
75 1
75 1
77 1
78 1
78 2
77 6
0 2
73 1
73 1
73 1
73 1
82 1
82 1
84 2
82 1
77 1
73 1
0 1
70 1
73 1
75 1
77 1
73 1
73 4
0 1
80 1
80 1
0 1
77 2
75 2
75 2
73 8
0 8
0 1
73 1
73 1
73 1
73 1
70 1
73 1
70 1
73 1
77 1
77 1
0 2
75 2
73 1
75 1
75 1
75 1
75 1
75 1
77 1
75 1
68 3
0 7
73 1
73 1
73 1
73 1
70 1
73 1
70 1
73 1
80 2
80 1
0 1
77 1
75 1
73 1
75 1
75 1
75 1
73 1
75 1
80 1
0 1
77 5
0 5
75 1
75 1
75 1
75 1
0 1
75 1
75 1
75 1
75 1
73 1
77 1
0 1
75 1
77 1
75 1
0 1
70 1
73 1
70 1
73 1
70 1
73 1
77 2
73 3
0 5
75 1
75 1
75 1
75 1
75 1
0 1
75 1
75 1
77 1
0 1
75 1
0 1
77 1
75 1
73 1
75 1
75 1
75 1
75 1
75 1
73 1
75 1
80 2
75 7
0 1
73 1
73 1
73 1
73 1
80 1
80 1
80 1
80 1
75 1
75 1
73 1
0 1
77 1
75 1
73 1
75 1
75 1
75 1
75 1
75 1
77 1
78 1
78 2
77 6
0 2
73 1
73 1
73 1
73 1
73 1
73 1
77 2
73 2
70 1
0 1
77 1
73 1
70 1
73 1
73 1
73 1
73 1
73 1
73 1
73 1
80 2
77 2
75 3
0 3
73 1
73 1
73 1
73 1
80 1
80 1
80 1
80 1
75 1
75 1
73 1
0 1
77 1
75 1
73 1
75 1
75 1
75 1
75 1
75 1
77 1
78 1
78 2
77 6
0 2
73 1
73 1
73 1
73 1
82 1
82 1
84 2
82 1
77 1
73 1
0 1
70 1
73 1
75 1
77 1
73 1
73 4
0 1
80 1
80 1
0 1
77 2
75 2
75 2
73 8
0 25
73 1
73 1
73 1
73 1
73 1
73 1
77 2
73 2
70 1
0 1
77 1
73 1
70 1
73 1
73 1
73 1
73 1
73 1
73 1
73 1
80 2
77 2
75 3
0 3
73 1
73 1
73 1
73 1
80 1
80 1
80 1
80 1
75 1
75 1
73 1
0 1
77 1
75 1
73 1
75 1
75 1
75 1
75 1
75 1
77 1
78 1
78 2
77 6
0 2
73 1
73 1
73 1
73 1
82 1
82 1
84 2
82 1
77 1
73 1
0 1
70 1
73 1
75 1
77 1
73 1
73 4
0 1
80 1
80 1
0 1
77 2
75 2
75 2
73 8
