F#:min [1, 6, 9] 6 2
E:maj [4, 8, 11] 4 2
D:maj [2, 6, 9] 2 2
C#:min [1, 4, 8] 1 2
B:min [2, 6, 11] 11 2
A:maj [1, 4, 9] 9 2
B:min [2, 6, 11] 11 2
C#:sus4 [1, 6, 8] 1 6
F#:min [1, 6, 9] 6 2
C#:min [1, 4, 8] 1 2
D:maj [2, 6, 9] 2 2
E:maj [4, 8, 11] 4 2
F#:min [1, 6, 9] 6 2
C#:min [1, 4, 8] 1 2
B:min7 [2, 6, 9, 11] 11 2
E:maj [4, 8, 11] 4 4
A:maj [1, 4, 9] 9 2
B:min [2, 6, 11] 11 2
C#:min [1, 4, 8] 1 2
D:maj [2, 6, 9] 2 1
E:maj [4, 8, 11] 4 1
F#:min [1, 6, 9] 6 2
C#:min [1, 4, 8] 1 2
B:min [2, 6, 11] 11 2
C#:maj [1, 5, 8] 1 2
F#:min [1, 6, 9] 6 2
C#:maj [1, 5, 8] 1 2
D:maj [2, 6, 9] 2 2
A:maj [1, 4, 9] 9 2
Ab:dim [2, 8, 11] 8 2
C#:maj [1, 5, 8] 1 2
F#:min [1, 6, 9] 6 2
D:maj [2, 6, 9] 2 2
A:maj [1, 4, 9] 9 2
B:min [2, 6, 11] 11 2
C#:maj [1, 5, 8] 1 4
F#:min [1, 6, 9] 6 2
B:min [2, 6, 11] 11 2
E:maj [4, 8, 11] 4 2
A:maj [1, 4, 9] 9 2
D:maj [2, 6, 9] 2 2
B:min [2, 6, 11] 11 2
C#:maj [1, 5, 8] 1 4
F#:min [1, 6, 9] 6 2
B:min [2, 6, 11] 11 2
E:maj [4, 8, 11] 4 2
C#:min [1, 4, 8] 1 2
B:min [2, 6, 11] 11 2
C#:maj [1, 5, 8] 1 2
F#:min [1, 6, 9] 6 6
C#:min [1, 4, 8] 1 2
D:maj [2, 6, 9] 2 2
E:maj [4, 8, 11] 4 2
F#:min [1, 6, 9] 6 2
C#:min [1, 4, 8] 1 2
B:min [2, 6, 11] 11 2
E:maj [4, 8, 11] 4 2
A:maj [1, 4, 9] 9 2
B:min [2, 6, 11] 11 2
C#:min [1, 4, 8] 1 2
D:maj [2, 6, 9] 2 1
E:maj [4, 8, 11] 4 1
F#:min [1, 6, 9] 6 2
C#:min [1, 4, 8] 1 2
B:min [2, 6, 11] 11 2
C#:maj [1, 5, 8] 1 2
F#:min [1, 6, 9] 6 2
C#:maj [1, 5, 8] 1 2
D:maj [2, 6, 9] 2 2
A:maj [1, 4, 9] 9 2
Ab:dim [2, 8, 11] 8 2
C#:maj [1, 5, 8] 1 2
F#:min [1, 6, 9] 6 2
D:maj [2, 6, 9] 2 2
A:maj [1, 4, 9] 9 2
B:min [2, 6, 11] 11 2
C#:maj [1, 5, 8] 1 4
F#:min [1, 6, 9] 6 2
B:min [2, 6, 11] 11 2
E:maj [4, 8, 11] 4 2
A:maj [1, 4, 9] 9 2
D:maj [2, 6, 9] 2 2
B:min [2, 6, 11] 11 2
C#:maj [1, 5, 8] 1 4
F#:min [1, 6, 9] 6 2
B:min [2, 6, 11] 11 2
E:maj [4, 8, 11] 4 1
D:maj [2, 6, 9] 2 1
C#:min [1, 4, 8] 1 2
B:min [2, 6, 11] 11 2
C#:maj [1, 5, 8] 1 2
F#:min [1, 6, 9] 6 4
B:min [2, 6, 11] 11 2
E:maj [4, 8, 11] 4 2
A:maj [1, 4, 9] 9 2
F#:maj [1, 6, 10] 6 2
B:min [2, 6, 11] 11 4
C#:maj [1, 5, 8] 1 4
F#:min [1, 6, 9] 6 2
B:min [2, 6, 11] 11 2
E:maj [4, 8, 11] 4 2
A:maj [1, 4, 9] 9 2
D:maj [2, 6, 9] 2 2
B:min [2, 6, 11] 11 2
C#:maj [1, 5, 8] 1 4
F#:min [1, 6, 9] 6 2
B:min [2, 6, 11] 11 2
E:maj [4, 8, 11] 4 1
D:maj [2, 6, 9] 2 1
C#:min [1, 4, 8] 1 2
B:min [2, 6, 11] 11 2
C#:maj [1, 5, 8] 1 2
F#:min [1, 6, 9] 6 4
B:min [2, 6, 11] 11 2
C#:maj [1, 5, 8] 1 2
F#:min [1, 6, 9] 6 4
