E:maj [4, 8, 11] 4 8 
B:maj/3 [3, 6, 11] 3 8 
C#:maj [1, 5, 8] 1 8 
B:maj [3, 6, 11] 11 8 
E:maj/5 [4, 8, 11] 11 8 
B:maj/3 [3, 6, 11] 3 8 
C#:maj [1, 5, 8] 1 8 
B:maj [3, 6, 11] 11 8 
E:maj/5 [4, 8, 11] 11 8 
B:maj/3 [3, 6, 11] 3 8 
C#:maj [1, 5, 8] 1 8 
B:maj [3, 6, 11] 11 8 
E:maj [4, 8, 11] 4 4 
B:maj/3 [3, 6, 11] 3 4 
C#:min [1, 4, 8] 1 4 
B:maj [3, 6, 11] 11 4 
A:maj [1, 4, 9] 9 4 
E:maj [4, 8, 11] 4 4 
F#:min7 [1, 4, 6, 9] 6 4 
B:maj [3, 6, 11] 11 4 
E:maj [4, 8, 11] 4 4 
B:maj/3 [3, 6, 11] 3 4 
C#:min7 [1, 4, 8, 11] 1 4 
Ab:min7 [3, 6, 8, 11] 8 4 
A:maj [1, 4, 9] 9 4 
E:maj [4, 8, 11] 4 4 
F#:min7 [1, 4, 6, 9] 6 2 
B:maj [3, 6, 11] 11 2 
E:maj [4, 8, 11] 4 12 
B:maj/3 [3, 6, 11] 3 4 
C#:min7 [1, 4, 8, 11] 1 4 
E:maj/5 [4, 8, 11] 11 4 
A:sus2 [4, 9, 11] 9 4 
E:maj/3 [4, 8, 11] 8 4 
F#:min7 [1, 4, 6, 9] 6 2 
A:maj [1, 4, 9] 9 2 
B:maj [3, 6, 11] 11 4 
E:sus2 [4, 6, 11] 4 3 
E:maj(9) [2, 4, 6, 8, 11] 4 1 
B:maj/3 [3, 6, 11] 3 4 
C#:min7 [1, 4, 8, 11] 1 4 
E:maj/5 [4, 8, 11] 11 4 
A:sus2 [4, 9, 11] 9 4 
E:maj/3 [4, 8, 11] 8 4 
F#:min7 [1, 4, 6, 9] 6 2 
B:sus4(b7) [4, 6, 11] 11 2 
E:sus2 [4, 6, 11] 4 3 
E:maj/3 [4, 8, 11] 8 4 
E:maj [4, 8, 11] 4 1 
A:maj7 [1, 4, 7, 9] 9 2 
B:sus4 [4, 6, 11] 11 2 
E:maj [4, 8, 11] 4 4 
A:maj [1, 4, 9] 9 2 
B:maj [3, 6, 11] 11 2 
E:maj [4, 8, 11] 4 3 
E:sus2 [4, 6, 11] 4 1 
A:maj [1, 4, 9] 9 2 
B:maj [3, 6, 11] 11 2 
E:maj [4, 8, 11] 4 4 
A:maj7 [1, 4, 7, 9] 9 8 
B:sus4 [4, 6, 11] 11 7 
E:maj [4, 8, 11] 4 5 
B:maj/3 [3, 6, 11] 3 4 
A:sus2 [4, 9, 11] 9 2 
B:sus4 [4, 6, 11] 11 2 
E:maj [4, 8, 11] 4 8 
Ab:min7 [3, 6, 8, 11] 8 4 
A:maj [1, 4, 9] 9 2 
B:maj [3, 6, 11] 11 2 
E:maj7 [2, 4, 8, 11] 4 4 
A:maj7 [1, 4, 7, 9] 9 3 
A:maj [1, 4, 9] 9 1 
E:maj [4, 8, 11] 4 4 
A:maj7 [1, 4, 7, 9] 9 2 
B:sus4 [4, 6, 11] 11 2 
E:maj [4, 8, 11] 4 4 
A:sus2 [4, 9, 11] 9 2 
B:sus4 [4, 6, 11] 11 2 
E:maj [4, 8, 11] 4 4 
A:maj [1, 4, 9] 9 4 
A:maj(9) [1, 4, 7, 9, 11] 9 4 
B:sus4 [4, 6, 11] 11 8 
E:maj [4, 8, 11] 4 8 
B:maj/3 [3, 6, 11] 3 8 
C#:min [1, 4, 8] 1 8 
B:maj [3, 6, 11] 11 8 
E:maj [4, 8, 11] 4 8 
B:maj/3 [3, 6, 11] 3 8 
A:maj [1, 4, 9] 9 8 
B:maj [3, 6, 11] 11 8 
E:sus2 [4, 6, 11] 4 4 
B:maj/3 [3, 6, 11] 3 4 
C#:min7 [1, 4, 8, 11] 1 4 
Ab:min7 [3, 6, 8, 11] 8 4 
A:maj [1, 4, 9] 9 3 
A:maj(9) [1, 4, 7, 9, 11] 9 1 
E:maj [4, 8, 11] 4 4 
F#:min7 [1, 4, 6, 9] 6 4 
B:sus4 [4, 6, 11] 11 4 
E:maj [4, 8, 11] 4 4 
B:maj/3 [3, 6, 11] 3 4 
C#:min7 [1, 4, 8, 11] 1 4 
Ab:min7 [3, 6, 8, 11] 8 4 
A:maj [1, 4, 9] 9 4 
E:maj [4, 8, 11] 4 4 
F#:min7 [1, 4, 6, 9] 6 2 
Ab:min/b3 [3, 8, 11] 11 2 
E:maj [4, 8, 11] 4 4 
A:maj7 [1, 4, 7, 9] 9 2 
B:sus4 [4, 6, 11] 11 2 
E:maj [4, 8, 11] 4 4 
A:maj [1, 4, 9] 9 2 
B:maj [3, 6, 11] 11 2 
E:maj [4, 8, 11] 4 3 
E:sus2 [4, 6, 11] 4 1 
A:maj [1, 4, 9] 9 2 
B:maj [3, 6, 11] 11 2 
E:maj [4, 8, 11] 4 4 
A:maj7 [1, 4, 7, 9] 9 8 
B:sus4 [4, 6, 11] 11 7 
E:maj [4, 8, 11] 4 5 
B:maj/3 [3, 6, 11] 3 4 
A:sus2 [4, 9, 11] 9 2 
B:sus4 [4, 6, 11] 11 2 
E:maj [4, 8, 11] 4 8 
Ab:min7 [3, 6, 8, 11] 8 4 
A:maj [1, 4, 9] 9 2 
B:maj [3, 6, 11] 11 2 
E:maj7 [2, 4, 8, 11] 4 4 
A:maj7 [1, 4, 7, 9] 9 2 
A:sus2 [4, 9, 11] 9 1 
E:maj/5 [4, 8, 11] 11 1 
E:maj [4, 8, 11] 4 4 
A:maj7 [1, 4, 7, 9] 9 2 
B:sus4 [4, 6, 11] 11 2 
E:maj [4, 8, 11] 4 4 
A:sus2 [4, 9, 11] 9 2 
B:sus4 [4, 6, 11] 11 2 
E:maj [4, 8, 11] 4 4 
A:maj [1, 4, 9] 9 2 
B:maj6 [3, 6, 8, 11] 11 2 
E:maj [4, 8, 11] 4 4 
A:maj [1, 4, 9] 9 2 
B:maj [3, 6, 11] 11 2 
E:maj [4, 8, 11] 4 4 
A:maj [1, 4, 9] 9 2 
B:maj [3, 6, 11] 11 2 
E:sus2 [4, 6, 11] 4 4 
E:maj [4, 8, 11] 4 4 
