0 384
68 3
68 3
68 2
71 2
71 8
66 3
0 1
66 2
71 3
71 5
64 4
64 2
61 2
64 2
71 4
68 16
59 2
61 2
61 4
64 4
64 2
64 2
61 2
59 2
59 4
59 2
68 2
64 5
66 7
64 2
61 4
68 2
66 22
68 2
68 2
71 2
73 4
68 2
66 2
66 2
66 2
66 2
71 2
71 2
71 1
71 3
64 5
0 1
64 4
61 2
71 2
68 16
59 2
61 2
61 3
0 1
61 2
64 2
66 4
61 2
59 3
59 3
59 2
68 2
64 4
59 2
66 4
66 6
66 4
63 4
64 30
68 3
68 3
68 2
71 2
73 4
71 4
66 4
66 2
71 2
71 5
0 1
64 4
64 1
0 1
61 2
64 2
71 4
68 17
59 1
61 2
0 1
61 3
61 2
64 2
66 4
61 2
59 3
59 3
59 2
68 3
68 3
64 2
66 3
66 3
64 2
61 2
68 4
66 22
68 2
68 2
71 2
71 4
68 2
66 2
66 2
66 2
66 2
71 2
0 2
71 2
71 2
64 2
64 2
64 2
61 2
64 2
71 4
68 18
61 3
61 3
61 2
64 3
64 5
59 3
59 3
59 2
64 3
64 5
68 4
66 6
61 2
64 3
64 33
61 8
64 4
71 2
68 16
59 2
61 2
64 2
64 2
64 2
64 2
61 2
59 2
71 4
68 14
61 7
0 1
64 4
71 2
68 16
59 2
61 2
64 2
64 2
64 1
0 1
64 14
64 2
64 2
61 2
68 2
66 34
76 6
71 4
71 4
71 2
73 6
71 6
71 2
71 2
64 4
64 2
61 2
64 2
71 4
68 24
59 2
76 2
71 4
73 4
71 4
71 6
71 2
71 2
61 4
64 4
64 2
66 4
64 18
61 8
64 4
71 2
68 14
59 2
59 2
61 2
64 2
64 2
61 2
59 2
71 4
68 18
61 8
64 4
71 3
0 1
68 14
59 2
61 2
64 2
64 2
64 2
64 2
64 2
64 12
64 2
61 2
68 2
66 49
0 242
68 2
68 3
0 1
71 3
0 1
71 3
68 2
66 3
66 3
71 4
71 6
64 4
64 2
61 2
64 2
71 4
68 18
61 3
61 3
61 2
64 2
66 4
61 2
59 2
59 4
68 4
68 2
66 2
64 2
66 4
66 2
64 2
61 2
68 4
66 18
68 2
0 1
68 2
0 1
68 2
71 2
0 1
71 5
66 4
66 2
71 4
71 6
64 4
64 2
61 2
64 2
71 4
68 16
59 2
61 3
61 3
61 2
64 3
64 3
61 2
59 4
59 2
68 4
64 6
66 4
66 2
64 2
61 2
64 3
0 1
64 18
61 8
64 4
71 4
68 14
59 2
61 2
64 1
0 1
64 2
61 2
59 2
71 4
68 18
61 8
64 4
71 4
68 12
59 2
59 2
61 2
64 2
64 2
64 2
64 12
64 2
64 2
64 2
61 2
68 2
66 34
76 6
71 4
71 4
71 2
73 6
71 4
71 2
71 2
71 2
64 3
0 1
64 2
61 2
64 2
71 4
68 24
59 2
76 2
71 4
73 4
71 4
71 2
71 2
71 2
71 2
71 2
61 4
64 4
64 2
66 4
64 19
61 7
64 4
71 2
68 18
61 8
64 4
71 3
68 10
66 1
68 2
66 2
64 2
61 8
64 2
71 4
68 18
61 8
64 4
71 2
68 10
66 2
68 2
66 2
64 2
61 8
64 4
71 2
68 18
61 8
64 4
71 2
68 10
66 2
68 2
66 2
64 2
61 8
64 4
71 2
68 18
