0 72
67 1
67 1
67 1
70 2
72 2
0 1
72 2
70 1
68 12
0 9
67 1
67 1
67 1
70 2
72 2
72 2
0 1
70 1
68 8
0 3
72 1
74 1
74 1
0 1
75 1
75 3
67 2
72 2
70 1
0 1
70 1
0 1
70 1
0 1
68 11
0 3
72 1
74 1
74 1
0 1
75 1
75 2
0 1
77 2
74 2
72 1
72 1
0 1
70 2
0 1
68 13
0 1
67 1
0 1
65 9
0 3
77 1
79 1
77 1
75 1
72 2
77 1
0 1
77 6
0 2
77 1
79 1
77 1
75 1
70 2
77 2
77 2
74 1
0 1
75 4
0 2
75 1
77 1
79 2
80 1
80 1
0 1
72 2
0 1
75 2
74 2
72 1
0 1
74 2
70 9
0 3
77 1
79 1
77 1
75 1
75 1
0 1
72 1
0 1
77 1
79 1
77 1
75 1
75 1
0 1
72 2
77 1
79 1
77 1
75 1
75 1
0 1
70 1
0 1
77 2
74 1
0 1
75 5
0 1
70 1
67 1
68 2
75 1
75 3
72 1
74 1
75 2
74 2
75 1
0 1
77 2
77 9
0 3
77 1
79 1
77 1
75 1
72 1
0 1
77 1
0 1
77 5
0 3
77 1
79 1
77 1
75 1
70 1
0 1
77 1
0 1
77 2
74 1
75 6
0 1
75 1
77 1
79 1
0 1
80 1
80 1
0 1
72 2
0 1
74 2
72 1
70 2
74 2
0 1
70 12
77 1
79 1
77 1
75 1
75 1
0 1
72 1
0 1
77 1
79 1
77 1
75 1
75 1
0 1
72 2
77 1
79 1
77 1
75 1
75 1
0 1
70 1
0 1
82 2
74 1
0 1
75 5
0 1
70 1
67 1
68 1
0 1
75 1
75 3
0 1
79 1
80 1
79 2
77 1
75 2
0 1
74 2
75 16
0 7
67 1
67 1
67 1
70 2
72 2
0 1
72 2
70 1
68 12
0 9
67 1
67 1
67 1
70 2
72 2
72 2
0 1
70 1
68 8
0 3
72 1
74 1
74 1
0 1
75 1
75 3
67 2
74 2
72 1
0 1
70 1
0 1
70 1
0 1
68 11
0 3
72 1
74 1
74 1
0 1
75 1
75 2
0 1
77 2
74 2
72 1
72 1
0 1
70 2
0 1
68 13
0 1
67 1
0 1
65 9
0 3
77 1
79 1
77 1
75 1
72 2
77 1
0 1
77 6
0 2
77 1
79 1
77 1
75 1
70 2
77 2
77 2
74 1
0 1
75 4
0 2
75 1
77 1
79 2
80 1
80 1
0 1
72 2
0 1
75 2
74 2
72 1
0 1
74 2
70 9
0 3
77 1
79 1
77 1
75 1
75 1
0 1
72 1
0 1
77 1
79 1
77 1
75 1
75 1
0 1
72 2
77 1
79 1
77 1
75 1
75 1
0 1
70 1
0 1
77 2
74 1
0 1
75 5
0 1
70 1
67 1
68 2
75 1
75 3
72 1
74 1
75 2
74 2
75 1
0 1
77 2
77 9
0 3
77 1
79 1
77 1
75 1
72 1
0 1
77 1
0 1
77 5
0 3
77 1
79 1
77 1
75 1
70 1
0 1
77 1
0 1
77 2
74 1
75 6
0 1
75 1
77 1
79 1
0 1
80 1
80 1
0 1
72 2
0 1
74 2
72 1
70 2
74 2
0 1
70 12
77 1
79 1
77 1
75 1
75 1
0 1
72 1
0 1
77 1
79 1
77 1
75 1
75 1
0 1
72 2
77 1
79 1
77 1
75 1
75 1
0 1
70 1
0 1
82 2
74 1
0 1
75 5
0 1
70 1
67 1
68 1
0 1
75 1
75 3
0 1
79 1
80 1
79 2
77 1
75 2
0 1
74 2
75 16
0 47
72 1
74 1
75 1
0 1
75 1
0 1
72 1
74 1
75 1
0 1
77 5
0 1
74 1
75 1
77 1
0 1
77 1
0 1
74 1
75 1
77 1
0 1
79 5
0 1
80 2
79 2
75 2
80 2
79 2
75 2
80 2
79 2
77 8
0 13
80 1
78 1
76 1
73 1
0 1
78 1
0 1
78 5
0 3
78 1
80 1
78 1
76 1
71 1
0 1
78 1
0 1
78 2
75 1
76 6
0 1
76 1
78 1
80 1
0 1
81 1
81 1
0 1
73 2
0 1
75 2
73 1
71 2
75 2
0 1
71 12
78 1
80 1
78 1
76 1
76 1
0 1
73 1
0 1
78 1
80 1
78 1
76 1
76 1
0 1
73 2
78 1
80 1
78 1
76 1
76 1
0 1
71 1
0 1
83 2
75 1
0 1
76 5
0 1
71 1
68 1
69 1
0 1
76 1
76 3
0 1
80 1
81 1
80 2
78 1
76 2
0 1
75 2
76 11
78 1
80 1
78 1
76 1
76 1
0 1
73 1
0 1
78 1
80 1
78 1
76 1
76 1
0 1
73 2
78 1
80 1
78 1
76 1
76 1
0 1
71 1
0 1
83 2
75 1
0 1
76 5
0 1
71 1
68 1
69 1
0 1
76 1
76 3
0 1
80 1
81 1
80 2
78 1
76 12
75 2
76 18
