0 18
72 2
70 1
0 1
68 1
63 2
0 1
72 2
70 2
68 1
70 2
63 1
72 1
0 1
70 1
0 1
68 1
68 1
0 1
63 1
72 1
75 1
70 1
72 1
68 2
0 2
68 1
70 1
70 1
68 1
68 1
63 1
0 2
68 1
70 1
70 1
68 1
68 1
68 1
0 2
68 1
65 1
68 1
70 1
68 1
73 2
72 2
68 2
65 1
0 1
63 2
0 1
72 2
70 1
0 1
68 1
63 2
0 1
72 2
70 2
68 1
70 2
63 1
72 1
0 1
70 1
0 1
68 1
68 1
0 1
63 1
72 1
75 1
70 1
72 1
68 2
77 2
75 1
0 1
68 2
65 1
77 2
75 2
68 2
68 1
70 1
72 1
73 1
0 1
72 2
70 1
0 1
68 1
77 2
79 2
75 4
0 1
68 1
63 1
0 2
68 1
63 1
0 2
75 1
0 1
72 1
70 2
68 1
65 1
68 1
68 1
65 1
0 2
68 1
65 1
0 2
75 1
0 1
70 1
70 1
0 1
68 1
65 1
68 2
0 1
65 1
68 1
0 1
70 1
0 1
63 2
72 1
0 1
72 2
70 1
68 1
65 1
0 2
68 1
65 1
68 2
65 1
77 1
0 1
75 2
68 1
0 1
70 2
0 1
68 1
63 1
0 2
68 1
63 1
0 2
75 1
0 1
72 1
70 2
68 1
65 1
68 1
68 1
65 1
0 2
68 1
65 1
0 2
75 1
0 1
70 1
70 1
0 1
68 1
65 1
77 3
0 2
78 2
77 1
77 2
75 2
0 2
68 1
70 1
72 1
73 1
72 1
70 1
68 2
0 1
73 1
72 1
75 2
77 1
0 1
70 1
0 1
70 5
0 1
68 6
0 54
0 2
72 2
70 1
0 1
68 1
63 2
0 1
72 2
70 2
68 1
70 2
63 1
72 1
0 1
70 1
0 1
68 1
68 1
0 1
63 1
72 1
75 1
70 1
72 1
68 2
0 2
68 1
70 1
70 1
68 1
68 1
63 1
0 2
68 1
70 1
70 1
68 1
68 1
68 1
0 2
68 1
65 1
68 1
70 1
68 1
73 2
72 2
68 2
65 1
0 1
63 2
0 1
72 2
70 1
0 1
68 1
63 2
0 1
72 2
70 2
68 1
70 2
63 1
72 1
0 1
70 1
0 1
68 1
68 1
0 1
63 1
72 1
75 1
70 1
72 1
68 2
77 2
75 1
0 1
68 2
65 1
77 2
75 2
68 2
68 1
70 1
72 1
73 1
0 1
72 2
70 1
0 1
68 1
77 2
79 2
75 4
0 1
68 1
63 1
0 2
68 1
63 1
0 2
75 1
0 1
72 1
70 2
68 1
65 1
68 1
68 1
65 1
0 2
68 1
65 1
0 2
75 1
0 1
70 1
70 1
0 1
68 1
65 1
68 2
0 1
65 1
68 1
0 1
70 1
0 1
63 2
72 1
0 1
72 2
70 1
68 1
65 1
0 2
68 1
65 1
68 2
65 1
77 1
0 1
75 2
68 1
0 1
70 2
0 1
68 1
63 1
0 2
68 1
63 1
0 2
75 1
0 1
72 1
70 2
68 1
65 1
68 1
68 1
65 1
0 2
68 1
65 1
0 2
75 1
0 1
70 1
70 1
0 1
68 1
65 1
77 3
0 2
78 2
77 1
77 2
75 2
0 2
68 1
70 1
72 1
73 1
72 1
70 1
68 2
0 1
73 1
72 1
75 2
77 1
0 1
70 1
0 1
70 2
68 1
63 1
0 2
68 1
63 1
0 2
75 1
0 1
72 1
70 2
68 1
65 1
68 1
68 1
65 1
0 2
68 1
65 1
0 2
75 1
0 1
70 1
70 1
0 1
68 1
65 1
68 2
0 1
65 1
68 1
0 1
70 1
0 1
63 2
72 1
0 1
72 2
70 1
68 1
65 1
0 2
68 1
65 1
68 2
65 1
77 1
0 1
75 2
68 1
0 1
70 2
0 1
68 1
63 1
0 2
68 1
63 1
0 2
75 1
0 1
72 1
70 2
68 1
65 1
68 1
68 1
65 1
0 2
68 1
65 1
0 2
75 1
0 1
70 1
70 1
0 1
68 1
65 1
77 3
0 2
78 2
77 1
77 2
75 2
0 2
68 1
70 1
72 1
73 1
72 1
70 1
68 2
0 1
73 1
72 1
75 2
77 1
0 1
70 1
0 1
70 5
0 1
68 6
