E:maj [4, 8, 11] 4 2 
B:maj [3, 6, 11] 11 2 
E:maj [4, 8, 11] 4 6 
B:maj [3, 6, 11] 11 2 
E:maj [4, 8, 11] 4 3 
B:maj [3, 6, 11] 11 1 
E:maj [4, 8, 11] 4 2 
Ab:min/b3 [3, 8, 11] 11 2 
A:sus2 [4, 9, 11] 9 2 
E:maj [4, 8, 11] 4 4 
Ab:min/b3 [3, 8, 11] 11 2 
A:maj [1, 4, 9] 9 4 
E:maj [4, 8, 11] 4 2 
B:maj [3, 6, 11] 11 2 
A:maj [1, 4, 9] 9 2 
E:maj [4, 8, 11] 4 2 
A:maj/3 [1, 4, 9] 1 2 
B:maj [3, 6, 11] 11 2 
Eb:min [3, 6, 10] 3 2 
E:maj [4, 8, 11] 4 4 
F#:min/b3 [1, 6, 9] 9 2 
Ab:min/b3 [3, 8, 11] 11 2 
E:maj [4, 8, 11] 4 2 
A:maj/3 [1, 4, 9] 1 2 
F#:min/b3 [1, 6, 9] 9 2 
Ab:min/b3 [3, 8, 11] 11 2 
E:maj [4, 8, 11] 4 2 
C#:maj [1, 5, 8] 1 2 
Ab:min [3, 8, 11] 8 2 
A:maj [1, 4, 9] 9 2 
Ab:min [3, 8, 11] 8 2 
C#:maj [1, 5, 8] 1 2 
Ab:min7 [3, 6, 8, 11] 8 2 
A:maj [1, 4, 9] 9 2 
B:maj [3, 6, 11] 11 5 
C#:min/b3 [1, 4, 8] 4 1 
C#:min [1, 4, 8] 1 2 
B:maj [3, 6, 11] 11 2 
Ab:min [3, 8, 11] 8 2 
C#:min [1, 4, 8] 1 2 
F#:min [1, 6, 9] 6 2 
B:maj [3, 6, 11] 11 2 
Ab:min [3, 8, 11] 8 4 
C#:min [1, 4, 8] 1 2 
B:maj [3, 6, 11] 11 2 
Ab:min [3, 8, 11] 8 2 
C#:min [1, 4, 8] 1 2 
F#:min [1, 6, 9] 6 2 
B:maj [3, 6, 11] 11 2 
C#:min [1, 4, 8] 1 6 
B:maj [3, 6, 11] 11 2 
Ab:min [3, 8, 11] 8 2 
C#:min [1, 4, 8] 1 2 
F#:min [1, 6, 9] 6 2 
B:maj [3, 6, 11] 11 2 
Ab:min [3, 8, 11] 8 4 
C#:min [1, 4, 8] 1 2 
B:maj [3, 6, 11] 11 2 
Ab:min [3, 8, 11] 8 2 
C#:min [1, 4, 8] 1 2 
F#:min [1, 6, 9] 6 2 
B:maj [3, 6, 11] 11 2 
C#:min [1, 4, 8] 1 11 
E:maj/5 [4, 8, 11] 8 3
B:maj [3, 6, 11] 11 2 
E:maj/5 [4, 8, 11] 8 12
E:maj [4, 8, 11] 4 2 
A:maj [1, 4, 9] 9 2 
B:maj [3, 6, 11] 11 2 
C#:min/b3 [1, 4, 8] 4 1 
Ab:7/5 [0, 3, 6, 8] 3 1 
C#:min [1, 4, 8] 1 2 
A:maj [1, 4, 9] 9 2 
B:7/b7 [3, 6, 9, 11] 9 2 
C:maj/3 [0, 4, 7] 4 2 
C#:min [1, 4, 8] 1 2 
Ab:min [3, 8, 11] 8 2 
A:sus2 [4, 9, 11] 9 2 
C#:min [1, 4, 8] 1 4 
Ab:min [3, 8, 11] 8 2 
A:maj [1, 4, 9] 9 2 
B:maj [3, 6, 11] 11 6 
C#:min [1, 4, 8] 1 2 
B:maj [3, 6, 11] 11 2 
Ab:min [3, 8, 11] 8 2 
C#:min [1, 4, 8] 1 2 
F#:min [1, 6, 9] 6 2 
B:maj [3, 6, 11] 11 2 
Ab:min [3, 8, 11] 8 4 
C#:min [1, 4, 8] 1 2 
B:maj [3, 6, 11] 11 2 
Ab:min [3, 8, 11] 8 2 
C#:min [1, 4, 8] 1 2 
F#:min [1, 6, 9] 6 2 
B:maj [3, 6, 11] 11 2 
C#:min [1, 4, 8] 1 6 
B:maj [3, 6, 11] 11 2 
Ab:min [3, 8, 11] 8 2 
C#:min [1, 4, 8] 1 2 
F#:min [1, 6, 9] 6 2 
B:maj [3, 6, 11] 11 2 
Ab:min [3, 8, 11] 8 4 
C#:min [1, 4, 8] 1 2 
B:maj [3, 6, 11] 11 2 
Ab:min [3, 8, 11] 8 2 
C#:min [1, 4, 8] 1 2 
F#:min [1, 6, 9] 6 2 
B:maj [3, 6, 11] 11 2 
C#:min [1, 4, 8] 1 6 
B:maj [3, 6, 11] 11 2 
Ab:min [3, 8, 11] 8 2 
C#:min [1, 4, 8] 1 2 
F#:min [1, 6, 9] 6 2 
B:maj [3, 6, 11] 11 2 
Ab:min [3, 8, 11] 8 4 
C#:min [1, 4, 8] 1 2 
B:maj [3, 6, 11] 11 2 
Ab:min [3, 8, 11] 8 2 
C#:min [1, 4, 8] 1 2 
F#:min [1, 6, 9] 6 2 
B:maj [3, 6, 11] 11 2 
C#:min [1, 4, 8] 1 6 
B:maj [3, 6, 11] 11 4 
C#:min [1, 4, 8] 1 2 
B:maj [3, 6, 11] 11 2 
Ab:min [3, 8, 11] 8 2 
C#:min [1, 4, 8] 1 2 
F#:min [1, 6, 9] 6 2 
B:maj [3, 6, 11] 11 2 
E:maj [4, 8, 11] 4 4 
A:maj [1, 4, 9] 9 2 
B:maj [3, 6, 11] 11 2 
Ab:min [3, 8, 11] 8 2 
C#:min [1, 4, 8] 1 2 
F#:min [1, 6, 9] 6 2 
B:maj [3, 6, 11] 11 2 
C#:min [1, 4, 8] 1 4 
A:maj [1, 4, 9] 9 2 
B:maj [3, 6, 11] 11 2 
Ab:min [3, 8, 11] 8 2 
C#:min [1, 4, 8] 1 2 
F#:min [1, 6, 9] 6 2 
B:maj [3, 6, 11] 11 2 
E:maj [4, 8, 11] 4 2 
Ab:min [3, 8, 11] 8 2 
C#:min [1, 4, 8] 1 1 
