0 128
64 2
59 2
64 2
68 2
69 2
68 2
66 1
64 3
64 2
59 2
64 2
66 1
68 5
0 4
64 2
59 2
64 2
68 2
69 2
68 2
66 1
64 3
68 2
66 2
66 2
64 1
0 1
64 5
0 3
64 2
59 2
64 2
68 2
69 2
68 2
66 1
64 3
73 2
71 1
0 1
71 2
69 2
68 6
0 2
64 2
59 2
64 2
68 2
69 2
68 1
66 3
0 1
64 1
68 2
66 1
0 1
66 2
64 1
0 1
64 6
64 2
61 4
73 3
0 1
71 2
68 1
0 1
68 2
0 1
68 1
69 2
71 2
64 2
71 2
68 4
64 2
63 2
61 4
73 1
0 2
73 1
73 1
75 1
71 1
0 1
71 3
71 1
73 1
0 1
71 2
69 1
0 1
68 1
0 1
68 8
66 4
0 10
73 1
75 1
76 1
0 1
76 1
76 2
0 1
76 2
75 3
0 3
75 1
75 1
75 1
0 1
75 1
0 1
75 2
80 2
78 3
76 2
0 1
73 1
75 1
76 1
0 1
76 1
76 2
0 1
76 2
75 1
0 1
75 1
73 3
75 2
73 3
71 5
0 6
73 1
75 1
76 1
0 1
76 1
76 2
0 1
76 2
75 3
0 3
75 1
75 1
75 1
0 1
75 1
75 3
80 2
75 3
76 2
0 1
73 1
75 1
76 1
0 1
76 1
76 2
0 1
80 2
78 3
0 1
75 2
73 1
0 1
73 3
0 11
73 1
75 1
76 1
0 1
76 1
76 2
0 1
76 2
75 3
0 3
75 1
75 1
75 1
0 1
75 1
75 3
80 2
78 3
76 3
73 1
75 1
76 1
0 1
76 1
76 2
0 1
76 2
75 1
0 1
75 1
73 3
75 2
73 3
71 3
0 8
73 1
75 1
76 1
0 1
76 1
76 2
0 1
76 2
75 3
0 3
75 1
75 1
75 1
0 1
75 1
75 3
80 2
75 3
76 3
73 1
75 1
76 1
0 1
76 1
76 2
0 1
80 2
78 3
0 1
75 2
73 1
0 1
73 3
0 45
64 2
59 2
64 2
68 2
69 2
68 2
64 3
0 1
64 2
59 2
64 2
66 2
68 4
0 4
64 2
59 2
64 2
68 2
69 1
68 1
0 1
66 1
64 3
0 1
68 2
66 1
0 1
66 2
64 1
0 1
64 4
0 4
64 2
59 2
64 2
68 2
69 2
68 1
66 1
64 3
0 1
73 2
71 1
0 1
71 1
69 3
68 4
0 4
64 2
59 2
64 2
68 2
69 2
68 1
66 1
64 3
0 1
68 2
66 1
0 1
66 2
64 1
0 1
64 4
0 2
64 2
61 4
73 4
71 2
68 1
68 3
0 1
68 1
69 2
71 2
64 2
0 1
71 2
68 3
0 1
64 2
63 1
61 4
73 1
0 2
73 1
75 2
73 1
0 1
71 3
71 1
73 2
71 1
69 3
68 1
0 1
68 8
66 9
0 5
73 1
75 1
76 1
0 1
76 1
76 2
0 1
76 2
75 3
0 3
75 1
75 1
75 1
0 1
75 1
75 3
80 2
78 3
76 2
0 1
73 1
75 1
76 1
0 1
76 1
76 2
0 1
76 2
75 1
0 1
75 1
73 2
0 1
75 2
73 3
71 5
0 6
73 1
75 1
76 1
0 1
76 1
76 2
0 1
76 2
75 3
0 3
75 1
75 1
75 1
0 1
75 1
0 1
75 2
80 2
75 3
76 2
0 1
73 1
75 1
76 1
0 1
76 1
76 2
0 1
80 2
78 3
0 1
75 2
73 1
0 1
73 3
0 11
73 1
75 1
76 1
0 1
76 1
76 2
0 1
76 2
75 3
0 3
75 1
75 1
75 1
0 1
75 1
0 1
75 2
80 1
0 1
78 3
76 2
0 1
73 1
75 1
76 1
0 1
76 1
76 2
0 1
76 2
75 1
0 1
75 1
73 3
75 2
73 3
71 3
0 8
73 1
75 1
76 1
0 1
76 1
76 2
0 1
76 2
75 3
0 3
75 1
75 1
75 1
0 1
75 1
75 3
80 2
75 3
76 2
0 1
73 1
75 1
76 1
0 1
76 1
76 2
0 1
80 2
78 3
0 1
75 2
73 1
0 1
73 3
0 11
73 1
75 1
76 1
0 1
76 1
76 2
0 1
76 2
75 3
0 3
75 1
75 1
75 1
0 1
75 1
0 1
75 2
80 1
0 1
78 3
76 2
0 1
73 1
75 1
76 1
0 1
76 1
76 2
0 1
76 2
75 1
0 1
75 1
73 3
75 2
73 3
71 3
0 8
73 1
75 1
76 1
0 1
76 1
76 2
0 1
76 2
75 3
0 3
75 1
75 1
75 1
0 1
75 1
75 3
80 2
75 3
76 2
0 1
73 1
75 1
76 1
0 1
76 1
76 2
0 1
80 2
78 3
0 1
75 2
73 1
0 1
73 3
0 11
73 1
75 1
76 1
0 1
76 1
76 2
80 2
78 10
