0 80
69 1
0 1
69 1
0 1
69 2
69 1
66 2
69 5
0 1
62 1
74 1
0 1
74 1
0 1
74 2
66 2
69 6
0 2
71 1
0 1
71 1
0 1
71 2
71 1
69 2
71 5
0 1
66 1
66 2
64 1
0 1
64 2
62 1
66 2
64 5
0 2
66 3
0 1
69 1
0 1
69 1
71 2
66 5
0 1
66 1
74 1
0 1
74 1
0 1
74 2
66 1
71 5
0 4
71 2
71 2
74 1
0 1
74 2
69 3
66 3
69 1
69 1
71 1
74 2
74 5
0 4
74 1
0 1
74 1
71 1
76 17
0 13
69 1
69 1
78 1
78 1
78 1
78 1
78 2
74 1
0 1
76 1
78 2
76 2
0 1
78 1
76 1
74 1
74 1
0 1
74 1
74 2
66 2
69 3
0 3
69 1
69 1
71 1
74 2
74 3
71 2
69 4
0 2
69 1
69 1
71 2
74 2
74 2
71 2
76 5
0 1
69 1
69 1
78 1
78 1
78 1
78 1
78 2
74 1
0 1
76 1
78 2
76 2
0 1
78 1
76 1
74 1
74 1
0 1
74 1
74 2
81 2
81 3
0 3
69 1
69 1
71 1
74 2
74 3
71 2
69 4
0 2
69 1
69 1
71 2
74 2
74 2
71 2
76 4
74 1
0 1
73 2
74 8
0 88
69 1
0 1
69 1
0 1
69 2
69 1
66 2
69 5
0 1
62 1
74 1
0 1
74 1
0 1
74 2
66 2
69 6
0 2
71 1
0 1
71 1
0 1
71 2
71 1
69 2
71 5
0 1
66 1
66 2
64 1
0 1
64 2
62 1
66 2
64 5
0 2
66 3
0 1
69 1
0 1
69 1
71 2
66 5
0 1
66 1
74 1
0 1
74 1
0 1
74 2
66 1
71 5
0 4
71 2
71 2
74 1
0 1
74 2
69 3
66 3
69 1
69 1
71 1
74 2
74 5
0 4
74 1
0 1
74 1
71 1
76 17
0 13
69 1
69 1
78 1
78 1
78 1
78 1
78 2
74 1
0 1
76 1
78 2
76 2
0 1
78 1
76 1
74 1
74 1
0 1
74 1
74 2
66 2
69 3
0 3
69 1
69 1
71 1
74 2
74 3
71 2
69 4
0 2
69 1
69 1
71 2
74 2
74 2
71 2
76 5
0 1
69 1
69 1
78 1
78 1
78 1
78 1
78 2
74 1
0 1
76 1
78 2
76 2
0 1
78 1
76 1
74 1
74 1
0 1
74 1
74 2
81 2
81 3
0 3
69 1
69 1
71 1
74 2
74 3
71 2
69 4
0 2
69 1
69 1
71 2
74 2
74 2
71 2
76 4
74 1
0 1
73 2
74 8
0 6
69 1
69 1
78 1
78 1
78 1
78 1
78 2
74 1
0 1
76 1
78 2
76 2
0 1
78 1
76 1
74 1
74 1
0 1
74 1
74 2
66 2
69 3
0 3
69 1
69 1
71 1
74 2
74 3
71 2
69 4
0 2
69 1
69 1
71 2
74 2
74 2
71 2
76 5
0 1
69 1
69 1
78 1
78 1
78 1
78 1
78 2
74 1
0 1
76 1
78 2
76 2
0 1
78 1
76 1
74 1
74 1
0 1
74 1
74 2
81 2
81 3
0 3
69 1
69 1
71 1
74 2
74 3
71 2
69 4
0 2
69 1
69 1
71 2
74 2
74 2
71 2
76 4
74 1
0 1
73 2
74 8
