G:maj [2, 7, 11] 7 12 
E:min7/5 [2, 4, 7, 11] 11 4 
G:maj/3 [2, 7, 11] 11 6 
D:maj [2, 6, 9] 2 2 
G:maj [2, 7, 11] 7 3 
E:min7/5 [2, 4, 7, 11] 11 1 
E:min9 [2, 4, 6, 7, 11] 4 4 
G:maj/3 [2, 7, 11] 11 6 
C:maj9 [0, 2, 4, 7, 10] 0 2 
G:maj [2, 7, 11] 7 2 
B:min [2, 6, 11] 11 1 
E:min7/5 [2, 4, 7, 11] 11 1 
E:min9 [2, 4, 6, 7, 11] 4 4 
G:maj/3 [2, 7, 11] 11 6 
D:maj [2, 6, 9] 2 2 
G:maj [2, 7, 11] 7 2 
G:maj7/7 [2, 5, 7, 11] 6 1 
E:min7/5 [2, 4, 7, 11] 11 1 
E:min9 [2, 4, 6, 7, 11] 4 4 
G:maj/3 [2, 7, 11] 11 6 
D:maj [2, 6, 9] 2 2 
E:min [4, 7, 11] 4 4 
B:min [2, 6, 11] 11 4 
C:maj [0, 4, 7] 0 4 
G:maj [2, 7, 11] 7 3 
D:maj/3 [2, 6, 9] 6 1 
E:min [4, 7, 11] 4 4 
B:min [2, 6, 11] 11 3 
B:min7 [2, 6, 9, 11] 11 1 
A:sus2 [4, 9, 11] 9 1 
F:maj [0, 5, 9] 5 3 
C:maj [0, 4, 7] 0 1 
D:maj [2, 6, 9] 2 3 
G:maj [2, 7, 11] 7 4 
D:maj [2, 6, 9] 2 4 
E:min7/b7 [2, 4, 7, 11] 2 3 
E:sus2 [4, 6, 11] 4 1 
B:min [2, 6, 11] 11 4 
C:maj [0, 4, 7] 0 4 
G:maj [2, 7, 11] 7 4 
A:min [0, 4, 9] 9 4 
D:maj [2, 6, 9] 2 4 
G:maj [2, 7, 11] 7 4 
D:maj [2, 6, 9] 2 4 
E:min7 [2, 4, 7, 11] 4 4 
B:min [2, 6, 11] 11 4 
C:maj [0, 4, 7] 0 4 
G:maj [2, 7, 11] 7 4 
A:min [0, 4, 9] 9 4 
C:min6 [0, 3, 7, 9] 0 4 
G:maj [2, 7, 11] 7 2 
G:maj7/7 [2, 5, 7, 11] 6 1 
E:min7/5 [2, 4, 7, 11] 11 11 
D:maj [2, 6, 9] 2 2 
G:maj [2, 7, 11] 7 2 
D:maj/3 [2, 6, 9] 6 2 
E:min7 [2, 4, 7, 11] 4 2 
G:maj/3 [2, 7, 11] 11 2 
G:maj [2, 7, 11] 7 2 
C:maj9 [0, 2, 4, 7, 10] 0 6 
G:maj [2, 7, 11] 7 2 
G:maj7/7 [2, 5, 7, 11] 6 2 
E:min7 [2, 4, 7, 11] 4 1 
G:maj/3 [2, 7, 11] 11 8 
C:sus2 [0, 2, 7] 0 1 
D:maj [2, 6, 9] 2 2 
G:maj [2, 7, 11] 7 4 
E:min7 [2, 4, 7, 11] 4 1 
G:maj/3 [2, 7, 11] 11 8 
D:maj [2, 6, 9] 2 3 
E:min [4, 7, 11] 4 4 
B:min [2, 6, 11] 11 4 
C:maj [0, 4, 7] 0 2 
C:min [0, 3, 7] 0 2 
G:maj [2, 7, 11] 7 2 
G:maj/3 [2, 7, 11] 11 1 
D:maj/3 [2, 6, 9] 6 1 
E:min [4, 7, 11] 4 4 
B:min [2, 6, 11] 11 4 
C:maj [0, 4, 7] 0 4 
D:maj [2, 6, 9] 2 4 
G:maj [2, 7, 11] 7 4 
D:maj [2, 6, 9] 2 4 
E:min7/b7 [2, 4, 7, 11] 2 3 
E:sus2 [4, 6, 11] 4 1 
B:min [2, 6, 11] 11 4 
C:maj [0, 4, 7] 0 4 
G:maj [2, 7, 11] 7 4 
A:min [0, 4, 9] 9 4 
D:maj [2, 6, 9] 2 4 
G:maj [2, 7, 11] 7 4 
D:maj [2, 6, 9] 2 4 
E:min7 [2, 4, 7, 11] 4 4 
B:min [2, 6, 11] 11 4 
C:maj [0, 4, 7] 0 4 
G:maj [2, 7, 11] 7 4 
A:min [0, 4, 9] 9 4 
C:min6 [0, 3, 7, 9] 0 5 
G:maj [2, 7, 11] 7 1 
G:maj7/7 [2, 5, 7, 11] 6 2 
E:min7 [2, 4, 7, 11] 4 2 
G:maj/3 [2, 7, 11] 11 2 
G:maj/6 [2, 7, 11] 4 2 
G:maj/3 [2, 7, 11] 11 2 
G:maj [2, 7, 11] 7 2 
E:min7 [2, 4, 7, 11] 4 2 
G:maj [2, 7, 11] 7 2 
G:maj7/7 [2, 5, 7, 11] 6 2 
E:min7 [2, 4, 7, 11] 4 2 
G:maj/3 [2, 7, 11] 11 2 
C:sus2 [0, 2, 7] 0 2 
C:maj9 [0, 2, 4, 7, 10] 0 2 
C:sus2 [0, 2, 7] 0 2 
C:maj9 [0, 2, 4, 7, 10] 0 2 
G:maj [2, 7, 11] 7 2 
