A:maj [1, 4, 9] 9 4 
C#:min/5 [1, 4, 8] 8 4 
F#:maj [1, 6, 10] 6 4 
E:maj [4, 8, 11] 4 4 
D:maj6 [2, 6, 9, 11] 2 4 
A:maj [1, 4, 9] 9 4 
B:sus4(b7) [4, 6, 11] 11 4 
E:maj [4, 8, 11] 4 4 
A:maj [1, 4, 9] 9 4 
C#:min/5 [1, 4, 8] 8 4 
F#:maj [1, 6, 10] 6 4 
E:maj [4, 8, 11] 4 4 
D:maj6 [2, 6, 9, 11] 2 4 
A:maj [1, 4, 9] 9 4 
B:min7 [2, 6, 9, 11] 11 4 
E:maj [4, 8, 11] 4 4 
A:maj [1, 4, 9] 9 4 
E:maj/3 [4, 8, 11] 8 4 
F#:min [1, 6, 9] 6 4 
E:maj [4, 8, 11] 4 4 
D:maj6 [2, 6, 9, 11] 2 4 
A:maj [1, 4, 9] 9 4 
B:min7 [2, 6, 9, 11] 11 4 
E:maj [4, 8, 11] 4 8 
A:maj [1, 4, 9] 9 4 
A:maj7/7 [1, 4, 7, 9] 8 4 
F#:min [1, 6, 9] 6 3 
F#:min7 [1, 4, 6, 9] 6 1 
E:sus2 [4, 6, 11] 4 3 
E:maj/5 [4, 8, 11] 11 1 
D:maj [2, 6, 9] 2 4 
A:maj [1, 4, 9] 9 4 
B:min [2, 6, 11] 11 4 
E:maj [4, 8, 11] 4 4 
A:maj [1, 4, 9] 9 4 
A:maj7/7 [1, 4, 7, 9] 8 4 
F#:min [1, 6, 9] 6 4 
E:sus2 [4, 6, 11] 4 3 
E:maj/5 [4, 8, 11] 11 1 
D:maj [2, 6, 9] 2 4 
A:maj [1, 4, 9] 9 4 
B:min [2, 6, 11] 11 2 
E:maj [4, 8, 11] 4 1 
A:maj [1, 4, 9] 9 5 
D:maj [2, 6, 9] 2 4 
A:sus4 [2, 4, 9] 9 4 
D:maj [2, 6, 9] 2 3 
A:sus4 [2, 4, 9] 9 5 
D:maj [2, 6, 9] 2 4 
A:sus4 [2, 4, 9] 9 3 
A:maj [1, 4, 9] 9 1 
B:min7 [2, 6, 9, 11] 11 2 
E:maj [4, 8, 11] 4 1 
A:sus2 [4, 9, 11] 9 9 
E:maj/3 [4, 8, 11] 8 4 
F#:min [1, 6, 9] 6 4 
E:maj [4, 8, 11] 4 4 
D:maj6 [2, 6, 9, 11] 2 4 
A:maj [1, 4, 9] 9 4 
B:min7 [2, 6, 9, 11] 11 4 
E:maj [4, 8, 11] 4 4 
A:maj [1, 4, 9] 9 4 
E:maj/3 [4, 8, 11] 8 4 
F#:min [1, 6, 9] 6 4 
E:maj [4, 8, 11] 4 4 
D:maj6 [2, 6, 9, 11] 2 4 
A:maj [1, 4, 9] 9 4 
B:min7 [2, 6, 9, 11] 11 4 
E:maj [4, 8, 11] 4 8 
A:maj [1, 4, 9] 9 4 
E:maj/3 [4, 8, 11] 8 4 
F#:min [1, 6, 9] 6 4 
E:7 [2, 4, 8, 11] 4 4 
D:maj [2, 6, 9] 2 4 
A:maj [1, 4, 9] 9 4 
B:min [2, 6, 11] 11 4 
E:maj [4, 8, 11] 4 4 
A:maj [1, 4, 9] 9 4 
E:maj/3 [4, 8, 11] 8 4 
F#:min [1, 6, 9] 6 4 
E:7 [2, 4, 8, 11] 4 4 
D:maj [2, 6, 9] 2 4 
A:maj [1, 4, 9] 9 4 
B:min [2, 6, 11] 11 2 
E:maj [4, 8, 11] 4 2 
A:maj [1, 4, 9] 9 4 
F#:maj [1, 6, 10] 6 4 
B:maj [3, 6, 11] 11 4 
F#:maj/3 [1, 6, 10] 10 4 
Ab:min [3, 8, 11] 8 4 
F#:7 [1, 4, 6, 10] 6 4 
E:maj [4, 8, 11] 4 4 
B:maj [3, 6, 11] 11 4 
C#:min [1, 4, 8] 1 4 
F#:maj [1, 6, 10] 6 4 
B:maj [3, 6, 11] 11 4 
F#:maj/3 [1, 6, 10] 10 4 
Ab:min [3, 8, 11] 8 4 
F#:7 [1, 4, 6, 10] 6 4 
E:maj [4, 8, 11] 4 4 
B:maj [3, 6, 11] 11 4 
C#:min [1, 4, 8] 1 2 
F#:maj [1, 6, 10] 6 2 
B:maj [3, 6, 11] 11 4 
E:maj [4, 8, 11] 4 2 
F#:maj [1, 6, 10] 6 6 
B:maj [3, 6, 11] 11 4 
F#:maj/3 [1, 6, 10] 10 4 
Ab:min [3, 8, 11] 8 4 
F#:maj [1, 6, 10] 6 4 
E:maj [4, 8, 11] 4 4 
B:maj [3, 6, 11] 11 4 
C#:min7 [1, 4, 8, 11] 1 4 
F#:7 [1, 4, 6, 10] 6 4 
