F#:min [1, 6, 9] 6 3 
E:maj [4, 8, 11] 4 6 
F#:min [1, 6, 9] 6 6 
E:maj [4, 8, 11] 4 6 
F#:min [1, 6, 9] 6 12 
A:maj [1, 4, 9] 9 3 
E:maj [4, 8, 11] 4 3 
F#:min [1, 6, 9] 6 6 
A:maj [1, 4, 9] 9 3 
F#:min [1, 6, 9] 6 6 
C#:min [1, 4, 8] 1 3 
F#:min [1, 6, 9] 6 3 
D:maj [2, 6, 9] 2 3 
C#:min [1, 4, 8] 1 3 
F#:min [1, 6, 9] 6 6 
D:maj [2, 6, 9] 2 3 
E:maj [4, 8, 11] 4 3 
C#:min [1, 4, 8] 1 3 
F#:min [1, 6, 9] 6 3 
D:maj [2, 6, 9] 2 3 
C#:min [1, 4, 8] 1 3 
F#:min [1, 6, 9] 6 6 
D:maj [2, 6, 9] 2 3 
E:maj [4, 8, 11] 4 3 
C#:min [1, 4, 8] 1 3 
F#:min [1, 6, 9] 6 3 
D:maj [2, 6, 9] 2 3 
C#:min [1, 4, 8] 1 3 
F#:min [1, 6, 9] 6 6 
D:maj [2, 6, 9] 2 3 
E:maj [4, 8, 11] 4 3 
A:maj [1, 4, 9] 9 3 
C#:min [1, 4, 8] 1 3 
F#:min [1, 6, 9] 6 3 
D:maj [2, 6, 9] 2 3 
F#:min [1, 6, 9] 6 6 
B:min [2, 6, 11] 11 3 
A:maj [1, 4, 9] 9 3 
F#:min [1, 6, 9] 6 6 
B:min [2, 6, 11] 11 3 
A:maj [1, 4, 9] 9 6 
F#:min [1, 6, 9] 6 3 
E:maj [4, 8, 11] 4 6 
F#:min [1, 6, 9] 6 6 
E:maj [4, 8, 11] 4 6 
F#:min [1, 6, 9] 6 9 
A:maj [1, 4, 9] 9 3 
E:maj [4, 8, 11] 4 3 
F#:min [1, 6, 9] 6 6 
A:maj [1, 4, 9] 9 3 
F#:min [1, 6, 9] 6 6 
C#:min [1, 4, 8] 1 3 
F#:min [1, 6, 9] 6 3 
D:maj [2, 6, 9] 2 3 
C#:min [1, 4, 8] 1 3 
F#:min [1, 6, 9] 6 6 
D:maj [2, 6, 9] 2 3 
E:maj [4, 8, 11] 4 3 
C#:min [1, 4, 8] 1 3 
F#:min [1, 6, 9] 6 3 
D:maj [2, 6, 9] 2 3 
C#:min [1, 4, 8] 1 3 
F#:min [1, 6, 9] 6 6 
D:maj [2, 6, 9] 2 3 
E:maj [4, 8, 11] 4 3 
C#:min [1, 4, 8] 1 3 
F#:min [1, 6, 9] 6 3 
D:maj [2, 6, 9] 2 3 
C#:min [1, 4, 8] 1 3 
F#:min [1, 6, 9] 6 6 
D:maj [2, 6, 9] 2 3 
E:maj [4, 8, 11] 4 3 
A:maj [1, 4, 9] 9 3 
C#:min [1, 4, 8] 1 3 
F#:min [1, 6, 9] 6 3 
D:maj [2, 6, 9] 2 3 
F#:min [1, 6, 9] 6 6 
B:min [2, 6, 11] 11 3 
A:maj [1, 4, 9] 9 3 
F#:min [1, 6, 9] 6 6 
B:min [2, 6, 11] 11 3 
A:maj [1, 4, 9] 9 6 
F#:min [1, 6, 9] 6 3 
E:maj [4, 8, 11] 4 6 
F#:min [1, 6, 9] 6 6 
E:maj [4, 8, 11] 4 8 
F#:sus4(b7) [1, 6, 11] 6 6 
