0 108
66 2
69 2
71 5
0 3
71 1
0 1
73 2
66 7
0 1
64 1
0 1
66 2
69 2
71 1
0 1
73 2
76 2
71 9
0 3
66 2
69 2
71 5
0 3
71 1
0 1
69 2
66 7
0 1
64 1
0 1
66 2
69 2
71 1
0 1
69 2
66 2
66 9
0 15
73 2
76 2
76 1
0 1
76 2
73 3
0 1
76 1
0 1
78 1
0 1
78 3
0 1
78 3
0 1
76 1
0 1
78 1
0 1
81 1
0 1
81 1
0 1
78 1
0 1
76 2
73 4
0 8
76 2
78 1
0 1
78 3
0 1
78 3
0 1
76 2
73 2
71 2
69 2
66 3
0 1
64 2
66 1
0 1
69 1
0 1
71 1
0 1
73 2
76 2
71 10
0 2
73 2
76 2
76 1
0 1
76 2
73 2
73 2
76 1
0 1
78 1
0 1
78 3
0 1
78 3
0 1
76 1
0 1
78 1
0 1
81 1
0 1
81 1
0 1
78 1
0 1
76 2
73 4
0 8
76 4
78 3
0 1
78 3
0 1
76 2
73 1
0 1
71 2
69 2
66 3
0 1
64 2
66 1
0 1
69 1
0 1
71 1
0 1
73 2
76 2
71 10
0 2
73 2
76 2
76 1
0 1
76 2
73 2
0 2
76 1
0 1
78 1
0 1
78 3
0 1
78 3
0 1
76 1
0 1
78 1
0 1
81 1
0 1
81 1
0 1
78 1
0 1
76 2
73 4
0 8
76 4
78 3
0 1
78 3
0 1
76 2
73 2
71 2
69 2
66 3
0 1
64 2
66 1
0 1
69 1
0 1
71 1
0 1
73 2
76 2
71 10
0 2
69 3
0 1
69 2
71 2
73 2
76 1
0 1
76 6
73 2
73 4
76 2
78 2
78 4
81 4
78 9
0 3
78 4
76 7
0 1
76 4
73 5
0 3
71 2
73 1
0 1
71 1
0 1
69 2
66 2
69 2
69 11
0 1
78 3
0 1
78 3
0 1
81 3
0 1
78 4
76 4
73 3
0 1
71 2
73 2
71 1
0 1
69 2
66 2
69 2
69 16
0 104
66 2
69 2
71 5
0 3
71 1
0 1
73 2
66 7
0 1
64 1
0 1
66 2
69 2
71 1
0 1
73 2
76 2
71 9
0 3
66 2
69 2
71 5
0 3
71 1
0 1
69 2
66 7
0 1
64 1
0 1
66 2
69 2
71 1
0 1
69 2
66 2
66 9
0 15
73 2
76 2
76 1
0 1
76 2
73 3
0 1
76 1
0 1
78 1
0 1
78 3
0 1
78 3
0 1
76 1
0 1
78 1
0 1
81 1
0 1
81 1
0 1
78 1
0 1
76 2
73 4
0 8
76 2
78 1
0 1
78 3
0 1
78 3
0 1
76 2
73 2
71 2
69 2
66 3
0 1
64 2
66 1
0 1
69 1
0 1
71 1
0 1
73 2
76 2
71 10
0 2
73 2
76 2
76 1
0 1
76 2
73 2
73 2
76 1
0 1
78 1
0 1
78 3
0 1
78 3
0 1
76 1
0 1
78 1
0 1
81 1
0 1
81 1
0 1
78 1
0 1
76 2
73 4
0 8
76 4
78 3
0 1
78 3
0 1
76 2
73 2
71 2
69 2
66 3
0 1
64 2
66 1
0 1
69 1
0 1
71 1
0 1
73 2
76 2
71 10
0 2
73 2
76 2
76 1
0 1
76 2
73 2
0 2
76 1
0 1
78 1
0 1
78 3
0 1
78 3
0 1
76 1
0 1
78 1
0 1
81 1
0 1
81 1
0 1
78 1
0 1
76 2
73 4
0 8
76 4
78 3
0 1
78 3
0 1
76 2
73 2
71 2
69 2
66 3
0 1
64 2
66 1
0 1
69 1
0 1
71 1
0 1
73 2
76 2
71 10
0 2
69 3
0 1
69 2
71 2
73 2
76 1
0 1
76 6
73 2
73 4
76 2
78 2
78 4
81 4
78 9
0 3
78 4
76 7
0 1
76 4
73 5
0 3
71 2
73 1
0 1
71 1
0 1
69 2
66 2
69 2
69 11
0 1
78 3
0 1
78 3
0 1
81 3
0 1
78 4
76 4
73 3
0 1
71 2
73 2
71 1
0 1
69 2
66 2
69 2
69 16
