B:sus2 [1, 6, 11] 11 6 
C#:maj [1, 5, 8] 1 4 
Eb:min [3, 6, 10] 3 2 
B:maj [3, 6, 11] 11 1 
C#:maj [1, 5, 8] 1 1 
F#:maj [1, 6, 10] 6 2 
F#:maj7/7 [1, 4, 6, 10] 5 2 
Eb:maj [3, 7, 10] 3 1 
Eb:min [3, 6, 10] 3 1 
B:maj [3, 6, 11] 11 2 
F#:maj [1, 6, 10] 6 2 
Eb:maj [3, 7, 10] 3 1 
C#:maj [1, 5, 8] 1 1 
F#:maj [1, 6, 10] 6 2 
Eb:maj [3, 7, 10] 3 1 
C#:maj [1, 5, 8] 1 1 
F#:maj [1, 6, 10] 6 2 
B:sus2 [1, 6, 11] 11 1 
B:maj [3, 6, 11] 11 1 
Bb:sus4 [3, 5, 10] 10 1 
Eb:min [3, 6, 10] 3 1 
B:sus2 [1, 6, 11] 11 1 
C#:maj [1, 5, 8] 1 1 
F#:maj/5 [1, 6, 10] 1 2 
B:maj [3, 6, 11] 11 2 
F#:maj/5 [1, 6, 10] 1 2 
B:sus2 [1, 6, 11] 11 2 
F#:maj [1, 6, 10] 6 2 
B:maj [3, 6, 11] 11 1 
C#:maj [1, 5, 8] 1 1 
Bb:sus4 [3, 5, 10] 10 1 
Eb:min [3, 6, 10] 3 1 
Ab:sus2 [3, 8, 10] 8 1 
C#:maj [1, 5, 8] 1 1 
Eb:min/b3 [3, 6, 10] 6 2 
F#:maj7/7 [1, 4, 6, 10] 5 2 
Eb:maj [3, 7, 10] 3 1 
Eb:min [3, 6, 10] 3 1 
B:maj [3, 6, 11] 11 1 
C#:maj [1, 5, 8] 1 1 
F#:maj [1, 6, 10] 6 3 
F#:maj7/7 [1, 4, 6, 10] 5 1 
Eb:maj [3, 7, 10] 3 1 
Eb:min [3, 6, 10] 3 1 
B:maj [3, 6, 11] 11 1 
C#:maj [1, 5, 8] 1 1 
F#:maj [1, 6, 10] 6 2 
B:sus2 [1, 6, 11] 11 1 
C#:maj [1, 5, 8] 1 1 
F#:maj [1, 6, 10] 6 2 
B:sus2 [1, 6, 11] 11 1 
C#:maj [1, 5, 8] 1 1 
F#:maj [1, 6, 10] 6 2 
B:sus2 [1, 6, 11] 11 1 
C#:maj [1, 5, 8] 1 1 
Eb:7/5 [1, 3, 7, 10] 10 1 
Eb:min [3, 6, 10] 3 1 
Ab:sus4 [1, 3, 8] 8 1 
C#:maj [1, 5, 8] 1 1 
F#:maj [1, 6, 10] 6 3 
F#:maj7/7 [1, 4, 6, 10] 5 1 
Eb:maj [3, 7, 10] 3 1 
Eb:min [3, 6, 10] 3 1 
B:maj [3, 6, 11] 11 1 
C#:maj [1, 5, 8] 1 1 
F#:maj [1, 6, 10] 6 2 
F#:maj7/7 [1, 4, 6, 10] 5 2 
F#:maj [1, 6, 10] 6 2 
B:maj [3, 6, 11] 11 1 
C#:maj [1, 5, 8] 1 1 
F#:sus2 [1, 6, 8] 6 3 
C#:maj/3 [1, 5, 8] 5 1 
C#:sus2 [1, 3, 8] 1 2 
B:sus2 [1, 6, 11] 11 2 
F#:maj [1, 6, 10] 6 3 
F#:sus2 [1, 6, 8] 6 3 
B:sus2 [1, 6, 11] 11 1 
B:maj [3, 6, 11] 11 1 
F#:maj [1, 6, 10] 6 3 
F#:maj7/7 [1, 4, 6, 10] 5 1 
Eb:maj [3, 7, 10] 3 1 
Eb:min [3, 6, 10] 3 1 
B:maj [3, 6, 11] 11 1 
C#:maj [1, 5, 8] 1 1 
F#:maj [1, 6, 10] 6 2 
C#:maj [1, 5, 8] 1 2 
Eb:maj [3, 7, 10] 3 1 
Eb:min [3, 6, 10] 3 1 
B:maj [3, 6, 11] 11 1 
C#:maj [1, 5, 8] 1 1 
F#:maj [1, 6, 10] 6 2 
B:sus2 [1, 6, 11] 11 1 
C#:maj [1, 5, 8] 1 1 
F#:maj [1, 6, 10] 6 2 
C#:maj [1, 5, 8] 1 2 
F#:maj [1, 6, 10] 6 2 
B:sus2 [1, 6, 11] 11 1 
B:maj [3, 6, 11] 11 1 
Eb:7/5 [1, 3, 7, 10] 10 1 
Eb:min [3, 6, 10] 3 1 
Ab:sus4 [1, 3, 8] 8 1 
C#:maj [1, 5, 8] 1 1 
F#:maj [1, 6, 10] 6 3 
F#:maj7/7 [1, 4, 6, 10] 5 1 
Eb:maj [3, 7, 10] 3 1 
C#:maj [1, 5, 8] 1 1 
B:maj [3, 6, 11] 11 1 
C#:maj [1, 5, 8] 1 1 
F#:maj [1, 6, 10] 6 3 
F#:maj7/7 [1, 4, 6, 10] 5 1 
F#:maj [1, 6, 10] 6 2 
B:maj [3, 6, 11] 11 1 
C#:maj [1, 5, 8] 1 1 
F#:maj [1, 6, 10] 6 3 
F#:maj7/7 [1, 4, 6, 10] 5 1 
Eb:maj [3, 7, 10] 3 1 
Eb:min [3, 6, 10] 3 1 
B:maj [3, 6, 11] 11 1 
C#:maj [1, 5, 8] 1 1 
F#:maj [1, 6, 10] 6 2 
F#:maj7/7 [1, 4, 6, 10] 5 2 
Eb:maj [3, 7, 10] 3 1 
Eb:min [3, 6, 10] 3 1 
B:maj [3, 6, 11] 11 1 
C#:maj [1, 5, 8] 1 2 
