C:min [0, 3, 7] 0 18 
Bb:maj [2, 5, 10] 10 2 
Eb:sus4 [3, 8, 10] 3 4 
F:min [0, 5, 8] 5 2 
C:min [0, 3, 7] 0 2 
C#:maj [1, 5, 8] 1 4 
G:maj [2, 7, 11] 7 4 
C:min [0, 3, 7] 0 2 
Bb:maj [2, 5, 10] 10 2 
C:min/b3 [0, 3, 7] 3 2 
Eb:maj7 [1, 3, 7, 10] 3 2 
C:min/b3 [0, 3, 7] 3 2 
D:dim [2, 5, 8] 2 2 
C:min [0, 3, 7] 0 2 
Bb:maj [2, 5, 10] 10 2 
Ab:maj [0, 3, 8] 8 2 
Bb:maj [2, 5, 10] 10 2 
G:maj [2, 7, 11] 7 2 
C:min7 [0, 3, 7, 10] 0 2 
Ab:maj [0, 3, 8] 8 2 
Bb:maj [2, 5, 10] 10 2 
C:maj [0, 4, 7] 0 6 
Bb:maj [2, 5, 10] 10 2 
C:min/b3 [0, 3, 7] 3 2 
Bb:maj [2, 5, 10] 10 2 
C:min/b3 [0, 3, 7] 3 2 
D:dim [2, 5, 8] 2 2 
Bb:maj [2, 5, 10] 10 4 
Ab:maj [0, 3, 8] 8 2 
Bb:maj [2, 5, 10] 10 2 
G:maj [2, 7, 11] 7 2 
Eb:maj7 [1, 3, 7, 10] 3 2 
Ab:maj [0, 3, 8] 8 2 
Bb:maj [2, 5, 10] 10 2 
C:min [0, 3, 7] 0 4 
Ab:maj [0, 3, 8] 8 2 
Bb:maj [2, 5, 10] 10 2 
G:min [2, 7, 10] 7 2 
C:min [0, 3, 7] 0 2 
F:min [0, 5, 8] 5 2 
Bb:maj [2, 5, 10] 10 2 
Ab:maj [0, 3, 8] 8 2 
G:maj [2, 7, 11] 7 2 
Ab:maj [0, 3, 8] 8 2 
Bb:maj [2, 5, 10] 10 2 
G:min [2, 7, 10] 7 2 
C:maj [0, 4, 7] 0 2 
F:min [0, 5, 8] 5 2 
G:min [2, 7, 10] 7 2 
Ab:maj [0, 3, 8] 8 2 
Bb:maj [2, 5, 10] 10 2 
Ab:maj [0, 3, 8] 8 2 
C:maj [0, 4, 7] 0 2 
C:min/5 [0, 3, 7] 7 2 
Bb:maj [2, 5, 10] 10 2 
Ab:maj [0, 3, 8] 8 4 
C:min [0, 3, 7] 0 2 
G:min7 [2, 5, 7, 10] 7 2 
C:min [0, 3, 7] 0 6 
Bb:maj [2, 5, 10] 10 2 
Ab:maj [0, 3, 8] 8 2 
Eb:maj [3, 7, 10] 3 2 
F:min [0, 5, 8] 5 2 
C:min [0, 3, 7] 0 2 
C#:maj [1, 5, 8] 1 4 
G:maj [2, 7, 11] 7 4 
C:min [0, 3, 7] 0 2 
Bb:maj [2, 5, 10] 10 2 
C:min/b3 [0, 3, 7] 3 2 
Bb:maj [2, 5, 10] 10 2 
C:min/b3 [0, 3, 7] 3 2 
D:dim [2, 5, 8] 2 2 
C:min [0, 3, 7] 0 2 
Bb:maj [2, 5, 10] 10 2 
Ab:maj [0, 3, 8] 8 2 
Bb:maj [2, 5, 10] 10 2 
G:maj [2, 7, 11] 7 2 
C:min7 [0, 3, 7, 10] 0 2 
Ab:maj [0, 3, 8] 8 2 
Bb:maj [2, 5, 10] 10 2 
C:maj [0, 4, 7] 0 6 
Bb:maj [2, 5, 10] 10 2 
C:min/b3 [0, 3, 7] 3 2 
Bb:maj [2, 5, 10] 10 2 
C:min/b3 [0, 3, 7] 3 2 
D:dim [2, 5, 8] 2 2 
C:min [0, 3, 7] 0 2 
Bb:maj [2, 5, 10] 10 2 
Ab:maj [0, 3, 8] 8 2 
Bb:maj [2, 5, 10] 10 2 
G:maj [2, 7, 11] 7 2 
C:min9 [0, 2, 3, 7, 10] 0 1 
C:7/b7 [0, 4, 7, 10] 10 1 
Ab:maj [0, 3, 8] 8 2 
Bb:maj [2, 5, 10] 10 2 
C:min [0, 3, 7] 0 4 
Ab:maj [0, 3, 8] 8 2 
Bb:maj [2, 5, 10] 10 2 
G:min [2, 7, 10] 7 2 
C:min [0, 3, 7] 0 2 
Eb:maj [3, 7, 10] 3 2 
Bb:maj [2, 5, 10] 10 2 
Ab:maj [0, 3, 8] 8 2 
G:maj [2, 7, 11] 7 2 
Ab:maj [0, 3, 8] 8 2 
Bb:maj [2, 5, 10] 10 2 
G:min [2, 7, 10] 7 2 
C:maj [0, 4, 7] 0 2 
F:min [0, 5, 8] 5 2 
G:min [2, 7, 10] 7 2 
Ab:maj [0, 3, 8] 8 2 
Bb:maj [2, 5, 10] 10 2 
Ab:maj [0, 3, 8] 8 2 
C:min [0, 3, 7] 0 6 
G:min7 [2, 5, 7, 10] 7 2 
Bb:maj [2, 5, 10] 10 1 
C:min [0, 3, 7] 0 1 
Bb:maj [2, 5, 10] 10 4 
Ab:maj [0, 3, 8] 8 2 
Bb:maj [2, 5, 10] 10 2 
G:min [2, 7, 10] 7 2 
C:min [0, 3, 7] 0 2 
Eb:maj [3, 7, 10] 3 2 
Bb:maj [2, 5, 10] 10 2 
Ab:maj [0, 3, 8] 8 2 
G:maj [2, 7, 11] 7 2 
Ab:maj [0, 3, 8] 8 2 
Bb:maj [2, 5, 10] 10 2 
G:min [2, 7, 10] 7 2 
C:maj [0, 4, 7] 0 2 
F:min [0, 5, 8] 5 2 
G:min [2, 7, 10] 7 2 
Ab:maj [0, 3, 8] 8 2 
Bb:maj [2, 5, 10] 10 2 
Ab:maj [0, 3, 8] 8 2 
C:maj [0, 4, 7] 0 3 
C:min [0, 3, 7] 0 11 
F:maj [0, 5, 9] 5 4 
C:sus2 [0, 2, 7] 0 4 
C:min [0, 3, 7] 0 9 
