0 144
60 4
0 2
63 1
0 1
62 2
60 1
0 1
58 2
53 1
0 1
56 3
0 1
55 6
0 10
63 2
67 2
65 2
62 2
58 2
63 3
0 1
63 5
0 9
60 2
62 2
63 2
67 2
65 6
0 2
65 2
67 2
70 2
65 2
67 4
62 3
0 1
60 2
62 2
63 2
67 2
65 2
62 1
0 1
62 4
58 2
0 1
60 9
0 4
60 4
0 2
63 2
62 2
60 2
58 2
53 4
55 5
0 13
63 1
0 1
67 2
65 1
0 1
62 1
0 1
58 1
0 1
62 4
63 10
0 4
60 2
62 2
63 1
0 1
67 1
0 1
65 4
0 4
65 1
0 1
67 1
0 1
70 1
0 1
65 1
0 1
67 4
62 2
0 2
60 1
0 1
62 1
0 1
63 1
0 1
67 1
0 1
65 2
62 1
0 1
62 3
0 1
58 1
0 2
60 9
0 4
75 2
74 1
0 1
72 3
0 1
70 4
65 2
0 2
67 2
70 2
65 2
67 2
60 5
0 3
58 2
60 2
63 2
70 2
65 3
0 1
63 1
0 1
65 2
67 2
70 1
0 1
65 2
63 4
67 4
0 2
75 2
74 1
72 3
0 2
70 3
65 3
0 2
67 2
70 2
65 2
67 2
60 5
0 3
58 2
60 2
63 1
0 1
70 2
65 2
67 3
0 1
63 1
0 1
75 2
74 1
72 3
0 2
75 2
74 1
72 3
70 3
0 1
72 9
0 5
72 5
0 1
70 1
68 1
67 4
0 2
65 2
67 7
0 9
65 2
67 2
60 9
0 3
63 2
65 2
60 10
0 82
60 4
0 2
63 1
0 1
62 2
60 1
0 1
58 2
53 1
0 1
56 3
0 1
55 6
0 10
63 2
67 2
65 2
62 2
58 2
63 3
0 1
63 5
0 9
60 2
62 2
63 2
67 2
65 6
0 2
65 2
67 2
70 2
65 2
67 4
62 3
0 1
60 2
62 2
63 2
67 2
65 2
62 1
0 1
62 4
58 2
0 1
60 9
0 4
60 4
0 2
63 2
62 2
60 2
58 2
53 4
55 5
0 13
63 1
0 1
67 2
65 1
0 1
62 1
0 1
58 1
0 1
62 4
63 10
0 4
60 2
62 2
63 1
0 1
67 1
0 1
65 4
0 4
65 1
0 1
67 1
0 1
70 1
0 1
65 1
0 1
67 4
62 2
0 2
60 1
0 1
62 1
0 1
63 1
0 1
67 1
0 1
65 2
62 1
0 1
62 3
0 1
58 1
0 2
60 9
0 4
75 2
74 1
0 1
72 3
0 1
70 4
65 2
0 2
67 2
70 2
65 2
67 2
60 5
0 3
58 2
60 2
63 2
70 2
65 3
0 1
63 1
0 1
65 2
67 2
70 1
0 1
65 2
63 4
67 4
0 2
75 2
74 1
72 3
0 2
70 3
65 3
0 2
67 2
70 2
65 2
67 2
60 5
0 3
58 2
60 2
63 1
0 1
70 2
65 2
67 3
0 1
63 1
0 1
75 2
74 1
72 3
0 2
75 2
74 1
72 3
70 3
0 1
72 9
0 53
75 2
74 1
0 1
72 3
0 1
70 4
65 2
0 2
67 2
70 2
65 2
67 2
60 7
0 1
58 2
60 2
63 2
70 2
65 3
0 1
63 1
0 1
65 2
67 2
70 1
0 1
65 2
63 4
67 4
0 2
75 2
74 1
72 3
0 2
70 3
65 3
0 2
67 2
70 2
65 2
67 2
60 5
0 3
58 2
60 2
63 1
0 1
70 2
65 2
67 3
0 1
63 1
0 1
75 2
74 1
72 3
0 2
75 2
74 1
72 3
70 3
0 1
72 9
0 5
72 5
0 1
70 1
68 1
67 5
0 1
65 2
67 11
0 5
67 4
60 11
0 1
63 2
65 2
60 19
