E:maj [4, 8, 11] 4 20 
C#:min7 [1, 4, 8, 11] 1 4 
A:sus2 [4, 9, 11] 9 1 
A:maj7/7 [1, 4, 7, 9] 8 2 
F#:min [1, 6, 9] 6 3 
B:maj [3, 6, 11] 11 1 
B:7 [3, 6, 9, 11] 11 1 
C#:sus4(b7) [1, 6, 8] 1 3 
C#:min(9) [1, 3, 4, 8, 11] 1 1 
F#:maj [1, 6, 10] 6 4 
A:maj [1, 4, 9] 9 4 
B:sus2 [1, 6, 11] 11 3 
B:maj [3, 6, 11] 11 1 
E:sus2 [4, 6, 11] 4 4 
C#:min7 [1, 4, 8, 11] 1 4 
A:sus2 [4, 9, 11] 9 1 
A:maj7/7 [1, 4, 7, 9] 8 2 
F#:min [1, 6, 9] 6 3 
B:maj [3, 6, 11] 11 2 
C#:sus4(b7) [1, 6, 8] 1 3 
C#:min/5 [1, 4, 8] 8 1 
F#:maj [1, 6, 10] 6 4 
A:maj [1, 4, 9] 9 4 
B:sus2 [1, 6, 11] 11 8 
E:maj [4, 8, 11] 4 6 
B:maj [3, 6, 11] 11 2 
C#:min [1, 4, 8] 1 3 
A:maj [1, 4, 9] 9 3 
A:maj9 [1, 4, 7, 9, 11] 9 2 
F#:min [1, 6, 9] 6 4 
B:sus2 [1, 6, 11] 11 4 
C#:min [1, 4, 8] 1 3 
A:maj [1, 4, 9] 9 4 
E:maj/3 [4, 8, 11] 8 1 
F#:min [1, 6, 9] 6 4 
B:sus2 [1, 6, 11] 11 7 
B:7 [3, 6, 9, 11] 11 1 
E:sus2 [4, 6, 11] 4 4 
C#:min/b3 [1, 4, 8] 4 3 
C#:min [1, 4, 8] 1 1 
A:sus2 [4, 9, 11] 9 1 
A:maj7/7 [1, 4, 7, 9] 8 2 
F#:min [1, 6, 9] 6 3 
B:maj [3, 6, 11] 11 2 
C#:sus4(b7) [1, 6, 8] 1 3 
C#:min/5 [1, 4, 8] 8 1 
F#:maj [1, 6, 10] 6 4 
A:maj [1, 4, 9] 9 4 
B:sus2 [1, 6, 11] 11 8 
E:maj [4, 8, 11] 4 16 
A:maj [1, 4, 9] 9 3 
C#:min [1, 4, 8] 1 5 
F#:sus2 [1, 6, 8] 6 4 
B:7 [3, 6, 9, 11] 11 1 
B:maj [3, 6, 11] 11 3 
E:maj [4, 8, 11] 4 4 
C#:maj [1, 5, 8] 1 3 
C#:min [1, 4, 8] 1 1 
F#:sus2 [1, 6, 8] 6 4 
F#:min [1, 6, 9] 6 3 
B:sus2 [1, 6, 11] 11 4 
B:maj [3, 6, 11] 11 1 
E:sus2 [4, 6, 11] 4 4 
C#:min/b3 [1, 4, 8] 4 3 
C#:min [1, 4, 8] 1 1 
A:sus2 [4, 9, 11] 9 1 
A:maj7/7 [1, 4, 7, 9] 8 2 
F#:min [1, 6, 9] 6 3 
B:maj [3, 6, 11] 11 2 
C#:sus4(b7) [1, 6, 8] 1 3 
C#:min/5 [1, 4, 8] 8 1 
F#:maj [1, 6, 10] 6 4 
A:maj [1, 4, 9] 9 4 
B:sus2 [1, 6, 11] 11 8 
E:maj [4, 8, 11] 4 6 
B:maj [3, 6, 11] 11 2 
C#:min [1, 4, 8] 1 3 
A:maj [1, 4, 9] 9 3 
A:maj7 [1, 4, 7, 9] 9 2 
F#:min [1, 6, 9] 6 4 
B:sus2 [1, 6, 11] 11 4 
C#:min [1, 4, 8] 1 3 
A:maj [1, 4, 9] 9 4 
A:maj7 [1, 4, 7, 9] 9 1 
F#:min [1, 6, 9] 6 4 
B:sus2 [1, 6, 11] 11 16 
B:sus4(b7) [4, 6, 11] 11 2 
B:maj [3, 6, 11] 11 2 
E:sus2 [4, 6, 11] 4 4 
C#:min/b3 [1, 4, 8] 4 3 
C#:min [1, 4, 8] 1 1 
A:sus2 [4, 9, 11] 9 1 
A:maj7/7 [1, 4, 7, 9] 8 2 
F#:min [1, 6, 9] 6 3 
B:maj [3, 6, 11] 11 2 
C#:sus4(b7) [1, 6, 8] 1 3 
C#:min/5 [1, 4, 8] 8 1 
F#:maj [1, 6, 10] 6 4 
A:maj [1, 4, 9] 9 4 
B:sus2 [1, 6, 11] 11 8 
E:maj [4, 8, 11] 4 4 
F#:sus4(b7) [1, 6, 11] 6 2 
B:maj [3, 6, 11] 11 2 
A:maj [1, 4, 9] 9 2 
Ab:maj [0, 3, 8] 8 2 
F#:maj [1, 6, 10] 6 2 
B:maj [3, 6, 11] 11 3 
B:7 [3, 6, 9, 11] 11 1 
E:maj [4, 8, 11] 4 6 
