0 64
64 3
0 1
64 1
0 1
61 2
59 4
61 2
64 2
64 7
0 9
64 3
0 1
64 2
61 2
59 3
0 1
61 2
66 1
0 1
66 7
0 9
68 3
0 1
64 2
61 1
0 1
68 4
64 2
61 2
66 5
0 1
64 2
61 6
0 2
69 3
0 1
69 2
64 2
61 2
64 2
61 2
66 14
0 4
64 3
0 1
64 1
0 1
61 2
59 4
61 2
64 2
64 7
0 9
64 3
0 1
64 2
61 2
59 3
0 1
61 2
66 1
0 1
66 7
0 9
68 3
0 1
64 2
61 1
0 1
68 4
64 2
61 2
66 5
0 1
64 2
61 6
0 2
69 3
0 1
69 2
64 2
61 2
64 4
66 14
0 4
66 4
59 3
0 1
63 3
61 3
64 16
0 18
68 2
66 2
68 2
66 2
68 4
64 2
61 2
69 4
71 2
69 2
68 2
66 2
64 4
66 6
0 6
73 2
71 2
66 14
0 2
68 2
66 2
68 2
66 2
68 2
66 2
64 3
0 1
69 4
71 2
69 2
68 2
64 3
0 1
64 2
66 7
0 3
71 2
73 2
71 2
66 16
0 16
64 3
0 1
64 1
0 1
61 2
59 4
61 2
64 2
64 7
0 9
64 3
0 1
64 2
61 2
59 3
0 1
61 2
66 1
0 1
66 7
0 9
68 3
0 1
64 2
61 1
0 1
68 4
64 2
61 2
66 5
0 1
64 2
61 6
0 2
69 3
0 1
69 2
64 2
61 2
64 2
61 2
66 14
0 4
66 3
0 1
59 4
63 4
61 2
63 2
64 13
0 195
64 3
0 1
64 1
0 1
61 2
59 4
61 2
64 2
64 7
0 9
64 3
0 1
64 2
61 2
59 3
0 1
61 2
66 1
0 1
66 7
0 9
68 3
0 1
64 2
61 1
0 1
68 4
64 2
61 2
66 5
0 1
64 2
61 6
0 2
69 3
0 1
69 2
64 2
61 2
64 4
66 14
0 4
66 4
59 3
0 1
63 3
61 3
64 16
0 18
68 2
66 2
68 2
66 2
68 4
64 2
61 2
69 4
71 2
69 2
68 2
66 2
64 4
66 6
0 6
73 2
71 2
66 14
0 2
68 2
66 2
68 2
66 2
68 2
66 2
64 3
0 1
69 4
71 2
69 2
68 2
64 3
0 1
64 2
66 7
0 3
71 2
73 2
71 2
66 16
64 2
66 10
68 2
64 2
66 16
0 32
64 3
0 1
64 1
0 1
61 2
59 4
61 2
64 2
64 7
0 9
64 3
0 1
64 2
61 2
59 3
0 1
61 2
66 1
0 1
66 7
0 9
68 3
0 1
64 2
61 1
0 1
68 4
64 2
61 2
66 5
0 1
64 2
61 6
0 2
69 3
0 1
69 2
64 2
61 2
64 4
66 14
0 4
66 3
0 1
59 4
63 4
61 2
63 2
64 13
