E:min [4, 7, 11] 4 4 
C:maj [0, 4, 7] 0 4 
A:min [0, 4, 9] 9 2 
B:sus4 [4, 6, 11] 11 2 
E:sus2 [4, 6, 11] 4 4 
C:maj [0, 4, 7] 0 4 
F#:hdim7/b5 [0, 3, 6, 9] 0 1 
Eb:min6 [0, 3, 6, 10] 3 1 
E:min [4, 7, 11] 4 2 
C:maj/5 [0, 4, 7] 7 2 
B:maj [3, 6, 11] 11 2 
E:maj [4, 8, 11] 4 8 
D:maj [2, 6, 9] 2 4 
C:maj [0, 4, 7] 0 2 
D:maj [2, 6, 9] 2 2 
G:maj [2, 7, 11] 7 2 
B:7 [3, 6, 9, 11] 11 2 
A:min [0, 4, 9] 9 2 
D:maj [2, 6, 9] 2 2 
G:maj [2, 7, 11] 7 2 
C:maj [0, 4, 7] 0 2 
A:min [0, 4, 9] 9 2 
B:maj [3, 6, 11] 11 2 
E:min [4, 7, 11] 4 8 
D:maj [2, 6, 9] 2 4 
C:maj [0, 4, 7] 0 2 
D:maj [2, 6, 9] 2 2 
G:maj [2, 7, 11] 7 2 
B:maj [3, 6, 11] 11 2 
C:maj [0, 4, 7] 0 2 
D:maj [2, 6, 9] 2 2 
G:maj [2, 7, 11] 7 2 
E:min [4, 7, 11] 4 2 
C:maj [0, 4, 7] 0 2 
D:maj [2, 6, 9] 2 2 
G:maj [2, 7, 11] 7 2 
E:min [4, 7, 11] 4 2 
A:min [0, 4, 9] 9 2 
D:maj [2, 6, 9] 2 2 
E:min [4, 7, 11] 4 8 
B:min [2, 6, 11] 11 4 
C:maj [0, 4, 7] 0 2 
D:maj [2, 6, 9] 2 2 
G:maj [2, 7, 11] 7 2 
E:min [4, 7, 11] 4 2 
A:min [0, 4, 9] 9 2 
D:maj [2, 6, 9] 2 2 
G:sus2 [2, 7, 9] 7 2 
B:maj [3, 6, 11] 11 2 
E:min [4, 7, 11] 4 4 
B:min [2, 6, 11] 11 4 
C:maj [0, 4, 7] 0 2 
D:maj [2, 6, 9] 2 2 
G:maj [2, 7, 11] 7 2 
E:min [4, 7, 11] 4 2 
A:min [0, 4, 9] 9 2 
D:maj [2, 6, 9] 2 2 
E:min [4, 7, 11] 4 4 
C:maj [0, 4, 7] 0 4 
G:maj [2, 7, 11] 7 4 
E:min [4, 7, 11] 4 4 
C:maj/3 [0, 4, 7] 4 4 
F#:hdim7 [0, 3, 6, 9] 6 2 
B:maj/3 [3, 6, 11] 3 2 
E:min [4, 7, 11] 4 2 
C:maj [0, 4, 7] 0 2 
A:min [0, 4, 9] 9 2 
B:maj [3, 6, 11] 11 2 
E:sus4 [4, 9, 11] 4 8 
D:maj [2, 6, 9] 2 4 
C:maj [0, 4, 7] 0 2 
D:maj [2, 6, 9] 2 2 
G:maj [2, 7, 11] 7 2 
B:maj [3, 6, 11] 11 2 
C:maj [0, 4, 7] 0 2 
D:maj [2, 6, 9] 2 2 
G:maj [2, 7, 11] 7 2 
E:min [4, 7, 11] 4 2 
C:maj [0, 4, 7] 0 2 
D:maj [2, 6, 9] 2 2 
G:maj [2, 7, 11] 7 2 
E:min [4, 7, 11] 4 2 
A:min [0, 4, 9] 9 2 
D:maj [2, 6, 9] 2 2 
E:min [4, 7, 11] 4 8 
B:min [2, 6, 11] 11 4 
C:maj [0, 4, 7] 0 2 
D:maj [2, 6, 9] 2 2 
G:maj [2, 7, 11] 7 2 
E:min [4, 7, 11] 4 2 
A:min [0, 4, 9] 9 2 
D:maj [2, 6, 9] 2 2 
G:sus2 [2, 7, 9] 7 2 
B:maj [3, 6, 11] 11 2 
E:min [4, 7, 11] 4 4 
B:min [2, 6, 11] 11 4 
C:maj [0, 4, 7] 0 2 
D:maj [2, 6, 9] 2 2 
G:maj [2, 7, 11] 7 2 
E:min [4, 7, 11] 4 2 
A:min [0, 4, 9] 9 2 
D:maj [2, 6, 9] 2 2 
E:min [4, 7, 11] 4 4 
A:min7 [0, 4, 7, 9] 9 1 
D:sus2 [2, 4, 9] 2 2 
D:maj [2, 6, 9] 2 3 
E:min [4, 7, 11] 4 3 
C:maj [0, 4, 7] 0 3 
D:maj [2, 6, 9] 2 1 
E:maj [4, 8, 11] 4 5 
