0 128
64 3
0 1
64 2
62 1
64 6
0 1
67 1
69 1
71 1
71 1
71 1
71 1
71 2
69 1
71 7
0 1
71 1
76 4
76 1
0 1
76 1
0 1
76 2
74 4
69 2
71 8
0 7
71 1
71 1
69 1
69 1
67 1
69 2
67 2
69 2
67 1
69 3
67 1
69 1
71 1
0 1
71 1
0 1
71 2
74 2
71 6
0 4
69 1
71 1
71 1
0 1
71 1
0 1
69 3
69 3
66 2
64 14
0 2
64 2
64 1
0 1
64 2
62 1
64 6
0 1
67 1
69 1
71 1
71 1
71 1
71 1
71 2
69 1
71 7
0 1
71 1
76 4
76 1
0 1
76 1
0 1
76 2
74 4
69 2
71 8
0 7
71 1
76 2
74 2
76 1
0 1
74 1
0 1
76 2
74 1
76 4
0 1
74 2
71 2
74 2
76 1
71 7
0 1
71 1
76 2
74 2
76 2
74 1
76 2
78 3
76 2
74 1
0 1
74 2
71 2
74 1
76 3
71 5
0 1
71 1
71 1
71 1
69 1
69 1
67 1
69 2
67 1
69 3
62 1
0 1
67 2
69 2
67 2
64 10
0 3
71 1
76 2
74 2
76 1
0 1
74 1
0 1
76 2
74 1
76 4
76 1
74 2
71 2
74 2
71 1
74 7
0 1
71 1
76 2
74 2
76 2
74 1
76 2
78 3
76 2
74 1
0 1
74 2
71 2
74 1
76 3
71 5
0 2
64 1
69 5
0 2
69 1
69 2
67 2
67 1
74 3
71 8
0 7
71 1
76 2
74 2
76 1
0 1
74 1
0 1
76 2
74 1
76 4
76 1
74 2
71 2
74 2
71 1
74 7
0 1
71 1
76 2
74 2
76 2
74 1
76 2
78 3
76 2
74 1
0 1
74 2
71 2
74 1
76 3
71 5
0 1
71 1
71 1
71 1
69 1
69 1
67 1
69 2
67 1
69 3
62 1
0 1
67 2
69 2
67 2
64 10
0 132
64 2
64 1
0 1
64 2
62 1
64 6
0 1
67 1
69 1
71 1
71 1
71 1
71 1
71 2
69 1
71 7
0 1
71 1
76 4
76 1
0 1
76 1
0 1
76 2
74 4
69 2
71 8
0 7
71 1
76 2
74 2
76 1
0 1
74 1
0 1
76 2
74 1
76 4
0 1
74 2
71 2
74 2
76 1
71 7
0 1
71 1
76 2
74 2
76 2
74 1
76 2
78 3
76 2
74 1
0 1
74 2
71 2
74 1
76 3
71 5
0 1
71 1
71 1
71 1
69 1
69 1
67 1
69 2
67 1
69 3
62 1
0 1
67 2
69 2
67 2
64 10
0 3
71 1
76 2
74 2
76 1
0 1
74 1
0 1
76 2
74 1
76 4
76 1
74 2
71 2
74 2
71 1
74 7
0 1
71 1
76 2
74 2
76 2
74 1
76 2
78 3
76 2
74 1
0 1
74 2
71 2
74 1
76 3
71 5
0 2
64 1
69 5
0 2
69 1
69 2
67 2
67 1
74 3
71 8
0 7
71 1
76 2
74 2
76 1
0 1
74 1
0 1
76 2
74 1
76 4
76 1
74 2
71 2
74 2
71 1
74 7
0 1
71 1
76 2
74 2
76 2
74 1
76 2
78 3
76 2
74 1
0 1
74 2
71 2
74 1
76 3
71 5
0 1
71 1
71 1
71 1
69 1
69 1
67 1
69 2
67 1
69 3
62 1
0 1
67 2
69 2
67 2
64 10
