F#:sus2 [1, 6, 8] 6 10 
C#:maj/3 [1, 5, 8] 5 2 
Eb:min7 [1, 3, 6, 10] 3 2 
C#:sus4 [1, 6, 8] 1 2 
B:maj [3, 6, 11] 11 2 
C#:sus4 [1, 6, 8] 1 2 
F#:maj [1, 6, 10] 6 6 
C#:maj/3 [1, 5, 8] 5 2 
Eb:min7 [1, 3, 6, 10] 3 2 
C#:maj6 [1, 5, 8, 10] 1 2 
B:sus2 [1, 6, 11] 11 2 
C#:sus4 [1, 6, 8] 1 2 
F#:maj [1, 6, 10] 6 8 
B:maj7/3 [3, 6, 9, 11] 3 2 
F#:maj/5 [1, 6, 10] 1 2 
B:sus2 [1, 6, 11] 11 2 
F#:maj/3 [1, 6, 10] 10 2 
Ab:min [3, 8, 11] 8 2 
C#:sus4(b7) [1, 6, 8] 1 2 
F#:maj [1, 6, 10] 6 2 
C#:maj/3 [1, 5, 8] 5 2 
B:maj/3 [3, 6, 11] 3 2 
F#:maj/5 [1, 6, 10] 1 2 
B:sus2 [1, 6, 11] 11 2 
F#:maj/3 [1, 6, 10] 10 2 
Ab:min7 [3, 6, 8, 11] 8 2 
C#:sus4 [1, 6, 8] 1 4 
Eb:min [3, 6, 10] 3 2 
Eb:min7/b7 [1, 3, 6, 10] 1 2 
B:maj [3, 6, 11] 11 2 
F#:maj [1, 6, 10] 6 2 
Eb:min [3, 6, 10] 3 2 
C#:maj [1, 5, 8] 1 2 
B:maj [3, 6, 11] 11 2 
C#:sus4 [1, 6, 8] 1 2 
F#:maj [1, 6, 10] 6 8 
Eb:min7 [1, 3, 6, 10] 3 2 
C#:7/b7 [1, 5, 8, 11] 11 1 
C#:maj [1, 5, 8] 1 1 
Ab:min7 [3, 6, 8, 11] 8 2 
C#:sus4 [1, 6, 8] 1 2 
F#:maj [1, 6, 10] 6 2 
C#:sus4(b7) [1, 6, 8] 1 2 
F#:maj [1, 6, 10] 6 4 
Eb:min [3, 6, 10] 3 2 
B:maj7 [3, 6, 9, 11] 11 1 
B:maj [3, 6, 11] 11 1 
Ab:min [3, 8, 11] 8 2 
C#:maj [1, 5, 8] 1 2 
F#:sus2 [1, 6, 8] 6 2 
C#:sus4 [1, 6, 8] 1 2 
F#:maj [1, 6, 10] 6 4 
Eb:min [3, 6, 10] 3 2 
B:sus2 [1, 6, 11] 11 1 
C#:maj [1, 5, 8] 1 1 
Ab:min7 [3, 6, 8, 11] 8 2 
C#:maj [1, 5, 8] 1 2 
F#:maj [1, 6, 10] 6 2 
C#:sus2 [1, 3, 8] 1 2 
F#:maj [1, 6, 10] 6 4 
Eb:min7 [1, 3, 6, 10] 3 2 
C#:7/b7 [1, 5, 8, 11] 11 1 
C#:maj [1, 5, 8] 1 1 
Ab:min7 [3, 6, 8, 11] 8 2 
B:maj6 [3, 6, 8, 11] 11 2 
B:maj7/7 [3, 6, 9, 11] 10 1 
B:maj [3, 6, 11] 11 1 
F#:maj [1, 6, 10] 6 6 
C#:maj/3 [1, 5, 8] 5 2 
Eb:min7 [1, 3, 6, 10] 3 2 
C#:sus4 [1, 6, 8] 1 2 
B:maj [3, 6, 11] 11 2 
C#:sus4 [1, 6, 8] 1 2 
F#:maj [1, 6, 10] 6 6 
C#:maj/3 [1, 5, 8] 5 2 
Eb:min7 [1, 3, 6, 10] 3 2 
C#:maj6 [1, 5, 8, 10] 1 2 
B:sus2 [1, 6, 11] 11 2 
C#:sus4 [1, 6, 8] 1 2 
F#:maj [1, 6, 10] 6 6 
C#:maj/3 [1, 5, 8] 5 2 
B:maj7/3 [3, 6, 9, 11] 3 2 
F#:maj/5 [1, 6, 10] 1 2 
B:sus2 [1, 6, 11] 11 2 
F#:maj/3 [1, 6, 10] 10 2 
Ab:min [3, 8, 11] 8 2 
C#:sus4 [1, 6, 8] 1 2 
F#:maj [1, 6, 10] 6 2 
C#:maj/3 [1, 5, 8] 5 2 
B:maj/3 [3, 6, 11] 3 2 
F#:maj/5 [1, 6, 10] 1 2 
B:maj7 [3, 6, 9, 11] 11 2 
F#:maj/3 [1, 6, 10] 10 2 
Ab:min7 [3, 6, 8, 11] 8 2 
C#:sus4 [1, 6, 8] 1 4 
Eb:min [3, 6, 10] 3 2 
C#:maj6 [1, 5, 8, 10] 1 2 
B:maj [3, 6, 11] 11 1 
C#:maj [1, 5, 8] 1 1 
F#:maj [1, 6, 10] 6 2 
Eb:min [3, 6, 10] 3 2 
C#:maj [1, 5, 8] 1 2 
Ab:min7 [3, 6, 8, 11] 8 2 
C#:sus4 [1, 6, 8] 1 2 
F#:maj [1, 6, 10] 6 8 
Eb:min [3, 6, 10] 3 2 
C#:7/b7 [1, 5, 8, 11] 11 1 
C#:maj [1, 5, 8] 1 1 
Ab:min7 [3, 6, 8, 11] 8 2 
C#:sus4 [1, 6, 8] 1 2 
F#:maj [1, 6, 10] 6 2 
C#:sus4(b7) [1, 6, 8] 1 2 
F#:maj [1, 6, 10] 6 4 
Eb:min [3, 6, 10] 3 2 
B:maj7 [3, 6, 9, 11] 11 1 
C#:sus4 [1, 6, 8] 1 1 
Ab:min [3, 8, 11] 8 2 
C#:sus4 [1, 6, 8] 1 2 
F#:maj6 [1, 3, 6, 10] 6 2 
C#:maj [1, 5, 8] 1 2 
F#:maj [1, 6, 10] 6 4 
Eb:min [3, 6, 10] 3 2 
B:sus2 [1, 6, 11] 11 1 
C#:sus4 [1, 6, 8] 1 1 
Ab:min7 [3, 6, 8, 11] 8 2 
C#:maj [1, 5, 8] 1 2 
F#:maj [1, 6, 10] 6 2 
C#:sus4 [1, 6, 8] 1 2 
F#:maj [1, 6, 10] 6 4 
Eb:min7 [1, 3, 6, 10] 3 2 
C#:7/b7 [1, 5, 8, 11] 11 1 
C#:maj [1, 5, 8] 1 1 
Ab:min7 [3, 6, 8, 11] 8 4 
B:maj [3, 6, 11] 11 2 
F#:maj6 [1, 3, 6, 10] 6 6 
F#:maj [1, 6, 10] 6 2 
Eb:min7 [1, 3, 6, 10] 3 2 
B:maj7 [3, 6, 9, 11] 11 1 
C#:maj [1, 5, 8] 1 1 
Ab:min7 [3, 6, 8, 11] 8 2 
C#:maj [1, 5, 8] 1 1 
C#:sus4 [1, 6, 8] 1 1 
F#:maj [1, 6, 10] 6 2 
C#:sus4(b7) [1, 6, 8] 1 2 
F#:maj [1, 6, 10] 6 4 
Eb:min [3, 6, 10] 3 2 
B:maj6 [3, 6, 8, 11] 11 1 
C#:maj [1, 5, 8] 1 1 
Ab:min7 [3, 6, 8, 11] 8 2 
B:sus2 [1, 6, 11] 11 4 
B:maj7/7 [3, 6, 9, 11] 10 1 
Ab:min7 [3, 6, 8, 11] 8 2 
F#:maj [1, 6, 10] 6 2 
