D:maj [2, 6, 9] 2 2 
C#:sus4 [1, 6, 8] 1 2 
B:maj [3, 6, 11] 11 2 
A:maj [1, 4, 9] 9 2 
E:min [4, 7, 11] 4 4 
G:min [2, 7, 10] 7 2 
C:maj [0, 4, 7] 0 2 
D:maj [2, 6, 9] 2 2 
D:maj9 [0, 2, 4, 6, 9] 2 2 
E:min [4, 7, 11] 4 4 
A:maj [1, 4, 9] 9 8 
D:maj [2, 6, 9] 2 2 
C#:sus4 [1, 6, 8] 1 2 
B:maj [3, 6, 11] 11 2 
A:maj [1, 4, 9] 9 2 
G:maj [2, 7, 11] 7 2 
F#:maj [1, 6, 10] 6 2 
E:min [4, 7, 11] 4 2 
A:maj [1, 4, 9] 9 2 
D:maj [2, 6, 9] 2 2 
C#:sus4 [1, 6, 8] 1 2 
F#:sus4 [1, 6, 11] 6 4 
G:maj [2, 7, 11] 7 2 
F#:maj [1, 6, 10] 6 2 
A:maj [1, 4, 9] 9 4 
D:maj [2, 6, 9] 2 4 
E:min [4, 7, 11] 4 4 
F#:min [1, 6, 9] 6 4 
G:maj [2, 7, 11] 7 4 
A:maj [1, 4, 9] 9 8 
D:maj [2, 6, 9] 2 4 
B:min [2, 6, 11] 11 2 
F#:min [1, 6, 9] 6 2 
G:maj [2, 7, 11] 7 4 
A:maj [1, 4, 9] 9 4 
D:maj [2, 6, 9] 2 4 
B:min [2, 6, 11] 11 2 
F#:min [1, 6, 9] 6 2 
G:maj [2, 7, 11] 7 2 
A:maj [1, 4, 9] 9 2 
D:maj [2, 6, 9] 2 4 
G:min [2, 7, 10] 7 4 
D:maj [2, 6, 9] 2 4 
C:maj [0, 4, 7] 0 4 
B:min [2, 6, 11] 11 4 
E:min [4, 7, 11] 4 4 
G:maj [2, 7, 11] 7 4 
A:maj [1, 4, 9] 9 8 
D:maj [2, 6, 9] 2 2 
D:maj7/7 [0, 2, 6, 9] 1 2 
B:maj [3, 6, 11] 11 2 
A:maj [1, 4, 9] 9 2 
G:maj [2, 7, 11] 7 2 
F#:min [1, 6, 9] 6 2 
A:maj [1, 4, 9] 9 4 
D:maj [2, 6, 9] 2 2 
F#:min/5 [1, 6, 9] 1 2 
B:maj [3, 6, 11] 11 2 
F#:min [1, 6, 9] 6 2 
G:maj [2, 7, 11] 7 2 
F#:maj [1, 6, 10] 6 2 
A:maj [1, 4, 9] 9 4 
D:maj [2, 6, 9] 2 4 
E:min [4, 7, 11] 4 4 
F#:min [1, 6, 9] 6 4 
G:maj [2, 7, 11] 7 4 
A:maj [1, 4, 9] 9 8 
D:maj [2, 6, 9] 2 4 
B:min [2, 6, 11] 11 2 
F#:min [1, 6, 9] 6 2 
G:maj [2, 7, 11] 7 4 
A:maj [1, 4, 9] 9 4 
D:maj [2, 6, 9] 2 4 
B:min [2, 6, 11] 11 2 
F#:min [1, 6, 9] 6 2 
G:maj [2, 7, 11] 7 2 
A:maj [1, 4, 9] 9 2 
D:maj [2, 6, 9] 2 8 
B:min [2, 6, 11] 11 2 
F#:min [1, 6, 9] 6 2 
G:maj [2, 7, 11] 7 4 
A:maj [1, 4, 9] 9 4 
D:maj [2, 6, 9] 2 4 
B:min [2, 6, 11] 11 2 
F#:min [1, 6, 9] 6 2 
G:maj [2, 7, 11] 7 2 
A:maj [1, 4, 9] 9 2 
D:sus2 [2, 4, 9] 2 6 
F#:min/5 [1, 6, 9] 1 2 
B:min [2, 6, 11] 11 2 
A:maj [1, 4, 9] 9 2 
G:maj [2, 7, 11] 7 2 
F#:min [1, 6, 9] 6 2 
A:maj [1, 4, 9] 9 6 
D:maj7 [0, 2, 6, 9] 2 6 
