0 128
57 2
59 2
62 2
66 1
0 1
69 5
0 3
71 1
73 3
0 2
71 2
66 1
66 6
0 1
71 1
73 2
0 1
71 1
0 1
71 1
0 1
69 2
71 2
69 2
0 1
66 1
64 1
0 1
64 8
0 6
57 2
59 2
62 2
66 2
69 3
0 5
71 2
73 1
74 4
0 3
69 1
71 3
69 4
71 1
71 1
71 2
0 1
73 1
71 2
69 1
0 1
66 1
64 1
62 2
64 9
0 3
59 4
62 12
0 4
64 1
0 1
64 1
64 1
64 1
0 1
64 1
0 3
62 2
64 1
0 1
71 2
0 2
69 2
66 6
0 6
71 1
0 1
71 1
71 2
0 1
71 2
0 2
69 2
71 1
0 1
74 4
71 3
0 3
69 7
0 17
74 2
76 1
76 3
74 1
0 1
74 2
76 1
76 3
74 2
0 2
74 2
76 1
0 1
78 1
0 1
78 5
0 3
76 2
0 1
74 2
0 1
71 1
0 1
76 3
74 2
0 1
71 2
0 2
69 4
71 1
69 1
66 3
0 1
64 4
74 2
76 1
76 3
74 1
0 1
74 2
76 1
76 2
0 1
74 2
0 2
74 2
76 1
0 1
81 2
0 2
78 4
0 2
76 3
74 3
71 2
76 2
0 1
78 2
0 1
74 2
76 2
74 11
0 131
57 2
59 2
62 2
66 1
0 1
69 5
0 3
71 1
73 3
0 2
71 2
66 1
66 6
0 1
71 1
73 2
0 1
71 1
0 1
71 1
0 1
69 2
71 2
69 2
0 1
66 1
64 1
0 1
64 8
0 6
57 2
59 2
62 2
66 2
69 3
0 5
71 2
73 1
74 4
0 3
69 1
71 3
69 4
71 1
71 1
71 2
0 1
73 1
71 2
69 1
0 1
66 1
64 1
62 2
64 9
0 3
59 4
62 12
0 4
64 1
0 1
64 1
64 1
64 1
0 1
64 1
0 3
62 2
64 1
0 1
71 2
0 2
69 2
66 6
0 6
71 1
0 1
71 1
71 2
0 1
71 2
0 2
69 2
71 1
0 1
74 4
71 3
0 3
69 7
0 17
74 2
76 1
76 3
74 1
0 1
74 2
76 1
76 3
74 2
0 2
74 2
76 1
0 1
78 1
0 1
78 5
0 3
76 2
0 1
74 2
0 1
71 1
0 1
76 3
74 2
0 1
71 2
0 2
69 4
71 1
69 1
66 3
0 1
64 4
74 2
76 1
76 3
74 1
0 1
74 2
76 1
76 2
0 1
74 2
0 2
74 2
76 1
0 1
81 2
0 2
78 4
0 2
76 3
74 3
71 2
76 2
0 1
78 2
0 1
74 2
76 2
74 11
0 3
74 2
76 1
76 3
74 1
0 1
74 2
76 1
76 3
74 2
0 2
74 2
76 1
0 1
78 1
0 1
78 5
0 3
76 2
0 1
74 2
0 1
71 1
0 1
76 3
74 2
0 1
71 2
0 2
69 4
71 1
69 1
66 3
0 1
64 4
74 2
76 1
76 3
74 1
0 1
74 2
76 1
76 2
0 1
74 2
0 2
74 2
76 1
0 1
81 2
0 2
78 4
0 2
76 3
74 3
71 2
76 2
0 1
78 2
0 1
74 2
76 2
74 11
0 3
57 2
59 2
62 2
66 2
69 5
0 3
71 1
73 3
71 2
66 2
66 6
0 2
71 2
73 2
71 2
0 1
71 1
69 2
71 2
69 2
66 1
64 1
64 11
0 3
59 6
62 16
