D:min [2, 5, 9] 2 4 
Bb:maj [2, 5, 10] 10 1 
C:maj [0, 4, 7] 0 1 
F:maj [0, 5, 9] 5 2 
G:min [2, 7, 10] 7 2 
A:min [0, 4, 9] 9 2 
Bb:maj [2, 5, 10] 10 2 
C:maj [0, 4, 7] 0 2 
D:min [2, 5, 9] 2 4 
Bb:maj [2, 5, 10] 10 1 
A:min/b3 [0, 4, 9] 0 1 
F:maj [0, 5, 9] 5 2 
D:min [2, 5, 9] 2 2 
G:min [2, 7, 10] 7 2 
A:min [0, 4, 9] 9 4 
D:sus2 [2, 4, 9] 2 8 
G:min [2, 7, 10] 7 1 
A:min [0, 4, 9] 9 1 
D:min [2, 5, 9] 2 2 
G:min [2, 7, 10] 7 4 
C:maj [0, 4, 7] 0 2 
F:maj [0, 5, 9] 5 2 
Bb:maj [2, 5, 10] 10 2 
C:maj [0, 4, 7] 0 2 
Bb:maj [2, 5, 10] 10 2 
D:min [2, 5, 9] 2 6 
G:min [2, 7, 10] 7 1 
A:min [0, 4, 9] 9 1 
D:min [2, 5, 9] 2 2 
G:min [2, 7, 10] 7 4 
C:maj [0, 4, 7] 0 2 
F:maj [0, 5, 9] 5 2 
Bb:maj [2, 5, 10] 10 2 
C:maj [0, 4, 7] 0 2 
Bb:maj [2, 5, 10] 10 2 
D:min [2, 5, 9] 2 6 
Bb:maj [2, 5, 10] 10 2 
C:maj [0, 4, 7] 0 1 
F:maj [0, 5, 9] 5 1 
G:min [2, 7, 10] 7 2 
A:min [0, 4, 9] 9 1 
D:min [2, 5, 9] 2 1 
Bb:maj/3 [2, 5, 10] 2 2 
C:maj [0, 4, 7] 0 2 
D:min [2, 5, 9] 2 9 
Bb:maj [2, 5, 10] 10 1 
C:maj [0, 4, 7] 0 1 
F:maj [0, 5, 9] 5 1 
G:min [2, 7, 10] 7 3 
D:min [2, 5, 9] 2 2 
Bb:maj [2, 5, 10] 10 1 
C:maj [0, 4, 7] 0 1 
A:min [0, 4, 9] 9 1 
D:min [2, 5, 9] 2 13 
Bb:maj [2, 5, 10] 10 1 
C:maj [0, 4, 7] 0 2 
F:maj [0, 5, 9] 5 3 
D:min [2, 5, 9] 2 6 
Bb:maj [2, 5, 10] 10 3 
C:maj [0, 4, 7] 0 4 
D:min [2, 5, 9] 2 8 
G:min [2, 7, 10] 7 1 
A:min [0, 4, 9] 9 1 
D:min [2, 5, 9] 2 2 
G:min [2, 7, 10] 7 4 
G:min7 [2, 5, 7, 10] 7 1 
C:maj [0, 4, 7] 0 1 
F:maj [0, 5, 9] 5 2 
Bb:maj [2, 5, 10] 10 2 
C:maj [0, 4, 7] 0 2 
Bb:maj [2, 5, 10] 10 2 
D:min [2, 5, 9] 2 6 
Bb:maj [2, 5, 10] 10 2 
C:maj [0, 4, 7] 0 1 
F:maj [0, 5, 9] 5 1 
G:min [2, 7, 10] 7 2 
A:min [0, 4, 9] 9 1 
D:min [2, 5, 9] 2 1 
Bb:maj/3 [2, 5, 10] 2 2 
C:maj [0, 4, 7] 0 1 
A:min [0, 4, 9] 9 1 
D:min [2, 5, 9] 2 9 
Bb:maj [2, 5, 10] 10 1 
C:maj [0, 4, 7] 0 1 
F:maj [0, 5, 9] 5 1 
G:min [2, 7, 10] 7 2 
A:min [0, 4, 9] 9 1 
D:min [2, 5, 9] 2 2 
Bb:maj [2, 5, 10] 10 1 
C:maj [0, 4, 7] 0 1 
A:min [0, 4, 9] 9 1 
D:min [2, 5, 9] 2 8 
Bb:maj [2, 5, 10] 10 2 
C:maj [0, 4, 7] 0 1 
F:maj [0, 5, 9] 5 1 
G:min [2, 7, 10] 7 3 
D:min [2, 5, 9] 2 1 
Bb:maj/3 [2, 5, 10] 2 2 
C:maj [0, 4, 7] 0 2 
D:min [2, 5, 9] 2 9 
Bb:maj [2, 5, 10] 10 1 
C:maj [0, 4, 7] 0 1 
F:maj [0, 5, 9] 5 1 
G:min [2, 7, 10] 7 3 
D:min [2, 5, 9] 2 1 
Bb:maj [2, 5, 10] 10 2 
C:maj [0, 4, 7] 0 1 
A:min [0, 4, 9] 9 1 
D:min [2, 5, 9] 2 4 
G:min7 [2, 5, 7, 10] 7 2 
A:min7 [0, 4, 7, 9] 9 1 
D:min [2, 5, 9] 2 1 
Bb:maj [2, 5, 10] 10 2 
C:maj [0, 4, 7] 0 6 
D:min [2, 5, 9] 2 4 
