0 142
81 1
84 1
86 2
84 2
79 1
84 3
81 4
0 2
74 1
77 1
81 2
79 2
72 1
76 3
74 4
0 4
81 2
0 1
79 1
79 1
0 1
74 2
79 3
0 5
86 1
0 1
86 1
86 1
84 1
0 1
79 2
81 3
0 5
86 1
0 1
86 1
89 1
86 2
84 1
0 1
79 3
0 5
77 1
0 1
77 1
79 1
77 2
72 2
74 3
0 3
81 1
84 1
86 2
84 2
79 1
84 3
81 4
0 2
74 1
77 1
81 2
79 2
72 1
76 3
74 4
0 4
81 2
0 1
79 1
79 1
0 1
74 2
79 3
0 5
86 1
0 1
86 1
86 1
84 1
0 1
79 2
81 3
0 5
86 1
0 1
86 1
89 1
86 2
84 1
0 1
79 3
0 5
77 1
0 1
77 1
79 1
77 2
72 2
74 3
0 5
81 2
86 1
0 1
86 1
0 1
84 1
81 1
84 1
0 1
88 1
0 1
86 3
0 1
89 1
0 1
89 1
91 1
89 1
0 1
86 1
84 3
86 2
81 2
0 2
74 2
79 1
0 1
79 2
79 1
0 1
81 2
84 1
0 1
86 1
0 1
86 1
0 1
89 1
0 1
89 1
91 1
93 1
0 1
93 1
0 1
84 2
0 1
84 1
81 1
0 1
84 1
0 1
86 8
0 8
81 2
86 1
0 1
86 1
0 1
84 1
81 1
84 1
0 1
88 1
0 1
86 3
0 1
89 1
0 1
89 1
91 1
89 1
0 1
86 1
84 3
86 2
81 2
0 2
74 2
79 1
0 1
79 2
79 1
0 1
81 2
84 1
0 1
86 1
0 1
86 1
0 1
89 1
0 1
89 1
91 1
93 1
0 1
93 1
0 1
84 2
0 1
84 1
81 1
0 1
84 1
0 1
86 8
0 134
81 1
84 1
86 2
84 2
79 1
84 3
81 4
0 2
74 1
77 1
81 2
79 2
72 1
76 3
74 4
0 4
81 2
0 1
79 1
79 1
0 1
74 2
79 3
0 5
86 1
0 1
86 1
86 1
84 1
0 1
79 2
81 3
0 5
86 1
0 1
86 1
89 1
86 2
84 1
0 1
79 3
0 5
77 1
0 1
77 1
79 1
77 2
72 2
74 3
0 5
81 2
86 1
0 1
86 1
0 1
84 1
81 1
84 1
0 1
88 1
0 1
86 3
0 1
89 1
0 1
89 1
91 1
89 1
0 1
86 1
84 3
86 2
81 2
0 2
74 2
79 1
0 1
79 2
79 1
0 1
81 2
84 1
0 1
86 1
0 1
86 1
0 1
89 1
0 1
89 1
91 1
93 1
0 1
93 1
0 1
84 2
0 1
84 1
81 1
0 1
84 1
0 1
86 8
0 8
81 2
86 1
0 1
86 1
0 1
84 1
81 1
84 1
0 1
88 1
0 1
86 3
0 1
89 1
0 1
89 1
91 1
89 1
0 1
86 1
84 3
86 2
81 2
0 2
74 2
79 1
0 1
79 2
79 1
0 1
81 2
84 1
0 1
86 1
0 1
86 1
0 1
89 1
0 1
89 1
91 1
93 1
0 1
93 1
0 1
84 2
0 1
84 1
81 1
0 1
84 1
0 1
86 8
0 8
81 2
86 1
0 1
86 1
0 1
84 1
81 1
84 1
0 1
88 1
0 1
86 3
0 1
89 1
0 1
89 1
91 1
89 1
0 1
86 1
84 3
86 2
81 2
0 2
74 2
79 1
0 1
79 2
79 1
0 1
81 2
84 1
0 1
86 1
0 1
86 1
0 1
89 1
0 1
89 1
91 1
93 1
0 1
93 1
0 1
84 2
0 1
84 1
81 1
0 1
84 1
0 1
86 8
0 8
81 2
86 1
0 1
86 1
0 1
84 1
81 1
84 1
0 1
88 1
0 1
86 3
0 1
89 1
0 1
89 1
91 1
89 1
0 1
86 1
84 3
86 2
81 2
0 2
74 2
79 1
0 1
79 2
79 1
0 1
81 2
84 1
0 1
86 1
0 1
86 1
0 1
89 1
0 1
89 1
91 1
93 1
0 1
93 1
0 1
84 2
0 1
84 1
81 1
0 1
84 1
0 1
86 8
0 8
74 2
79 1
0 1
79 1
0 1
79 1
0 1
81 2
84 2
86 1
0 1
86 1
0 1
89 2
0 1
91 1
93 1
0 1
93 2
0 1
84 3
0 1
84 2
81 3
84 11
0 3
86 11
