0 66
52 2
55 2
52 2
59 2
57 8
50 2
54 2
50 2
57 2
55 8
52 2
55 2
52 1
59 3
57 2
57 2
55 2
57 4
62 4
59 10
52 2
55 2
52 2
59 2
57 8
50 2
54 2
50 2
57 2
55 4
52 2
60 2
59 2
55 2
52 2
55 4
57 3
57 2
55 17
60 2
60 2
59 2
59 2
57 8
57 2
62 2
57 2
59 2
59 2
55 6
60 2
60 2
59 2
59 2
57 2
57 2
55 1
57 1
59 4
59 2
60 2
60 2
59 8
64 2
64 2
64 2
64 2
62 2
57 2
60 2
59 4
57 4
56 7
52 1
59 2
55 2
55 10
62 2
59 2
59 2
57 14
52 2
55 2
52 2
59 2
57 8
50 2
54 2
50 2
57 3
55 7
52 2
55 2
52 1
59 3
57 2
57 2
55 2
57 4
62 4
59 10
64 2
64 2
64 2
64 2
62 4
57 2
62 2
57 2
59 2
59 4
55 4
52 2
60 2
59 2
55 2
52 2
55 4
57 4
55 14
0 132
60 2
60 2
59 2
59 2
57 8
57 2
62 2
57 2
59 2
59 2
55 6
60 2
60 2
59 2
59 2
57 2
57 2
55 1
57 1
59 4
59 2
60 2
60 2
59 8
64 2
64 2
64 2
64 2
62 2
57 2
60 2
59 4
57 4
56 7
52 1
59 2
55 2
55 10
62 2
59 2
59 2
57 14
52 2
55 2
52 2
59 2
57 8
50 2
54 2
50 2
57 3
55 7
52 2
55 2
52 1
59 3
57 2
57 2
55 2
57 4
62 4
59 10
64 2
64 2
64 2
64 2
62 4
57 2
62 2
57 2
59 2
59 4
55 4
52 2
60 2
59 2
55 2
52 2
55 4
57 4
55 17
52 2
60 2
59 3
55 3
52 2
55 5
57 3
55 5
0 1
55 19
