E:min [4, 7, 11] 4 4 
A:maj [1, 4, 9] 9 4 
C:maj [0, 4, 7] 0 2 
C:maj7 [0, 4, 7, 10] 0 2 
E:min [4, 7, 11] 4 8 
A:maj [1, 4, 9] 9 4 
C:maj9 [0, 2, 4, 7, 10] 0 4 
B:7 [3, 6, 9, 11] 11 4 
E:maj [4, 8, 11] 4 2 
D:maj [2, 6, 9] 2 2 
C#:dim [1, 4, 7] 1 2 
E:min [4, 7, 11] 4 2 
C:maj [0, 4, 7] 0 2 
D:maj [2, 6, 9] 2 2 
G:maj [2, 7, 11] 7 2 
B:maj [3, 6, 11] 11 2 
C:maj [0, 4, 7] 0 2 
D:maj [2, 6, 9] 2 2 
A:maj [1, 4, 9] 9 2 
E:min [4, 7, 11] 4 2 
C:maj [0, 4, 7] 0 2 
D:maj [2, 6, 9] 2 2 
B:maj [3, 6, 11] 11 4 
E:maj [4, 8, 11] 4 2 
D:maj [2, 6, 9] 2 2 
C#:dim [1, 4, 7] 1 2 
E:min [4, 7, 11] 4 2 
C:maj [0, 4, 7] 0 2 
D:maj [2, 6, 9] 2 2 
G:maj [2, 7, 11] 7 2 
B:maj [3, 6, 11] 11 2 
C:maj [0, 4, 7] 0 2 
D:maj [2, 6, 9] 2 2 
A:maj [1, 4, 9] 9 2 
E:min [4, 7, 11] 4 2 
C:maj [0, 4, 7] 0 2 
D:maj [2, 6, 9] 2 2 
E:min7/b7 [2, 4, 7, 11] 2 4 
C:maj [0, 4, 7] 0 2 
D:maj [2, 6, 9] 2 2 
G:maj [2, 7, 11] 7 2 
E:min [4, 7, 11] 4 2 
C:maj [0, 4, 7] 0 2 
D:maj [2, 6, 9] 2 2 
E:min [4, 7, 11] 4 4 
C:maj [0, 4, 7] 0 2 
D:maj [2, 6, 9] 2 2 
G:maj [2, 7, 11] 7 2 
E:min [4, 7, 11] 4 2 
C:maj [0, 4, 7] 0 2 
D:maj [2, 6, 9] 2 2 
E:min [4, 7, 11] 4 8 
A:maj/3 [1, 4, 9] 1 4 
C:maj [0, 4, 7] 0 4 
C:maj7 [0, 4, 7, 10] 0 2 
B:maj [3, 6, 11] 11 2 
E:min [4, 7, 11] 4 2 
D:maj [2, 6, 9] 2 2 
C#:dim [1, 4, 7] 1 2 
C:maj [0, 4, 7] 0 2 
A:maj [1, 4, 9] 9 2 
D:maj [2, 6, 9] 2 2 
E:min [4, 7, 11] 4 10 
D:maj [2, 6, 9] 2 2 
C#:dim [1, 4, 7] 1 2 
E:min [4, 7, 11] 4 2 
C:maj [0, 4, 7] 0 1 
D:maj [2, 6, 9] 2 3 
G:maj [2, 7, 11] 7 1 
B:maj [3, 6, 11] 11 3 
C:maj [0, 4, 7] 0 2 
D:maj [2, 6, 9] 2 1 
A:maj [1, 4, 9] 9 3 
E:min [4, 7, 11] 4 2 
C:maj [0, 4, 7] 0 2 
D:maj [2, 6, 9] 2 2 
E:min7/b7 [2, 4, 7, 11] 2 4 
C:maj [0, 4, 7] 0 1 
D:maj [2, 6, 9] 2 2 
G:maj [2, 7, 11] 7 3 
E:min [4, 7, 11] 4 2 
C:maj [0, 4, 7] 0 1 
D:maj [2, 6, 9] 2 2 
E:min [4, 7, 11] 4 5 
C:maj [0, 4, 7] 0 1 
D:maj [2, 6, 9] 2 2 
G:maj [2, 7, 11] 7 2 
E:min [4, 7, 11] 4 3 
C:maj [0, 4, 7] 0 1 
D:maj [2, 6, 9] 2 3 
E:min [4, 7, 11] 4 4 
C:maj [0, 4, 7] 0 1 
D:maj [2, 6, 9] 2 2 
G:maj [2, 7, 11] 7 3 
E:min [4, 7, 11] 4 2 
C:maj [0, 4, 7] 0 2 
D:maj [2, 6, 9] 2 2 
E:min [4, 7, 11] 4 4 
C:maj [0, 4, 7] 0 2 
D:maj [2, 6, 9] 2 2 
G:maj [2, 7, 11] 7 2 
E:min [4, 7, 11] 4 2 
C:maj [0, 4, 7] 0 2 
D:maj [2, 6, 9] 2 2 
E:min [4, 7, 11] 4 4 
C:maj [0, 4, 7] 0 2 
D:maj [2, 6, 9] 2 2 
E:min/5 [4, 7, 11] 11 4 
E:maj [4, 8, 11] 4 4 
A:7 [1, 4, 7, 9] 9 4 
C:maj [0, 4, 7] 0 4 
D:maj(9) [0, 2, 4, 6, 9] 2 2 
B:maj [3, 6, 11] 11 2 
E:min [4, 7, 11] 4 2 
E:min7 [2, 4, 7, 11] 4 2 
A:7 [1, 4, 7, 9] 9 4 
A:maj [1, 4, 9] 9 2 
C:maj7 [0, 4, 7, 10] 0 2 
E:min [4, 7, 11] 4 6 
