0 124
64 1
67 1
69 1
0 1
71 1
71 1
71 1
0 1
71 1
69 1
67 1
0 1
71 1
71 1
71 1
0 1
71 1
69 1
67 1
0 1
69 1
69 1
69 1
0 1
69 1
67 1
69 1
0 1
64 4
0 4
76 1
76 1
76 1
0 1
76 1
74 1
76 1
0 1
69 1
69 1
69 1
0 1
69 1
67 1
69 1
0 1
69 1
69 1
69 1
0 1
69 1
67 1
69 1
0 1
71 4
0 4
76 3
0 1
76 3
0 1
74 3
0 1
74 1
71 1
67 1
0 1
69 1
69 1
69 1
0 1
69 1
67 1
69 1
0 1
71 2
64 3
0 3
67 2
0 2
71 2
0 2
69 3
0 3
74 1
0 1
71 10
0 2
64 1
67 1
69 1
0 1
71 1
71 1
71 1
0 1
71 1
69 1
67 1
0 1
71 1
71 1
71 1
0 1
71 1
69 1
67 1
0 1
69 1
69 1
69 1
0 1
69 1
67 1
69 1
0 1
64 4
0 4
76 1
76 1
76 1
0 1
76 1
74 1
76 1
0 1
69 1
69 1
69 1
0 1
69 1
67 1
69 1
0 1
69 1
69 1
69 1
0 1
69 1
67 1
69 1
0 1
71 4
0 4
76 3
0 1
76 3
0 1
74 3
0 1
74 1
71 1
67 1
0 1
69 1
69 1
69 1
0 1
69 1
67 1
69 1
0 1
71 2
76 3
0 3
67 2
0 2
71 2
0 2
69 3
74 3
71 1
0 1
71 2
76 7
0 3
79 2
78 1
0 1
76 1
0 1
76 1
0 1
76 2
76 1
0 1
78 2
78 1
0 1
78 2
76 1
0 1
74 2
74 1
0 1
71 2
69 1
0 1
71 3
0 5
67 3
0 1
76 3
0 1
74 3
0 1
71 2
69 1
0 1
71 9
0 3
79 2
78 1
0 1
76 1
0 1
76 1
0 1
76 2
76 1
0 1
78 2
78 1
0 1
78 2
76 1
0 1
74 2
0 2
71 2
74 1
0 1
76 3
0 5
72 3
0 1
79 3
0 1
78 4
76 2
74 1
0 1
76 9
0 147
64 1
67 1
69 1
0 1
71 1
71 1
71 1
0 1
71 1
69 1
67 1
0 1
71 1
71 1
71 1
0 1
71 1
69 1
67 1
0 1
69 1
69 1
69 1
0 1
69 1
67 1
69 1
0 1
64 4
0 4
76 1
76 1
76 1
0 1
76 1
74 1
76 1
0 1
69 1
69 1
69 1
0 1
69 1
67 1
69 1
0 1
69 1
69 1
69 1
0 1
69 1
67 1
69 1
0 1
71 4
0 4
76 3
0 1
76 3
0 1
74 3
0 1
74 1
71 1
67 1
0 1
69 1
69 1
69 1
0 1
69 1
67 1
69 1
0 1
71 2
76 3
64 1
66 1
0 1
67 2
0 2
71 2
0 2
69 3
74 3
71 1
0 1
71 2
76 7
0 3
79 2
78 1
0 1
76 1
0 1
76 1
0 1
76 2
76 1
0 1
78 2
78 1
0 1
78 2
76 1
0 1
74 2
74 1
0 1
71 2
69 1
0 1
71 3
0 5
67 3
0 1
76 3
0 1
74 3
0 1
71 2
69 1
0 1
71 9
0 3
79 2
78 1
0 1
76 1
0 1
76 1
0 1
76 2
76 1
0 1
78 2
78 1
0 1
78 2
76 1
0 1
74 2
0 2
71 2
74 1
0 1
76 3
0 5
72 3
0 1
79 3
0 1
78 4
76 2
74 1
0 1
76 9
0 3
79 2
78 1
0 1
76 1
0 1
76 1
0 1
76 2
76 1
0 1
78 2
78 1
0 1
78 2
76 1
0 1
74 2
74 1
0 1
71 2
69 1
0 1
71 3
0 5
67 3
0 1
76 3
0 1
74 3
0 1
71 2
69 1
0 1
71 9
0 3
79 2
78 1
0 1
76 1
0 1
76 1
0 1
76 2
76 1
0 1
78 2
78 1
0 1
78 2
76 1
0 1
74 2
0 2
71 2
74 1
0 1
76 3
0 5
72 3
0 1
79 3
0 1
78 4
76 2
74 1
0 1
76 9
0 7
72 3
0 1
79 3
0 1
78 4
76 2
74 1
0 1
76 9
