F#:maj [1, 6, 10] 6 24 
B:maj [3, 6, 11] 11 4 
F#:maj [1, 6, 10] 6 4 
Eb:min7 [1, 3, 6, 10] 3 4 
Ab:maj [0, 3, 8] 8 4 
C#:maj [1, 5, 8] 1 8 
F#:maj/5 [1, 6, 10] 1 8 
B:sus2 [1, 6, 11] 11 4 
F#:maj [1, 6, 10] 6 4 
Eb:min7 [1, 3, 6, 10] 3 2 
Eb:min [3, 6, 10] 3 2 
B:maj [3, 6, 11] 11 2 
C#:maj [1, 5, 8] 1 2 
F#:maj [1, 6, 10] 6 8 
Eb:min7 [1, 3, 6, 10] 3 4 
Bb:min7 [1, 5, 8, 10] 10 2 
Bb:min [1, 5, 10] 10 2 
B:maj [3, 6, 11] 11 4 
F#:maj [1, 6, 10] 6 4 
Eb:min7 [1, 3, 6, 10] 3 2 
Eb:min [3, 6, 10] 3 2 
Ab:maj [0, 3, 8] 8 2 
Ab:maj/3 [0, 3, 8] 0 2 
C#:sus4 [1, 6, 8] 1 6 
C#:maj [1, 5, 8] 1 1 
C#:maj/3 [1, 5, 8] 5 1 
F#:maj [1, 6, 10] 6 8 
B:maj [3, 6, 11] 11 4 
F#:maj [1, 6, 10] 6 4 
Eb:min7 [1, 3, 6, 10] 3 2 
Eb:min [3, 6, 10] 3 2 
B:maj [3, 6, 11] 11 2 
C#:maj [1, 5, 8] 1 2 
F#:maj [1, 6, 10] 6 32 
B:maj [3, 6, 11] 11 4 
F#:maj [1, 6, 10] 6 4 
Eb:min7 [1, 3, 6, 10] 3 4 
Ab:maj [0, 3, 8] 8 4 
C#:maj [1, 5, 8] 1 8 
F#:maj [1, 6, 10] 6 8 
B:sus2 [1, 6, 11] 11 4 
F#:maj [1, 6, 10] 6 4 
Eb:min7 [1, 3, 6, 10] 3 2 
Eb:min [3, 6, 10] 3 2 
B:maj [3, 6, 11] 11 2 
C#:maj [1, 5, 8] 1 2 
F#:maj [1, 6, 10] 6 8 
Eb:min7 [1, 3, 6, 10] 3 4 
Bb:min7 [1, 5, 8, 10] 10 2 
Bb:min [1, 5, 10] 10 2 
B:maj [3, 6, 11] 11 4 
F#:maj [1, 6, 10] 6 4 
Eb:min7 [1, 3, 6, 10] 3 2 
Eb:min [3, 6, 10] 3 2 
Ab:7 [0, 3, 6, 8] 8 4 
C#:sus4 [1, 6, 8] 1 6 
C#:maj [1, 5, 8] 1 1 
C#:maj/3 [1, 5, 8] 5 1 
F#:maj [1, 6, 10] 6 8 
B:maj [3, 6, 11] 11 4 
F#:maj [1, 6, 10] 6 4 
Eb:min7 [1, 3, 6, 10] 3 2 
Eb:min [3, 6, 10] 3 2 
B:maj [3, 6, 11] 11 2 
C#:maj [1, 5, 8] 1 2 
F#:maj [1, 6, 10] 6 8 
Eb:min7 [1, 3, 6, 10] 3 4 
Bb:min7 [1, 5, 8, 10] 10 4 
B:maj [3, 6, 11] 11 4 
F#:maj [1, 6, 10] 6 4 
Eb:min7 [1, 3, 6, 10] 3 4 
Ab:maj [0, 3, 8] 8 2 
Ab:maj/3 [0, 3, 8] 0 2 
C#:sus4 [1, 6, 8] 1 6 
C#:maj [1, 5, 8] 1 1 
C#:maj/3 [1, 5, 8] 5 1 
F#:maj [1, 6, 10] 6 8 
B:maj [3, 6, 11] 11 4 
F#:maj [1, 6, 10] 6 4 
Eb:min7 [1, 3, 6, 10] 3 2 
Eb:min [3, 6, 10] 3 2 
B:maj [3, 6, 11] 11 2 
C#:maj [1, 5, 8] 1 2 
F#:maj [1, 6, 10] 6 8 
Eb:min7 [1, 3, 6, 10] 3 4 
B:maj [3, 6, 11] 11 2 
C#:maj6 [1, 5, 8, 10] 1 2 
F#:maj [1, 6, 10] 6 5 
