F:maj [0, 5, 9] 5 4 
E:min [4, 7, 11] 4 2 
A:min [0, 4, 9] 9 2 
D:min [2, 5, 9] 2 2 
G:7 [2, 5, 7, 11] 7 1 
C:maj7 [0, 4, 7, 10] 0 3 
C:7/b7 [0, 4, 7, 10] 10 2 
F:maj [0, 5, 9] 5 4 
E:min [4, 7, 11] 4 2 
A:min [0, 4, 9] 9 2 
D:min [2, 5, 9] 2 2 
G:maj [2, 7, 11] 7 2 
F:min [0, 5, 8] 5 2 
C:maj [0, 4, 7] 0 6 
A:min [0, 4, 9] 9 2 
G:sus2 [2, 7, 9] 7 2 
F:maj [0, 5, 9] 5 2 
G:maj [2, 7, 11] 7 2 
C:maj [0, 4, 7] 0 4 
E:7 [2, 4, 8, 11] 4 4 
A:maj [1, 4, 9] 9 2 
G:maj [2, 7, 11] 7 2 
D:min [2, 5, 9] 2 4 
G:maj [2, 7, 11] 7 4 
C:maj [0, 4, 7] 0 4 
A:min [0, 4, 9] 9 2 
G:maj [2, 7, 11] 7 2 
F:maj [0, 5, 9] 5 2 
G:maj [2, 7, 11] 7 2 
C:maj [0, 4, 7] 0 4 
E:maj/3 [4, 8, 11] 8 4 
A:maj [1, 4, 9] 9 2 
G:maj [2, 7, 11] 7 2 
D:maj [2, 6, 9] 2 4 
G:sus4 [0, 2, 7] 7 3 
F#:min [1, 6, 9] 6 1 
F:maj [0, 5, 9] 5 4 
E:min [4, 7, 11] 4 2 
A:min [0, 4, 9] 9 2 
D:min [2, 5, 9] 2 2 
G:maj [2, 7, 11] 7 2 
C:maj [0, 4, 7] 0 4 
F:maj [0, 5, 9] 5 4 
E:min [4, 7, 11] 4 2 
A:min [0, 4, 9] 9 2 
D:min [2, 5, 9] 2 2 
G:maj [2, 7, 11] 7 2 
C:maj [0, 4, 7] 0 4 
A:min [0, 4, 9] 9 4 
F#:dim [0, 6, 9] 6 4 
F:maj [0, 5, 9] 5 2 
G:maj [2, 7, 11] 7 2 
C:maj [0, 4, 7] 0 4 
A:min [0, 4, 9] 9 4 
F#:dim [0, 6, 9] 6 4 
F:maj [0, 5, 9] 5 2 
G:maj [2, 7, 11] 7 2 
C:maj [0, 4, 7] 0 8 
A:min [0, 4, 9] 9 2 
G:maj [2, 7, 11] 7 2 
F:maj [0, 5, 9] 5 2 
G:maj [2, 7, 11] 7 2 
C:maj [0, 4, 7] 0 4 
E:maj/3 [4, 8, 11] 8 4 
A:maj [1, 4, 9] 9 2 
G:maj [2, 7, 11] 7 2 
D:maj [2, 6, 9] 2 4 
G:sus4 [0, 2, 7] 7 3 
F#:dim [0, 6, 9] 6 1 
F:maj [0, 5, 9] 5 4 
E:min [4, 7, 11] 4 2 
A:min [0, 4, 9] 9 2 
D:min [2, 5, 9] 2 2 
G:maj [2, 7, 11] 7 2 
C:maj [0, 4, 7] 0 4 
F:maj [0, 5, 9] 5 4 
E:min [4, 7, 11] 4 2 
A:min [0, 4, 9] 9 2 
D:min [2, 5, 9] 2 2 
G:maj [2, 7, 11] 7 2 
C:maj [0, 4, 7] 0 3 
F#:dim [0, 6, 9] 6 1 
F:maj [0, 5, 9] 5 4 
E:min [4, 7, 11] 4 2 
A:min [0, 4, 9] 9 2 
D:min [2, 5, 9] 2 2 
G:maj [2, 7, 11] 7 2 
C:maj [0, 4, 7] 0 3 
F#:dim [0, 6, 9] 6 1 
F:maj [0, 5, 9] 5 4 
E:min [4, 7, 11] 4 2 
A:min [0, 4, 9] 9 2 
D:min [2, 5, 9] 2 2 
G:maj [2, 7, 11] 7 2 
C:maj [0, 4, 7] 0 4 
F:maj [0, 5, 9] 5 2 
G:maj [2, 7, 11] 7 2 
A:maj [1, 4, 9] 9 2 
A:min7 [0, 4, 7, 9] 9 2 
F:maj [0, 5, 9] 5 2 
G:maj [2, 7, 11] 7 2 
C:sus4 [0, 5, 7] 0 2 
