0 60
62 2
62 2
71 8
71 2
71 2
71 2
69 1
71 13
62 2
62 2
71 8
71 2
69 2
67 2
69 2
71 4
66 8
66 2
67 2
64 6
67 2
67 2
67 2
67 2
62 2
71 12
67 2
67 2
69 6
69 2
69 2
67 2
67 2
74 4
69 10
69 2
67 2
71 6
69 2
69 2
69 2
69 2
67 2
71 12
67 2
69 2
71 6
71 2
71 2
69 2
67 2
69 2
71 2
66 1
66 9
67 2
66 2
64 4
64 1
76 3
74 4
71 2
72 2
71 4
71 2
74 1
67 5
67 2
66 2
64 10
67 2
67 2
66 2
63 8
67 2
67 2
67 2
69 2
69 2
67 1
67 21
67 2
69 2
69 2
67 2
71 2
71 2
72 2
74 2
72 2
71 2
69 2
67 2
69 2
74 2
74 2
71 1
74 3
74 2
76 2
78 2
79 2
79 2
79 2
78 2
76 2
74 2
74 2
76 4
71 6
71 2
74 2
74 2
71 2
76 2
76 2
76 2
74 2
74 2
67 1
67 5
71 2
71 2
72 2
74 2
67 2
64 2
64 2
67 2
71 2
69 2
69 2
67 2
67 2
64 2
64 2
76 4
69 6
67 2
69 2
69 2
67 2
71 2
71 2
72 2
74 2
72 2
71 2
69 2
67 2
69 2
74 2
74 2
71 1
74 3
74 2
76 2
78 2
79 2
79 2
79 2
78 2
76 2
74 2
74 2
76 4
74 6
71 2
74 2
74 2
71 2
76 2
76 2
74 2
76 4
67 2
67 2
74 2
74 2
71 2
71 2
69 1
67 3
67 2
67 2
69 2
71 2
69 2
69 2
67 2
67 2
64 2
64 1
67 2
69 15
67 6
0 72
69 2
67 2
71 7
62 1
69 2
69 2
69 2
67 1
71 13
67 2
69 2
71 6
71 2
71 2
69 2
67 2
69 2
71 2
66 1
66 9
67 2
66 2
64 4
64 1
76 3
74 4
71 2
72 2
71 4
71 2
74 1
67 5
67 2
66 2
64 10
67 2
67 2
66 2
63 8
67 2
67 2
67 2
69 2
69 2
67 1
67 21
67 2
69 2
69 2
67 2
71 2
71 2
72 2
74 2
72 2
71 2
69 2
67 2
69 2
74 2
74 2
71 1
74 3
74 2
76 2
78 2
79 2
79 2
79 2
78 2
76 2
74 2
74 2
76 4
71 6
71 2
74 2
74 2
71 2
76 2
76 2
76 2
74 2
74 2
67 1
67 5
71 2
71 2
72 2
74 2
67 2
64 2
64 2
67 2
71 2
69 2
69 2
67 2
67 2
64 2
64 2
76 4
69 6
67 2
69 2
69 2
67 2
71 2
71 2
72 2
74 2
72 2
71 2
69 2
67 2
69 2
74 2
74 2
71 1
74 3
74 2
76 2
78 2
79 2
79 2
79 2
78 2
76 2
74 2
74 2
76 4
74 6
71 2
74 2
74 2
71 2
76 2
76 2
74 2
76 4
67 2
67 2
74 2
74 2
71 2
71 2
69 1
67 3
67 2
67 2
69 2
71 2
69 2
69 2
67 2
67 2
64 2
64 1
67 2
69 15
67 18
