F#:min [1, 6, 9] 6 16 
B:min [2, 6, 11] 11 4 
C#:min [1, 4, 8] 1 2 
F#:maj [1, 6, 10] 6 6 
B:min [2, 6, 11] 11 4 
C#:min [1, 4, 8] 1 4 
F#:min [1, 6, 9] 6 16 
B:min [2, 6, 11] 11 4 
E:maj [4, 8, 11] 4 2 
C#:min [1, 4, 8] 1 2 
F#:min [1, 6, 9] 6 4 
B:min [2, 6, 11] 11 4 
E:maj [4, 8, 11] 4 4 
F#:min [1, 6, 9] 6 16 
B:min [2, 6, 11] 11 4 
C#:min [1, 4, 8] 1 2 
F#:min [1, 6, 9] 6 6 
B:min [2, 6, 11] 11 4 
C#:min [1, 4, 8] 1 8 
F#:min [1, 6, 9] 6 8 
B:min [2, 6, 11] 11 4 
C#:min [1, 4, 8] 1 2 
F#:min [1, 6, 9] 6 6 
B:min [2, 6, 11] 11 4 
C#:min [1, 4, 8] 1 4 
F#:min [1, 6, 9] 6 12 
B:min [2, 6, 11] 11 4 
F#:sus2 [1, 6, 8] 6 8 
B:min [2, 6, 11] 11 4 
C#:maj [1, 5, 8] 1 4 
F#:min [1, 6, 9] 6 12 
B:min [2, 6, 11] 11 4 
E:maj [4, 8, 11] 4 2 
C#:min [1, 4, 8] 1 2 
F#:min [1, 6, 9] 6 4 
E:maj(9) [2, 4, 6, 8, 11] 4 4 
E:maj [4, 8, 11] 4 4 
F#:min [1, 6, 9] 6 16 
B:min [2, 6, 11] 11 4 
C#:min [1, 4, 8] 1 2 
F#:min [1, 6, 9] 6 6 
B:min [2, 6, 11] 11 4 
C#:min [1, 4, 8] 1 8 
F#:min [1, 6, 9] 6 8 
B:min [2, 6, 11] 11 4 
C#:min [1, 4, 8] 1 2 
F#:min [1, 6, 9] 6 6 
B:min [2, 6, 11] 11 4 
C#:min [1, 4, 8] 1 4 
F#:min [1, 6, 9] 6 12 
B:min [2, 6, 11] 11 4 
F#:sus2 [1, 6, 8] 6 8 
B:min [2, 6, 11] 11 4 
C#:maj [1, 5, 8] 1 4 
F#:min [1, 6, 9] 6 4 
