B:min [2, 6, 11] 11 3 
A:maj [1, 4, 9] 9 3 
F#:min [1, 6, 9] 6 3 
G:maj(9) [2, 5, 7, 9, 11] 7 3 
B:min [2, 6, 11] 11 3 
A:maj [1, 4, 9] 9 3 
F#:min [1, 6, 9] 6 3 
G:maj [2, 7, 11] 7 6 
B:min [2, 6, 11] 11 3 
F#:min [1, 6, 9] 6 6 
B:min [2, 6, 11] 11 3 
G:maj [2, 7, 11] 7 3 
F#:min/b3 [1, 6, 9] 9 3 
B:min [2, 6, 11] 11 6 
G:maj [2, 7, 11] 7 3 
A:maj [1, 4, 9] 9 3 
F#:maj [1, 6, 10] 6 3 
B:min [2, 6, 11] 11 3 
G:maj [2, 7, 11] 7 3 
A:maj [1, 4, 9] 9 3 
B:sus2 [1, 6, 11] 11 6 
G:maj [2, 7, 11] 7 3 
A:maj [1, 4, 9] 9 3 
F#:min [1, 6, 9] 6 3 
B:min [2, 6, 11] 11 3 
G:maj [2, 7, 11] 7 3 
A:maj [1, 4, 9] 9 3 
D:maj [2, 6, 9] 2 6 
G:maj [2, 7, 11] 7 3 
A:maj [1, 4, 9] 9 3 
F#:min [1, 6, 9] 6 3 
B:min [2, 6, 11] 11 3 
G:maj [2, 7, 11] 7 3 
A:maj [1, 4, 9] 9 3 
G:maj [2, 7, 11] 7 6 
B:min [2, 6, 11] 11 3 
A:maj [1, 4, 9] 9 3 
F#:min [1, 6, 9] 6 3 
B:min [2, 6, 11] 11 3 
G:maj [2, 7, 11] 7 3 
A:maj [1, 4, 9] 9 3 
B:min [2, 6, 11] 11 6 
G:maj [2, 7, 11] 7 3 
A:maj [1, 4, 9] 9 3 
F#:min [1, 6, 9] 6 3 
B:min [2, 6, 11] 11 3 
C:maj [0, 4, 7] 0 6 
F#:maj [1, 6, 10] 6 9 
B:min [2, 6, 11] 11 3 
A:maj [1, 4, 9] 9 3 
F#:maj [1, 6, 10] 6 3 
G:maj/3 [2, 7, 11] 11 3 
G:maj [2, 7, 11] 7 3 
A:maj [1, 4, 9] 9 3 
B:min [2, 6, 11] 11 6 
G:maj [2, 7, 11] 7 3 
A:maj [1, 4, 9] 9 3 
F#:min [1, 6, 9] 6 3 
B:min [2, 6, 11] 11 3 
G:maj [2, 7, 11] 7 3 
A:maj [1, 4, 9] 9 3 
D:maj [2, 6, 9] 2 6 
G:maj [2, 7, 11] 7 3 
A:maj [1, 4, 9] 9 3 
F#:min [1, 6, 9] 6 3 
B:min [2, 6, 11] 11 3 
G:maj [2, 7, 11] 7 3 
A:maj [1, 4, 9] 9 3 
B:min [2, 6, 11] 11 6 
G:maj [2, 7, 11] 7 3 
A:maj [1, 4, 9] 9 3 
F#:min [1, 6, 9] 6 3 
B:min [2, 6, 11] 11 3 
G:maj [2, 7, 11] 7 3 
A:maj [1, 4, 9] 9 3 
D:maj [2, 6, 9] 2 6 
G:maj [2, 7, 11] 7 3 
A:maj [1, 4, 9] 9 3 
F#:min [1, 6, 9] 6 3 
B:min [2, 6, 11] 11 3 
G:maj [2, 7, 11] 7 3 
A:maj [1, 4, 9] 9 3 
G:maj [2, 7, 11] 7 6 
B:min [2, 6, 11] 11 3 
A:maj [1, 4, 9] 9 3 
F#:min [1, 6, 9] 6 3 
B:min [2, 6, 11] 11 3 
G:maj [2, 7, 11] 7 3 
A:maj [1, 4, 9] 9 3 
B:min [2, 6, 11] 11 6 
G:maj [2, 7, 11] 7 3 
A:maj [1, 4, 9] 9 3 
B:min [2, 6, 11] 11 6 
G:maj [2, 7, 11] 7 3 
A:maj [1, 4, 9] 9 3 
E:maj/5 [4, 8, 11] 11 1 
