0 106
69 2
71 2
78 8
71 2
69 10
66 2
69 2
76 8
69 2
71 10
69 2
71 2
78 2
78 2
78 2
78 2
71 2
69 8
71 2
69 2
66 22
69 2
71 2
78 8
71 2
69 10
66 2
69 2
76 2
76 6
69 2
71 10
69 2
71 2
78 2
78 2
78 2
78 2
71 2
69 4
71 6
74 4
71 18
71 2
73 2
74 2
71 2
74 2
71 2
74 2
71 2
74 2
76 2
76 6
78 2
69 2
66 2
69 2
66 2
69 2
66 2
69 2
71 2
71 6
71 2
74 2
71 2
74 2
71 2
74 2
71 2
74 2
76 2
76 4
69 2
69 2
79 4
78 4
76 2
79 2
78 10
71 2
74 2
71 2
74 2
71 2
74 2
71 2
74 2
76 2
76 6
78 2
69 2
66 2
69 2
66 2
69 2
66 2
69 2
71 2
71 6
71 2
74 2
71 2
74 2
71 2
74 2
71 2
74 4
73 6
74 4
71 20
69 2
71 2
78 8
71 2
69 10
66 2
69 2
76 8
69 2
71 10
69 2
71 2
78 2
78 2
78 2
78 2
71 2
69 4
71 6
74 4
71 16
0 112
69 2
71 2
78 8
71 2
69 10
66 2
69 2
76 2
76 6
69 2
71 10
69 2
71 2
78 2
78 2
78 2
78 2
71 2
69 4
71 6
74 4
71 18
71 2
73 2
74 2
71 2
74 2
71 2
74 2
71 2
74 2
76 2
76 6
78 2
69 2
66 2
69 2
66 2
69 2
66 2
69 2
71 2
71 6
71 2
74 2
71 2
74 2
71 2
74 2
71 2
74 2
76 2
76 4
69 2
69 2
79 4
78 4
76 2
79 2
78 10
71 2
74 2
71 2
74 2
71 2
74 2
71 2
74 2
76 2
76 6
78 2
69 2
66 2
69 2
66 2
69 2
66 2
69 2
71 2
71 6
71 2
74 2
71 2
74 2
71 2
74 2
71 2
74 4
73 6
74 4
71 22
74 2
71 2
74 2
71 2
74 2
71 2
74 2
76 2
76 6
78 2
69 2
66 2
69 2
66 2
69 2
66 2
69 2
71 2
71 6
71 2
74 2
71 2
74 2
71 2
74 2
71 2
74 2
76 2
76 4
69 2
69 2
79 4
78 4
76 2
79 2
78 10
71 2
74 2
71 2
74 2
71 2
74 2
71 2
74 2
76 2
76 6
78 2
69 2
66 2
69 2
66 2
69 2
66 2
69 2
71 2
71 6
71 2
74 2
71 2
74 2
71 2
74 2
71 2
74 4
73 6
74 4
71 20
69 2
71 2
78 8
71 2
69 10
66 2
69 2
76 8
69 2
71 10
69 2
71 2
78 2
78 2
78 2
78 2
71 2
69 4
71 6
74 4
71 20
69 2
71 2
78 2
78 2
78 2
78 2
71 2
69 4
71 6
74 4
71 16
