G:maj [2, 7, 11] 7 8 
C:maj [0, 4, 7] 0 4 
D:maj [2, 6, 9] 2 4 
G:maj [2, 7, 11] 7 8 
C:maj [0, 4, 7] 0 4 
D:maj [2, 6, 9] 2 4 
G:maj [2, 7, 11] 7 8 
C:maj [0, 4, 7] 0 4 
D:maj [2, 6, 9] 2 4 
G:maj [2, 7, 11] 7 4 
D:maj/3 [2, 6, 9] 6 4 
C:maj [0, 4, 7] 0 4 
D:maj [2, 6, 9] 2 4 
G:maj [2, 7, 11] 7 4 
G:maj7 [2, 5, 7, 11] 7 4 
C:maj [0, 4, 7] 0 4 
D:maj [2, 6, 9] 2 4 
C:maj [0, 4, 7] 0 4 
B:min7 [2, 6, 9, 11] 11 4 
A:min7 [0, 4, 7, 9] 9 4 
B:maj [3, 6, 11] 11 4 
E:min [4, 7, 11] 4 2 
D:maj [2, 6, 9] 2 6 
G:maj [2, 7, 11] 7 4 
D:maj/3 [2, 6, 9] 6 4 
E:min [4, 7, 11] 4 4 
D:sus4 [2, 7, 9] 2 4 
C:maj [0, 4, 7] 0 4 
G:maj [2, 7, 11] 7 4 
A:min [0, 4, 9] 9 4 
D:maj [2, 6, 9] 2 4 
G:maj [2, 7, 11] 7 4 
D:maj/3 [2, 6, 9] 6 4 
E:min [4, 7, 11] 4 4 
D:maj [2, 6, 9] 2 4 
C:maj [0, 4, 7] 0 3 
C:maj(9) [0, 2, 4, 7, 10] 0 1 
B:min [2, 6, 11] 11 4 
G:maj [2, 7, 11] 7 4 
D:7 [0, 2, 6, 9] 2 2 
D:maj/b2 [2, 6, 9] 3 2 
E:min [4, 7, 11] 4 4 
D:maj/3 [2, 6, 9] 6 4 
E:min/b3 [4, 7, 11] 7 2 
E:maj/3 [4, 8, 11] 8 2 
A:min [0, 4, 9] 9 4 
C:maj [0, 4, 7] 0 8 
D:maj [2, 6, 9] 2 8 
G:maj [2, 7, 11] 7 4 
G:maj9 [2, 5, 7, 9, 11] 7 4 
E:min [4, 7, 11] 4 4 
G:maj7 [2, 5, 7, 11] 7 4 
G:maj [2, 7, 11] 7 4 
B:min [2, 6, 11] 11 4 
D:maj [2, 6, 9] 2 4 
D:7 [0, 2, 6, 9] 2 4 
G:maj [2, 7, 11] 7 4 
G:maj9 [2, 5, 7, 9, 11] 7 4 
E:sus4(b7) [4, 9, 11] 4 4 
G:maj7 [2, 5, 7, 11] 7 4 
G:maj [2, 7, 11] 7 4 
B:min [2, 6, 11] 11 4 
E:min [4, 7, 11] 4 4 
B:maj [3, 6, 11] 11 4 
E:min [4, 7, 11] 4 2 
D:maj [2, 6, 9] 2 6 
G:maj [2, 7, 11] 7 4 
D:maj/3 [2, 6, 9] 6 4 
E:min [4, 7, 11] 4 4 
D:sus4 [2, 7, 9] 2 4 
C:maj [0, 4, 7] 0 4 
G:maj [2, 7, 11] 7 4 
A:min [0, 4, 9] 9 4 
D:maj [2, 6, 9] 2 4 
G:maj [2, 7, 11] 7 4 
D:maj/3 [2, 6, 9] 6 4 
E:min [4, 7, 11] 4 4 
D:maj [2, 6, 9] 2 4 
C:maj [0, 4, 7] 0 3 
C:maj9 [0, 2, 4, 7, 10] 0 1 
B:min [2, 6, 11] 11 4 
G:maj [2, 7, 11] 7 4 
D:7 [0, 2, 6, 9] 2 4 
E:min [4, 7, 11] 4 4 
D:maj [2, 6, 9] 2 4 
G:maj [2, 7, 11] 7 4 
B:maj [3, 6, 11] 11 4 
C:maj [0, 4, 7] 0 8 
D:maj [2, 6, 9] 2 8 
G:maj [2, 7, 11] 7 4 
D:maj/3 [2, 6, 9] 6 4 
E:min [4, 7, 11] 4 3 
E:min7 [2, 4, 7, 11] 4 1 
D:maj [2, 6, 9] 2 4 
C:maj [0, 4, 7] 0 4 
G:maj [2, 7, 11] 7 4 
A:min [0, 4, 9] 9 4 
D:maj [2, 6, 9] 2 4 
G:maj [2, 7, 11] 7 4 
D:maj/3 [2, 6, 9] 6 4 
E:min7 [2, 4, 7, 11] 4 4 
B:min7 [2, 6, 9, 11] 11 4 
C:maj7 [0, 4, 7, 10] 0 4 
G:maj [2, 7, 11] 7 4 
A:min [0, 4, 9] 9 4 
D:maj [2, 6, 9] 2 8 
G:maj [2, 7, 11] 7 4 
D:maj/3 [2, 6, 9] 6 4 
D:maj/4 [2, 6, 9] 7 4 
D:maj [2, 6, 9] 2 4 
E:min/b3 [4, 7, 11] 7 4 
D:maj/3 [2, 6, 9] 6 4 
C:maj/3 [0, 4, 7] 4 4 
D:maj [2, 6, 9] 2 8 
G:maj [2, 7, 11] 7 4 
