0 124
64 2
66 2
68 5
0 1
66 1
0 1
68 1
0 1
71 1
0 1
76 1
0 1
73 3
0 1
71 9
0 1
73 1
0 1
76 1
0 1
73 5
0 1
73 1
71 1
68 1
0 1
71 1
0 1
71 1
0 1
68 2
66 9
0 3
66 2
68 1
0 1
71 3
0 3
71 1
68 1
66 1
0 1
68 1
0 1
64 1
0 1
66 1
64 1
61 8
0 4
61 1
0 1
68 1
0 1
66 5
0 1
64 2
61 2
64 1
0 1
64 1
0 1
68 1
0 1
66 11
0 1
64 2
66 2
68 5
0 1
66 1
0 1
68 1
0 1
71 1
0 1
76 1
0 1
73 3
0 1
71 9
0 1
73 1
0 1
76 1
0 1
73 5
0 1
73 1
71 1
68 1
0 1
71 1
0 1
71 1
0 1
68 2
66 9
0 3
66 2
68 1
0 1
71 3
71 1
71 2
68 2
66 1
0 1
68 3
0 1
66 1
64 1
61 8
0 4
61 1
0 1
68 1
0 1
66 5
0 1
66 1
64 1
66 2
64 1
66 2
0 1
73 2
71 10
0 2
71 1
0 1
73 1
0 1
80 2
0 1
78 2
0 1
76 1
0 1
76 1
0 1
68 1
0 1
73 1
0 1
75 1
73 1
71 11
0 1
71 1
0 1
73 1
0 1
76 2
0 1
73 2
0 1
73 1
71 1
68 1
0 1
71 1
0 1
71 1
0 1
68 1
0 1
66 10
0 2
66 1
0 1
68 1
0 1
71 2
0 1
71 1
71 1
0 1
68 1
0 1
68 1
0 1
71 3
0 1
66 1
64 1
61 10
0 4
61 1
68 1
66 2
0 1
66 1
66 1
0 1
68 1
0 1
78 1
0 1
78 1
78 2
0 1
73 2
71 10
0 2
71 1
0 1
73 1
0 1
80 2
0 1
78 2
0 1
76 1
0 1
76 1
0 1
68 1
0 1
73 1
0 1
75 1
73 1
71 11
0 1
71 1
0 1
73 1
0 1
76 2
0 1
73 2
0 1
73 1
71 1
68 1
0 1
71 1
0 1
71 1
0 1
68 1
0 1
66 10
0 2
66 1
0 1
68 1
0 1
71 2
0 1
71 1
71 1
0 1
71 1
68 1
68 1
0 1
71 3
0 1
66 1
64 1
61 10
0 2
61 1
0 1
68 1
0 1
66 4
0 2
68 1
71 1
68 2
0 1
66 2
0 1
61 1
0 1
64 15
0 125
64 2
66 2
68 5
0 1
66 1
0 1
68 1
0 1
71 1
0 1
76 1
0 1
73 3
0 1
71 9
0 1
73 1
0 1
76 1
0 1
73 5
0 1
73 1
71 1
68 1
0 1
71 1
0 1
71 1
0 1
68 2
66 8
0 4
66 2
68 1
0 1
71 3
71 1
71 2
68 2
66 1
0 1
68 3
0 1
66 1
64 1
61 8
0 4
61 1
0 1
68 1
0 1
66 5
0 1
66 1
64 1
66 2
64 1
66 2
0 1
73 2
71 10
0 2
71 1
0 1
73 1
0 1
80 2
0 1
78 2
0 1
76 1
0 1
76 1
0 1
68 1
0 1
73 1
0 1
75 1
73 1
71 11
0 1
71 1
0 1
73 1
0 1
76 2
0 1
73 2
0 1
73 1
71 1
68 1
0 1
71 1
0 1
71 1
0 1
68 1
0 1
66 10
0 2
66 1
0 1
68 1
0 1
71 2
0 1
71 1
71 1
0 1
68 1
0 1
68 1
0 1
71 3
0 1
66 1
64 1
61 10
0 4
61 1
68 1
66 2
0 1
66 1
66 1
0 1
68 1
0 1
78 1
0 1
78 1
78 2
0 1
73 2
71 10
0 2
71 1
0 1
73 1
0 1
80 2
0 1
78 2
0 1
76 1
0 1
76 1
0 1
68 1
0 1
73 1
0 1
75 1
73 1
71 11
0 1
71 1
0 1
73 1
0 1
76 2
0 1
73 2
0 1
73 1
71 1
68 1
0 1
71 1
0 1
71 1
0 1
68 1
0 1
66 10
0 2
66 1
0 1
68 1
0 1
71 2
0 1
71 1
71 1
0 1
71 1
68 1
68 1
0 1
71 3
0 1
66 1
64 1
61 10
0 2
61 1
0 1
68 1
0 1
66 4
0 2
68 1
71 1
68 2
0 1
66 2
0 1
61 1
0 1
64 11
0 1
71 1
0 1
73 1
0 1
80 2
0 1
78 2
0 1
76 1
0 1
76 1
0 1
68 1
0 1
73 1
0 1
75 1
73 1
71 11
0 1
71 1
0 1
73 1
0 1
76 2
0 1
73 2
0 1
73 1
71 1
68 1
0 1
71 1
0 1
71 1
0 1
68 1
0 1
66 10
0 2
66 1
0 1
68 1
0 1
71 2
0 1
71 1
71 1
0 1
68 1
0 1
68 1
0 1
71 3
0 1
66 1
64 1
61 10
0 4
61 1
68 1
66 2
0 1
66 1
66 1
0 1
68 1
0 1
78 1
0 1
78 1
78 2
0 1
73 2
71 10
0 2
71 1
0 1
73 1
0 1
80 2
0 1
78 2
0 1
76 1
0 1
76 1
0 1
68 1
0 1
73 1
0 1
75 1
73 1
71 11
0 1
71 1
0 1
73 1
0 1
76 2
0 1
73 2
0 1
73 1
71 1
68 1
0 1
71 1
0 1
71 1
0 1
68 1
0 1
66 10
0 2
66 1
0 1
68 1
0 1
71 2
0 1
71 1
71 1
0 1
71 1
68 1
68 1
0 1
71 3
0 1
66 1
64 1
61 10
0 2
61 1
0 1
68 1
0 1
66 4
0 2
68 1
71 1
68 2
0 1
66 2
0 1
61 1
0 1
64 15
