F:maj [0, 5, 9] 5 18 
D:min [2, 5, 9] 2 2 
Bb:maj [2, 5, 10] 10 2 
C:sus4(b7) [0, 5, 7] 0 1 
C:maj/5 [0, 4, 7] 7 1 
A:min [0, 4, 9] 9 2 
D:min [2, 5, 9] 2 2 
G:min [2, 7, 10] 7 2 
C:maj [0, 4, 7] 0 2 
F:maj [0, 5, 9] 5 2 
Bb:maj [2, 5, 10] 10 2 
A:min [0, 4, 9] 9 2 
D:min [2, 5, 9] 2 14 
G:sus2 [2, 7, 9] 7 4 
C:maj [0, 4, 7] 0 4 
D:min [2, 5, 9] 2 2 
C:maj [0, 4, 7] 0 2 
D:min [2, 5, 9] 2 2 
C:maj [0, 4, 7] 0 2 
F:maj [0, 5, 9] 5 6 
C:maj [0, 4, 7] 0 2 
D:min [2, 5, 9] 2 4 
C:maj [0, 4, 7] 0 2 
F:maj [0, 5, 9] 5 2 
C:maj [0, 4, 7] 0 8 
F:maj [0, 5, 9] 5 2 
C:maj [0, 4, 7] 0 2 
Bb:sus2 [0, 5, 10] 10 2 
F:maj [0, 5, 9] 5 20 
D:min [2, 5, 9] 2 2 
Bb:maj [2, 5, 10] 10 2 
C:sus4(b7) [0, 5, 7] 0 1 
C:maj/5 [0, 4, 7] 7 1 
A:min [0, 4, 9] 9 2 
D:min [2, 5, 9] 2 2 
G:min [2, 7, 10] 7 2 
C:maj [0, 4, 7] 0 2 
F:maj [0, 5, 9] 5 2 
Bb:maj [2, 5, 10] 10 2 
A:min [0, 4, 9] 9 2 
D:min [2, 5, 9] 2 14 
G:sus2 [2, 7, 9] 7 4 
C:maj [0, 4, 7] 0 4 
D:min [2, 5, 9] 2 2 
C:maj [0, 4, 7] 0 2 
D:min [2, 5, 9] 2 2 
C:maj [0, 4, 7] 0 2 
F:maj [0, 5, 9] 5 6 
C:maj [0, 4, 7] 0 2 
D:min [2, 5, 9] 2 4 
C:maj [0, 4, 7] 0 2 
F:maj [0, 5, 9] 5 2 
C:maj [0, 4, 7] 0 8 
F:maj [0, 5, 9] 5 2 
C:maj [0, 4, 7] 0 2 
F:sus4 [0, 5, 10] 5 6 
C:maj [0, 4, 7] 0 2 
Bb:maj [2, 5, 10] 10 2 
F:maj [0, 5, 9] 5 4 
C:maj [0, 4, 7] 0 8 
F:maj [0, 5, 9] 5 2 
Bb:maj/5 [2, 5, 10] 5 3 
