0 144
72 3
75 1
74 1
0 1
72 1
0 1
70 1
0 1
72 1
0 1
67 3
0 1
67 2
70 1
0 1
69 1
0 1
67 1
0 1
65 1
0 1
67 1
0 1
60 3
0 1
63 1
63 2
0 1
63 2
60 1
63 1
65 2
65 1
0 1
70 1
67 2
65 1
67 11
0 5
72 3
75 1
74 1
0 1
72 1
0 1
70 1
0 1
72 1
0 1
67 3
0 1
67 2
70 1
0 1
69 1
0 1
67 1
0 1
65 1
0 1
67 1
0 1
60 3
0 1
63 1
63 2
0 1
63 2
60 1
63 1
65 2
65 1
0 1
63 1
62 3
60 12
0 4
72 3
75 1
74 1
0 1
72 1
0 1
70 1
0 1
72 1
0 1
67 3
0 1
67 2
70 1
0 1
69 1
0 1
67 1
0 1
65 1
0 1
67 1
0 1
60 3
0 1
63 1
63 2
63 1
63 1
63 1
60 1
63 1
65 2
65 1
0 1
70 1
67 2
65 1
67 12
0 4
72 2
75 2
74 1
0 1
72 1
0 1
70 1
0 1
72 1
0 1
67 3
0 1
67 2
70 1
0 1
69 1
0 1
67 1
0 1
65 1
0 1
67 1
0 1
60 3
0 1
63 1
63 2
0 1
63 2
60 1
63 1
65 2
65 3
0 1
70 2
72 2
72 1
70 1
72 9
0 19
77 2
79 1
0 1
77 1
0 1
75 1
0 1
77 3
0 1
77 1
75 1
72 2
72 2
75 1
0 1
74 1
72 1
70 1
0 1
72 7
0 1
67 2
70 1
0 1
70 1
0 1
65 1
0 1
65 2
67 1
0 1
67 2
65 1
0 1
70 1
0 1
70 1
0 1
70 1
68 1
67 1
0 1
67 6
0 2
79 5
0 1
77 1
75 1
77 3
0 1
72 3
0 1
74 5
0 1
72 1
70 1
72 3
0 1
67 3
0 1
65 1
0 1
65 1
65 2
0 1
67 1
0 1
77 1
0 1
77 1
77 2
0 1
79 1
0 1
75 1
74 1
72 13
0 129
72 3
75 1
74 1
0 1
72 1
0 1
70 1
0 1
72 1
0 1
67 3
0 1
67 2
70 1
0 1
69 1
0 1
67 1
0 1
65 1
0 1
67 1
0 1
60 3
0 1
63 1
63 2
63 1
63 1
63 1
60 1
63 1
65 2
65 1
0 1
70 1
67 2
65 1
67 12
0 4
72 2
75 2
74 1
0 1
72 1
0 1
70 1
0 1
72 1
0 1
67 3
0 1
67 2
70 1
0 1
69 1
0 1
67 1
0 1
65 1
0 1
67 1
0 1
60 3
0 1
63 1
63 2
0 1
63 2
60 1
63 1
65 2
65 3
0 1
70 2
74 1
70 1
72 9
0 21
77 2
79 1
0 1
77 1
0 1
75 1
0 1
77 3
0 1
77 1
75 1
72 2
72 2
75 1
0 1
74 1
72 1
70 1
0 1
72 7
0 1
67 2
70 1
0 1
70 1
0 1
65 1
0 1
65 2
67 1
0 1
67 2
65 1
0 1
70 1
0 1
70 1
0 1
70 1
68 1
67 1
0 1
67 6
0 2
79 5
0 1
77 1
75 1
77 3
0 1
72 3
0 1
74 5
0 1
72 1
70 1
72 3
0 1
67 3
0 1
65 1
0 1
65 1
65 2
0 1
67 1
0 1
77 1
0 1
77 1
77 2
0 1
79 1
0 1
75 1
74 1
72 13
0 9
77 2
79 1
0 1
77 1
0 1
75 1
0 1
77 3
0 1
77 1
75 1
72 2
72 2
75 1
0 1
74 1
72 1
70 1
0 1
72 7
0 1
67 2
70 1
0 1
70 1
0 1
65 1
0 1
65 2
67 1
0 1
67 2
65 1
0 1
70 1
0 1
70 1
0 1
70 1
68 1
67 1
0 1
67 6
0 2
79 5
0 1
77 1
75 1
77 3
0 1
72 3
0 1
74 5
0 1
72 1
70 1
72 3
0 1
67 3
0 1
65 1
0 1
65 1
65 2
0 1
67 1
0 1
77 1
0 1
77 1
77 2
0 1
79 1
0 1
75 1
74 1
72 13
