Ab:min [3, 8, 11] 8 2 
E:maj [4, 8, 11] 4 2 
F#:maj [1, 6, 10] 6 2 
B:maj [3, 6, 11] 11 2 
E:maj [4, 8, 11] 4 2 
F#:maj [1, 6, 10] 6 2 
B:maj [3, 6, 11] 11 4 
C#:min [1, 4, 8] 1 4 
Ab:min [3, 8, 11] 8 4 
C#:min [1, 4, 8] 1 2 
Eb:min [3, 6, 10] 3 2 
Ab:min [3, 8, 11] 8 8 
Eb:sus4 [3, 8, 10] 3 2 
Ab:min [3, 8, 11] 8 2 
E:maj [4, 8, 11] 4 2 
F#:maj [1, 6, 10] 6 2 
B:maj [3, 6, 11] 11 4 
C#:min [1, 4, 8] 1 4 
Ab:sus2 [3, 8, 10] 8 4 
E:maj [4, 8, 11] 4 2 
F#:sus4 [1, 6, 11] 6 2 
Ab:sus2 [3, 8, 10] 8 8 
Eb:maj [3, 7, 10] 3 2 
Ab:min [3, 8, 11] 8 2 
E:maj [4, 8, 11] 4 2 
F#:sus4 [1, 6, 11] 6 2 
B:maj [3, 6, 11] 11 4 
C#:min [1, 4, 8] 1 4 
Ab:sus2 [3, 8, 10] 8 4 
C#:min/b3 [1, 4, 8] 4 2 
Eb:min/b3 [3, 6, 10] 6 2 
Ab:min [3, 8, 11] 8 6 
E:maj [4, 8, 11] 4 2 
F#:maj [1, 6, 10] 6 2 
B:sus2 [1, 6, 11] 11 2 
E:maj [4, 8, 11] 4 2 
F#:maj [1, 6, 10] 6 2 
B:maj [3, 6, 11] 11 4 
C#:min [1, 4, 8] 1 4 
Ab:min [3, 8, 11] 8 4 
E:maj [4, 8, 11] 4 6 
C:min/b3 [0, 3, 7] 3 2 
Ab:min [3, 8, 11] 8 2 
E:maj [4, 8, 11] 4 2 
F#:maj [1, 6, 10] 6 2 
B:maj [3, 6, 11] 11 2 
E:maj [4, 8, 11] 4 2 
F#:maj [1, 6, 10] 6 2 
B:maj [3, 6, 11] 11 4 
C#:min [1, 4, 8] 1 4 
Ab:sus2 [3, 8, 10] 8 4 
Ab:min [3, 8, 11] 8 2 
Eb:min [3, 6, 10] 3 2 
Ab:min7 [3, 6, 8, 11] 8 8 
B:maj/3 [3, 6, 11] 3 4 
C#:min [1, 4, 8] 1 4 
Eb:min [3, 6, 10] 3 4 
Ab:min [3, 8, 11] 8 4 
Eb:min [3, 6, 10] 3 4 
C#:min [1, 4, 8] 1 2 
F#:maj [1, 6, 10] 6 2 
Ab:min [3, 8, 11] 8 8 
Eb:sus4 [3, 8, 10] 3 2 
Ab:min [3, 8, 11] 8 2 
E:maj [4, 8, 11] 4 2 
F#:maj [1, 6, 10] 6 2 
B:maj [3, 6, 11] 11 4 
C#:min [1, 4, 8] 1 4 
Ab:sus2 [3, 8, 10] 8 4 
E:maj [4, 8, 11] 4 2 
F#:sus4 [1, 6, 11] 6 2 
Ab:sus2 [3, 8, 10] 8 8 
Eb:maj [3, 7, 10] 3 2 
Ab:min [3, 8, 11] 8 2 
E:maj [4, 8, 11] 4 2 
F#:sus4 [1, 6, 11] 6 2 
B:maj [3, 6, 11] 11 4 
C#:min [1, 4, 8] 1 4 
Ab:sus2 [3, 8, 10] 8 4 
C#:min/b3 [1, 4, 8] 4 2 
Eb:min/b3 [3, 6, 10] 6 2 
Ab:min [3, 8, 11] 8 6 
E:maj [4, 8, 11] 4 2 
F#:maj [1, 6, 10] 6 2 
B:sus2 [1, 6, 11] 11 2 
E:maj [4, 8, 11] 4 2 
F#:maj [1, 6, 10] 6 2 
B:maj [3, 6, 11] 11 4 
C#:min [1, 4, 8] 1 4 
Ab:min [3, 8, 11] 8 4 
E:maj [4, 8, 11] 4 6 
C:min/b3 [0, 3, 7] 3 2 
Ab:min [3, 8, 11] 8 2 
E:maj [4, 8, 11] 4 2 
F#:maj [1, 6, 10] 6 2 
B:maj [3, 6, 11] 11 2 
E:maj [4, 8, 11] 4 2 
F#:maj [1, 6, 10] 6 2 
B:maj [3, 6, 11] 11 4 
C#:min [1, 4, 8] 1 4 
Ab:sus2 [3, 8, 10] 8 4 
Ab:min [3, 8, 11] 8 2 
Eb:min [3, 6, 10] 3 2 
Ab:min7 [3, 6, 8, 11] 8 6 
E:maj [4, 8, 11] 4 2 
F#:maj [1, 6, 10] 6 2 
B:sus2 [1, 6, 11] 11 2 
E:maj [4, 8, 11] 4 2 
F#:maj [1, 6, 10] 6 2 
B:maj [3, 6, 11] 11 4 
C#:min [1, 4, 8] 1 4 
Ab:min [3, 8, 11] 8 4 
E:maj [4, 8, 11] 4 6 
C:min/b3 [0, 3, 7] 3 2 
Ab:min [3, 8, 11] 8 2 
E:maj [4, 8, 11] 4 2 
F#:maj [1, 6, 10] 6 2 
B:maj [3, 6, 11] 11 2 
E:maj [4, 8, 11] 4 2 
F#:maj [1, 6, 10] 6 2 
B:maj [3, 6, 11] 11 4 
C#:min [1, 4, 8] 1 4 
Ab:sus2 [3, 8, 10] 8 4 
Ab:min [3, 8, 11] 8 2 
Eb:min [3, 6, 10] 3 2 
Ab:min7 [3, 6, 8, 11] 8 8 
Eb:min [3, 6, 10] 3 4 
C#:min [1, 4, 8] 1 2 
Eb:min7 [1, 3, 6, 10] 3 2 
Ab:sus4(b7) [1, 3, 8] 8 2 
