0 128
68 2
75 1
0 1
75 2
73 1
0 1
75 3
0 5
66 2
63 2
66 1
0 1
70 2
68 3
0 5
68 2
66 2
68 2
71 2
73 2
71 2
73 2
71 1
73 1
75 2
0 14
73 2
75 2
73 2
71 2
73 3
0 3
71 1
73 1
75 2
73 2
73 2
75 2
68 2
0 6
68 2
66 2
66 2
71 1
0 1
73 2
0 1
75 1
73 2
0 2
66 2
68 1
0 1
71 1
0 1
68 1
0 1
68 2
0 6
68 2
75 1
0 1
75 2
73 1
0 1
75 3
0 5
66 2
63 2
66 1
0 1
70 2
68 3
0 5
68 2
66 2
68 2
71 2
73 2
71 2
73 2
78 1
0 1
75 2
0 14
73 2
75 2
73 2
71 2
73 3
0 3
71 1
73 1
75 2
73 2
73 2
75 2
68 2
0 6
68 2
66 2
66 2
71 1
0 1
73 2
73 2
75 2
78 1
0 1
78 2
75 1
0 1
78 1
0 1
80 1
0 1
80 2
0 6
75 1
0 1
80 1
0 1
80 1
0 1
78 1
0 1
80 2
0 2
78 2
75 2
73 2
0 1
75 1
78 2
73 2
75 2
0 6
80 2
78 1
0 1
78 2
75 2
73 2
75 1
0 1
80 1
0 1
78 2
75 2
0 14
73 1
0 1
75 1
0 1
73 1
0 1
71 1
0 1
73 2
0 2
71 2
73 2
75 1
0 1
78 2
75 2
73 2
71 2
0 6
71 1
0 1
71 1
0 1
71 1
0 1
75 1
0 1
73 2
75 1
0 1
78 2
75 1
0 1
78 1
0 1
80 1
0 1
80 1
0 1
82 1
0 1
82 2
0 6
75 1
0 1
80 1
0 1
80 1
0 1
78 1
0 1
80 2
0 2
78 2
75 2
73 2
0 1
75 1
78 2
73 2
75 2
0 6
80 2
78 1
0 1
78 2
75 2
73 2
75 1
0 1
80 1
0 1
78 2
75 2
0 14
73 1
0 1
75 1
0 1
73 1
0 1
71 1
0 1
73 2
0 2
71 2
73 2
75 1
0 1
78 2
78 2
75 2
80 2
0 6
80 2
78 2
80 2
83 2
85 2
83 2
82 2
80 2
78 2
75 2
78 1
0 1
80 1
0 1
80 2
0 134
68 2
75 1
0 1
75 2
73 1
0 1
75 3
0 5
66 2
63 2
66 1
0 1
70 2
68 2
0 6
68 2
66 2
68 2
71 2
73 2
71 2
73 2
71 1
73 1
75 2
0 14
73 2
75 2
73 2
71 2
73 3
0 3
71 1
73 1
75 2
73 2
73 1
0 1
75 2
68 2
0 6
68 2
66 2
66 2
71 1
0 1
73 2
0 1
75 1
73 2
0 2
66 2
68 1
0 1
71 1
0 1
68 1
0 1
68 2
0 6
68 2
75 1
0 1
75 2
73 1
0 1
75 3
0 5
66 2
63 2
66 1
0 1
70 2
68 3
0 5
68 2
66 2
68 2
71 2
73 2
71 2
73 2
78 1
0 1
75 2
0 14
73 2
75 2
73 2
71 2
73 3
0 3
71 1
73 1
75 2
73 2
73 2
75 2
68 2
0 6
68 2
66 2
66 2
71 1
0 1
73 2
73 2
75 2
78 1
0 1
78 2
75 1
0 1
78 1
0 1
80 1
0 1
80 2
0 6
75 1
0 1
80 1
0 1
80 1
0 1
78 1
0 1
80 2
0 2
78 2
75 2
73 2
0 1
75 1
78 2
73 2
75 2
0 6
80 2
78 1
0 1
78 2
75 2
73 2
75 1
0 1
80 1
0 1
78 2
75 2
0 14
73 1
0 1
75 1
0 1
73 1
0 1
71 1
0 1
73 2
0 2
71 2
73 2
75 1
0 1
78 2
75 2
73 2
71 2
0 6
71 1
0 1
71 1
0 1
71 1
0 1
75 1
0 1
73 2
75 1
0 1
78 2
75 1
0 1
78 1
0 1
80 1
0 1
80 1
0 1
82 1
0 1
82 2
0 6
75 1
0 1
80 1
0 1
80 1
0 1
78 1
0 1
80 2
0 2
78 2
75 2
73 2
0 1
75 1
78 2
73 2
75 2
0 6
80 2
78 1
0 1
78 2
75 2
73 2
75 1
0 1
80 1
0 1
78 2
75 2
0 14
73 1
0 1
75 1
0 1
73 1
0 1
71 1
0 1
73 2
0 2
71 2
73 2
75 1
0 1
78 2
78 2
75 2
80 2
0 6
80 2
78 2
80 2
83 2
85 2
83 2
82 2
80 2
78 2
75 2
78 1
0 1
80 1
0 1
80 2
0 6
75 1
0 1
80 1
0 1
80 1
0 1
78 1
0 1
80 2
0 2
78 2
75 2
73 2
0 1
75 1
78 2
73 2
75 2
0 6
80 2
78 1
0 1
78 2
75 2
73 2
75 1
0 1
80 1
0 1
78 2
75 2
0 14
73 1
0 1
75 1
0 1
73 1
0 1
71 1
0 1
73 2
0 2
71 2
73 2
75 1
0 1
78 2
75 2
73 2
71 2
0 6
71 1
0 1
71 1
0 1
71 1
0 1
75 1
0 1
73 2
75 1
0 1
78 2
75 1
0 1
78 1
0 1
80 1
0 1
80 1
0 1
82 1
0 1
82 2
0 6
75 1
0 1
80 1
0 1
80 1
0 1
78 1
0 1
80 2
0 2
78 2
75 2
73 2
0 1
75 1
78 2
73 2
75 2
0 6
80 2
78 1
0 1
78 2
75 2
73 2
75 1
0 1
80 1
0 1
78 2
75 2
0 14
73 1
0 1
75 1
0 1
73 1
0 1
71 1
0 1
73 2
0 2
71 2
73 2
75 1
0 1
78 2
78 2
75 2
80 2
0 6
80 2
78 2
80 2
83 2
85 2
83 2
82 2
80 2
78 2
75 2
78 1
0 1
80 1
0 1
80 2
