B:maj [3, 6, 11] 11 4 
E:maj [4, 8, 11] 4 4 
B:min [2, 6, 11] 11 4 
A:maj7 [1, 4, 7, 9] 9 4 
Ab:min7 [3, 6, 8, 11] 8 2 
C#:min7 [1, 4, 8, 11] 1 2 
F#:min [1, 6, 9] 6 2 
B:sus4(b7) [4, 6, 11] 11 2 
E:maj [4, 8, 11] 4 4 
A:maj7 [1, 4, 7, 9] 9 4 
Ab:min7 [3, 6, 8, 11] 8 2 
C#:min7 [1, 4, 8, 11] 1 2 
F#:min [1, 6, 9] 6 2 
B:maj [3, 6, 11] 11 2 
E:maj [4, 8, 11] 4 4 
A:min [0, 4, 9] 9 4 
E:maj [4, 8, 11] 4 4 
F#:min [1, 6, 9] 6 2 
B:maj [3, 6, 11] 11 2 
E:maj [4, 8, 11] 4 2 
E:maj9 [2, 4, 6, 8, 11] 4 1 
E:maj/5 [4, 8, 11] 11 1 
A:maj [1, 4, 9] 9 4 
Ab:min7 [3, 6, 8, 11] 8 2 
C#:7 [1, 5, 8, 11] 1 2 
F#:min [1, 6, 9] 6 2 
F#:min7 [1, 4, 6, 9] 6 2 
B:maj [3, 6, 11] 11 4 
A:maj [1, 4, 9] 9 4 
Ab:min7 [3, 6, 8, 11] 8 4 
F#:min [1, 6, 9] 6 2 
B:7 [3, 6, 9, 11] 11 2 
E:maj [4, 8, 11] 4 3 
E:sus4 [4, 9, 11] 4 1 
A:maj [1, 4, 9] 9 4 
Ab:min7 [3, 6, 8, 11] 8 2 
Ab:sus4 [1, 3, 8] 8 2 
F#:min7 [1, 4, 6, 9] 6 2 
B:maj [3, 6, 11] 11 2 
A:maj [1, 4, 9] 9 4 
Ab:min7/b7 [3, 6, 8, 11] 6 2 
C#:7 [1, 5, 8, 11] 1 2 
F#:maj [1, 6, 10] 6 1 
Ab:min7 [3, 6, 8, 11] 8 1 
A:maj [1, 4, 9] 9 2 
B:maj [3, 6, 11] 11 4 
A:maj [1, 4, 9] 9 4 
Ab:min7 [3, 6, 8, 11] 8 2 
C#:min [1, 4, 8] 1 2 
F#:min [1, 6, 9] 6 2 
B:sus4(b7) [4, 6, 11] 11 2 
E:maj [4, 8, 11] 4 4 
A:min [0, 4, 9] 9 4 
Ab:min [3, 8, 11] 8 2 
C#:maj [1, 5, 8] 1 2 
F#:min [1, 6, 9] 6 2 
B:sus4(b7) [4, 6, 11] 11 2 
E:maj [4, 8, 11] 4 4 
A:min [0, 4, 9] 9 2 
B:sus2 [1, 6, 11] 11 2 
E:maj [4, 8, 11] 4 4 
F#:min [1, 6, 9] 6 2 
B:maj [3, 6, 11] 11 2 
E:maj [4, 8, 11] 4 2 
E:maj9 [2, 4, 6, 8, 11] 4 1 
E:maj [4, 8, 11] 4 1 
A:min [0, 4, 9] 9 4 
Ab:min7 [3, 6, 8, 11] 8 2 
C#:7 [1, 5, 8, 11] 1 2 
F#:min [1, 6, 9] 6 2 
A:maj [1, 4, 9] 9 2 
B:maj [3, 6, 11] 11 4 
A:maj [1, 4, 9] 9 4 
Ab:min7 [3, 6, 8, 11] 8 4 
F#:min [1, 6, 9] 6 2 
B:maj [3, 6, 11] 11 2 
E:maj [4, 8, 11] 4 4 
A:maj [1, 4, 9] 9 4 
Ab:min7 [3, 6, 8, 11] 8 2 
C#:7 [1, 5, 8, 11] 1 2 
F#:min [1, 6, 9] 6 2 
B:maj [3, 6, 11] 11 2 
A:maj9 [1, 4, 7, 9, 11] 9 1 
B:7 [3, 6, 9, 11] 11 1 
B:maj [3, 6, 11] 11 2 
A:maj [1, 4, 9] 9 4 
Ab:min7 [3, 6, 8, 11] 8 4 
F#:min [1, 6, 9] 6 2 
B:maj [3, 6, 11] 11 2 
E:maj [4, 8, 11] 4 4 
A:maj [1, 4, 9] 9 4 
Ab:min7 [3, 6, 8, 11] 8 2 
C#:7 [1, 5, 8, 11] 1 2 
F#:min [1, 6, 9] 6 2 
B:maj [3, 6, 11] 11 3 
A:maj [1, 4, 9] 9 2 
A:min [0, 4, 9] 9 2 
Ab:min7/b7 [3, 6, 8, 11] 6 2 
C#:7 [1, 5, 8, 11] 1 2 
F#:maj [1, 6, 10] 6 1 
Ab:min7 [3, 6, 8, 11] 8 1 
A:maj [1, 4, 9] 9 2 
B:maj [3, 6, 11] 11 4 
E:maj [4, 8, 11] 4 4 
