0 47
59 1
68 7
64 1
0 1
66 8
66 1
66 2
68 3
66 1
64 2
64 8
66 2
66 2
68 1
0 1
69 3
68 2
66 1
64 2
68 2
68 13
59 1
68 7
64 1
66 10
68 2
68 2
64 1
66 3
64 8
66 2
66 2
0 1
68 1
69 4
68 1
66 2
64 1
66 2
64 10
0 1
64 1
66 1
68 1
71 6
71 2
0 1
69 4
69 2
64 2
68 1
66 1
68 9
66 2
66 1
68 1
69 7
61 1
0 1
73 2
76 1
75 4
68 1
73 2
71 17
73 2
76 2
76 7
78 1
75 6
73 2
71 10
69 1
68 1
0 1
69 1
71 3
73 2
76 3
73 2
78 12
76 2
78 1
76 1
0 1
80 12
76 1
80 1
76 1
0 1
78 2
78 2
78 1
75 2
73 2
71 3
0 1
68 1
71 1
73 2
78 1
76 4
64 1
76 2
75 4
73 2
75 2
73 1
71 5
81 2
80 2
76 2
78 1
76 1
0 1
80 2
85 10
85 1
87 1
88 1
87 2
88 2
87 2
83 4
80 4
80 2
78 1
76 1
73 5
73 1
76 3
75 5
0 1
73 1
75 1
76 19
0 41
59 1
68 7
64 1
0 1
66 8
66 1
66 2
68 3
66 1
64 2
64 8
66 2
66 2
68 1
0 1
69 3
68 2
66 1
64 2
68 2
68 13
59 1
68 7
64 1
66 10
68 2
68 2
64 1
66 3
64 8
66 2
66 2
0 1
68 1
69 4
68 1
66 2
64 1
66 2
64 10
0 1
64 1
66 1
68 1
71 6
71 2
0 1
69 4
69 2
64 2
68 1
66 1
68 9
66 2
66 1
68 1
69 7
61 1
0 1
73 2
76 1
75 4
68 1
73 2
71 17
73 2
76 2
76 7
78 1
75 6
73 2
71 10
69 1
68 1
0 1
69 1
71 3
73 2
76 3
73 2
78 12
76 2
78 1
76 1
0 1
80 12
76 1
80 1
76 1
0 1
78 2
78 2
78 1
75 2
73 2
71 3
0 1
68 1
71 1
73 2
78 1
76 4
64 1
76 2
75 4
73 2
75 2
73 1
71 5
81 2
80 2
76 2
78 1
76 1
0 1
80 2
85 10
85 1
87 1
88 1
87 2
88 2
87 2
83 4
80 4
80 2
78 1
76 1
73 5
73 1
76 3
75 5
0 1
73 1
75 1
76 9
76 2
78 1
76 1
0 1
80 12
76 1
80 1
76 1
0 1
78 2
78 2
78 1
75 2
73 2
71 3
0 1
68 1
71 1
73 2
78 1
76 4
64 1
76 2
75 4
73 2
75 2
73 1
71 5
81 2
80 2
76 2
78 1
76 1
0 1
80 2
85 10
85 1
87 1
88 1
87 2
88 2
87 2
83 4
80 4
80 2
78 1
76 1
73 5
73 1
76 3
75 5
0 1
73 1
75 1
76 9
