0 128
66 2
63 2
66 8
68 3
0 1
63 2
66 2
63 2
61 2
59 4
56 2
0 2
66 3
0 1
63 2
66 1
0 1
68 2
73 1
0 1
70 2
68 2
66 6
0 10
71 2
68 2
71 8
73 3
0 1
68 2
71 1
0 1
68 2
66 1
0 1
66 4
63 3
0 1
61 4
59 2
61 2
63 2
66 2
63 2
61 2
59 15
0 1
63 2
61 2
63 8
66 3
0 1
61 2
63 2
61 2
59 2
56 3
0 1
54 3
0 1
59 6
61 2
66 3
0 1
68 2
66 2
63 2
66 2
63 11
0 1
66 4
63 2
66 2
68 2
71 2
66 2
68 2
71 6
0 6
73 3
0 1
68 1
0 1
63 1
0 1
66 1
0 1
68 1
0 1
70 1
0 1
73 1
0 1
70 1
0 1
68 2
66 11
0 1
68 3
0 1
59 4
0 2
61 1
0 1
63 1
0 1
66 1
0 1
61 3
0 1
59 14
0 2
59 5
0 1
61 1
0 1
58 2
56 1
0 1
54 3
0 1
59 10
0 2
61 3
0 1
63 3
0 1
61 2
59 2
58 2
61 2
56 4
54 10
0 6
66 3
0 1
66 7
0 1
63 2
66 1
0 1
68 3
0 1
70 2
73 2
68 5
0 3
68 2
63 2
66 1
0 1
68 1
0 1
70 1
0 1
73 1
0 1
70 1
0 1
68 2
66 14
0 2
71 3
0 1
71 3
0 1
66 2
63 1
0 1
66 1
0 1
68 2
71 12
73 3
0 1
59 4
0 2
61 1
0 1
66 3
0 1
66 1
0 1
68 2
66 4
63 9
0 3
66 3
0 1
66 4
63 4
66 4
68 4
70 2
73 2
68 6
0 2
68 2
63 2
66 2
68 2
70 2
73 2
70 2
68 2
66 12
68 3
0 1
59 4
0 2
61 1
0 1
63 2
66 2
61 4
59 16
0 128
66 2
63 2
66 8
68 3
0 1
63 2
66 2
63 2
61 2
59 4
56 2
0 2
66 3
0 1
63 2
66 1
0 1
68 2
73 1
0 1
70 2
68 2
66 6
0 10
71 2
68 2
71 8
73 3
0 1
68 2
71 1
0 1
68 2
66 1
0 1
66 4
63 3
0 1
61 4
59 2
61 2
63 2
66 2
63 2
61 2
59 15
0 1
63 2
61 2
63 8
66 3
0 1
61 2
63 2
61 2
59 2
56 3
0 1
54 3
0 1
59 6
61 2
66 3
0 1
68 2
66 2
63 2
66 2
63 11
0 1
66 4
63 2
66 2
68 2
71 2
66 2
68 2
71 6
0 6
73 3
0 1
68 1
0 1
63 1
0 1
66 1
0 1
68 1
0 1
70 1
0 1
73 1
0 1
70 1
0 1
68 2
66 11
0 1
68 3
0 1
59 4
0 2
61 1
0 1
63 1
0 1
66 1
0 1
61 3
0 1
59 14
0 2
59 5
0 1
61 1
0 1
58 2
56 1
0 1
54 3
0 1
59 10
0 2
61 3
0 1
63 3
0 1
61 2
59 2
58 2
61 2
56 4
54 10
0 6
66 3
0 1
66 7
0 1
63 2
66 1
0 1
68 3
0 1
70 2
73 2
68 5
0 3
68 2
63 2
66 1
0 1
68 1
0 1
70 1
0 1
73 1
0 1
70 1
0 1
68 2
66 14
0 2
71 3
0 1
71 3
0 1
66 2
63 1
0 1
66 1
0 1
68 2
71 12
73 3
0 1
59 4
0 2
61 1
0 1
66 3
0 1
66 1
0 1
68 2
66 4
63 9
0 3
66 3
0 1
66 4
63 4
66 4
68 4
70 2
73 2
68 6
0 2
68 2
63 2
66 2
68 2
70 2
73 2
70 2
68 2
66 12
68 3
0 1
59 4
0 7
61 4
63 4
66 4
61 8
59 17
