0 124
67 1
0 1
69 1
0 1
74 3
0 1
72 2
0 2
74 3
0 1
72 3
0 1
74 1
0 1
79 1
0 1
74 2
72 1
0 1
74 3
0 1
67 3
0 1
76 3
0 1
69 3
0 1
69 3
0 1
76 3
0 1
74 4
67 3
0 1
74 4
67 1
0 1
69 1
0 1
74 3
0 1
67 2
0 2
74 3
0 1
67 3
0 1
74 1
0 1
79 1
0 1
74 1
0 1
72 1
0 1
74 3
0 1
67 2
0 2
76 3
0 1
69 3
0 1
69 3
0 1
76 3
0 1
74 2
0 2
79 3
0 1
74 4
72 2
74 1
0 1
79 3
0 1
76 3
0 1
74 3
0 1
76 4
74 2
72 2
69 4
72 3
0 1
67 1
0 1
69 1
0 1
76 4
74 3
0 1
79 4
81 1
0 1
76 8
74 5
0 1
72 1
0 1
74 2
79 3
0 1
76 4
74 3
0 1
76 4
74 1
0 1
72 2
69 3
0 1
72 3
0 1
67 1
0 1
69 2
76 3
0 1
72 4
69 4
76 4
72 12
0 16
67 1
0 1
69 1
0 1
74 3
0 1
72 2
0 2
74 3
0 1
72 3
0 1
74 1
0 1
79 1
0 1
74 2
72 1
0 1
74 3
0 1
67 3
0 1
76 3
0 1
69 3
0 1
69 3
0 1
76 3
0 1
74 4
67 3
0 1
74 4
67 1
0 1
69 1
0 1
74 3
0 1
67 2
0 2
74 3
0 1
67 3
0 1
74 1
0 1
79 1
0 1
74 1
0 1
72 1
0 1
74 3
0 1
67 2
0 2
76 3
0 1
69 3
0 1
69 3
0 1
76 3
0 1
74 2
79 3
0 1
79 4
74 2
72 2
74 1
0 1
79 3
0 1
76 3
0 1
74 3
0 1
76 4
74 2
72 2
69 4
72 3
0 1
67 1
0 1
69 1
0 1
76 4
74 3
0 1
79 4
81 1
0 1
76 8
74 5
0 1
72 1
0 1
74 2
79 3
0 1
76 4
74 3
0 1
76 4
74 1
0 1
72 2
69 3
0 1
72 3
0 1
67 1
0 1
69 2
76 3
0 1
72 4
69 4
76 4
72 12
0 16
72 2
74 1
0 1
79 3
0 1
76 3
0 1
74 3
0 1
76 4
74 2
72 2
69 4
72 3
0 1
67 1
0 1
69 1
0 1
76 4
74 3
0 1
79 4
81 1
0 1
76 6
69 2
74 5
0 1
72 1
0 1
74 2
79 3
0 1
76 4
74 3
0 1
76 4
77 1
0 1
76 2
74 3
0 1
72 3
0 1
67 1
0 1
69 2
76 3
0 1
72 4
69 4
76 4
72 12
0 16
72 2
74 2
76 6
79 6
81 4
74 6
76 6
77 2
76 4
72 13
0 1
76 4
79 2
76 6
74 4
76 15
0 10
76 3
69 2
72 9
0 21
72 2
74 1
0 1
79 3
0 1
76 3
0 1
74 3
0 1
76 4
74 2
72 2
69 4
72 3
0 1
67 1
0 1
69 1
0 1
76 4
74 3
0 1
79 4
81 1
0 1
76 6
69 2
74 5
0 1
72 1
0 1
74 2
79 3
0 1
76 4
74 3
0 1
76 4
77 1
0 1
76 2
74 3
0 1
72 3
0 1
67 1
0 1
69 2
76 3
0 1
72 4
69 4
76 4
72 12
0 16
67 2
69 2
0 1
76 4
72 4
77 5
76 5
72 12
