0 128
69 1
0 1
69 1
0 1
69 2
69 1
0 1
71 4
73 1
0 1
73 9
0 5
73 1
0 1
76 1
0 1
78 1
0 1
78 1
0 1
78 1
0 1
80 1
0 1
78 2
0 2
76 1
0 1
73 10
0 6
69 1
0 1
69 1
0 1
69 1
0 1
69 1
0 1
69 1
0 1
71 4
73 1
0 1
73 14
73 2
71 2
69 2
69 1
0 1
69 1
0 1
69 2
68 4
69 2
66 9
0 5
73 1
0 1
76 2
78 1
0 1
78 1
0 1
78 1
0 1
78 1
0 1
80 2
0 2
76 2
73 11
0 3
73 1
0 1
71 2
69 1
0 1
69 1
0 1
69 1
0 1
69 1
0 1
71 3
0 1
73 1
0 1
73 12
0 2
73 1
0 1
76 1
0 1
78 3
0 1
78 2
78 1
0 1
80 3
0 1
76 2
0 2
73 3
0 1
76 1
0 1
78 6
73 1
0 1
71 2
69 1
0 1
69 1
0 1
69 1
0 1
69 1
0 1
68 2
68 1
0 1
69 1
0 1
68 1
0 1
66 11
0 133
69 1
0 1
69 1
0 1
69 2
69 1
0 1
71 4
73 1
0 1
73 9
0 7
69 1
0 1
78 1
0 1
78 1
0 1
78 1
0 1
80 1
0 1
78 2
0 2
76 1
0 1
73 10
0 6
69 1
0 1
69 1
0 1
69 1
0 1
69 1
0 1
69 1
0 1
71 4
73 1
0 1
73 14
73 2
71 2
69 2
69 1
0 1
69 1
0 1
69 2
68 4
69 2
66 9
0 5
73 1
0 1
76 2
78 1
0 1
78 1
0 1
78 1
0 1
78 1
0 1
80 2
0 2
76 2
73 11
0 3
73 1
0 1
71 2
69 1
0 1
69 1
0 1
69 1
0 1
69 1
0 1
71 3
0 1
73 1
0 1
73 12
0 2
73 1
0 1
76 1
0 1
78 3
0 1
78 2
78 1
0 1
80 3
0 1
76 2
0 2
73 3
0 1
76 1
0 1
78 6
73 1
0 1
71 2
69 1
0 1
69 1
0 1
69 1
0 1
69 1
0 1
68 2
68 1
0 1
69 1
0 1
68 1
0 1
66 11
0 1
73 1
0 1
76 2
78 1
0 1
78 1
0 1
78 1
0 1
78 1
0 1
80 2
0 2
76 2
73 11
0 3
73 1
0 1
71 2
69 1
0 1
69 1
0 1
69 1
0 1
69 1
0 1
71 3
0 1
73 1
0 1
73 12
0 2
73 1
0 1
76 1
0 1
78 3
0 1
78 2
78 1
0 1
80 3
0 1
76 2
0 2
73 3
0 1
76 1
0 1
78 6
73 1
0 1
71 2
69 1
0 1
69 1
0 1
69 1
0 1
69 1
0 1
68 2
68 1
0 1
69 1
0 1
68 1
0 1
66 11
0 133
73 7
0 1
71 3
0 1
71 2
73 14
69 2
71 2
73 7
71 5
71 1
0 1
69 16
0 2
73 4
0 1
73 1
0 2
71 3
0 1
76 4
73 10
0 2
69 2
71 1
0 1
73 4
0 4
71 3
0 1
73 4
66 10
0 7
69 1
0 1
69 1
0 1
69 1
69 1
0 1
71 4
73 2
73 10
0 4
73 2
71 2
0 1
69 2
69 2
69 2
0 1
69 2
68 4
0 1
69 5
66 28
