D:min [2, 5, 9] 2 4
Bb:maj [2, 5, 10] 10 4
D:min [2, 5, 9] 2 4
A:maj [1, 4, 9] 9 4
D:min [2, 5, 9] 2 4
Bb:maj [2, 5, 10] 10 4
C:maj [0, 4, 7] 0 4
D:min [2, 5, 9] 2 8
F:maj [0, 5, 9] 5 4
D:maj [2, 6, 9] 2 2
A:min [0, 4, 9] 9 2
D:sus2 [2, 4, 9] 2 4
Bb:maj [2, 5, 10] 10 4
C:maj [0, 4, 7] 0 4
D:min/5 [2, 5, 9] 9 8
F:maj [0, 5, 9] 5 4
D:min [2, 5, 9] 2 2
A:min [0, 4, 9] 9 2
D:min [2, 5, 9] 2 4
Bb:maj [2, 5, 10] 10 4
C:maj [0, 4, 7] 0 4
D:min [2, 5, 9] 2 4
Bb:maj [2, 5, 10] 10 2
C:maj [0, 4, 7] 0 2
F:maj [0, 5, 9] 5 2
D:min7/b7 [0, 2, 5, 9] 0 2
Bb:maj [2, 5, 10] 10 2
C:maj [0, 4, 7] 0 2
F:maj [0, 5, 9] 5 4
G:min [2, 7, 10] 7 4
A:maj [1, 4, 9] 9 2
D:min7/b7 [0, 2, 5, 9] 0 2
Bb:maj [2, 5, 10] 10 4
A:maj [1, 4, 9] 9 4
D:min [2, 5, 9] 2 2
F:maj7/3 [0, 3, 5, 9] 9 2
G:min/b3 [2, 7, 10] 10 1
C:maj [0, 4, 7] 0 1
F:maj [0, 5, 9] 5 2
D:min [2, 5, 9] 2 2
A:min [0, 4, 9] 9 2
Bb:maj [2, 5, 10] 10 2
C:maj [0, 4, 7] 0 2
D:min [2, 5, 9] 2 2
A:min [0, 4, 9] 9 2
Bb:maj [2, 5, 10] 10 1
C:maj [0, 4, 7] 0 1
F:maj [0, 5, 9] 5 2
D:min [2, 5, 9] 2 2
A:min [0, 4, 9] 9 2
Bb:maj [2, 5, 10] 10 2
C:maj [0, 4, 7] 0 2
D:min [2, 5, 9] 2 4
Bb:maj [2, 5, 10] 10 4
D:min [2, 5, 9] 2 2
Bb:maj [2, 5, 10] 10 2
A:maj [1, 4, 9] 9 4
D:min [2, 5, 9] 2 4
Bb:maj [2, 5, 10] 10 4
D:min [2, 5, 9] 2 2
Bb:maj [2, 5, 10] 10 2
A:maj [1, 4, 9] 9 4
D:min [2, 5, 9] 2 4
Bb:maj [2, 5, 10] 10 4
C:maj [0, 4, 7] 0 4
D:maj [2, 6, 9] 2 8
F:maj [0, 5, 9] 5 4
D:min [2, 5, 9] 2 2
A:min [0, 4, 9] 9 2
D:min [2, 5, 9] 2 4
Bb:maj [2, 5, 10] 10 4
C:maj [0, 4, 7] 0 4
D:min [2, 5, 9] 2 4
Bb:maj [2, 5, 10] 10 2
C:maj [0, 4, 7] 0 2
F:maj [0, 5, 9] 5 2
D:min7/b7 [0, 2, 5, 9] 0 2
Bb:maj [2, 5, 10] 10 2
C:maj [0, 4, 7] 0 2
F:maj [0, 5, 9] 5 4
G:min [2, 7, 10] 7 4
A:maj [1, 4, 9] 9 2
D:min7/b7 [0, 2, 5, 9] 0 2
Bb:maj [2, 5, 10] 10 4
A:maj [1, 4, 9] 9 4
D:min [2, 5, 9] 2 2
F:maj7/3 [0, 3, 5, 9] 9 2
G:min/b3 [2, 7, 10] 10 1
C:maj [0, 4, 7] 0 1
F:maj [0, 5, 9] 5 2
D:min [2, 5, 9] 2 2
A:min [0, 4, 9] 9 2
Bb:maj [2, 5, 10] 10 2
C:maj [0, 4, 7] 0 2
D:min [2, 5, 9] 2 2
A:min [0, 4, 9] 9 2
Bb:maj [2, 5, 10] 10 1
C:maj [0, 4, 7] 0 1
F:maj [0, 5, 9] 5 2
D:min [2, 5, 9] 2 2
A:min [0, 4, 9] 9 2
Bb:maj [2, 5, 10] 10 2
C:maj [0, 4, 7] 0 2
D:min [2, 5, 9] 2 2
F:maj7/3 [0, 3, 5, 9] 9 2
G:min/b3 [2, 7, 10] 10 1
C:maj [0, 4, 7] 0 1
F:maj [0, 5, 9] 5 2
D:min [2, 5, 9] 2 2
A:min [0, 4, 9] 9 2
Bb:maj [2, 5, 10] 10 2
C:maj [0, 4, 7] 0 2
D:min [2, 5, 9] 2 2
A:min [0, 4, 9] 9 2
Bb:maj [2, 5, 10] 10 1
C:maj [0, 4, 7] 0 1
F:maj [0, 5, 9] 5 2
D:min [2, 5, 9] 2 2
A:min [0, 4, 9] 9 2
Bb:maj [2, 5, 10] 10 2
C:maj [0, 4, 7] 0 4
D:min [2, 5, 9] 2 4
Bb:maj [2, 5, 10] 10 4
C:maj [0, 4, 7] 0 4
