0 130
74 1
72 1
72 2
74 1
69 4
0 1
67 2
65 1
69 9
0 10
74 1
74 1
74 2
76 1
74 2
72 2
0 1
72 2
74 1
69 9
0 7
69 1
67 1
65 1
65 1
62 1
65 2
62 1
65 5
62 2
65 2
69 1
67 1
67 1
65 1
67 2
69 1
67 4
0 1
69 1
67 1
65 1
69 15
0 4
74 1
72 1
72 2
74 1
69 4
0 1
67 2
65 1
69 9
0 10
74 1
74 1
74 2
76 1
74 2
72 2
0 1
72 2
74 1
69 9
0 7
69 1
67 1
65 1
65 1
62 1
65 2
62 1
65 5
62 2
65 2
69 1
67 1
67 1
65 1
67 2
69 1
67 4
0 1
69 1
72 1
69 1
74 15
0 4
74 1
74 1
74 2
74 1
76 3
76 1
0 1
74 1
76 2
74 1
72 6
69 1
74 9
0 2
74 1
74 1
74 2
77 1
79 3
76 2
74 1
76 2
74 1
72 10
0 5
69 1
70 1
69 1
70 1
69 1
70 2
69 1
72 3
70 3
0 1
73 1
74 1
76 2
69 2
79 2
76 1
77 3
74 3
0 1
74 1
72 1
74 1
0 1
74 1
72 1
74 2
72 1
74 3
74 2
76 1
77 3
76 15
0 3
77 1
77 1
77 1
0 1
77 1
79 3
76 2
74 2
72 1
74 3
74 2
72 2
70 1
72 8
0 3
77 1
77 1
77 2
79 1
76 2
0 1
76 2
74 2
72 1
0 1
74 1
77 1
77 1
77 1
77 2
74 1
79 9
0 2
77 1
77 1
77 1
0 1
77 1
79 3
76 2
74 2
72 1
74 3
74 2
72 2
70 1
72 8
0 3
77 1
77 1
77 2
79 1
76 2
0 1
76 2
74 2
72 1
0 1
74 1
77 1
77 1
77 1
77 2
74 1
79 9
77 13
0 181
74 1
72 1
72 2
74 1
69 4
0 1
67 2
65 1
69 9
0 10
74 1
74 1
74 2
76 1
74 2
72 2
0 1
72 2
74 1
69 9
0 7
69 1
67 1
65 1
65 1
62 1
65 2
62 1
65 5
62 2
65 2
69 1
67 1
67 1
65 1
67 2
69 1
67 4
0 1
69 1
72 1
69 1
74 15
0 4
74 1
74 1
74 2
74 1
76 3
76 1
0 1
74 1
76 2
74 1
72 6
69 1
74 9
0 2
74 1
74 1
74 2
77 1
79 3
76 2
74 1
76 2
74 1
72 10
0 5
69 1
70 1
69 1
70 1
69 1
70 2
69 1
72 3
70 3
0 1
73 1
74 1
76 2
69 2
79 2
76 1
77 3
74 3
0 1
74 1
72 1
74 1
0 1
74 1
72 1
74 2
72 1
74 3
74 2
76 1
77 3
76 15
0 3
77 1
77 1
77 1
0 1
77 1
79 3
76 2
74 2
72 1
74 3
74 2
72 2
70 1
72 8
0 3
77 1
77 1
77 2
79 1
76 2
0 1
76 2
74 2
72 1
0 1
74 1
77 1
77 1
77 1
77 2
74 1
79 9
0 2
77 1
77 1
77 1
0 1
77 1
79 3
76 2
74 2
72 1
74 3
74 2
72 2
70 1
72 8
0 3
77 1
77 1
77 2
79 1
76 2
0 1
76 2
74 2
72 1
0 1
74 1
77 1
77 1
77 1
77 2
74 1
79 9
0 2
77 1
77 1
77 1
0 1
77 1
79 3
76 2
74 2
72 1
74 3
74 2
72 2
70 1
72 8
0 3
77 1
77 1
77 2
79 1
76 2
0 1
76 2
74 2
72 1
0 1
74 1
77 1
77 1
77 1
77 2
74 1
79 9
0 2
77 1
77 1
77 1
0 1
77 1
79 3
76 2
74 2
72 1
74 3
74 2
72 2
70 1
72 8
0 3
77 1
77 1
77 2
79 1
76 2
0 1
76 2
74 2
72 1
0 1
74 1
77 1
77 1
77 1
77 2
74 1
79 9
0 6
77 1
76 1
77 13
