E:min [4, 7, 11] 4 3 
C:maj [0, 4, 7] 0 3 
D:7 [0, 2, 6, 9] 2 3 
E:min [4, 7, 11] 4 3 
C:maj [0, 4, 7] 0 3 
D:maj [2, 6, 9] 2 3 
B:maj [3, 6, 11] 11 3 
E:min [4, 7, 11] 4 12 
C:maj [0, 4, 7] 0 3 
E:min [4, 7, 11] 4 6 
A:sus2 [4, 9, 11] 9 3 
C:maj [0, 4, 7] 0 3 
B:maj [3, 6, 11] 11 3 
E:min [4, 7, 11] 4 6 
C:maj [0, 4, 7] 0 3 
E:min [4, 7, 11] 4 6 
A:min [0, 4, 9] 9 3 
C:maj [0, 4, 7] 0 3 
B:maj [3, 6, 11] 11 3 
A:min [0, 4, 9] 9 6 
E:min [4, 7, 11] 4 6 
C:maj [0, 4, 7] 0 6 
B:maj [3, 6, 11] 11 6 
E:min [4, 7, 11] 4 3 
C:maj [0, 4, 7] 0 3 
D:maj [2, 6, 9] 2 3 
G:maj [2, 7, 11] 7 3 
A:min [0, 4, 9] 9 3 
E:min [4, 7, 11] 4 3 
C:maj [0, 4, 7] 0 3 
B:maj [3, 6, 11] 11 3 
E:min [4, 7, 11] 4 3 
C:maj [0, 4, 7] 0 3 
D:maj [2, 6, 9] 2 3 
G:maj [2, 7, 11] 7 3 
A:min [0, 4, 9] 9 3 
E:min [4, 7, 11] 4 3 
B:maj [3, 6, 11] 11 3 
E:min [4, 7, 11] 4 9 
C:maj [0, 4, 7] 0 3 
D:maj [2, 6, 9] 2 3 
E:min [4, 7, 11] 4 3 
C:maj [0, 4, 7] 0 3 
D:maj [2, 6, 9] 2 3 
G:maj [2, 7, 11] 7 3 
B:maj [3, 6, 11] 11 3 
C:maj [0, 4, 7] 0 3 
D:maj [2, 6, 9] 2 3 
E:min [4, 7, 11] 4 6 
C:maj [0, 4, 7] 0 3 
D:maj [2, 6, 9] 2 3 
B:maj [3, 6, 11] 11 3 
E:min [4, 7, 11] 4 12 
C:maj [0, 4, 7] 0 3 
E:min [4, 7, 11] 4 6 
A:sus2 [4, 9, 11] 9 3 
C:maj [0, 4, 7] 0 3 
B:maj [3, 6, 11] 11 3 
E:min [4, 7, 11] 4 6 
C:maj [0, 4, 7] 0 3 
E:min [4, 7, 11] 4 6 
A:min [0, 4, 9] 9 3 
C:maj [0, 4, 7] 0 3 
B:maj [3, 6, 11] 11 3 
A:min [0, 4, 9] 9 6 
E:min [4, 7, 11] 4 6 
C:maj [0, 4, 7] 0 6 
B:maj [3, 6, 11] 11 6 
E:min [4, 7, 11] 4 3 
C:maj [0, 4, 7] 0 3 
D:maj [2, 6, 9] 2 3 
G:maj [2, 7, 11] 7 3 
A:min [0, 4, 9] 9 3 
E:min [4, 7, 11] 4 3 
C:maj [0, 4, 7] 0 3 
B:maj [3, 6, 11] 11 3 
E:min [4, 7, 11] 4 3 
C:maj [0, 4, 7] 0 3 
D:maj [2, 6, 9] 2 3 
G:maj [2, 7, 11] 7 3 
A:min [0, 4, 9] 9 3 
E:min [4, 7, 11] 4 3 
B:maj [3, 6, 11] 11 3 
E:min [4, 7, 11] 4 6 
C:maj [0, 4, 7] 0 3 
D:maj [2, 6, 9] 2 3 
G:maj [2, 7, 11] 7 3 
A:min [0, 4, 9] 9 3 
E:min [4, 7, 11] 4 3 
C:maj [0, 4, 7] 0 3 
B:maj [3, 6, 11] 11 3 
E:min [4, 7, 11] 4 3 
C:maj [0, 4, 7] 0 3 
D:maj [2, 6, 9] 2 3 
G:maj [2, 7, 11] 7 3 
A:min [0, 4, 9] 9 3 
E:min [4, 7, 11] 4 3 
B:maj [3, 6, 11] 11 3 
E:min [4, 7, 11] 4 12 
C:maj [0, 4, 7] 0 3 
E:min [4, 7, 11] 4 6 
A:min [0, 4, 9] 9 3 
B:maj [3, 6, 11] 11 3 
E:min [4, 7, 11] 4 3 
C:maj [0, 4, 7] 0 3 
D:maj [2, 6, 9] 2 3 
E:min [4, 7, 11] 4 3 
C:maj [0, 4, 7] 0 3 
D:maj [2, 6, 9] 2 3 
B:maj [3, 6, 11] 11 3 
E:min [4, 7, 11] 4 6 
