0 132
68 1
71 1
76 1
75 2
76 5
0 2
73 2
71 1
69 4
0 12
68 1
68 1
71 1
76 1
75 1
76 5
0 3
73 2
71 1
73 6
0 10
71 1
80 1
80 1
80 1
76 1
78 1
71 6
0 5
76 1
76 1
76 1
73 1
75 2
75 4
71 1
73 5
0 1
73 1
0 1
73 1
71 1
0 1
71 1
73 1
0 1
64 4
0 1
66 1
66 1
66 1
68 1
69 1
76 2
75 2
71 1
73 2
75 1
73 2
71 5
0 3
73 2
68 1
73 2
71 5
0 1
68 1
71 1
76 1
75 3
0 5
76 1
73 2
71 1
69 3
0 14
68 1
71 1
76 1
75 2
76 5
0 1
71 1
73 2
71 1
73 4
0 12
80 1
0 1
80 1
80 1
76 1
78 1
0 1
71 4
0 6
76 1
76 1
76 1
73 1
75 2
80 4
75 1
71 1
73 5
75 1
75 1
76 1
71 2
0 1
76 2
0 5
76 1
73 1
76 1
78 1
0 1
80 1
81 2
78 1
76 1
0 1
78 1
0 1
78 2
76 7
0 7
76 1
80 1
76 1
76 1
76 1
76 1
73 1
0 1
73 1
73 1
68 1
0 1
68 1
68 1
80 3
78 1
78 1
78 1
78 1
78 1
75 1
0 1
75 1
0 1
71 1
71 1
71 1
71 1
78 2
76 1
0 2
76 1
76 1
76 1
76 1
0 1
76 1
0 1
75 1
0 1
73 1
73 1
0 1
76 1
0 1
73 2
0 1
71 4
0 9
80 1
76 1
76 1
76 1
76 1
73 1
73 1
73 1
73 1
68 1
0 1
68 1
68 1
80 3
0 2
78 1
78 1
78 1
75 1
75 1
75 1
75 1
71 1
0 1
71 1
71 1
78 2
76 1
0 2
76 1
76 1
76 1
76 1
0 1
81 1
0 1
80 1
0 1
76 1
76 1
0 1
73 1
0 1
78 3
76 3
0 142
68 1
71 1
76 1
75 3
0 5
76 1
73 2
71 1
71 1
0 1
69 4
0 11
68 1
71 1
76 1
75 2
76 5
0 1
71 1
73 2
71 1
73 4
0 12
80 1
0 1
80 1
80 1
76 1
78 1
0 1
71 4
0 6
76 1
76 1
76 1
73 1
75 2
80 4
75 1
71 1
73 5
75 1
75 1
76 1
71 2
0 1
76 2
0 5
76 1
73 1
76 1
78 1
0 1
80 1
81 2
78 1
76 1
0 1
78 1
0 1
78 2
76 7
0 7
76 1
80 1
76 1
76 1
76 1
76 1
73 1
0 1
73 1
73 1
68 1
0 1
68 1
68 1
80 3
78 1
78 1
78 1
78 1
78 1
75 1
0 1
75 1
0 1
71 1
71 1
71 1
71 1
78 2
76 1
0 2
76 1
76 1
76 1
76 1
0 1
76 1
0 1
75 1
0 1
73 1
73 1
0 1
76 1
0 1
73 2
0 1
71 4
0 9
80 1
76 1
76 1
76 1
76 1
73 1
73 1
73 1
73 1
68 1
0 1
68 1
68 1
80 3
0 2
78 1
78 1
78 1
75 1
75 1
75 1
75 1
71 1
0 1
71 1
71 1
78 2
76 1
0 2
76 1
76 1
76 1
76 1
0 1
81 1
0 1
80 1
0 1
76 1
76 1
0 1
73 1
0 1
78 3
76 3
0 9
76 1
80 1
76 1
76 1
76 1
76 1
73 1
0 1
73 1
73 1
68 1
0 1
68 1
68 1
80 3
78 1
78 1
78 1
78 1
78 1
75 1
0 1
75 1
0 1
71 1
71 1
71 1
71 1
78 2
76 1
0 2
76 1
76 1
76 1
76 1
0 1
76 1
0 1
75 1
0 1
73 1
73 1
0 1
76 1
0 1
73 2
0 1
71 4
0 9
80 1
76 1
76 1
76 1
76 1
73 1
73 1
73 1
73 1
68 1
0 1
68 1
68 1
80 3
0 2
78 1
78 1
78 1
75 1
75 1
75 1
75 1
71 1
0 1
71 1
71 1
78 2
76 1
0 2
76 1
76 1
76 1
76 1
0 1
81 1
0 1
80 1
0 1
76 1
76 1
0 1
73 1
0 1
78 3
76 3
