Eb:maj/3 [3, 7, 10] 7 16 
C:min [0, 3, 7] 0 4 
G:min [2, 7, 10] 7 8 
D:min [2, 5, 9] 2 4 
G:min [2, 7, 10] 7 20 
F:maj [0, 5, 9] 5 4 
G:sus2 [2, 7, 9] 7 8 
D:min [2, 5, 9] 2 4 
G:min [2, 7, 10] 7 4 
Eb:maj7 [1, 3, 7, 10] 3 4 
G:sus4 [0, 2, 7] 7 8 
F:sus2 [0, 5, 7] 5 4 
G:sus2 [2, 7, 9] 7 7 
G:min [2, 7, 10] 7 1 
D:min [2, 5, 9] 2 4 
G:min [2, 7, 10] 7 4 
G:sus2 [2, 7, 9] 7 16 
F:maj [0, 5, 9] 5 4 
G:sus4 [0, 2, 7] 7 6 
G:min [2, 7, 10] 7 2 
D:min [2, 5, 9] 2 4 
G:sus4 [0, 2, 7] 7 4 
Eb:maj [3, 7, 10] 3 4 
G:sus2 [2, 7, 9] 7 2 
D:min [2, 5, 9] 2 2 
G:sus2 [2, 7, 9] 7 2 
G:min [2, 7, 10] 7 1 
Eb:maj/3 [3, 7, 10] 7 1 
F:maj [0, 5, 9] 5 2 
G:sus2 [2, 7, 9] 7 10 
D:min [2, 5, 9] 2 4 
G:min [2, 7, 10] 7 12 
D:min7 [0, 2, 5, 9] 2 2 
D:min [2, 5, 9] 2 2 
G:sus2 [2, 7, 9] 7 4 
G:min/5 [2, 7, 10] 2 2 
G:min [2, 7, 10] 7 6 
D:min7 [0, 2, 5, 9] 2 2 
D:min [2, 5, 9] 2 2 
G:min [2, 7, 10] 7 20 
F:maj [0, 5, 9] 5 4 
G:min [2, 7, 10] 7 8 
D:min [2, 5, 9] 2 4 
G:min7 [2, 5, 7, 10] 7 4 
Eb:maj [3, 7, 10] 3 4 
G:sus2 [2, 7, 9] 7 2 
D:min [2, 5, 9] 2 2 
G:min [2, 7, 10] 7 4 
F:sus2 [0, 5, 7] 5 2 
F:maj [0, 5, 9] 5 2 
G:min [2, 7, 10] 7 8 
D:min7 [0, 2, 5, 9] 2 2 
D:min [2, 5, 9] 2 1 
G:sus2 [2, 7, 9] 7 1 
G:min [2, 7, 10] 7 20 
F:maj [0, 5, 9] 5 1 
F:maj(9) [0, 3, 5, 7, 9] 5 3 
G:min [2, 7, 10] 7 7 
Eb:maj/3 [3, 7, 10] 7 1 
D:min7 [0, 2, 5, 9] 2 4 
G:min [2, 7, 10] 7 4 
Eb:maj [3, 7, 10] 3 4 
G:sus2 [2, 7, 9] 7 2 
D:min [2, 5, 9] 2 2 
G:min [2, 7, 10] 7 4 
F:sus2 [0, 5, 7] 5 2 
F:maj [0, 5, 9] 5 2 
G:min [2, 7, 10] 7 8 
D:min7 [0, 2, 5, 9] 2 2 
D:min [2, 5, 9] 2 2 
G:sus2 [2, 7, 9] 7 2 
G:min [2, 7, 10] 7 10 
D:min7 [0, 2, 5, 9] 2 2 
D:min [2, 5, 9] 2 2 
G:sus2 [2, 7, 9] 7 2 
G:min [2, 7, 10] 7 2 
D:min [2, 5, 9] 2 3 
G:sus2 [2, 7, 9] 7 6 
G:min [2, 7, 10] 7 19 
