G:maj [2, 7, 11] 7 2 
C:sus2 [0, 2, 7] 0 2 
G:maj/3 [2, 7, 11] 11 1 
G:maj [2, 7, 11] 7 3 
G:sus4 [0, 2, 7] 7 4 
G:maj [2, 7, 11] 7 2 
D:sus4 [2, 7, 9] 2 2 
G:maj [2, 7, 11] 7 4 
B:min/5 [2, 6, 11] 6 4 
E:min [4, 7, 11] 4 4 
B:maj [3, 6, 11] 11 4 
C:maj [0, 4, 7] 0 4 
E:min/5 [4, 7, 11] 11 2 
E:min7 [2, 4, 7, 11] 4 2 
A:min [0, 4, 9] 9 2 
C:maj [0, 4, 7] 0 2 
D:maj [2, 6, 9] 2 4 
G:maj [2, 7, 11] 7 4 
B:min/5 [2, 6, 11] 6 4 
E:min [4, 7, 11] 4 4 
B:min [2, 6, 11] 11 4 
C:maj [0, 4, 7] 0 4 
B:min [2, 6, 11] 11 4 
A:min [0, 4, 9] 9 4 
D:maj [2, 6, 9] 2 4 
G:maj [2, 7, 11] 7 4 
B:min/5 [2, 6, 11] 6 4 
E:min [4, 7, 11] 4 4 
B:min [2, 6, 11] 11 4 
C:maj [0, 4, 7] 0 4 
G:maj [2, 7, 11] 7 2 
E:min [4, 7, 11] 4 2 
C:maj [0, 4, 7] 0 4 
D:maj [2, 6, 9] 2 4 
G:maj [2, 7, 11] 7 4 
D:maj [2, 6, 9] 2 4 
E:min [4, 7, 11] 4 4 
B:min [2, 6, 11] 11 4 
C:maj [0, 4, 7] 0 4 
B:min [2, 6, 11] 11 2 
E:min [4, 7, 11] 4 2 
A:min [0, 4, 9] 9 2 
B:min [2, 6, 11] 11 2 
C:maj [0, 4, 7] 0 2 
D:maj [2, 6, 9] 2 2 
G:maj [2, 7, 11] 7 4 
D:maj [2, 6, 9] 2 4 
E:min [4, 7, 11] 4 4 
B:min [2, 6, 11] 11 4 
C:maj [0, 4, 7] 0 4 
G:maj [2, 7, 11] 7 2 
E:min [4, 7, 11] 4 2 
C:maj [0, 4, 7] 0 4 
D:maj [2, 6, 9] 2 4 
F:maj [0, 5, 9] 5 4 
E:min [4, 7, 11] 4 4 
F:maj [0, 5, 9] 5 4 
E:min [4, 7, 11] 4 4 
C:min [0, 3, 7] 0 4 
D:min [2, 5, 9] 2 4 
Eb:maj [3, 7, 10] 3 4 
F:maj [0, 5, 9] 5 4 
G:sus4 [0, 2, 7] 7 4 
G:maj [2, 7, 11] 7 8 
B:min/5 [2, 6, 11] 6 4 
E:min [4, 7, 11] 4 4 
D:maj [2, 6, 9] 2 4 
C:maj [0, 4, 7] 0 4 
G:maj [2, 7, 11] 7 2 
E:min [4, 7, 11] 4 2 
C:maj [0, 4, 7] 0 4 
D:maj [2, 6, 9] 2 4 
G:maj [2, 7, 11] 7 4 
D:maj [2, 6, 9] 2 4 
E:min [4, 7, 11] 4 4 
B:min [2, 6, 11] 11 4 
C:maj [0, 4, 7] 0 4 
B:min [2, 6, 11] 11 2 
E:min [4, 7, 11] 4 2 
A:min [0, 4, 9] 9 2 
B:min [2, 6, 11] 11 2 
C:maj [0, 4, 7] 0 2 
D:maj [2, 6, 9] 2 2 
G:maj [2, 7, 11] 7 4 
D:maj [2, 6, 9] 2 4 
E:min [4, 7, 11] 4 4 
B:min [2, 6, 11] 11 4 
C:maj [0, 4, 7] 0 4 
G:maj [2, 7, 11] 7 4 
C:maj [0, 4, 7] 0 4 
D:maj [2, 6, 9] 2 4 
F:maj [0, 5, 9] 5 2 
E:min [4, 7, 11] 4 2 
Eb:maj [3, 7, 10] 3 2 
D:maj [2, 6, 9] 2 2 
G:maj [2, 7, 11] 7 4 
D:maj [2, 6, 9] 2 4 
E:min [4, 7, 11] 4 4 
B:min [2, 6, 11] 11 4 
C:maj [0, 4, 7] 0 4 
B:min [2, 6, 11] 11 2 
E:min [4, 7, 11] 4 2 
A:min [0, 4, 9] 9 2 
B:min [2, 6, 11] 11 2 
C:maj [0, 4, 7] 0 2 
D:maj [2, 6, 9] 2 2 
G:maj [2, 7, 11] 7 4 
D:maj [2, 6, 9] 2 4 
E:min [4, 7, 11] 4 4 
B:min [2, 6, 11] 11 4 
C:maj [0, 4, 7] 0 4 
G:maj [2, 7, 11] 7 2 
E:min [4, 7, 11] 4 2 
C:maj [0, 4, 7] 0 4 
D:maj [2, 6, 9] 2 4 
G:maj [2, 7, 11] 7 4 
B:min/5 [2, 6, 11] 6 4 
E:min [4, 7, 11] 4 4 
C:maj [0, 4, 7] 0 5 
G:maj [2, 7, 11] 7 1 
