Eb:maj [3, 7, 10] 3 7 
Eb:maj9 [1, 3, 5, 7, 10] 3 2 
G:min7 [2, 5, 7, 10] 7 3 
Bb:maj [2, 5, 10] 10 4 
Eb:maj [3, 7, 10] 3 7 
Eb:maj9 [1, 3, 5, 7, 10] 3 1 
Ab:maj [0, 3, 8] 8 1 
Ab:maj6 [0, 3, 5, 8] 8 3 
Bb:maj [2, 5, 10] 10 4 
Eb:sus2 [3, 5, 10] 3 7 
C:min [0, 3, 7] 0 8 
C:min7 [0, 3, 7, 10] 0 1 
F:min [0, 5, 8] 5 8 
F:min9 [0, 3, 5, 7, 8] 5 4 
Bb:sus4(b7) [3, 5, 10] 10 4 
Ab:maj [0, 3, 8] 8 8 
Ab:sus2 [3, 8, 10] 8 1 
C:min/b3 [0, 3, 7] 3 3 
C:min [0, 3, 7] 0 3 
F:maj [0, 5, 9] 5 9 
Bb:sus4 [3, 5, 10] 10 8 
Ab:maj [0, 3, 8] 8 7 
Ab:maj9 [0, 3, 6, 8, 10] 8 1 
Eb:sus4 [3, 8, 10] 3 3 
C:min7 [0, 3, 7, 10] 0 4 
Ab:maj [0, 3, 8] 8 5 
Bb:maj [2, 5, 10] 10 4 
Bb:sus4 [3, 5, 10] 10 2 
F:maj [0, 5, 9] 5 2 
G:maj [2, 7, 11] 7 2 
C:min7 [0, 3, 7, 10] 0 2 
Ab:sus2 [3, 8, 10] 8 2 
Bb:sus4(b7) [3, 5, 10] 10 6 
C:min [0, 3, 7] 0 2 
C:min7 [0, 3, 7, 10] 0 2 
A:dim [0, 3, 9] 9 4 
F:min [0, 5, 8] 5 2 
Bb:maj [2, 5, 10] 10 6 
Eb:sus2 [3, 5, 10] 3 6 
Ab:maj [0, 3, 8] 8 10 
Ab:sus2 [3, 8, 10] 8 1 
C:min/b3 [0, 3, 7] 3 7 
C:min [0, 3, 7] 0 6 
F:min [0, 5, 8] 5 10 
F:min9 [0, 3, 5, 7, 8] 5 4 
Bb:sus4(b7) [3, 5, 10] 10 4 
Ab:maj [0, 3, 8] 8 8 
Ab:sus2 [3, 8, 10] 8 1 
C:min/b3 [0, 3, 7] 3 3 
C:min [0, 3, 7] 0 3 
F:maj [0, 5, 9] 5 9 
Bb:sus4 [3, 5, 10] 10 8 
Ab:maj [0, 3, 8] 8 7 
Ab:maj7 [0, 3, 6, 8] 8 1 
Eb:sus4 [3, 8, 10] 3 3 
Eb:maj [3, 7, 10] 3 1 
C:min7 [0, 3, 7, 10] 0 3 
Ab:maj [0, 3, 8] 8 1 
F:min7 [0, 3, 5, 8] 5 4 
Bb:maj [2, 5, 10] 10 4 
Bb:sus4 [3, 5, 10] 10 2 
F:maj [0, 5, 9] 5 2 
G:maj [2, 7, 11] 7 2 
C:min [0, 3, 7] 0 2 
Ab:sus2 [3, 8, 10] 8 2 
Ab:maj7 [0, 3, 6, 8] 8 6 
C:min [0, 3, 7] 0 2 
Bb:maj6 [2, 5, 7, 10] 10 2 
A:dim [0, 3, 9] 9 8 
F:maj [0, 5, 9] 5 3 
G:min [2, 7, 10] 7 5 
Ab:maj [0, 3, 8] 8 4 
Ab:maj7/7 [0, 3, 6, 8] 7 4 
F:maj6 [0, 2, 5, 9] 5 4 
Bb:maj [2, 5, 10] 10 8 
Eb:maj [3, 7, 10] 3 2 
Eb:maj7 [1, 3, 7, 10] 3 3 
Ab:maj [0, 3, 8] 8 1 
Bb:sus4(b7) [3, 5, 10] 10 10 
Eb:maj [3, 7, 10] 3 1 
Eb:sus2 [3, 5, 10] 3 6 
