0 128
70 3
0 1
75 2
77 3
0 1
79 5
0 1
77 2
75 1
0 1
77 2
75 2
77 2
79 5
0 1
77 1
0 1
75 1
0 1
77 2
75 1
0 1
77 4
79 2
72 14
0 4
72 3
0 1
77 2
79 3
0 1
80 6
79 2
77 2
79 2
77 2
79 2
80 5
0 1
79 2
77 2
79 2
77 2
79 4
80 2
77 17
0 1
75 4
84 2
82 17
79 3
77 3
0 1
75 2
77 4
79 2
79 16
0 1
79 4
77 2
75 3
77 3
0 1
79 2
72 13
0 1
72 1
0 1
72 2
74 6
75 4
77 20
0 2
75 4
77 4
79 6
72 14
79 4
77 4
75 4
77 6
82 1
0 1
82 12
0 4
75 4
77 4
79 6
72 7
0 3
79 4
77 2
75 6
84 4
82 22
0 2
75 4
77 4
79 6
72 14
79 4
77 4
75 4
74 4
75 2
77 4
79 4
77 4
75 6
0 4
75 2
77 2
79 4
80 2
79 4
77 4
75 10
74 2
75 6
75 22
0 42
70 3
0 1
75 2
77 3
0 1
79 5
0 1
77 2
75 1
0 1
77 2
75 2
77 2
79 5
0 1
77 1
0 1
75 1
0 1
77 2
75 1
0 1
77 4
79 2
72 14
0 4
72 3
0 1
77 2
79 3
0 1
80 6
79 2
77 2
79 2
77 2
79 2
80 5
0 1
79 2
77 2
79 2
77 2
79 4
80 2
77 17
0 1
75 4
84 2
82 17
79 3
77 3
0 1
75 2
77 4
79 2
79 16
0 1
79 4
77 2
75 3
77 3
0 1
79 2
72 13
0 1
72 1
0 1
72 2
74 6
75 4
77 20
0 2
75 4
77 4
79 6
72 14
79 4
77 4
75 4
77 6
82 1
0 1
82 12
0 4
75 4
77 4
79 6
72 7
0 3
79 4
77 2
75 6
84 4
82 22
0 2
75 4
77 4
79 6
72 14
79 4
77 4
75 4
74 4
75 2
77 4
79 4
77 4
75 6
0 20
75 2
77 2
79 4
80 2
79 4
77 4
75 10
0 4
75 2
77 2
79 4
80 2
79 4
80 4
82 10
0 7
79 4
80 2
79 4
77 6
0 1
75 16
0 7
74 5
75 6
0 1
75 17
