D:min [2, 5, 9] 2 4 
F:maj [0, 5, 9] 5 4 
G:min [2, 7, 10] 7 2 
C:maj [0, 4, 7] 0 2 
F:maj [0, 5, 9] 5 4 
D:min [2, 5, 9] 2 2 
G:min [2, 7, 10] 7 2 
A:min [0, 4, 9] 9 2 
D:min [2, 5, 9] 2 2 
Bb:maj [2, 5, 10] 10 2 
C:maj [0, 4, 7] 0 2 
D:min [2, 5, 9] 2 12 
G:min [2, 7, 10] 7 2 
C:maj [0, 4, 7] 0 2 
F:maj [0, 5, 9] 5 4 
D:min [2, 5, 9] 2 4 
G:min [2, 7, 10] 7 4 
C:maj [0, 4, 7] 0 4 
A:min [0, 4, 9] 9 4 
D:min [2, 5, 9] 2 8 
G:min [2, 7, 10] 7 2 
C:maj [0, 4, 7] 0 2 
F:maj [0, 5, 9] 5 4 
D:min [2, 5, 9] 2 4 
G:min [2, 7, 10] 7 4 
C:maj [0, 4, 7] 0 4 
D:min [2, 5, 9] 2 8 
F:maj [0, 5, 9] 5 4 
G:min [2, 7, 10] 7 2 
C:maj [0, 4, 7] 0 2 
F:maj [0, 5, 9] 5 4 
D:min [2, 5, 9] 2 2 
G:min [2, 7, 10] 7 2 
A:min [0, 4, 9] 9 2 
D:min [2, 5, 9] 2 2 
Bb:maj [2, 5, 10] 10 2 
C:maj [0, 4, 7] 0 6 
D:min [2, 5, 9] 2 4 
F:maj [0, 5, 9] 5 4 
G:min [2, 7, 10] 7 2 
C:maj [0, 4, 7] 0 2 
F:maj [0, 5, 9] 5 4 
D:min [2, 5, 9] 2 2 
G:min [2, 7, 10] 7 2 
A:min [0, 4, 9] 9 2 
D:min7/b7 [0, 2, 5, 9] 0 2 
Bb:maj [2, 5, 10] 10 2 
C:maj [0, 4, 7] 0 2 
D:min [2, 5, 9] 2 4 
Bb:maj [2, 5, 10] 10 8 
A:maj [1, 4, 9] 9 8 
D:min [2, 5, 9] 2 2 
G:min [2, 7, 10] 7 2 
A:min [0, 4, 9] 9 2 
D:min [2, 5, 9] 2 2 
Bb:maj [2, 5, 10] 10 2 
C:maj [0, 4, 7] 0 2 
D:min [2, 5, 9] 2 12 
G:min [2, 7, 10] 7 2 
C:maj [0, 4, 7] 0 2 
F:maj [0, 5, 9] 5 4 
D:min [2, 5, 9] 2 4 
G:min [2, 7, 10] 7 4 
C:maj [0, 4, 7] 0 4 
A:min [0, 4, 9] 9 4 
D:min [2, 5, 9] 2 8 
G:min [2, 7, 10] 7 2 
C:maj [0, 4, 7] 0 2 
F:maj [0, 5, 9] 5 4 
D:min [2, 5, 9] 2 4 
G:min [2, 7, 10] 7 4 
C:maj [0, 4, 7] 0 4 
D:min [2, 5, 9] 2 8 
F:maj [0, 5, 9] 5 4 
G:min [2, 7, 10] 7 2 
C:maj [0, 4, 7] 0 2 
F:maj [0, 5, 9] 5 4 
D:min [2, 5, 9] 2 2 
G:min [2, 7, 10] 7 2 
A:min [0, 4, 9] 9 2 
D:min [2, 5, 9] 2 2 
Bb:maj [2, 5, 10] 10 2 
C:maj [0, 4, 7] 0 6 
D:min [2, 5, 9] 2 4 
F:maj [0, 5, 9] 5 4 
G:min [2, 7, 10] 7 2 
C:maj [0, 4, 7] 0 2 
F:maj [0, 5, 9] 5 4 
D:min [2, 5, 9] 2 2 
G:min [2, 7, 10] 7 2 
A:min [0, 4, 9] 9 2 
D:min7/b7 [0, 2, 5, 9] 0 2 
Bb:maj [2, 5, 10] 10 2 
C:maj [0, 4, 7] 0 2 
D:min [2, 5, 9] 2 8 
F:sus2 [0, 5, 7] 5 3 
F:maj [0, 5, 9] 5 1 
G:min [2, 7, 10] 7 2 
C:maj [0, 4, 7] 0 2 
F:maj [0, 5, 9] 5 4 
D:min [2, 5, 9] 2 2 
G:min [2, 7, 10] 7 2 
A:min [0, 4, 9] 9 2 
D:sus2 [2, 4, 9] 2 2 
Bb:dim [1, 4, 10] 10 2 
C:7 [0, 4, 7, 10] 0 2 
C:sus4 [0, 5, 7] 0 4 
D:min [2, 5, 9] 2 4 
F:maj [0, 5, 9] 5 4 
G:min [2, 7, 10] 7 2 
C:sus2 [0, 2, 7] 0 2 
F:maj [0, 5, 9] 5 4 
D:min [2, 5, 9] 2 2 
G:min [2, 7, 10] 7 2 
A:min [0, 4, 9] 9 2 
D:min7/b7 [0, 2, 5, 9] 0 2 
Bb:maj [2, 5, 10] 10 2 
C:maj [0, 4, 7] 0 2 
D:min [2, 5, 9] 2 4 
Bb:maj [2, 5, 10] 10 2 
C:maj [0, 4, 7] 0 6 
D:min [2, 5, 9] 2 13 
