0 128
69 3
0 3
62 1
0 1
65 2
0 2
69 2
0 2
65 2
0 2
67 2
65 2
62 3
0 5
62 1
0 1
74 1
0 1
74 1
0 1
72 2
67 3
0 1
65 2
67 2
69 3
0 13
69 5
0 1
77 2
74 4
72 4
74 3
0 1
62 1
0 1
69 2
67 2
0 6
67 2
69 2
67 2
65 2
72 4
69 2
67 2
69 3
0 13
69 3
0 3
62 1
0 1
65 2
0 2
67 2
69 1
0 1
65 2
0 2
67 2
65 2
62 3
0 5
62 1
0 1
74 1
0 1
74 1
0 1
72 2
67 3
0 1
65 2
67 2
69 3
0 13
69 5
0 1
77 2
74 4
72 4
62 3
0 1
65 1
0 1
69 2
67 2
0 6
67 2
69 2
67 2
67 1
0 1
72 4
60 1
0 1
60 2
0 2
62 2
0 12
74 5
0 1
69 1
0 1
77 3
0 1
74 3
0 1
72 3
0 1
67 2
72 2
69 2
0 6
67 2
69 2
67 2
69 2
67 2
65 1
0 1
65 2
67 2
69 2
0 14
74 4
0 2
69 2
67 2
0 2
67 2
69 2
72 3
0 1
69 2
72 2
74 2
0 6
74 1
0 1
74 1
0 1
74 1
0 1
77 2
76 2
0 2
74 2
72 1
0 1
72 3
0 13
74 5
0 1
69 1
0 1
77 3
0 1
74 4
72 3
0 1
67 2
72 2
69 2
0 6
67 2
69 2
67 2
69 2
67 2
65 1
0 1
65 2
67 2
69 2
0 14
74 4
0 2
69 2
67 2
0 2
67 2
69 2
72 3
0 1
69 2
72 2
74 2
0 6
74 1
0 1
74 1
0 1
74 1
0 1
77 2
76 2
0 2
74 2
72 1
0 1
74 3
0 141
69 3
0 3
62 1
0 1
65 2
0 2
69 2
0 2
65 2
0 2
67 2
65 2
62 3
0 5
62 1
0 1
74 1
0 1
74 1
0 1
72 2
67 3
0 1
65 2
67 2
69 3
0 13
69 5
0 1
77 2
74 4
72 4
74 3
0 1
62 1
0 1
69 2
67 2
0 6
67 2
69 2
67 2
65 2
72 4
69 2
67 2
69 3
0 13
69 3
0 3
62 1
0 1
65 2
0 2
67 2
69 1
0 1
65 2
0 2
67 2
65 2
62 3
0 5
62 1
0 1
74 1
0 1
74 1
0 1
72 2
67 3
0 1
65 2
67 2
69 3
0 13
69 5
0 1
77 2
74 4
72 4
62 3
0 1
65 1
0 1
69 2
67 2
0 6
67 2
69 2
67 2
67 1
0 1
72 4
60 1
0 1
60 2
0 2
62 2
0 12
74 5
0 1
69 1
0 1
77 3
0 1
74 4
72 3
0 1
67 2
72 2
69 2
0 6
67 2
69 2
67 2
69 2
67 2
65 1
0 1
65 2
67 2
69 2
0 14
74 4
0 2
69 2
67 2
0 2
67 2
69 2
72 3
0 1
69 2
72 2
74 2
0 6
74 1
0 1
74 1
0 1
74 1
0 1
77 2
76 2
0 2
74 2
72 1
0 1
72 3
0 13
74 5
0 1
69 1
0 1
77 3
0 1
74 4
72 3
0 1
67 2
72 2
69 2
0 6
67 2
69 2
67 2
69 2
67 2
65 1
0 1
65 2
67 2
69 2
0 14
74 4
0 2
69 2
67 2
0 2
67 2
69 2
72 3
0 1
69 2
72 2
74 2
0 6
74 1
0 1
74 1
0 1
74 1
0 1
77 2
76 2
0 2
74 2
72 1
0 1
74 3
0 13
74 5
0 1
69 1
0 1
77 3
0 1
74 4
72 3
0 1
67 2
72 2
69 2
0 6
67 2
67 2
67 2
69 2
67 2
65 1
0 1
65 2
72 4
69 2
0 12
74 4
0 2
69 2
67 2
0 2
67 2
69 2
72 3
0 1
69 2
72 2
74 2
0 6
74 1
0 1
74 1
0 1
74 1
0 1
77 2
76 2
0 2
74 2
72 1
0 1
72 3
0 13
74 5
0 1
69 1
0 1
77 3
0 1
74 4
72 3
0 1
67 2
72 2
69 2
0 4
65 2
67 2
67 1
0 3
69 2
67 2
65 4
72 2
0 2
69 2
0 12
74 4
0 2
69 2
67 2
0 2
67 2
69 2
72 3
0 1
69 2
72 2
74 2
0 6
74 1
0 1
74 1
0 1
74 1
0 1
77 2
76 2
74 4
72 1
0 1
74 3
0 13
74 1
0 1
74 1
0 1
74 1
0 1
77 2
76 2
0 1
74 3
72 17
0 1
74 25
