D:min [2, 5, 9] 2 2
A:min [0, 4, 9] 9 2
Bb:maj [2, 5, 10] 10 1
C:maj [0, 4, 7] 0 1
F:maj [0, 5, 9] 5 2
D:min [2, 5, 9] 2 2
A:min [0, 4, 9] 9 2
G:min/b3 [2, 7, 10] 10 1
C:maj [0, 4, 7] 0 1
F:maj [0, 5, 9] 5 4
C:maj/3 [0, 4, 7] 4 2
D:min [2, 5, 9] 2 2
F:maj/5 [0, 5, 9] 0 2
Bb:maj [2, 5, 10] 10 2
F:maj [0, 5, 9] 5 2
Bb:maj [2, 5, 10] 10 2
C:maj [0, 4, 7] 0 2
F:maj [0, 5, 9] 5 2
C:maj/3 [0, 4, 7] 4 2
D:min [2, 5, 9] 2 2
D:min7 [0, 2, 5, 9] 2 2
Bb:maj [2, 5, 10] 10 2
F:maj [0, 5, 9] 5 2
C:maj7/7 [0, 4, 7, 10] 11 2
F:maj7 [0, 3, 5, 9] 5 2
D:min [2, 5, 9] 2 2
A:min [0, 4, 9] 9 2
Bb:maj [2, 5, 10] 10 1
C:maj [0, 4, 7] 0 1
F:sus2 [0, 5, 7] 5 2
D:min [2, 5, 9] 2 2
G:min [2, 7, 10] 7 2
G:maj/3 [2, 7, 11] 11 2
C:maj [0, 4, 7] 0 2
D:min [2, 5, 9] 2 2
A:min [0, 4, 9] 9 2
G:min/b3 [2, 7, 10] 10 1
C:maj [0, 4, 7] 0 1
F:sus2 [0, 5, 7] 5 2
D:min [2, 5, 9] 2 2
G:maj [2, 7, 11] 7 2
G:maj [2, 7, 11] 7 1
D:min [2, 5, 9] 2 2
G:min7 [2, 5, 7, 10] 7 2
F:maj [0, 5, 9] 5 1
C:7 [0, 4, 7, 10] 0 2
F:maj [0, 5, 9] 5 2
A:min/5 [0, 4, 9] 4 2
D:min [2, 5, 9] 2 2
A:min [0, 4, 9] 9 2
Bb:maj [2, 5, 10] 10 2
F:maj [0, 5, 9] 5 2
G:maj [2, 7, 11] 7 2
C:maj [0, 4, 7] 0 2
F:maj [0, 5, 9] 5 2
A:min7/5 [0, 4, 7, 9] 4 2
A:min [0, 4, 9] 9 2
Bb:maj [2, 5, 10] 10 2
F:maj [0, 5, 9] 5 2
G:maj/3 [2, 7, 11] 11 1
C:maj [0, 4, 7] 0 1
F:maj [0, 5, 9] 5 2
D:min [2, 5, 9] 2 2
A:min [0, 4, 9] 9 2
Bb:maj [2, 5, 10] 10 1
C:maj [0, 4, 7] 0 1
F:maj [0, 5, 9] 5 2
D:min [2, 5, 9] 2 2
G:min [2, 7, 10] 7 2
G:maj/3 [2, 7, 11] 11 2
C:maj [0, 4, 7] 0 2
D:min [2, 5, 9] 2 2
A:min [0, 4, 9] 9 2
Bb:maj [2, 5, 10] 10 1
C:maj [0, 4, 7] 0 1
F:maj [0, 5, 9] 5 2
D:min [2, 5, 9] 2 2
G:maj [2, 7, 11] 7 5
G:min7 [2, 5, 7, 10] 7 4
F:maj [0, 5, 9] 5 2
F:maj [0, 5, 9] 5 1
D:min [2, 5, 9] 2 2
A:min [0, 4, 9] 9 2
Bb:maj [2, 5, 10] 10 1
C:maj [0, 4, 7] 0 1
F:maj [0, 5, 9] 5 2
D:min [2, 5, 9] 2 2
G:min [2, 7, 10] 7 2
G:maj/3 [2, 7, 11] 11 2
C:maj [0, 4, 7] 0 2
D:min [2, 5, 9] 2 2
A:min [0, 4, 9] 9 2
Bb:maj [2, 5, 10] 10 1
C:maj [0, 4, 7] 0 1
F:maj [0, 5, 9] 5 2
D:min [2, 5, 9] 2 2
G:7 [2, 5, 7, 11] 7 6
Bb:maj [2, 5, 10] 10 2
Bb:maj6 [2, 5, 7, 10] 10 1
C:9 [0, 2, 4, 7, 10] 0 1
F:maj7 [0, 3, 5, 9] 5 4
Bb:maj7 [2, 5, 8, 10] 10 2
D:min7/b7 [0, 2, 5, 9] 0 1
