0 59
60 1
62 1
65 1
67 1
65 1
67 1
69 1
0 1
69 2
69 1
67 1
65 1
67 1
69 1
0 1
69 1
0 1
69 1
67 1
65 1
67 1
0 1
65 1
62 1
65 1
67 1
0 1
69 1
69 2
0 1
60 1
62 1
65 1
67 1
65 1
67 1
65 1
0 1
72 1
0 1
69 1
67 1
69 1
67 1
65 1
0 1
69 1
0 1
69 1
67 1
65 1
67 2
67 1
67 1
67 1
0 1
65 1
62 1
67 2
0 1
60 1
62 1
65 1
67 1
65 1
67 1
69 1
0 1
72 1
0 1
69 1
67 1
65 1
67 1
69 1
0 1
74 1
0 1
69 1
67 1
65 1
67 1
65 1
0 1
62 1
65 1
67 1
0 1
69 1
72 2
0 1
60 1
62 1
65 1
67 1
65 1
67 1
65 1
0 1
74 1
0 1
72 1
69 1
67 1
67 1
65 1
0 1
69 1
0 1
69 1
67 1
65 1
67 1
67 1
0 1
67 1
67 1
65 1
0 1
62 1
65 3
65 1
77 1
76 1
76 1
74 1
76 1
74 1
0 1
72 1
74 1
72 1
69 1
67 1
69 1
72 1
74 1
72 1
0 1
72 1
74 1
72 1
74 1
74 1
0 1
74 1
74 1
72 1
0 1
74 1
72 1
69 2
0 2
65 1
67 1
69 1
72 1
69 1
67 1
65 1
0 1
65 1
67 1
69 1
74 1
69 1
67 1
65 1
0 1
65 1
65 1
65 1
77 1
77 1
0 1
77 1
77 1
74 1
0 1
77 1
74 1
72 1
0 1
72 1
0 1
65 1
77 1
76 1
77 1
76 1
72 1
0 1
74 1
72 1
69 1
67 1
69 1
72 1
74 1
72 1
0 1
72 1
74 1
72 1
74 1
74 1
0 1
74 1
74 1
72 1
0 1
74 1
72 1
69 2
0 2
65 1
67 1
69 1
72 1
69 1
67 1
65 1
0 1
65 1
67 1
69 1
74 1
69 1
67 1
65 1
77 4
77 1
74 1
77 1
74 1
72 2
0 1
72 1
74 1
72 1
69 1
67 1
69 1
67 1
0 1
65 1
62 1
0 1
65 1
67 1
65 4
0 2
60 1
62 1
65 1
67 1
0 1
65 1
67 1
69 1
0 1
69 2
69 1
67 1
65 1
67 1
69 1
0 1
69 1
0 1
69 1
67 1
65 1
67 1
0 1
65 1
62 1
65 1
67 1
0 1
69 1
69 2
0 1
60 1
62 1
65 1
67 1
65 1
67 1
65 1
0 1
72 1
0 1
69 1
67 1
69 1
67 1
65 1
0 1
69 1
0 1
69 1
67 1
65 1
67 2
67 1
67 1
67 1
0 1
65 1
62 1
67 2
0 1
60 1
62 1
65 1
67 1
65 1
67 1
69 1
0 1
72 1
0 1
69 1
67 1
65 1
67 1
69 1
0 1
74 1
0 1
69 1
67 1
65 1
72 2
0 1
60 1
62 1
65 1
67 1
65 1
67 1
65 1
0 1
74 1
0 1
72 1
69 1
67 1
67 1
65 1
0 1
69 1
0 1
69 1
67 1
65 1
67 1
67 1
0 1
67 1
67 1
65 1
0 1
62 1
65 3
65 1
77 1
76 1
76 1
74 1
76 1
74 1
0 1
72 1
74 1
72 1
69 1
67 1
69 1
72 1
74 1
72 1
0 1
72 1
74 1
72 1
74 1
74 1
0 1
74 1
74 1
72 1
0 1
74 1
72 1
69 2
0 2
65 1
67 1
69 1
72 1
69 1
67 1
65 1
0 1
65 1
67 1
69 1
74 1
69 1
67 1
65 1
0 1
65 1
65 1
65 1
77 1
77 1
0 1
77 1
77 1
74 1
0 1
77 1
74 1
72 1
0 1
72 1
0 1
65 1
77 1
76 1
77 1
76 1
72 1
0 1
74 1
72 1
69 1
67 1
69 1
72 1
74 1
72 1
0 1
72 1
74 1
72 1
74 1
74 1
0 1
74 1
74 1
72 1
0 1
74 1
72 1
69 2
0 2
65 1
67 1
69 1
72 1
69 1
67 1
65 1
0 1
65 1
67 1
69 1
74 1
69 1
67 1
65 1
77 8
0 4
77 1
74 1
77 1
74 1
72 2
0 1
72 1
74 1
72 1
69 1
67 1
69 1
67 1
0 2
65 1
62 1
65 1
67 1
0 1
65 6
0 1
77 1
76 1
76 1
74 1
76 1
74 1
0 1
72 1
74 1
72 1
69 1
67 1
69 1
72 1
74 1
72 1
0 1
72 1
74 1
72 1
74 1
74 1
0 1
74 1
74 1
72 1
0 1
74 1
72 1
69 2
0 2
65 1
67 1
69 1
72 1
69 1
67 1
65 1
0 1
65 1
67 1
69 1
74 1
69 1
67 1
65 1
0 1
65 1
65 1
65 1
77 1
77 1
0 1
77 1
77 1
74 1
0 1
77 1
74 1
72 1
0 1
72 1
0 1
65 1
77 1
76 1
77 1
76 1
72 1
0 1
74 1
72 1
69 1
67 1
69 1
72 1
74 1
72 1
0 1
72 1
74 1
72 1
74 1
74 1
0 1
74 1
74 1
72 1
0 1
74 1
72 1
69 2
0 2
65 1
67 1
69 1
72 1
69 1
67 1
65 1
0 1
65 1
67 1
69 1
74 1
69 1
67 1
65 1
77 8
0 8
77 1
74 1
77 1
74 1
72 2
0 1
72 1
74 1
72 1
69 1
67 1
0 1
69 2
0 1
67 1
0 1
65 1
62 1
0 1
65 2
67 2
65 9
65 1
62 1
0 1
65 1
74 1
72 1
0 1
72 1
74 1
72 1
69 1
72 1
81 2
