F#:maj [1, 6, 10] 6 4 
C#:maj [1, 5, 8] 1 4 
Eb:min [3, 6, 10] 3 3 
B:maj [3, 6, 11] 11 5 
F#:maj [1, 6, 10] 6 4 
C#:maj [1, 5, 8] 1 4 
Eb:min [3, 6, 10] 3 4 
Bb:min [1, 5, 10] 10 4 
B:maj [3, 6, 11] 11 4 
Bb:min [1, 5, 10] 10 2 
Eb:min [3, 6, 10] 3 2 
Ab:min [3, 8, 11] 8 4 
C#:maj [1, 5, 8] 1 4 
F#:maj [1, 6, 10] 6 4 
C#:maj [1, 5, 8] 1 4 
Eb:min [3, 6, 10] 3 4 
Bb:min [1, 5, 10] 10 4 
B:maj [3, 6, 11] 11 4 
Bb:min [1, 5, 10] 10 2 
Eb:min [3, 6, 10] 3 2 
Ab:min [3, 8, 11] 8 4 
C#:maj [1, 5, 8] 1 4 
F#:maj [1, 6, 10] 6 3 
Bb:min [1, 5, 10] 10 5 
Eb:min [3, 6, 10] 3 4 
C#:maj [1, 5, 8] 1 4 
B:maj [3, 6, 11] 11 4 
Bb:min [1, 5, 10] 10 2 
Eb:min [3, 6, 10] 3 2 
Ab:min [3, 8, 11] 8 4 
C#:maj [1, 5, 8] 1 4 
F#:maj [1, 6, 10] 6 3 
Bb:min [1, 5, 10] 10 4 
Bb:min7 [1, 5, 8, 10] 10 1 
Eb:sus4(b7) [3, 8, 10] 3 4 
C#:maj [1, 5, 8] 1 4 
B:maj [3, 6, 11] 11 4 
Bb:min7 [1, 5, 8, 10] 10 2 
Eb:min [3, 6, 10] 3 2 
Ab:min7 [3, 6, 8, 11] 8 2 
C#:sus4(b7) [1, 6, 8] 1 2 
F#:sus2 [1, 6, 8] 6 3 
F#:maj [1, 6, 10] 6 1 
C#:sus4 [1, 6, 8] 1 4 
Eb:maj [3, 7, 10] 3 4 
B:sus2 [1, 6, 11] 11 4 
F#:maj [1, 6, 10] 6 4 
C#:maj [1, 5, 8] 1 4 
Eb:min [3, 6, 10] 3 4 
Bb:min [1, 5, 10] 10 4 
B:maj [3, 6, 11] 11 4 
Bb:min [1, 5, 10] 10 2 
Eb:min [3, 6, 10] 3 2 
Ab:min [3, 8, 11] 8 4 
C#:maj [1, 5, 8] 1 4 
F#:maj [1, 6, 10] 6 3 
Bb:min [1, 5, 10] 10 5 
Eb:min [3, 6, 10] 3 3 
Eb:min7 [1, 3, 6, 10] 3 1 
C#:maj [1, 5, 8] 1 4 
B:maj [3, 6, 11] 11 4 
Bb:min [1, 5, 10] 10 2 
Eb:min [3, 6, 10] 3 2 
Ab:min [3, 8, 11] 8 4 
C#:maj [1, 5, 8] 1 2 
F#:maj [1, 6, 10] 6 5 
Bb:min [1, 5, 10] 10 4 
Eb:sus4(b7) [3, 8, 10] 3 5 
C#:maj [1, 5, 8] 1 4 
B:maj [3, 6, 11] 11 4 
Bb:min7 [1, 5, 8, 10] 10 2 
Eb:min [3, 6, 10] 3 2 
Ab:min7 [3, 6, 8, 11] 8 2 
C#:sus4(b7) [1, 6, 8] 1 1 
B:maj [3, 6, 11] 11 5 
F#:maj [1, 6, 10] 6 4 
B:maj [3, 6, 11] 11 4 
Eb:min [3, 6, 10] 3 4 
B:maj [3, 6, 11] 11 4 
Eb:min [3, 6, 10] 3 4 
E:maj [4, 8, 11] 4 8 
F#:maj [1, 6, 10] 6 4 
F#:maj7/7 [1, 4, 6, 10] 5 4 
Eb:sus4(b7) [3, 8, 10] 3 4 
C#:sus2 [1, 3, 8] 1 3 
B:sus2 [1, 6, 11] 11 4 
B:maj [3, 6, 11] 11 1 
Bb:min [1, 5, 10] 10 2 
Eb:maj [3, 7, 10] 3 2 
Ab:min [3, 8, 11] 8 3 
B:maj/5 [3, 6, 11] 6 1 
C#:maj [1, 5, 8] 1 4 
F#:maj [1, 6, 10] 6 3 
Bb:min [1, 5, 10] 10 4 
Eb:sus4(b7) [3, 8, 10] 3 5 
C#:maj [1, 5, 8] 1 4 
B:maj [3, 6, 11] 11 4 
Bb:min7 [1, 5, 8, 10] 10 2 
Eb:min [3, 6, 10] 3 2 
Ab:min7 [3, 6, 8, 11] 8 2 
C#:sus4(b7) [1, 6, 8] 1 1 
C#:maj [1, 5, 8] 1 1 
F#:sus2 [1, 6, 8] 6 3 
F#:maj [1, 6, 10] 6 1 
C#:sus4 [1, 6, 8] 1 4 
Eb:maj [3, 7, 10] 3 4 
B:maj(9) [1, 3, 6, 9, 11] 11 8 
