0 60
70 2
71 2
73 3
0 1
73 3
0 1
73 1
0 1
71 2
70 1
0 1
66 1
0 1
68 3
0 1
73 4
0 4
66 1
0 1
68 1
0 1
70 3
0 1
70 3
0 1
71 1
0 1
70 1
0 1
68 2
66 2
65 4
70 6
0 2
70 2
73 1
0 1
75 3
0 1
75 3
0 1
80 1
0 1
77 1
0 1
75 1
0 1
73 1
0 1
73 3
0 1
78 3
0 1
66 4
68 2
70 1
0 1
71 3
0 1
71 1
0 1
73 1
0 1
75 3
0 1
73 3
0 1
70 1
0 1
68 7
0 3
70 2
71 2
73 3
0 1
73 3
0 1
73 1
0 1
71 2
70 1
0 1
66 1
0 1
68 3
0 1
73 4
0 4
75 1
0 1
77 1
0 1
78 3
0 1
78 3
0 1
80 1
0 1
78 1
0 1
73 2
70 2
75 2
73 8
0 2
75 1
0 1
77 1
0 1
78 3
0 1
78 3
0 1
80 1
0 1
78 2
75 1
0 1
78 1
0 1
73 3
0 1
78 3
0 1
66 4
68 2
70 1
0 1
71 3
0 1
71 1
0 1
73 1
0 1
75 3
0 1
77 2
78 4
80 8
0 2
78 2
80 1
0 1
82 5
0 1
78 2
73 2
78 1
0 1
78 2
87 4
85 4
85 1
0 1
85 1
0 1
80 1
0 1
80 1
0 1
83 2
82 1
0 1
78 3
0 1
70 1
0 1
70 1
0 1
78 1
0 1
78 1
0 1
77 1
0 1
77 2
0 2
70 2
73 3
0 1
75 1
0 1
77 2
78 1
0 1
80 5
0 1
78 2
77 2
78 2
80 2
83 1
0 1
82 4
80 3
0 1
78 3
0 1
75 1
0 1
77 1
0 1
78 4
78 1
0 1
78 1
0 1
78 2
77 1
0 1
77 1
0 1
78 3
0 1
80 7
0 3
78 2
80 1
0 1
82 5
0 1
78 2
73 2
78 1
0 1
78 2
87 4
85 4
85 1
0 1
85 1
0 1
80 1
0 1
80 1
0 1
83 2
82 1
0 1
78 3
0 1
70 1
0 1
70 1
0 1
78 1
0 1
78 1
0 1
77 1
0 1
75 2
0 2
70 2
73 3
0 1
75 1
0 1
77 2
78 1
0 1
80 5
0 1
78 2
77 2
78 2
80 2
83 1
0 1
82 4
80 3
0 1
78 3
0 1
80 1
0 1
82 1
0 1
83 3
82 2
0 1
80 1
0 1
78 3
0 1
75 1
0 1
77 4
78 14
0 44
70 2
71 2
73 3
0 1
73 3
0 1
73 1
0 1
71 2
70 1
0 1
66 1
0 1
68 3
0 1
73 4
0 4
75 1
0 1
77 1
0 1
78 3
0 1
78 3
0 1
80 1
0 1
78 1
0 1
73 2
70 2
75 2
73 8
0 2
75 1
0 1
77 1
0 1
78 3
0 1
78 3
0 1
80 1
0 1
78 2
75 1
0 1
78 1
0 1
73 3
0 1
78 3
0 1
66 4
68 2
70 1
0 1
71 3
0 1
71 1
0 1
73 1
0 1
75 3
0 1
77 2
78 4
80 8
0 2
78 2
80 1
0 1
82 5
0 1
78 2
73 2
78 1
0 1
78 2
87 4
85 4
85 1
0 1
85 1
0 1
80 1
0 1
80 1
0 1
83 2
82 1
0 1
78 3
0 1
70 1
0 1
70 1
0 1
78 1
0 1
78 1
0 1
77 1
0 1
77 2
0 2
70 2
73 3
0 1
75 1
0 1
77 2
78 1
0 1
80 5
0 1
78 2
77 2
78 2
80 2
83 1
0 1
82 4
80 3
0 1
78 3
0 1
75 1
0 1
77 1
0 1
78 4
78 1
0 1
78 1
0 1
78 2
77 1
0 1
77 1
0 1
78 3
0 1
80 7
0 3
78 2
80 1
0 1
82 5
0 1
78 2
73 2
78 1
0 1
78 2
87 4
85 4
85 1
0 1
85 1
0 1
80 1
0 1
80 1
0 1
83 2
82 1
0 1
78 3
0 1
70 1
0 1
70 1
0 1
78 1
0 1
78 1
0 1
77 1
0 1
75 2
0 2
70 2
73 3
0 1
75 1
0 1
77 2
78 1
0 1
80 5
0 1
78 2
77 2
78 2
80 2
83 1
0 1
82 4
80 3
0 1
78 3
0 1
80 1
0 1
82 1
0 1
83 3
82 2
0 1
80 1
0 1
78 3
0 1
75 1
0 1
77 4
78 14
0 108
78 2
80 1
0 1
82 5
0 1
78 2
73 2
78 1
0 1
78 2
87 4
85 4
85 1
0 1
85 1
0 1
80 1
0 1
80 1
0 1
83 2
82 1
0 1
78 3
0 1
70 1
0 1
70 1
0 1
78 1
0 1
78 1
0 1
77 1
0 1
77 2
0 2
70 2
73 3
0 1
75 1
0 1
77 2
78 1
0 1
80 5
0 1
78 2
77 2
78 2
80 2
83 1
0 1
82 4
80 3
0 1
78 3
0 1
75 1
0 1
77 1
0 1
78 4
78 1
0 1
78 1
0 1
78 2
77 1
0 1
77 1
0 1
78 3
0 1
80 7
0 3
78 2
80 1
0 1
82 5
0 1
78 2
73 2
78 1
0 1
78 2
87 4
85 4
85 1
0 1
85 1
0 1
80 1
0 1
80 1
0 1
83 2
82 1
0 1
78 3
0 1
70 1
0 1
70 1
0 1
78 1
0 1
78 1
0 1
77 1
0 1
75 2
0 2
70 2
73 3
0 1
75 1
0 1
77 2
78 1
0 1
80 5
0 1
78 2
77 2
78 2
80 2
83 1
0 1
82 4
80 3
0 1
78 3
0 1
80 1
0 1
82 1
0 1
83 3
82 2
0 1
80 1
0 1
78 3
0 1
75 1
0 1
77 4
78 14
