A:maj [1, 4, 9] 9 2 
C#:min/5 [1, 4, 8] 8 2 
D:maj [2, 6, 9] 2 4 
B:min [2, 6, 11] 11 2 
E:maj [4, 8, 11] 4 2 
A:sus2 [4, 9, 11] 9 6 
E:maj/3 [4, 8, 11] 8 2 
D:maj [2, 6, 9] 2 4 
B:min [2, 6, 11] 11 2 
E:maj [4, 8, 11] 4 2 
A:sus2 [4, 9, 11] 9 6 
C#:min/5 [1, 4, 8] 8 2 
D:maj [2, 6, 9] 2 3 
C#:min [1, 4, 8] 1 1 
B:min [2, 6, 11] 11 2 
E:maj [4, 8, 11] 4 2 
A:sus2 [4, 9, 11] 9 4 
D:maj [2, 6, 9] 2 4 
C#:min [1, 4, 8] 1 2 
F#:min [1, 6, 9] 6 2 
B:min [2, 6, 11] 11 2 
E:maj [4, 8, 11] 4 2 
A:sus2 [4, 9, 11] 9 2 
A:maj [1, 4, 9] 9 2 
D:maj [2, 6, 9] 2 4 
C#:min [1, 4, 8] 1 2 
F#:min [1, 6, 9] 6 2 
B:min [2, 6, 11] 11 2 
B:7 [3, 6, 9, 11] 11 2 
E:maj [4, 8, 11] 4 4 
A:maj [1, 4, 9] 9 2 
E:maj/3 [4, 8, 11] 8 2 
D:maj [2, 6, 9] 2 4 
B:min [2, 6, 11] 11 2 
E:maj [4, 8, 11] 4 2 
A:sus2 [4, 9, 11] 9 6 
C#:min/5 [1, 4, 8] 8 2 
D:maj [2, 6, 9] 2 3 
C#:min [1, 4, 8] 1 1 
B:min [2, 6, 11] 11 2 
E:maj [4, 8, 11] 4 2 
A:sus2 [4, 9, 11] 9 6 
C#:min/5 [1, 4, 8] 8 2 
D:maj7 [0, 2, 6, 9] 2 4 
B:min [2, 6, 11] 11 2 
E:maj [4, 8, 11] 4 2 
A:maj [1, 4, 9] 9 6 
E:maj/3 [4, 8, 11] 8 2 
D:maj [2, 6, 9] 2 4 
B:min [2, 6, 11] 11 2 
E:maj [4, 8, 11] 4 2 
A:sus2 [4, 9, 11] 9 6 
C#:min/5 [1, 4, 8] 8 2 
D:maj [2, 6, 9] 2 3 
D:maj(9) [0, 2, 4, 6, 9] 2 1 
B:min [2, 6, 11] 11 2 
E:maj [4, 8, 11] 4 2 
A:sus2 [4, 9, 11] 9 4 
D:maj [2, 6, 9] 2 4 
C#:min [1, 4, 8] 1 2 
F#:min [1, 6, 9] 6 2 
B:min [2, 6, 11] 11 2 
E:maj [4, 8, 11] 4 2 
A:sus2 [4, 9, 11] 9 2 
A:maj7 [1, 4, 7, 9] 9 1 
A:maj/3 [1, 4, 9] 1 1 
D:maj [2, 6, 9] 2 4 
C#:min [1, 4, 8] 1 2 
F#:min [1, 6, 9] 6 2 
B:min [2, 6, 11] 11 2 
B:maj/3 [3, 6, 11] 3 2 
E:maj [4, 8, 11] 4 4 
D:maj [2, 6, 9] 2 4 
C#:min [1, 4, 8] 1 2 
F#:min [1, 6, 9] 6 2 
B:min [2, 6, 11] 11 2 
E:maj [4, 8, 11] 4 2 
A:sus2 [4, 9, 11] 9 2 
A:maj7 [1, 4, 7, 9] 9 1 
A:maj/3 [1, 4, 9] 1 1 
D:maj [2, 6, 9] 2 4 
C#:min [1, 4, 8] 1 2 
F#:min [1, 6, 9] 6 2 
B:min [2, 6, 11] 11 2 
B:maj/3 [3, 6, 11] 3 2 
E:maj [4, 8, 11] 4 4 
A:maj [1, 4, 9] 9 2 
E:maj/3 [4, 8, 11] 8 2 
D:maj [2, 6, 9] 2 4 
B:min [2, 6, 11] 11 2 
E:maj [4, 8, 11] 4 2 
A:sus2 [4, 9, 11] 9 6 
C#:min/5 [1, 4, 8] 8 2 
D:maj [2, 6, 9] 2 3 
C#:min [1, 4, 8] 1 1 
B:min [2, 6, 11] 11 2 
E:maj [4, 8, 11] 4 2 
A:maj [1, 4, 9] 9 4 
B:min [2, 6, 11] 11 2 
E:maj [4, 8, 11] 4 4 
A:maj [1, 4, 9] 9 2 
C#:min/5 [1, 4, 8] 8 2 
D:maj [2, 6, 9] 2 4 
A:maj [1, 4, 9] 9 2 
C#:min/5 [1, 4, 8] 8 2 
E:min/b3 [4, 7, 11] 7 4 
A:7 [1, 4, 7, 9] 9 1 
