0 66
73 1
73 1
73 2
0 1
73 1
73 2
71 2
0 2
71 1
69 1
71 1
0 1
71 1
69 1
71 2
73 1
0 1
66 3
0 3
66 1
69 1
71 1
0 1
73 1
0 1
66 1
0 1
69 1
71 2
73 1
0 2
73 1
76 1
71 1
0 1
73 5
0 13
73 1
73 1
73 2
0 1
73 1
73 2
71 2
0 2
71 1
69 1
71 1
0 1
71 1
69 1
71 2
73 1
0 1
66 5
0 1
66 1
69 1
71 2
73 1
0 1
66 1
0 1
69 1
71 2
73 2
0 1
76 1
73 1
71 2
69 6
0 6
69 1
71 1
73 1
76 1
78 2
76 1
78 2
0 1
78 1
76 1
78 2
76 2
78 1
0 1
81 1
81 1
78 2
76 1
0 1
76 2
78 1
73 4
0 4
73 1
73 1
71 1
71 4
0 1
73 1
73 2
71 1
71 3
69 2
76 2
73 6
0 4
69 1
71 1
73 1
76 1
78 2
76 1
78 3
78 1
76 1
78 2
76 1
0 1
78 1
0 1
81 2
78 2
76 1
76 3
78 1
73 3
0 5
73 1
73 1
71 1
71 4
0 1
73 1
73 2
71 1
71 3
69 2
76 10
0 8
73 1
73 1
73 2
0 1
73 1
73 2
71 2
0 2
71 1
69 1
71 1
0 1
71 1
69 1
71 2
73 1
0 1
66 3
0 3
66 1
69 1
71 1
0 1
73 1
0 1
66 1
0 1
69 1
71 2
73 1
0 2
73 1
76 1
71 1
0 1
73 5
0 13
73 1
73 1
73 2
0 1
73 1
73 2
71 2
0 2
71 1
69 1
71 1
0 1
71 1
69 1
71 2
73 1
0 1
66 5
0 1
66 1
69 1
71 2
73 1
0 1
66 1
0 1
69 1
71 2
73 2
0 1
76 1
73 1
71 2
69 6
0 76
73 1
73 1
73 2
0 1
73 1
73 2
71 2
0 2
71 1
69 1
71 1
0 1
71 1
69 1
71 2
73 1
0 1
66 3
0 3
66 1
69 1
71 1
0 1
73 1
0 1
66 1
0 1
69 1
71 2
73 1
0 2
73 1
76 1
71 1
0 1
73 5
0 13
73 1
73 1
73 2
0 1
73 1
73 2
71 2
0 2
71 1
69 1
71 1
0 1
71 1
69 1
71 2
73 1
0 1
66 5
0 1
66 1
69 1
71 2
73 1
0 1
66 1
0 1
69 1
71 2
73 2
0 1
76 1
73 1
71 2
69 6
0 6
69 1
71 1
73 1
76 1
78 2
76 1
78 2
0 1
78 1
76 1
78 2
76 2
78 1
0 1
81 1
81 1
78 2
76 1
0 1
76 2
78 1
73 4
0 4
73 1
73 1
71 1
71 4
0 1
73 1
73 2
71 1
71 3
69 2
76 2
73 6
0 4
69 1
71 1
73 1
76 1
78 2
76 1
78 3
78 1
76 1
78 2
76 1
0 1
78 1
0 1
81 2
78 2
76 1
76 3
78 1
73 3
0 5
73 1
73 1
71 1
71 4
0 1
73 1
73 2
71 1
71 3
69 2
76 10
0 2
69 1
71 1
73 1
76 1
78 2
76 1
78 2
0 1
78 1
76 1
78 2
76 2
78 1
0 1
81 1
81 1
78 2
76 1
0 1
76 2
78 1
73 4
0 4
73 1
73 1
71 1
71 4
0 1
73 1
73 2
71 1
71 3
69 2
76 2
73 6
0 4
69 1
71 1
73 1
76 1
78 2
76 1
78 3
78 1
76 1
78 2
76 1
0 1
78 1
0 1
81 2
78 2
76 1
76 3
78 1
73 3
0 5
73 1
73 1
71 1
71 4
0 1
73 1
73 2
71 1
71 3
69 2
76 10
0 8
73 1
73 1
73 2
0 1
73 1
73 2
71 2
0 2
71 1
69 1
71 1
0 1
71 1
69 1
71 2
73 1
0 1
66 3
0 3
66 1
69 1
71 1
0 1
73 1
0 1
66 1
0 1
69 1
71 2
73 1
0 2
73 1
76 1
71 1
0 1
73 5
0 13
73 1
73 1
73 2
0 1
73 1
73 2
71 2
0 2
71 1
69 1
71 1
0 1
71 1
69 1
71 2
73 1
0 1
66 5
0 1
66 1
69 1
71 2
73 1
0 1
66 1
0 1
69 1
71 2
73 2
0 1
76 1
73 1
71 2
69 6
0 8
66 1
69 1
71 2
73 1
0 1
66 1
0 1
69 1
71 2
73 6
0 5
76 1
73 1
71 2
69 6
