0 62
61 2
60 10
56 1
0 1
58 1
0 1
60 1
0 1
58 5
0 1
56 4
0 1
56 2
0 1
61 2
60 6
0 4
56 1
0 1
58 1
0 1
60 1
0 1
58 6
56 5
0 1
63 1
0 1
63 2
60 10
56 1
0 1
58 1
0 1
60 1
0 1
58 5
0 1
56 5
0 1
56 1
0 1
60 1
0 1
63 8
0 2
63 1
0 1
68 1
0 1
67 1
0 1
68 4
70 2
0 1
68 7
0 1
68 1
67 1
0 1
68 8
65 1
0 1
67 1
0 1
68 1
0 1
67 3
0 1
67 1
0 1
65 1
63 7
0 2
65 6
0 2
63 3
0 1
61 4
60 12
0 2
68 1
67 1
68 9
0 1
65 1
0 1
67 1
0 1
68 1
0 1
67 3
67 2
0 1
70 2
63 4
0 2
63 1
0 1
65 1
0 1
68 1
0 1
68 1
0 1
65 1
0 1
68 2
65 2
0 2
68 1
0 1
70 9
0 1
63 2
68 1
0 1
70 1
0 1
73 3
0 1
72 2
0 2
72 1
0 1
70 1
0 1
70 1
0 1
68 1
0 1
70 3
0 1
72 2
0 2
70 1
0 1
68 1
0 1
68 1
0 1
67 1
0 1
68 1
0 1
68 1
0 1
68 1
0 1
67 1
0 1
65 1
0 3
67 3
0 1
63 8
0 6
63 1
0 1
65 1
0 1
68 1
0 1
68 1
0 1
65 4
68 4
0 2
63 1
0 1
68 1
0 1
68 1
0 1
70 3
0 1
68 3
0 1
68 1
70 1
72 1
0 1
70 1
0 1
70 1
0 1
68 1
0 1
68 1
0 1
65 2
0 2
72 3
0 1
70 1
0 1
70 1
0 1
68 1
70 3
63 2
68 1
0 1
70 1
0 1
73 3
0 1
72 1
0 3
72 1
0 1
70 1
0 1
70 1
0 1
68 1
0 1
70 3
0 1
70 2
0 2
70 1
0 1
68 1
0 1
68 1
0 1
67 1
0 1
68 2
68 1
0 1
68 1
0 1
67 1
0 1
65 2
0 2
67 3
0 1
63 8
0 6
63 1
0 1
65 1
0 1
68 1
0 1
68 1
0 1
65 3
0 1
68 2
0 4
63 1
0 1
68 1
0 1
68 1
0 1
70 3
0 1
68 2
0 2
68 1
70 1
72 1
0 1
70 1
0 1
70 2
68 1
0 1
73 2
0 1
72 2
0 1
70 2
68 14
0 80
68 1
67 1
68 8
0 2
65 1
0 1
67 1
0 1
68 1
0 1
67 3
0 1
67 1
0 1
65 1
63 7
0 2
65 6
0 2
63 3
0 1
61 4
60 12
0 2
68 1
67 1
68 9
0 1
65 1
0 1
67 1
0 1
68 1
0 1
67 3
67 2
0 1
70 2
63 4
0 2
63 1
0 1
65 1
0 1
68 1
0 1
68 1
0 1
65 1
0 1
68 2
65 2
0 2
68 1
0 1
70 9
0 1
63 2
68 1
0 1
70 1
0 1
73 3
0 1
72 2
0 2
72 1
0 1
70 1
0 1
70 1
0 1
68 1
0 1
70 3
0 1
72 2
0 2
70 1
0 1
68 1
0 1
68 1
0 1
67 1
0 1
68 1
0 1
68 1
0 1
68 1
0 1
67 1
0 1
65 1
0 3
67 3
0 1
63 8
0 6
63 1
0 1
65 1
0 1
68 1
0 1
68 1
0 1
65 4
68 4
0 2
63 1
0 1
68 1
0 1
68 1
0 1
70 3
0 1
68 3
0 1
68 1
70 1
72 1
0 1
70 1
0 1
70 1
0 1
68 1
0 1
68 1
0 1
65 2
0 2
72 3
0 1
70 1
0 1
70 1
0 1
68 1
70 3
63 2
68 1
0 1
70 1
0 1
73 3
0 1
72 1
0 3
72 1
0 1
70 1
0 1
70 1
0 1
68 1
0 1
70 3
0 1
70 2
0 2
70 1
0 1
68 1
0 1
68 1
0 1
67 1
0 1
68 2
68 1
0 1
68 1
0 1
67 1
0 1
65 2
0 2
67 3
0 1
63 8
0 6
63 1
0 1
65 1
0 1
68 1
0 1
68 1
0 1
65 3
0 1
68 2
0 4
63 1
0 1
68 1
0 1
68 1
0 1
70 3
0 1
68 2
0 2
68 1
70 1
72 1
0 1
70 1
0 1
70 2
68 1
0 1
73 2
0 1
72 2
0 1
70 2
68 8
0 2
63 2
68 1
0 1
70 1
0 1
73 3
0 1
72 1
0 3
72 1
0 1
70 1
0 1
70 1
0 1
68 1
0 1
70 3
0 1
70 2
0 2
70 1
0 1
68 1
0 1
68 1
0 1
67 1
0 1
68 2
68 1
0 1
68 1
0 1
67 1
0 1
65 2
0 2
67 3
0 1
63 8
0 6
63 1
0 1
65 1
0 1
68 1
0 1
68 1
0 1
65 3
0 1
68 2
0 4
63 1
0 1
68 1
0 1
68 1
0 1
70 3
0 1
68 2
0 2
68 1
70 1
72 1
0 1
70 1
0 1
70 2
68 1
0 1
73 2
0 1
72 2
0 1
70 2
68 8
0 8
72 13
0 1
72 1
0 1
72 2
70 12
0 2
72 2
68 2
68 2
65 2
65 5
0 2
67 10
0 3
68 39
