0 60
70 2
72 2
68 4
65 2
68 6
70 2
70 14
70 2
72 2
68 4
65 2
68 6
72 2
72 14
70 2
72 2
70 2
68 2
68 4
68 4
65 4
63 2
68 4
68 10
72 4
70 2
70 6
68 2
70 9
0 5
70 2
72 2
68 4
65 2
68 5
0 1
70 2
70 6
0 8
70 2
72 2
68 4
65 2
68 6
72 2
72 6
0 8
70 2
72 2
70 4
68 2
68 4
75 4
75 4
67 4
68 8
63 2
72 4
70 2
70 6
68 2
70 10
0 14
75 2
77 2
75 2
72 2
70 2
72 6
75 2
77 2
75 2
72 2
68 2
70 6
75 2
77 2
75 2
70 2
67 2
68 2
67 2
68 2
70 2
72 2
70 2
72 2
73 2
75 6
75 2
75 2
77 2
70 2
72 2
68 6
75 2
75 2
77 2
70 2
72 2
68 6
72 2
72 2
72 2
70 2
68 2
70 2
70 2
70 2
72 2
73 2
72 2
70 2
68 2
70 6
75 2
77 2
75 2
72 2
70 2
72 6
75 2
77 2
75 2
72 2
68 2
70 6
75 2
77 2
75 2
70 2
67 2
68 2
67 2
68 2
70 2
72 2
70 2
72 2
79 4
75 4
75 2
75 2
77 2
70 2
72 2
68 6
75 2
75 2
75 2
70 2
72 2
68 6
72 2
72 2
72 2
70 2
68 2
70 4
70 2
72 2
73 2
72 2
70 2
68 2
70 6
63 2
72 8
70 4
68 14
0 138
70 2
72 2
68 4
65 2
68 6
70 2
70 14
70 2
72 2
68 4
65 2
68 6
72 2
72 14
70 2
72 2
70 4
68 2
68 4
75 4
75 2
63 2
72 2
70 2
68 8
63 2
72 4
70 2
70 6
68 2
70 8
75 2
77 2
75 2
72 2
70 2
72 6
75 2
77 2
75 2
72 2
68 2
70 6
75 2
77 2
75 2
70 2
67 2
68 2
67 2
68 2
70 2
72 2
70 2
72 2
73 2
75 6
75 2
75 2
77 2
70 2
72 2
68 6
75 2
75 2
75 2
70 2
72 2
68 6
72 2
72 2
72 2
70 2
68 2
70 2
70 2
70 2
72 2
73 2
72 2
70 2
68 2
70 6
75 2
77 2
75 2
72 2
70 2
72 6
75 2
77 2
75 2
72 2
68 2
70 6
75 2
77 2
75 2
70 2
67 2
68 2
67 2
68 2
70 2
72 2
70 2
72 2
79 4
75 4
75 2
75 2
77 2
70 2
72 2
68 6
75 2
75 2
75 2
70 2
72 2
68 6
72 2
72 2
72 2
70 2
68 2
70 4
70 2
72 2
73 2
72 2
70 2
68 2
70 6
63 2
72 6
70 4
68 14
0 102
75 2
77 2
75 2
72 2
70 2
72 6
75 2
77 2
75 2
72 2
68 2
70 6
75 2
77 2
75 2
70 2
67 2
68 2
67 2
68 2
70 2
72 2
70 2
72 2
73 2
75 6
75 2
75 2
77 2
70 2
72 2
68 6
75 2
75 2
75 2
70 2
72 2
68 6
72 2
72 2
72 2
70 2
68 2
70 2
70 2
70 2
72 2
73 2
75 2
72 2
68 2
70 6
75 2
77 2
75 2
72 2
70 2
72 6
75 2
77 2
75 2
72 2
68 2
70 6
75 2
77 2
75 2
70 2
67 2
68 2
67 2
68 2
70 2
72 2
70 2
72 2
79 4
75 4
75 2
75 2
75 2
70 2
72 2
68 6
75 2
75 2
75 2
70 2
72 2
68 6
72 2
72 2
72 2
70 2
68 2
70 4
70 2
72 2
73 2
72 2
70 2
68 2
70 6
63 2
72 8
70 4
68 15
