0 64
71 1
69 1
71 1
69 1
71 2
69 1
71 1
0 1
74 2
0 1
73 2
71 1
69 5
0 12
71 1
69 1
71 1
69 1
71 2
69 1
71 2
0 1
74 2
76 2
78 2
73 3
0 9
71 2
73 1
74 5
83 2
81 1
78 2
0 1
76 6
76 1
0 3
81 2
78 1
76 2
74 4
0 3
71 3
0 1
78 2
73 4
0 2
69 2
71 1
71 3
0 14
71 1
69 1
71 1
69 1
71 2
69 1
71 2
74 3
73 2
71 1
69 13
0 4
71 1
69 1
71 1
69 1
71 2
69 1
71 2
74 3
76 2
78 1
0 1
73 7
0 5
71 2
73 1
0 1
74 2
0 2
83 2
81 1
78 2
76 5
0 2
76 3
0 1
81 2
78 1
76 2
74 6
0 1
71 3
0 1
78 1
0 2
73 3
0 2
69 1
71 1
0 1
71 7
0 6
74 2
73 2
71 3
0 1
83 2
0 2
81 2
76 1
78 1
0 1
79 2
0 1
78 1
0 1
79 1
78 2
76 2
0 1
74 3
0 1
74 2
73 2
71 3
0 1
83 3
0 1
81 2
76 1
78 1
0 1
79 2
0 1
78 6
0 6
74 2
73 2
71 3
0 1
81 3
0 1
79 2
76 1
78 1
0 1
79 2
0 1
81 2
78 1
81 1
0 1
85 2
0 1
86 4
83 2
81 1
76 4
0 1
83 2
81 1
76 4
0 1
73 2
74 1
73 3
71 9
0 133
71 1
69 1
71 1
69 1
71 2
69 1
71 2
74 3
73 2
71 1
69 13
0 4
71 1
69 1
71 1
69 1
71 2
69 1
71 2
74 3
76 2
78 1
0 1
73 7
0 5
71 2
73 1
0 1
74 2
0 2
83 2
81 1
78 2
76 5
0 2
76 3
0 1
81 2
78 1
76 2
74 6
0 1
71 3
0 1
78 1
0 2
73 3
0 2
69 1
71 1
0 1
71 7
0 6
74 2
73 2
71 3
0 1
83 2
0 2
81 1
0 1
76 1
78 1
0 1
79 2
0 1
78 1
0 1
79 1
78 2
76 2
0 1
74 3
0 1
74 2
73 2
71 3
0 1
83 3
0 1
81 2
76 1
78 1
0 1
79 2
0 1
78 6
0 6
74 2
73 2
71 3
0 1
81 3
0 1
79 2
76 1
78 1
0 1
79 2
0 1
81 2
78 1
81 1
0 1
85 2
0 1
86 4
83 2
81 1
76 4
0 1
83 2
81 1
76 4
0 1
73 2
74 1
73 3
71 9
0 1
74 2
73 2
71 3
0 1
83 4
81 2
76 1
78 2
79 2
0 1
78 1
0 1
79 2
78 1
76 3
74 3
0 1
74 2
73 2
71 4
83 3
0 1
81 2
76 1
78 1
0 1
79 2
0 1
78 9
0 2
74 3
73 2
71 2
0 2
83 3
0 1
81 1
0 1
76 1
78 1
0 1
79 2
0 1
81 2
78 1
81 1
0 1
85 2
86 5
83 2
81 1
76 4
0 1
83 2
81 1
76 4
73 2
74 1
73 3
71 7
0 4
83 2
81 1
76 2
0 3
83 2
81 1
76 4
0 1
85 1
0 1
86 1
85 3
0 1
83 13
