0 140
69 1
0 1
71 2
67 3
0 1
69 2
71 2
67 3
0 1
69 1
0 1
71 1
0 1
74 3
0 1
74 1
0 1
76 1
0 1
67 3
0 1
64 1
0 1
67 1
0 1
69 3
0 1
69 2
67 2
64 3
0 1
64 1
0 1
67 1
0 1
69 1
0 1
71 2
69 2
67 2
69 4
71 1
0 1
69 2
67 4
69 1
0 1
71 2
67 4
69 1
0 1
71 2
74 2
0 2
74 1
0 1
76 1
0 1
67 4
64 2
67 1
0 1
69 3
0 1
69 1
0 1
67 2
64 4
62 1
0 1
64 4
67 9
0 1
71 1
0 1
74 1
0 1
74 1
0 1
74 2
74 1
0 1
76 1
0 1
74 3
0 1
76 1
0 1
78 2
79 2
76 1
0 1
76 2
74 2
71 3
0 1
71 1
0 1
69 2
67 3
0 1
67 2
76 2
74 3
0 1
71 2
69 1
0 1
67 3
0 1
67 1
64 2
69 1
69 3
0 1
71 1
0 1
74 1
0 1
74 1
0 1
74 2
74 1
0 1
76 1
0 1
74 3
0 1
76 1
0 1
78 2
79 2
76 1
0 1
76 2
74 2
71 3
0 1
71 1
0 1
69 2
67 3
0 1
67 2
76 2
74 3
0 1
71 2
69 1
0 1
67 3
0 1
64 2
67 2
67 8
0 140
69 1
0 1
71 2
67 3
0 1
69 1
0 1
71 2
67 3
0 1
69 1
0 1
71 1
0 1
74 3
0 1
74 1
0 1
76 1
0 1
67 3
0 1
64 1
0 1
67 1
0 1
69 3
0 1
69 2
67 2
64 3
0 1
64 1
0 1
67 1
0 1
69 1
0 1
71 2
69 2
67 2
69 4
71 1
0 1
69 2
67 4
69 1
0 1
71 2
67 4
69 1
0 1
71 2
74 2
0 2
74 1
0 1
76 1
0 1
67 4
64 2
67 1
0 1
69 3
0 1
69 1
0 1
67 2
64 4
62 1
0 1
64 4
67 9
0 1
71 1
0 1
74 1
0 1
74 1
0 1
74 2
74 1
0 1
76 1
0 1
74 3
0 1
76 1
0 1
78 2
79 2
76 1
0 1
76 2
74 2
71 3
0 1
71 1
0 1
69 2
67 3
0 1
67 2
76 2
74 3
0 1
71 2
69 1
0 1
67 3
0 1
67 1
64 2
69 1
69 3
0 1
71 1
0 1
74 1
0 1
74 1
0 1
74 2
74 1
0 1
76 1
0 1
74 3
0 1
76 1
0 1
78 2
79 2
76 1
0 1
76 2
74 2
71 3
0 1
71 1
0 1
69 1
0 1
67 3
0 1
67 2
76 2
74 3
0 1
71 2
69 1
0 1
67 3
0 1
64 2
67 2
67 8
74 1
0 1
74 2
74 1
0 1
76 1
0 1
74 3
0 1
76 1
0 1
78 2
79 2
76 1
0 1
76 2
74 2
71 3
0 1
71 1
0 1
69 2
67 3
0 1
67 2
76 2
74 3
0 1
71 2
69 1
0 1
67 3
0 1
67 1
64 2
69 1
69 3
0 1
71 1
0 1
74 1
0 1
74 1
0 1
74 2
74 1
0 1
76 1
0 1
74 3
0 1
76 1
0 1
78 2
79 2
76 1
0 1
76 2
74 2
71 3
0 1
71 1
0 1
69 2
67 3
0 1
67 2
76 2
74 3
0 1
71 2
69 1
0 1
67 3
0 1
64 2
67 2
67 10
0 10
72 1
0 1
75 1
0 1
75 1
0 1
75 2
75 1
0 1
77 1
0 1
75 3
0 1
77 1
0 1
79 2
80 2
77 1
0 1
77 2
75 2
72 3
0 1
72 1
0 1
70 2
68 3
0 1
68 2
77 2
75 3
0 1
72 2
70 1
0 1
68 3
0 1
68 1
65 2
70 1
70 3
0 1
72 1
0 1
75 1
0 1
75 1
0 1
75 2
75 1
0 1
77 1
0 1
75 3
0 1
77 1
0 1
79 2
80 2
77 1
0 1
77 2
75 2
72 3
0 1
72 1
0 1
70 2
68 3
0 1
68 2
77 2
75 3
0 1
72 2
70 1
0 1
68 3
0 1
65 2
68 2
68 10
0 2
72 1
0 1
70 2
68 3
0 1
68 2
77 2
75 3
0 1
72 2
70 1
0 1
68 9
0 3
65 1
0 1
68 2
68 18
