Eb:maj [3, 7, 10] 3 2 
F:maj [0, 5, 9] 5 2 
Bb:maj [2, 5, 10] 10 4 
Eb:maj [3, 7, 10] 3 2 
F:maj [0, 5, 9] 5 2 
G:min [2, 7, 10] 7 4 
Eb:maj [3, 7, 10] 3 2 
F:maj [0, 5, 9] 5 2 
Bb:maj [2, 5, 10] 10 4 
Eb:maj [3, 7, 10] 3 2 
F:maj [0, 5, 9] 5 2 
G:min [2, 7, 10] 7 4 
Eb:maj [3, 7, 10] 3 2 
F#:dim [0, 6, 9] 6 2 
D:min [2, 5, 9] 2 2 
G:maj [2, 7, 11] 7 2 
C:min [0, 3, 7] 0 2 
F:maj [0, 5, 9] 5 2 
Bb:sus4 [3, 5, 10] 10 4 
Eb:sus2 [3, 5, 10] 3 2 
Bb:maj/5 [2, 5, 10] 5 6 
F:maj [0, 5, 9] 5 4 
G:maj [2, 7, 11] 7 2 
F:maj [0, 5, 9] 5 2 
Eb:maj [3, 7, 10] 3 4 
F:maj [0, 5, 9] 5 4 
G:sus2 [2, 7, 9] 7 8 
Eb:maj [3, 7, 10] 3 2 
F:maj [0, 5, 9] 5 2 
Bb:maj [2, 5, 10] 10 4 
Eb:maj [3, 7, 10] 3 2 
F:maj [0, 5, 9] 5 2 
G:min [2, 7, 10] 7 4 
Eb:maj [3, 7, 10] 3 2 
F:maj [0, 5, 9] 5 2 
Bb:maj [2, 5, 10] 10 4 
Eb:maj [3, 7, 10] 3 2 
F:maj [0, 5, 9] 5 2 
G:min [2, 7, 10] 7 4 
Eb:maj [3, 7, 10] 3 2 
F:maj [0, 5, 9] 5 2 
Bb:maj [2, 5, 10] 10 4 
Eb:maj [3, 7, 10] 3 2 
F:maj [0, 5, 9] 5 2 
Bb:maj [2, 5, 10] 10 4 
Eb:maj [3, 7, 10] 3 2 
Eb:maj6 [0, 3, 7, 10] 3 2 
D:min [2, 5, 9] 2 2 
G:maj [2, 7, 11] 7 2 
C:min [0, 3, 7] 0 2 
F:maj [0, 5, 9] 5 2 
Bb:sus4 [3, 5, 10] 10 4 
Eb:maj [3, 7, 10] 3 4 
F:maj [0, 5, 9] 5 4 
Bb:maj7 [2, 5, 8, 10] 10 4 
G:min [2, 7, 10] 7 2 
F:maj [0, 5, 9] 5 2 
Eb:maj [3, 7, 10] 3 4 
F:maj [0, 5, 9] 5 4 
G:min [2, 7, 10] 7 8 
Eb:maj [3, 7, 10] 3 2 
F:maj [0, 5, 9] 5 2 
Bb:maj [2, 5, 10] 10 4 
Eb:maj [3, 7, 10] 3 2 
F:maj [0, 5, 9] 5 2 
G:min [2, 7, 10] 7 4 
Eb:maj [3, 7, 10] 3 2 
F:maj [0, 5, 9] 5 2 
Bb:maj [2, 5, 10] 10 4 
Eb:maj [3, 7, 10] 3 2 
F:maj [0, 5, 9] 5 2 
G:min [2, 7, 10] 7 4 
Eb:maj [3, 7, 10] 3 2 
F:maj [0, 5, 9] 5 2 
Bb:maj [2, 5, 10] 10 4 
Eb:maj [3, 7, 10] 3 2 
F:maj [0, 5, 9] 5 2 
G:min [2, 7, 10] 7 4 
Eb:maj [3, 7, 10] 3 2 
F:maj [0, 5, 9] 5 2 
Bb:maj [2, 5, 10] 10 4 
Eb:maj [3, 7, 10] 3 2 
F:maj [0, 5, 9] 5 2 
G:min [2, 7, 10] 7 4 
Eb:maj [3, 7, 10] 3 2 
F:maj [0, 5, 9] 5 2 
Bb:maj [2, 5, 10] 10 4 
Eb:maj [3, 7, 10] 3 2 
F:maj [0, 5, 9] 5 2 
Bb:maj [2, 5, 10] 10 4 
C:min/b3 [0, 3, 7] 3 2 
F#:dim [0, 6, 9] 6 2 
D:min [2, 5, 9] 2 2 
G:maj [2, 7, 11] 7 2 
C:min [0, 3, 7] 0 2 
F:maj [0, 5, 9] 5 2 
Bb:sus4 [3, 5, 10] 10 5 
