0 194
70 1
0 1
70 1
0 1
70 1
0 1
70 1
0 1
72 1
0 1
74 1
0 1
70 2
0 2
70 1
0 1
70 1
0 1
70 1
0 1
70 1
0 1
72 1
0 1
70 1
0 1
74 4
0 12
70 1
72 1
74 1
0 1
75 1
0 1
74 1
0 1
72 3
0 1
74 1
0 1
72 1
0 1
70 3
0 1
70 1
0 1
70 1
0 1
70 1
0 1
70 1
0 1
72 1
0 1
74 1
0 1
70 2
0 2
70 1
0 1
70 1
0 1
70 1
0 1
69 2
70 1
0 1
69 1
0 1
69 4
67 11
0 9
74 1
0 1
82 1
0 1
81 1
0 1
79 1
0 1
77 2
79 3
0 1
79 3
0 1
79 1
0 1
77 1
0 1
74 2
77 6
0 3
74 1
72 2
77 1
0 1
77 2
74 2
77 4
77 1
0 1
77 1
0 1
74 2
77 1
0 1
77 1
0 1
84 2
82 7
0 1
82 1
0 1
81 2
79 2
77 2
79 4
79 1
0 1
79 1
0 1
79 1
0 1
77 1
0 1
74 2
79 4
77 5
0 1
74 2
75 1
0 1
77 1
0 1
70 5
0 1
74 2
72 5
0 1
70 1
0 2
70 11
0 136
70 1
0 1
70 1
0 1
70 1
0 1
70 1
0 1
72 1
0 1
74 1
0 1
70 2
0 2
70 1
0 1
70 1
0 1
70 1
0 1
70 1
0 1
72 1
0 1
70 1
0 1
75 2
0 2
74 9
0 3
70 1
72 1
74 1
0 1
75 1
0 1
74 1
0 1
72 3
0 1
74 1
0 1
72 1
0 1
70 3
0 1
70 1
0 1
70 1
0 1
70 1
0 1
70 1
0 1
72 1
0 1
74 1
0 1
70 2
0 2
70 1
0 1
70 1
0 1
70 1
0 1
69 2
70 1
0 1
69 1
0 1
69 4
67 6
0 2
67 2
70 2
72 4
70 4
74 1
0 1
82 1
0 1
81 1
0 1
79 1
0 1
77 2
79 3
0 1
79 3
0 1
79 1
0 1
77 1
0 1
74 1
0 1
77 9
0 1
74 2
77 1
0 1
77 2
74 2
77 3
0 1
77 1
0 1
77 1
0 1
74 2
77 1
0 1
77 1
0 1
84 2
82 7
0 1
82 1
0 1
81 2
79 2
77 2
79 4
79 1
0 1
79 1
0 1
79 1
0 1
77 1
0 1
74 2
79 4
77 5
0 1
74 2
75 1
0 1
77 1
0 1
70 5
0 1
74 2
72 5
0 1
70 1
0 1
70 6
0 2
74 2
82 1
0 1
81 1
0 1
79 1
0 1
77 2
79 3
0 1
79 3
0 1
79 1
0 1
77 1
0 1
74 2
77 9
0 1
74 2
77 1
0 1
77 1
0 1
74 2
77 3
0 1
77 1
0 1
77 1
0 1
74 2
77 1
0 1
77 1
0 1
84 2
0 2
82 4
0 2
82 1
0 1
81 2
79 2
77 2
79 4
79 1
0 1
79 1
0 1
79 1
0 1
77 1
0 1
74 2
79 4
77 4
65 1
0 1
74 2
75 1
0 1
77 1
0 1
70 5
0 1
74 2
72 5
0 1
70 1
0 1
70 11
