D:maj [2, 6, 9] 2 2 
C#:min [1, 4, 8] 1 2 
B:min [2, 6, 11] 11 2 
G:maj [2, 7, 11] 7 2 
E:min [4, 7, 11] 4 2 
A:sus4(b7,9) [1, 4, 7, 9, 11] 9 1 
F#:min/b3 [1, 6, 9] 9 1 
D:maj [2, 6, 9] 2 2 
D:maj7 [0, 2, 6, 9] 2 2 
B:min [2, 6, 11] 11 2 
B:min9 [1, 2, 6, 9, 11] 11 2 
G:maj [2, 7, 11] 7 2 
D:maj [2, 6, 9] 2 2 
E:min [4, 7, 11] 4 2 
A:maj [1, 4, 9] 9 2 
D:maj7/7 [0, 2, 6, 9] 1 2 
B:min [2, 6, 11] 11 3 
A:sus4 [2, 4, 9] 9 1 
G:maj [2, 7, 11] 7 2 
E:min [4, 7, 11] 4 2 
F#:min [1, 6, 9] 6 2 
G:maj [2, 7, 11] 7 2 
A:sus4 [2, 4, 9] 9 2 
D:maj [2, 6, 9] 2 2 
A:maj [1, 4, 9] 9 2 
B:min [2, 6, 11] 11 2 
A:maj [1, 4, 9] 9 2 
G:maj [2, 7, 11] 7 2 
F#:min [1, 6, 9] 6 1 
B:min [2, 6, 11] 11 1 
G:maj [2, 7, 11] 7 2 
A:maj [1, 4, 9] 9 2 
D:maj [2, 6, 9] 2 2 
D:maj7 [0, 2, 6, 9] 2 2 
B:min [2, 6, 11] 11 2 
A:maj [1, 4, 9] 9 2 
G:maj [2, 7, 11] 7 2 
F#:min [1, 6, 9] 6 1 
B:min [2, 6, 11] 11 1 
E:maj/3 [4, 8, 11] 8 2 
A:maj [1, 4, 9] 9 2 
A:7 [1, 4, 7, 9] 9 2 
A:maj [1, 4, 9] 9 2 
G:maj [2, 7, 11] 7 1 
G:maj/5 [2, 7, 11] 2 1 
G:maj [2, 7, 11] 7 1 
A:maj [1, 4, 9] 9 1 
C:maj [0, 4, 7] 0 2 
A:maj [1, 4, 9] 9 2 
D:maj [2, 6, 9] 2 2 
A:maj [1, 4, 9] 9 2 
B:min [2, 6, 11] 11 2 
B:min9 [1, 2, 6, 9, 11] 11 2 
G:maj [2, 7, 11] 7 2 
D:maj [2, 6, 9] 2 2 
E:min [4, 7, 11] 4 2 
A:maj [1, 4, 9] 9 2 
D:maj7/7 [0, 2, 6, 9] 1 2 
B:min [2, 6, 11] 11 3 
A:sus4 [2, 4, 9] 9 1 
G:maj [2, 7, 11] 7 2 
E:min [4, 7, 11] 4 2 
F#:min [1, 6, 9] 6 2 
G:maj [2, 7, 11] 7 2 
A:sus4 [2, 4, 9] 9 2 
D:maj [2, 6, 9] 2 2 
A:maj [1, 4, 9] 9 2 
B:min [2, 6, 11] 11 2 
A:maj [1, 4, 9] 9 2 
G:maj [2, 7, 11] 7 2 
F#:min [1, 6, 9] 6 1 
B:min [2, 6, 11] 11 1 
G:maj [2, 7, 11] 7 2 
A:maj [1, 4, 9] 9 2 
D:maj [2, 6, 9] 2 2 
D:maj9 [0, 2, 4, 6, 9] 2 2 
B:min [2, 6, 11] 11 2 
A:maj [1, 4, 9] 9 2 
G:maj [2, 7, 11] 7 2 
F#:min [1, 6, 9] 6 1 
B:min [2, 6, 11] 11 1 
E:maj/3 [4, 8, 11] 8 2 
A:maj [1, 4, 9] 9 2 
D:maj [2, 6, 9] 2 2 
D:maj9 [0, 2, 4, 6, 9] 2 2 
B:min [2, 6, 11] 11 2 
A:maj [1, 4, 9] 9 2 
G:maj [2, 7, 11] 7 2 
E:min [4, 7, 11] 4 2 
C:maj [0, 4, 7] 0 3 
A:maj [1, 4, 9] 9 1 
D:maj [2, 6, 9] 2 2 
A:maj [1, 4, 9] 9 2 
B:min [2, 6, 11] 11 2 
A:maj [1, 4, 9] 9 2 
G:maj [2, 7, 11] 7 2 
F#:min [1, 6, 9] 6 1 
B:min [2, 6, 11] 11 1 
G:maj [2, 7, 11] 7 2 
A:maj [1, 4, 9] 9 2 
D:maj [2, 6, 9] 2 2 
D:maj7 [0, 2, 6, 9] 2 2 
B:min [2, 6, 11] 11 2 
A:maj [1, 4, 9] 9 2 
G:maj [2, 7, 11] 7 2 
F#:min [1, 6, 9] 6 1 
B:min [2, 6, 11] 11 1 
E:maj/3 [4, 8, 11] 8 2 
A:maj [1, 4, 9] 9 2 
D:maj [2, 6, 9] 2 2 
C#:min [1, 4, 8] 1 2 
B:min [2, 6, 11] 11 2 
G:maj [2, 7, 11] 7 2 
E:min [4, 7, 11] 4 2 
A:sus4(b7,9) [1, 4, 7, 9, 11] 9 1 
F#:min/b3 [1, 6, 9] 9 1 
D:sus2 [2, 4, 9] 2 2 
