0 120
65 4
67 4
65 7
0 1
67 4
69 4
72 4
69 4
67 4
69 4
67 5
0 1
65 5
0 1
69 3
0 1
72 3
0 1
69 4
67 4
69 4
67 6
65 5
0 1
62 4
60 3
62 1
65 2
62 2
65 3
0 1
69 4
67 6
69 2
67 4
65 4
67 8
65 3
0 1
67 4
65 6
0 2
67 3
0 1
69 3
0 1
72 3
0 1
69 4
67 4
69 4
67 6
65 5
0 1
69 3
0 1
72 3
0 1
69 4
67 4
69 4
67 6
65 6
62 4
60 3
62 1
65 2
62 2
65 3
0 1
69 4
67 6
69 2
67 4
0 2
65 2
65 12
62 3
0 1
67 2
69 1
0 1
67 1
0 1
65 1
0 1
62 4
0 2
67 4
69 1
0 1
67 1
0 1
65 2
62 3
0 1
60 1
0 1
62 1
0 1
60 3
0 1
62 3
0 1
65 3
0 1
67 4
69 2
72 2
69 2
69 6
0 4
67 1
0 1
69 1
0 1
67 2
65 1
0 1
62 5
0 1
67 3
0 1
69 1
0 1
67 1
0 1
65 1
0 1
62 3
0 1
67 3
0 1
69 15
0 1
65 7
0 1
67 7
0 1
69 1
0 1
62 2
69 1
0 1
69 3
0 1
69 1
0 1
69 1
0 1
69 1
0 1
67 1
0 1
69 1
0 1
72 2
69 1
0 1
67 3
0 1
64 2
65 2
67 1
0 1
60 1
0 1
67 1
0 1
67 2
0 2
67 1
0 1
67 1
0 1
67 1
0 1
67 1
0 1
69 1
0 1
72 1
0 1
69 1
0 1
65 3
0 1
65 1
0 1
67 1
0 1
69 5
0 1
72 4
0 2
69 3
0 1
65 5
0 1
62 4
0 2
65 1
0 1
67 1
0 1
69 4
67 2
69 3
0 1
72 1
0 1
72 3
0 1
69 12
65 2
67 2
69 1
0 1
62 2
69 1
0 1
69 3
0 1
69 1
0 1
69 1
0 1
69 1
0 1
67 1
0 1
69 1
0 1
72 2
69 1
0 1
67 3
0 1
64 2
65 2
67 1
0 1
60 1
0 1
67 1
0 1
67 2
0 2
67 1
0 1
67 1
0 1
67 1
0 1
67 1
0 1
69 1
0 1
72 1
0 1
69 1
0 1
65 3
0 1
65 1
0 1
67 1
0 1
69 5
0 1
72 4
0 2
69 3
0 1
65 5
0 1
62 4
0 2
65 1
0 1
67 1
0 1
69 4
0 2
72 5
0 1
72 4
67 6
69 6
67 4
65 19
0 101
65 4
67 4
65 7
0 1
67 4
69 4
72 4
69 4
67 4
69 4
67 5
0 1
65 5
0 1
69 3
0 1
72 3
0 1
69 4
67 4
69 4
67 6
65 5
0 1
62 4
60 3
62 1
65 2
62 2
65 3
0 1
69 4
67 6
69 2
67 4
65 4
67 8
65 3
0 1
67 4
65 6
0 2
67 3
0 1
69 3
0 1
72 3
0 1
69 4
67 4
69 4
67 6
65 5
0 1
69 3
0 1
72 3
0 1
69 4
67 4
69 4
67 6
65 6
62 4
60 3
62 1
65 2
62 2
65 3
0 1
69 4
67 6
69 2
67 4
0 2
65 2
65 12
62 3
0 1
67 2
69 1
0 1
67 1
0 1
65 1
0 1
62 4
0 2
67 4
69 1
0 1
67 1
0 1
65 2
62 3
0 1
60 1
0 1
62 1
0 1
60 3
0 1
62 3
0 1
65 3
0 1
67 4
69 2
72 2
69 2
69 6
0 4
67 1
0 1
69 1
0 1
67 2
65 1
0 1
62 5
0 1
67 3
0 1
69 1
0 1
67 1
0 1
65 1
0 1
62 3
0 1
67 3
0 1
69 15
0 1
65 7
0 1
67 7
0 1
69 1
0 1
62 2
69 1
0 1
69 3
0 1
69 1
0 1
69 1
0 1
69 1
0 1
67 1
0 1
69 1
0 1
72 2
69 1
0 1
67 3
0 1
64 2
65 2
67 1
0 1
60 1
0 1
67 1
0 1
67 2
0 2
67 1
0 1
67 1
0 1
67 1
0 1
67 1
0 1
69 1
0 1
72 1
0 1
69 1
0 1
65 3
0 1
65 1
0 1
67 1
0 1
69 5
0 1
72 4
0 2
69 3
0 1
65 5
0 1
62 4
0 2
65 1
0 1
67 1
0 1
69 4
67 2
69 3
0 1
72 1
0 1
72 3
0 1
69 12
65 2
67 2
69 1
0 1
62 2
69 1
0 1
69 3
0 1
69 1
0 1
69 1
0 1
69 1
0 1
67 1
0 1
69 1
0 1
72 2
69 1
0 1
67 3
0 1
64 2
65 2
67 1
0 1
60 1
0 1
67 1
0 1
67 2
0 2
67 1
0 1
67 1
0 1
67 1
0 1
67 1
0 1
69 1
0 1
72 1
0 1
69 1
0 1
65 3
0 1
65 1
0 1
67 1
0 1
69 5
0 1
72 4
0 2
69 3
0 1
65 5
0 1
62 4
0 2
65 1
0 1
67 1
0 1
69 4
0 2
72 5
0 1
72 4
67 6
69 6
67 4
65 19
0 105
62 1
0 1
65 1
0 1
67 3
0 1
69 3
0 1
62 3
0 1
62 1
0 1
65 1
0 1
67 1
0 1
69 1
0 1
72 1
0 1
69 1
0 1
67 3
0 1
60 1
0 1
65 1
0 1
67 3
0 1
69 3
0 1
60 3
0 1
60 1
0 1
65 1
0 1
67 1
0 1
69 1
0 1
72 1
0 1
69 1
0 1
65 3
0 3
65 1
0 1
67 3
0 1
69 3
0 1
62 3
0 1
62 1
0 1
65 1
0 1
67 1
0 1
69 1
0 1
72 1
0 1
69 1
0 1
67 3
0 1
65 1
0 1
67 1
0 1
69 3
0 1
67 1
0 1
69 5
0 1
72 3
65 1
69 4
0 4
67 7
0 1
69 1
0 1
62 2
69 1
0 1
69 3
0 1
69 1
0 1
69 1
0 1
69 1
0 1
67 1
0 1
69 1
0 1
72 2
69 1
0 1
67 3
0 1
64 2
65 2
67 1
0 1
60 1
0 1
67 1
0 1
67 2
0 2
67 1
0 1
67 1
0 1
67 1
0 1
67 1
0 1
69 1
0 1
72 1
0 1
69 1
0 1
65 3
0 1
65 1
0 1
67 1
0 1
69 5
0 1
72 4
0 2
69 3
0 1
65 5
0 1
62 4
0 2
65 1
0 1
67 1
0 1
69 4
67 2
69 3
0 1
72 1
0 1
72 3
0 1
69 12
65 2
67 2
69 1
0 1
62 2
69 1
0 1
69 3
0 1
69 1
0 1
69 1
0 1
69 1
0 1
67 1
0 1
69 1
0 1
72 2
69 1
0 1
67 3
0 1
64 2
65 2
67 1
0 1
60 1
0 1
67 1
0 1
67 2
0 2
67 1
0 1
67 1
0 1
67 1
0 1
67 1
0 1
69 1
0 1
72 1
0 1
69 1
0 1
65 3
0 1
65 1
0 1
67 1
0 1
69 5
0 1
72 4
0 2
69 3
0 1
65 5
0 1
62 4
0 2
65 1
0 1
67 1
0 1
69 4
0 2
72 5
0 1
72 4
67 6
69 6
67 4
65 19
