E:maj7 [2, 4, 8, 11] 4 4
Ab:min [3, 8, 11] 8 2
F#:maj [1, 6, 10] 6 2
E:maj [4, 8, 11] 4 4
E:maj7 [2, 4, 8, 11] 4 4
Eb:maj [3, 7, 10] 3 4
E:maj7 [2, 4, 8, 11] 4 4
Ab:min [3, 8, 11] 8 4
E:maj7 [2, 4, 8, 11] 4 4
Eb:min7 [1, 3, 6, 10] 3 2
Ab:min [3, 8, 11] 8 2
A:maj [1, 4, 9] 9 4
F#:maj [1, 6, 10] 6 4
E:maj [4, 8, 11] 4 2
F#:maj [1, 6, 10] 6 2
Ab:min [3, 8, 11] 8 4
E:maj [4, 8, 11] 4 2
F#:maj [1, 6, 10] 6 2
B:maj [3, 6, 11] 11 4
E:maj [4, 8, 11] 4 2
E:maj6 [1, 4, 8, 11] 4 2
Eb:min7 [1, 3, 6, 10] 3 2
Ab:min [3, 8, 11] 8 2
C#:maj [1, 5, 8] 1 4
F#:maj [1, 6, 10] 6 4
E:maj [4, 8, 11] 4 2
F#:maj [1, 6, 10] 6 2
Eb:min [3, 6, 10] 3 2
Ab:min [3, 8, 11] 8 2
E:maj7 [2, 4, 8, 11] 4 2
F#:maj [1, 6, 10] 6 2
B:maj [3, 6, 11] 11 3
B:maj7/7 [3, 6, 9, 11] 10 1
Ab:min [3, 8, 11] 8 2
F#:maj [1, 6, 10] 6 2
F:dim [5, 8, 11] 5 4
C#:min [1, 4, 8] 1 4
E:maj [4, 8, 11] 4 2
F#:maj [1, 6, 10] 6 2
E:maj7 [2, 4, 8, 11] 4 2
F#:maj [1, 6, 10] 6 2
Eb:min [3, 6, 10] 3 2
Ab:min [3, 8, 11] 8 2
E:maj [4, 8, 11] 4 2
F#:maj [1, 6, 10] 6 2
B:maj [3, 6, 11] 11 4
Ab:min [3, 8, 11] 8 2
F#:maj [1, 6, 10] 6 2
F:dim [5, 8, 11] 5 4
C#:min [1, 4, 8] 1 4
E:maj [4, 8, 11] 4 2
E:min(9) [2, 4, 6, 7, 11] 4 2
Ab:min [3, 8, 11] 8 2
F#:maj [1, 6, 10] 6 2
E:maj [4, 8, 11] 4 4
E:maj [4, 8, 11] 4 2
F#:maj [1, 6, 10] 6 2
Ab:min [3, 8, 11] 8 4
E:maj [4, 8, 11] 4 2
F#:maj [1, 6, 10] 6 2
B:maj [3, 6, 11] 11 4
E:maj [4, 8, 11] 4 2
F#:maj [1, 6, 10] 6 2
B:maj [3, 6, 11] 11 1
Ab:sus2 [3, 8, 10] 8 3
C#:maj [1, 5, 8] 1 4
F#:maj [1, 6, 10] 6 4
E:maj [4, 8, 11] 4 2
F#:maj [1, 6, 10] 6 2
Eb:min [3, 6, 10] 3 2
Ab:min [3, 8, 11] 8 2
E:maj7 [2, 4, 8, 11] 4 2
F#:maj [1, 6, 10] 6 2
B:maj [3, 6, 11] 11 3
B:maj7/7 [3, 6, 9, 11] 10 1
Ab:min [3, 8, 11] 8 2
F#:maj [1, 6, 10] 6 2
F:dim [5, 8, 11] 5 4
C#:min [1, 4, 8] 1 4
E:maj [4, 8, 11] 4 2
F#:maj [1, 6, 10] 6 2
E:maj7 [2, 4, 8, 11] 4 2
F#:maj [1, 6, 10] 6 2
Eb:min [3, 6, 10] 3 2
Ab:min [3, 8, 11] 8 2
E:maj7 [2, 4, 8, 11] 4 2
F#:maj [1, 6, 10] 6 2
B:maj [3, 6, 11] 11 3
F#:maj/3 [1, 6, 10] 10 1
Ab:min [3, 8, 11] 8 2
F#:maj [1, 6, 10] 6 2
F:dim [5, 8, 11] 5 4
C#:min [1, 4, 8] 1 2
F#:maj [1, 6, 10] 6 2
G:maj [2, 7, 11] 7 2
G:7 [2, 5, 7, 11] 7 2
D:min7 [0, 2, 5, 9] 2 4
E:min [4, 7, 11] 4 4
F:maj [0, 5, 9] 5 4
G:maj [2, 7, 11] 7 4
F:maj [0, 5, 9] 5 2
E:min/b3 [4, 7, 11] 7 4
A:min7 [0, 4, 7, 9] 9 2
F:maj7 [0, 3, 5, 9] 5 2
G:maj [2, 7, 11] 7 2
C:maj [0, 4, 7] 0 3
C:maj7/7 [0, 4, 7, 10] 11 1
A:min [0, 4, 9] 9 2
G:maj [2, 7, 11] 7 2
F#:dim [0, 6, 9] 6 4
D:min [2, 5, 9] 2 4
F:maj [0, 5, 9] 5 2
G:maj [2, 7, 11] 7 2
F:maj7 [0, 3, 5, 9] 5 2
G:maj [2, 7, 11] 7 2
E:min [4, 7, 11] 4 2
A:min [0, 4, 9] 9 2
F:maj7 [0, 3, 5, 9] 5 2
G:maj [2, 7, 11] 7 2
C:maj [0, 4, 7] 0 3
G:maj/3 [2, 7, 11] 11 1
A:min [0, 4, 9] 9 2
G:maj [2, 7, 11] 7 2
F#:dim [0, 6, 9] 6 4
D:min [2, 5, 9] 2 2
G:maj [2, 7, 11] 7 2
A:sus4(b7) [2, 4, 9] 9 2
G:maj [2, 7, 11] 7 2
F#:dim [0, 6, 9] 6 5
D:min [2, 5, 9] 2 1
G:maj [2, 7, 11] 7 4
C:maj [0, 4, 7] 0 1
