0 48
71 5
0 3
70 2
71 2
73 3
0 1
70 2
66 8
0 6
71 4
0 4
70 1
0 1
71 1
73 2
0 1
66 1
0 1
75 5
0 7
75 2
78 1
0 1
78 2
71 1
0 1
71 1
73 1
0 1
73 3
0 2
70 1
0 1
78 1
0 1
78 2
71 1
0 1
71 1
0 1
70 1
71 4
0 1
73 1
74 1
73 3
0 1
71 1
75 1
0 1
73 5
0 4
68 1
0 1
71 4
0 2
73 1
0 1
73 6
0 2
71 3
0 5
70 1
0 1
71 1
73 1
0 1
66 2
0 1
75 4
0 12
71 6
0 2
70 1
0 1
71 1
73 2
0 1
66 1
0 1
76 2
0 2
78 4
75 3
0 1
75 1
0 1
78 1
0 1
78 1
0 1
71 1
0 1
71 1
73 1
0 2
73 3
0 1
71 2
78 2
78 1
0 1
71 1
0 1
71 1
70 1
0 1
71 3
0 2
74 1
73 2
71 1
75 2
0 1
73 4
0 7
68 1
0 1
75 3
0 3
76 1
0 1
75 2
73 5
0 1
78 2
78 1
78 2
0 1
78 1
78 2
0 1
76 1
75 2
73 2
0 1
73 4
0 2
73 1
71 1
75 4
0 4
78 1
0 1
78 1
78 2
0 1
78 1
78 2
0 1
76 1
75 2
73 1
0 2
73 2
0 1
50 1
78 2
0 1
75 2
0 3
73 1
0 1
75 1
0 1
71 2
0 2
75 3
0 1
70 3
66 1
66 3
0 1
68 2
70 1
0 1
71 2
73 2
0 2
71 3
0 2
66 1
76 1
0 1
76 1
75 1
0 1
73 2
0 1
71 3
0 4
66 1
76 1
0 1
76 1
75 1
0 1
71 1
0 1
78 8
0 1
78 1
0 1
78 1
78 2
0 1
78 1
0 1
78 1
0 1
76 1
75 2
73 2
0 1
73 2
0 2
73 2
71 1
75 4
0 5
78 1
0 1
78 1
78 2
0 1
78 1
0 1
78 1
0 1
76 1
75 1
0 1
73 2
0 1
73 3
0 1
78 3
75 4
0 1
73 1
0 1
75 1
0 1
71 3
0 1
75 3
0 1
70 3
0 1
66 2
0 2
68 2
71 1
71 1
0 1
73 2
0 1
71 6
0 1
68 1
76 3
0 1
75 2
0 2
73 2
0 5
71 1
0 1
71 9
0 38
71 3
0 5
70 1
0 1
71 1
73 1
0 1
66 2
0 1
75 4
0 12
71 6
0 2
70 1
0 1
71 1
73 2
0 1
66 1
0 1
76 2
0 2
78 4
75 3
0 1
75 1
0 1
78 1
0 1
78 1
0 1
71 1
0 1
71 1
73 1
0 2
73 3
0 1
71 2
78 2
78 1
0 1
71 1
0 1
71 1
70 1
0 1
71 3
0 2
74 1
73 2
71 1
75 2
0 1
73 4
0 7
68 1
0 1
75 3
0 3
76 1
0 1
75 2
73 5
0 1
78 2
78 1
78 2
0 1
78 1
78 2
0 1
76 1
75 2
73 2
0 1
73 4
0 2
73 1
71 1
75 4
0 4
78 1
0 1
78 1
78 2
0 1
78 1
78 2
0 1
76 1
75 2
73 1
0 2
73 2
0 1
50 1
78 2
0 1
75 2
0 3
73 1
0 1
75 1
0 1
71 2
0 2
75 3
0 1
70 3
66 1
66 3
0 1
68 2
70 1
0 1
71 2
73 2
71 4
0 3
66 1
76 1
0 1
76 1
75 1
0 1
73 2
0 1
71 3
0 4
66 1
76 1
0 1
76 1
75 1
0 1
71 1
0 1
78 8
0 1
78 1
0 1
78 1
78 2
0 1
78 1
0 1
78 1
0 1
76 1
75 2
73 2
0 1
73 2
0 2
73 2
71 1
75 4
0 5
78 1
0 1
78 1
78 2
0 1
78 1
0 1
78 1
0 1
76 1
75 1
0 1
73 2
0 1
73 3
0 1
78 3
75 4
0 1
73 1
0 1
75 1
0 1
71 3
0 1
75 3
0 1
70 3
0 1
66 2
0 2
68 2
71 1
71 1
0 1
73 2
0 1
71 6
0 1
68 1
76 3
0 1
75 2
0 2
73 2
0 4
70 1
73 3
71 11
0 67
79 2
79 1
79 2
0 1
79 1
79 1
0 2
77 1
76 1
0 1
74 2
0 2
74 4
0 2
72 1
76 4
0 4
79 1
0 1
79 1
79 2
0 1
79 1
0 1
79 2
77 1
76 2
74 3
74 2
0 1
51 1
79 2
0 1
76 2
0 3
74 1
0 1
76 1
0 1
72 2
0 2
76 3
0 1
71 3
67 1
67 3
0 1
69 2
71 1
0 1
72 2
74 2
72 4
0 3
67 1
77 1
0 1
77 1
76 1
0 1
74 2
0 1
72 3
0 4
67 1
77 1
0 1
77 1
76 1
0 1
72 1
0 1
79 8
0 1
79 1
0 1
79 1
79 2
0 1
79 1
0 1
79 1
0 1
77 1
76 2
74 2
0 1
74 2
0 2
74 2
72 1
76 4
0 5
79 1
0 1
79 1
79 2
0 1
79 1
0 1
79 1
0 1
84 1
83 1
0 1
81 1
0 1
79 3
0 10
79 1
0 1
77 1
0 1
76 3
0 1
79 3
0 1
81 3
0 1
79 2
0 2
79 1
0 1
76 1
74 2
72 1
0 1
72 6
0 2
67 2
77 3
0 1
76 4
74 7
0 2
72 1
0 1
72 4
0 3
72 2
74 2
76 1
81 11
0 4
69 3
77 4
0 2
76 2
0 2
74 5
0 5
72 2
0 2
72 2
