Ab:maj [0, 3, 8] 8 2
C:min [0, 3, 7] 0 2
F:min [0, 5, 8] 5 2
C#:maj [1, 5, 8] 1 2
Bb:sus4(b7 [3, 5, 10] 10 2
Ab:maj7/5 [0, 3, 6, 8] 3 2
C:min [0, 3, 7] 0 2
F:min7 [0, 3, 5, 8] 5 2
C:min [0, 3, 7] 0 2
Bb:sus4(b7 [3, 5, 10] 10 1
Eb:maj [3, 7, 10] 3 1
Ab:maj [0, 3, 8] 8 6
Eb:maj/3 [3, 7, 10] 7 2
F:min [0, 5, 8] 5 4
C#:maj [1, 5, 8] 1 2
Bb:min7 [1, 5, 8, 10] 10 2
Eb:maj [3, 7, 10] 3 4
Ab:maj [0, 3, 8] 8 2
Eb:maj/3 [3, 7, 10] 7 2
F:min7 [0, 3, 5, 8] 5 4
C#:maj7/7 [1, 5, 8, 11] 0 2
Bb:min7 [1, 5, 8, 10] 10 2
Eb:maj [3, 7, 10] 3 2
Ab:maj [0, 3, 8] 8 6
C:min7 [0, 3, 7, 10] 0 2
C#:maj [1, 5, 8] 1 2
F:min7 [0, 3, 5, 8] 5 2
Bb:min7 [1, 5, 8, 10] 10 2
Eb:sus4(b7 [3, 8, 10] 3 2
C:min7 [0, 3, 7, 10] 0 2
F:min7 [0, 3, 5, 8] 5 2
Eb:maj [3, 7, 10] 3 4
Ab:maj [0, 3, 8] 8 2
C:min7 [0, 3, 7, 10] 0 2
C#:maj [1, 5, 8] 1 2
F:min [0, 5, 8] 5 2
Bb:min7 [1, 5, 8, 10] 10 2
Eb:7 [1, 3, 7, 10] 3 2
C:min7 [0, 3, 7, 10] 0 2
F:min7 [0, 3, 5, 8] 5 2
C:min7 [0, 3, 7, 10] 0 2
Bb:min [1, 5, 10] 10 1
Eb:maj [3, 7, 10] 3 1
Ab:maj [0, 3, 8] 8 4
C#:maj [1, 5, 8] 1 2
Ab:maj/3 [0, 3, 8] 0 2
Bb:min7 [1, 5, 8, 10] 10 2
Ab:maj7 [0, 3, 6, 8] 8 2
C#:maj [1, 5, 8] 1 2
Ab:maj/3 [0, 3, 8] 0 2
Bb:min7 [1, 5, 8, 10] 10 2
Eb:maj [3, 7, 10] 3 1
C#:maj [1, 5, 8] 1 1
C:min7 [0, 3, 7, 10] 0 2
F#:maj [1, 6, 10] 6 1
F:min [0, 5, 8] 5 1
Bb:min [1, 5, 10] 10 2
C#:min [1, 4, 8] 1 2
Bb:min7 [1, 5, 8, 10] 10 2
C#:maj [1, 5, 8] 1 2
Eb:maj [3, 7, 10] 3 2
Ab:maj [0, 3, 8] 8 2
Eb:maj/3 [3, 7, 10] 7 2
F:min [0, 5, 8] 5 4
C#:maj [1, 5, 8] 1 2
Bb:min7 [1, 5, 8, 10] 10 2
Eb:maj [3, 7, 10] 3 4
Ab:maj [0, 3, 8] 8 2
Eb:maj/3 [3, 7, 10] 7 2
F:min7 [0, 3, 5, 8] 5 4
C#:maj7/7 [1, 5, 8, 11] 0 2
Bb:min7 [1, 5, 8, 10] 10 2
Eb:maj [3, 7, 10] 3 2
Ab:maj [0, 3, 8] 8 6
C:min7 [0, 3, 7, 10] 0 2
C#:maj [1, 5, 8] 1 2
F:min7 [0, 3, 5, 8] 5 2
Bb:min7 [1, 5, 8, 10] 10 2
Eb:sus4(b7 [3, 8, 10] 3 2
C:min [0, 3, 7] 0 2
F:min7 [0, 3, 5, 8] 5 2
Eb:maj [3, 7, 10] 3 4
Ab:maj [0, 3, 8] 8 2
C:min7 [0, 3, 7, 10] 0 2
C#:maj [1, 5, 8] 1 2
F:min [0, 5, 8] 5 2
Bb:min7 [1, 5, 8, 10] 10 2
Eb:7 [1, 3, 7, 10] 3 2
C:min7 [0, 3, 7, 10] 0 2
F:min7 [0, 3, 5, 8] 5 2
C:min7 [0, 3, 7, 10] 0 2
Bb:min [1, 5, 10] 10 2
Ab:maj [0, 3, 8] 8 2
C#:maj [1, 5, 8] 1 1
Eb:maj [3, 7, 10] 3 1
Ab:maj [0, 3, 8] 8 1
C:min [0, 3, 7] 0 1
C:min7 [0, 3, 7, 10] 0 2
F:min [0, 5, 8] 5 4
Bb:min7 [1, 5, 8, 10] 10 2
F:min7/b7 [0, 3, 5, 8] 3 2
C:min7 [0, 3, 7, 10] 0 2
F:min [0, 5, 8] 5 2
Eb:maj [3, 7, 10] 3 4
Ab:maj [0, 3, 8] 8 2
C:min7 [0, 3, 7, 10] 0 2
C#:maj [1, 5, 8] 1 2
F:min [0, 5, 8] 5 2
Bb:min7 [1, 5, 8, 10] 10 2
Eb:maj6 [0, 3, 7, 10] 3 2
C:min [0, 3, 7] 0 2
F:min7 [0, 3, 5, 8] 5 2
C:min7 [0, 3, 7, 10] 0 2
Bb:min [1, 5, 10] 10 1
Eb:maj [3, 7, 10] 3 1
Ab:maj [0, 3, 8] 8 4
C:min7 [0, 3, 7, 10] 0 2
Bb:min [1, 5, 10] 10 5
Ab:maj [0, 3, 8] 8 2
F:min [0, 5, 8] 5 2
C:min7 [0, 3, 7, 10] 0 1
