0 94
63 1
63 1
72 1
72 1
72 1
70 1
70 3
72 1
63 6
60 1
63 1
70 1
68 1
68 1
68 1
67 1
68 2
67 1
65 5
65 1
68 1
65 1
75 2
73 2
72 2
72 1
73 1
72 2
70 4
70 1
65 1
67 1
67 2
70 1
70 1
65 1
67 1
65 1
63 5
63 1
63 1
63 1
72 1
72 1
72 1
70 1
70 3
72 1
63 5
60 1
63 1
60 1
70 2
68 2
67 2
67 1
68 1
67 2
65 3
65 1
68 1
65 1
75 2
73 1
73 1
72 3
73 1
72 2
70 4
70 1
65 1
67 1
67 1
67 1
70 1
70 1
65 1
67 1
65 1
70 1
68 1
68 6
0 6
63 1
65 1
68 1
68 1
68 1
70 1
72 1
72 1
0 1
75 1
75 4
0 2
72 1
75 1
77 1
77 1
77 1
75 1
77 1
0 1
72 1
75 1
72 2
65 1
0 1
68 2
0 2
70 3
0 11
70 1
72 1
75 1
75 1
75 1
72 1
70 1
72 2
67 1
65 6
70 1
65 1
67 1
67 2
70 1
70 1
65 1
67 1
65 1
65 2
63 4
63 1
65 1
68 1
68 1
68 1
70 1
72 1
72 2
75 1
77 1
0 1
75 3
0 1
72 1
75 1
77 1
77 1
77 1
75 1
77 1
0 1
72 1
75 1
72 1
0 1
65 2
65 1
0 1
68 2
70 10
0 4
70 1
72 1
75 1
75 1
75 1
72 1
70 1
72 1
0 1
67 1
0 1
65 2
0 3
63 1
65 1
75 2
72 2
70 1
70 1
0 1
72 1
70 1
68 1
65 3
0 1
70 2
68 6
0 122
0 6
63 1
63 1
72 1
72 1
72 1
70 1
70 3
72 1
63 6
60 1
63 1
70 1
68 1
68 1
68 1
67 1
68 2
67 1
65 5
65 1
68 1
65 1
75 2
73 2
72 2
72 1
73 1
72 2
70 4
70 1
65 1
67 1
67 2
70 1
70 1
65 1
67 1
65 1
63 5
63 1
63 1
63 1
72 1
72 1
72 1
70 1
70 3
72 1
63 5
60 1
63 1
60 1
70 2
68 2
67 2
67 1
68 1
67 2
65 3
65 1
68 1
65 1
75 2
73 1
73 1
72 3
73 1
72 2
70 4
70 1
65 1
67 1
67 1
67 1
70 1
70 1
65 1
67 1
65 1
70 1
68 1
68 6
0 6
63 1
65 1
68 1
68 1
68 1
70 1
72 1
72 1
0 1
75 1
75 4
0 2
72 1
75 1
77 1
77 1
77 1
75 1
77 1
0 1
72 1
75 1
72 2
65 1
0 1
68 2
0 2
70 8
0 6
70 1
72 1
75 1
75 1
75 1
72 1
70 1
72 2
67 1
65 6
70 1
65 1
67 1
67 2
70 1
70 1
65 1
67 1
65 1
65 2
63 4
63 1
65 1
68 1
68 1
68 1
70 1
72 1
72 2
75 1
77 1
0 1
75 3
0 1
72 1
75 1
77 1
77 1
77 1
75 1
77 1
0 1
72 1
75 1
72 1
0 1
65 2
65 1
0 1
68 2
70 2
0 12
70 1
72 1
75 1
75 1
75 1
72 1
70 1
72 1
0 1
67 1
0 1
65 2
0 3
63 1
65 1
75 2
72 2
70 1
70 1
0 1
72 1
70 1
68 1
65 1
0 3
70 2
68 2
0 12
63 1
65 1
68 1
68 1
68 1
70 1
72 1
72 1
0 1
75 1
75 4
0 2
72 1
75 1
77 1
77 1
77 1
75 1
77 1
0 1
72 1
75 1
72 2
65 1
0 1
68 2
0 2
70 3
0 11
70 1
72 1
75 1
75 1
75 1
72 1
70 1
72 2
67 1
65 6
70 1
65 1
67 1
67 2
70 1
70 1
65 1
67 1
65 1
65 2
63 4
63 1
65 1
68 1
68 1
68 1
70 1
72 1
72 2
75 1
77 1
0 1
75 3
0 1
72 1
75 1
77 1
77 1
77 1
75 1
77 1
0 1
72 1
75 1
72 1
0 1
65 2
65 1
0 1
68 2
70 2
0 12
70 1
72 1
75 1
75 1
75 1
72 1
70 1
72 1
0 1
67 1
0 1
65 2
0 3
63 1
65 1
75 2
72 2
70 1
70 1
0 1
72 1
70 1
68 1
65 1
0 3
70 2
68 2
0 12
63 1
65 1
75 2
72 2
70 1
0 1
70 1
72 1
70 3
65 4
0 9
70 4
68 5
