Bb:maj [2, 5, 10] 10 4
Bb:maj7 [2, 5, 8, 10] 10 4
Bb:maj [2, 5, 10] 10 4
Bb:9 [0, 2, 5, 8, 10] 10 4
Bb:maj [2, 5, 10] 10 4
Bb:maj7 [2, 5, 8, 10] 10 4
G:min [2, 7, 10] 7 4
D:min [2, 5, 9] 2 4
Eb:sus2 [3, 5, 10] 3 2
Eb:maj [3, 7, 10] 3 2
Bb:maj [2, 5, 10] 10 4
C:min7 [0, 3, 7, 10] 0 4
F:sus4(b7) [0, 5, 10] 5 4
Bb:maj [2, 5, 10] 10 8
G:min [2, 7, 10] 7 4
D:min [2, 5, 9] 2 4
Eb:maj [3, 7, 10] 3 4
Bb:maj [2, 5, 10] 10 4
C:min [0, 3, 7] 0 4
F:maj [0, 5, 9] 5 8
Bb:maj [2, 5, 10] 10 4
F:maj [0, 5, 9] 5 4
G:min [2, 7, 10] 7 2
F:maj [0, 5, 9] 5 2
D:min [2, 5, 9] 2 4
Eb:maj [3, 7, 10] 3 4
D:min [2, 5, 9] 2 4
C:min [0, 3, 7] 0 4
F:maj [0, 5, 9] 5 3
Eb:maj/5 [3, 7, 10] 10 9
Bb:maj [2, 5, 10] 10 4
Ab:maj [0, 3, 8] 8 2
Bb:maj [2, 5, 10] 10 2
Eb:maj [3, 7, 10] 3 2
Eb:7 [1, 3, 7, 10] 3 2
Ab:maj [0, 3, 8] 8 2
G:min/b3 [2, 7, 10] 10 2
Eb:maj [3, 7, 10] 3 2
Eb:9 [1, 3, 5, 7, 10] 3 2
F:min [0, 5, 8] 5 4
C:min [0, 3, 7] 0 4
F:maj [0, 5, 9] 5 5
Bb:maj [2, 5, 10] 10 4
F:maj [0, 5, 9] 5 4
G:min [2, 7, 10] 7 2
G:min9 [2, 5, 7, 9, 10] 7 2
D:min [2, 5, 9] 2 4
Eb:maj [3, 7, 10] 3 4
D:min [2, 5, 9] 2 4
C:min [0, 3, 7] 0 3
F:maj [0, 5, 9] 5 4
Bb:maj [2, 5, 10] 10 4
F:maj [0, 5, 9] 5 4
G:min [2, 7, 10] 7 2
G:min7 [2, 5, 7, 10] 7 2
D:min [2, 5, 9] 2 4
Eb:maj [3, 7, 10] 3 4
D:min [2, 5, 9] 2 4
C:min [0, 3, 7] 0 3
F:sus4(b7, [0, 3, 5, 7, 9] 5 1
F:maj [0, 5, 9] 5 4
G:maj [2, 7, 11] 7 2
F:maj6 [0, 2, 5, 9] 5 1
Eb:maj9 [1, 3, 5, 7, 10] 3 1
Eb:maj [3, 7, 10] 3 2
D:min [2, 5, 9] 2 1
Eb:maj [3, 7, 10] 3 5
D:min [2, 5, 9] 2 6
C:min [0, 3, 7] 0 3
C:hdim7 [0, 3, 6, 9] 0 5
Bb:sus2 [0, 5, 10] 10 9
