0 64
62 5
0 2
62 1
63 2
62 2
60 3
0 1
58 1
0 1
65 7
0 1
65 1
0 1
67 1
0 1
69 1
0 1
70 5
0 2
69 1
70 2
69 1
0 1
67 3
0 1
65 1
0 1
65 6
0 2
65 1
0 1
65 1
0 1
70 1
0 1
70 1
0 1
63 3
0 1
63 1
0 1
63 1
0 1
62 1
0 1
60 1
0 1
63 1
0 1
62 4
0 2
60 1
0 1
58 1
0 1
58 1
0 1
60 1
0 1
62 1
0 1
62 2
63 1
63 4
0 1
63 2
62 2
60 2
58 1
0 1
60 11
0 5
62 5
0 2
62 1
63 2
62 2
60 3
0 1
58 1
0 1
65 7
0 1
65 1
0 1
67 1
0 1
69 1
0 1
70 5
0 2
69 1
70 2
69 1
0 1
67 3
0 1
65 1
0 1
65 6
0 2
65 1
0 1
65 1
0 1
70 1
0 1
70 1
0 1
63 3
0 1
63 1
0 1
63 1
0 1
62 1
0 1
60 1
0 1
63 1
0 1
62 2
65 2
72 3
0 1
70 5
0 1
65 1
65 1
65 2
63 1
63 4
62 1
63 1
0 1
62 1
0 1
63 1
0 1
70 1
0 1
72 16
0 10
65 1
0 1
65 1
0 1
75 1
0 1
75 5
0 1
74 1
0 1
74 5
0 1
65 1
74 1
74 5
0 1
72 1
0 1
72 4
0 2
70 1
69 1
70 1
0 1
69 1
0 1
70 2
69 1
0 1
70 2
69 1
0 1
70 1
0 1
77 3
0 1
77 6
0 2
70 1
0 1
70 1
0 1
81 1
0 1
81 5
0 1
79 1
0 1
79 5
0 1
70 1
79 1
79 5
0 1
77 1
0 1
77 4
0 2
74 1
0 1
75 1
0 1
74 1
0 1
75 1
0 1
74 1
75 2
0 1
74 1
0 1
72 1
0 1
70 1
0 1
72 8
0 2
65 1
0 1
65 1
0 1
75 1
0 1
75 5
0 1
74 1
0 1
74 5
0 1
65 1
74 1
74 5
0 1
72 1
0 1
72 4
0 2
70 1
69 1
70 1
0 1
69 1
0 1
70 2
69 1
0 1
70 2
69 1
0 1
70 1
0 1
77 3
0 1
77 6
0 2
70 1
0 1
70 1
0 1
81 1
0 1
81 5
0 1
79 1
0 1
79 5
0 1
70 1
79 1
79 5
0 1
77 1
0 1
77 4
0 2
74 1
0 1
75 1
0 1
74 1
0 1
75 1
0 1
74 1
75 2
0 1
74 1
0 1
72 1
0 1
70 1
0 1
70 2
72 5
0 1
65 1
0 1
74 2
72 1
0 1
70 5
0 2
69 2
0 1
70 9
0 127
0 6
65 3
65 2
0 2
75 3
75 5
0 1
74 1
0 1
74 5
0 1
65 1
74 1
74 5
0 1
72 1
0 1
72 4
0 2
70 1
69 1
70 1
0 1
69 1
0 1
70 2
69 1
0 1
70 2
69 1
0 1
70 1
0 1
77 3
0 1
77 6
0 2
70 1
0 1
70 1
0 1
81 1
0 1
81 5
0 1
79 1
0 1
79 5
0 1
70 1
79 1
79 5
0 1
77 1
0 1
77 4
0 2
74 1
0 1
75 1
0 1
74 1
0 1
75 1
0 1
74 1
75 2
0 1
74 1
0 1
72 1
0 1
70 1
0 1
72 8
0 2
65 1
0 1
65 1
0 1
75 1
0 1
75 5
0 1
74 1
0 1
74 5
0 1
65 1
74 1
74 5
0 1
72 1
0 1
72 4
0 2
70 1
69 1
70 1
0 1
69 1
0 1
70 2
69 1
0 1
70 2
69 1
0 1
70 1
0 1
77 3
0 1
77 6
0 2
70 1
0 1
70 1
0 1
81 1
0 1
81 5
0 1
79 1
0 1
79 5
0 1
70 1
79 1
79 5
0 1
77 1
0 1
77 4
0 2
74 1
0 1
75 1
0 1
74 1
0 1
75 1
0 1
74 1
75 2
0 1
74 1
0 1
72 1
0 1
70 1
0 1
70 2
72 5
0 1
65 1
0 1
74 2
72 1
0 1
70 5
0 2
69 2
0 1
70 4
