Eb:maj [3, 7, 10] 3 12 
Ab:maj [0, 3, 8] 8 4 
C:min7 [0, 3, 7, 10] 0 2 
G:min [2, 7, 10] 7 4 
C:min [0, 3, 7] 0 2 
Bb:maj [2, 5, 10] 10 2 
Bb:7/b7 [2, 5, 8, 10] 8 2 
Eb:maj [3, 7, 10] 3 6 
G:min/5 [2, 7, 10] 2 2 
C:sus4 [0, 5, 7] 0 4 
Eb:maj [3, 7, 10] 3 2 
Ab:maj7 [0, 3, 6, 8] 8 1 
Ab:maj [0, 3, 8] 8 1 
Eb:maj [3, 7, 10] 3 4 
Ab:maj [0, 3, 8] 8 4 
F:min [0, 5, 8] 5 4 
Bb:sus2 [0, 5, 10] 10 4 
Eb:sus2 [3, 5, 10] 3 8 
C:min [0, 3, 7] 0 4 
Eb:maj [3, 7, 10] 3 10 
G:min7 [2, 5, 7, 10] 7 2 
C:min [0, 3, 7] 0 4 
Eb:maj [3, 7, 10] 3 2 
Ab:maj [0, 3, 8] 8 1 
Ab:maj6 [0, 3, 5, 8] 8 1 
Eb:maj [3, 7, 10] 3 4 
Ab:maj [0, 3, 8] 8 4 
F:min [0, 5, 8] 5 4 
Bb:maj [2, 5, 10] 10 4 
Eb:maj [3, 7, 10] 3 4 
F:min [0, 5, 8] 5 12 
Bb:maj [2, 5, 10] 10 4 
C:min [0, 3, 7] 0 2 
C:min7 [0, 3, 7, 10] 0 2 
G:min7 [2, 5, 7, 10] 7 2 
C:min [0, 3, 7] 0 2 
Eb:maj [3, 7, 10] 3 2 
Bb:7/b7 [2, 5, 8, 10] 8 2 
Eb:maj [3, 7, 10] 3 7 
G:min/5 [2, 7, 10] 2 1 
C:sus4 [0, 5, 7] 0 4 
Eb:maj [3, 7, 10] 3 2 
Ab:maj7 [0, 3, 6, 8] 8 1 
Ab:maj [0, 3, 8] 8 1 
Eb:maj [3, 7, 10] 3 4 
Ab:maj [0, 3, 8] 8 4 
F:min [0, 5, 8] 5 4 
Bb:sus2 [0, 5, 10] 10 4 
Eb:sus2 [3, 5, 10] 3 8 
C:min [0, 3, 7] 0 4 
Eb:maj [3, 7, 10] 3 10 
G:min7 [2, 5, 7, 10] 7 2 
C:min [0, 3, 7] 0 4 
Eb:maj [3, 7, 10] 3 2 
Ab:maj [0, 3, 8] 8 1 
Bb:maj [2, 5, 10] 10 1 
Eb:maj [3, 7, 10] 3 4 
Ab:maj [0, 3, 8] 8 4 
F:min [0, 5, 8] 5 4 
Bb:maj [2, 5, 10] 10 4 
Eb:maj [3, 7, 10] 3 8 
C:min [0, 3, 7] 0 4 
Eb:maj [3, 7, 10] 3 10 
G:min7 [2, 5, 7, 10] 7 2 
C:min [0, 3, 7] 0 4 
Eb:maj [3, 7, 10] 3 2 
Ab:maj [0, 3, 8] 8 1 
Bb:maj [2, 5, 10] 10 1 
Eb:maj [3, 7, 10] 3 4 
Ab:maj [0, 3, 8] 8 4 
F:min [0, 5, 8] 5 4 
Bb:maj [2, 5, 10] 10 4 
Eb:maj [3, 7, 10] 3 5 
Bb:maj [2, 5, 10] 10 3 
Eb:maj [3, 7, 10] 3 5 
Bb:maj [2, 5, 10] 10 4 
Eb:maj [3, 7, 10] 3 11 
Ab:maj [0, 3, 8] 8 4 
