0 124
70 2
72 2
75 6
77 2
79 2
74 2
74 1
72 1
70 2
72 12
75 2
77 2
79 6
82 2
84 2
75 2
77 1
79 1
80 2
79 12
79 2
82 2
84 6
82 2
84 4
72 2
79 2
77 6
75 2
77 4
77 2
79 2
70 6
72 2
74 2
77 2
79 1
77 1
72 2
75 18
82 2
82 2
84 2
87 2
86 3
84 2
82 1
84 18
82 2
82 2
84 2
87 2
86 4
84 1
82 3
79 10
70 2
72 2
75 6
77 2
79 2
74 2
74 1
72 1
70 2
72 12
75 2
77 2
79 6
82 2
84 2
75 2
77 1
79 1
80 2
79 12
79 2
82 2
84 6
82 2
84 4
72 2
79 2
77 6
75 2
77 4
77 2
79 2
70 6
72 2
74 2
77 2
79 2
72 2
75 16
0 124
70 2
72 2
75 6
77 2
79 2
74 2
74 1
72 1
70 2
72 12
75 2
77 2
79 6
82 2
84 2
75 2
77 1
79 1
80 2
79 12
79 2
82 2
84 6
82 2
84 4
72 2
79 2
77 6
75 2
77 4
77 2
79 2
70 6
72 2
74 2
77 2
79 1
77 1
72 2
75 16
0 2
82 2
82 2
84 2
87 2
86 4
84 1
82 1
84 18
82 2
82 2
84 2
87 2
86 4
84 1
82 3
79 10
70 2
72 2
75 6
77 2
79 2
74 2
74 1
72 1
70 2
72 12
75 2
77 2
79 6
82 2
84 2
75 2
77 1
79 1
80 2
79 12
79 2
82 2
84 6
82 2
84 4
72 2
79 2
77 6
75 2
77 4
77 2
79 2
70 6
72 2
74 2
77 2
79 2
72 2
75 16
0 3
82 2
82 2
84 2
87 2
86 3
84 2
82 1
84 18
82 2
82 2
84 2
87 2
86 4
84 1
82 3
79 10
70 2
72 2
75 6
77 2
79 2
74 2
74 1
72 1
70 2
72 12
75 2
77 2
79 6
82 2
84 2
75 2
77 1
79 1
80 2
79 12
79 2
82 2
84 6
82 2
84 4
72 2
79 2
77 6
75 2
77 4
77 2
79 2
70 6
72 2
74 2
77 2
79 2
72 2
75 12
79 4
70 6
72 2
74 2
77 2
79 2
72 2
75 16
74 7
79 10
75 11
