D:min [2, 5, 9] 2 2
C:maj [0, 4, 7] 0 2
Bb:maj [2, 5, 10] 10 2
F:maj [0, 5, 9] 5 2
G:min [2, 7, 10] 7 2
D:min [2, 5, 9] 2 2
E:hdim7 [1, 4, 7, 10] 4 2
A:7 [1, 4, 7, 9] 9 2
D:min [2, 5, 9] 2 2
C:maj [0, 4, 7] 0 2
Bb:maj6 [2, 5, 7, 10] 10 2
F:maj [0, 5, 9] 5 2
G:min [2, 7, 10] 7 2
D:min [2, 5, 9] 2 2
E:dim [4, 7, 10] 4 2
A:maj [1, 4, 9] 9 2
D:min [2, 5, 9] 2 2
C:maj [0, 4, 7] 0 2
Bb:maj [2, 5, 10] 10 2
F:maj [0, 5, 9] 5 2
G:min [2, 7, 10] 7 2
D:min [2, 5, 9] 2 2
E:dim [4, 7, 10] 4 2
A:7 [1, 4, 7, 9] 9 2
Bb:maj [2, 5, 10] 10 4
A:min [0, 4, 9] 9 2
D:min [2, 5, 9] 2 2
G:min [2, 7, 10] 7 2
Bb:maj [2, 5, 10] 10 2
A:maj [1, 4, 9] 9 4
D:min [2, 5, 9] 2 2
C:maj [0, 4, 7] 0 2
Bb:maj [2, 5, 10] 10 2
F:maj [0, 5, 9] 5 2
G:min [2, 7, 10] 7 2
D:min [2, 5, 9] 2 2
E:dim [4, 7, 10] 4 2
A:7 [1, 4, 7, 9] 9 2
D:min [2, 5, 9] 2 2
C:maj [0, 4, 7] 0 2
Bb:maj [2, 5, 10] 10 2
F:maj [0, 5, 9] 5 2
G:min [2, 7, 10] 7 2
D:min [2, 5, 9] 2 2
E:dim [4, 7, 10] 4 1
A:maj [1, 4, 9] 9 1
D:min [2, 5, 9] 2 2
Bb:maj [2, 5, 10] 10 2
F:maj [0, 5, 9] 5 2
G:min [2, 7, 10] 7 2
D:min [2, 5, 9] 2 2
E:hdim7 [1, 4, 7, 10] 4 2
A:7 [1, 4, 7, 9] 9 2
D:min [2, 5, 9] 2 2
C:maj [0, 4, 7] 0 2
Bb:maj [2, 5, 10] 10 2
F:maj [0, 5, 9] 5 2
G:min [2, 7, 10] 7 2
D:min [2, 5, 9] 2 2
E:dim [4, 7, 10] 4 2
A:7 [1, 4, 7, 9] 9 2
Bb:maj [2, 5, 10] 10 4
A:min [0, 4, 9] 9 2
D:min [2, 5, 9] 2 2
G:min [2, 7, 10] 7 2
Bb:maj [2, 5, 10] 10 2
A:maj [1, 4, 9] 9 4
D:min [2, 5, 9] 2 2
C:maj [0, 4, 7] 0 2
Bb:maj [2, 5, 10] 10 2
F:maj [0, 5, 9] 5 2
G:min [2, 7, 10] 7 2
D:min [2, 5, 9] 2 2
E:dim [4, 7, 10] 4 2
A:7 [1, 4, 7, 9] 9 2
D:min [2, 5, 9] 2 2
C:maj [0, 4, 7] 0 2
Bb:maj [2, 5, 10] 10 2
F:maj [0, 5, 9] 5 2
G:min [2, 7, 10] 7 2
D:min [2, 5, 9] 2 2
E:dim [4, 7, 10] 4 1
A:maj [1, 4, 9] 9 1
G:min [2, 7, 10] 7 2
D:min [2, 5, 9] 2 2
C:maj [0, 4, 7] 0 2
Bb:maj [2, 5, 10] 10 2
F:maj [0, 5, 9] 5 2
G:min [2, 7, 10] 7 2
D:min [2, 5, 9] 2 2
E:dim [4, 7, 10] 4 2
A:7 [1, 4, 7, 9] 9 2
D:min [2, 5, 9] 2 2
C:maj [0, 4, 7] 0 2
Bb:maj [2, 5, 10] 10 2
F:maj [0, 5, 9] 5 2
G:min [2, 7, 10] 7 2
D:min [2, 5, 9] 2 2
E:dim [4, 7, 10] 4 1
A:maj [1, 4, 9] 9 1
D:min [2, 5, 9] 2 4
C:maj [0, 4, 7] 0 2
Bb:maj [2, 5, 10] 10 2
F:maj [0, 5, 9] 5 2
G:min [2, 7, 10] 7 2
D:min [2, 5, 9] 2 2
E:dim [4, 7, 10] 4 2
