0 66
65 2
67 3
65 1
64 1
65 1
64 1
60 3
0 4
62 2
64 3
62 1
60 1
62 1
60 1
57 3
0 4
58 2
60 2
0 1
57 1
57 2
55 1
55 1
0 1
53 2
0 1
62 1
0 1
62 1
62 1
0 1
65 2
0 1
64 6
0 4
65 2
67 3
65 1
64 1
65 1
64 1
60 3
0 4
62 2
64 3
62 1
60 1
62 1
60 1
57 3
0 4
58 2
60 2
58 1
57 1
69 2
67 1
67 1
0 1
65 2
62 1
68 2
67 1
67 1
0 2
65 1
64 6
0 5
65 1
65 1
65 1
0 1
65 1
67 1
0 1
67 6
0 3
64 1
64 1
64 1
0 3
64 2
65 1
62 3
62 1
64 1
65 1
64 1
62 1
64 1
65 1
0 1
62 1
64 1
65 1
64 1
62 1
64 1
65 1
0 1
67 1
69 9
0 4
69 2
67 1
0 1
65 1
65 1
65 1
64 1
65 1
69 2
64 1
0 1
65 1
64 1
62 1
62 1
60 1
0 2
62 1
64 1
65 1
67 1
64 1
60 1
0 1
55 1
57 4
0 2
55 1
57 1
58 1
58 1
58 1
57 1
58 1
69 1
0 1
67 2
65 1
64 1
64 1
62 2
0 2
70 1
70 1
70 1
70 1
70 1
69 1
0 1
67 1
69 3
0 1
69 2
67 1
0 1
65 1
65 1
65 1
64 1
65 1
69 2
64 1
0 1
65 1
64 1
62 1
62 1
60 1
0 2
62 1
64 1
65 1
67 1
64 1
67 1
0 1
70 1
69 2
0 4
67 1
69 1
70 1
69 1
0 1
67 2
0 1
65 1
67 1
69 1
67 1
0 1
65 3
0 2
62 1
64 1
65 1
69 1
67 1
65 2
64 1
64 2
65 1
62 5
0 50
65 2
67 3
65 1
64 1
65 1
64 1
60 3
0 4
62 2
64 3
62 1
60 1
62 1
60 1
57 3
0 4
58 2
60 2
58 1
57 1
69 2
67 1
67 1
0 1
65 2
62 1
68 2
67 1
67 1
0 2
65 1
64 6
0 5
65 1
65 1
65 1
0 1
65 1
67 1
0 1
67 6
0 3
64 1
64 1
64 1
0 3
64 2
65 1
62 3
62 1
64 1
65 1
64 1
62 1
64 1
65 1
0 1
62 1
64 1
65 1
64 1
62 1
64 1
65 1
0 1
67 1
69 9
0 4
69 2
67 1
0 1
65 1
65 1
65 1
64 1
65 1
69 2
64 1
0 1
65 1
64 1
62 1
62 1
60 1
0 2
62 1
64 1
65 1
67 1
64 1
60 1
0 1
55 1
57 4
0 2
55 1
57 1
58 1
58 1
58 1
57 1
58 1
69 1
0 1
67 2
65 1
64 1
64 1
62 2
0 2
70 1
70 1
70 1
70 1
70 1
69 1
0 1
67 1
69 3
0 1
69 2
67 1
0 1
65 1
65 1
65 1
64 1
65 1
69 2
64 1
0 1
65 1
64 1
62 1
62 1
60 1
0 2
62 1
64 1
65 1
67 1
64 1
67 1
0 1
70 1
69 2
0 4
67 1
69 1
70 1
69 1
0 1
67 2
0 1
65 1
67 1
69 1
67 1
0 1
65 3
0 2
62 1
64 1
65 1
69 1
67 1
65 2
64 1
64 2
65 1
62 5
65 1
65 1
65 1
64 1
65 1
69 2
64 1
0 1
65 1
64 1
62 1
62 1
60 1
0 2
62 1
64 1
65 1
67 1
64 1
60 1
0 1
55 1
57 4
0 2
55 1
57 1
58 1
58 1
58 1
57 1
58 1
69 1
0 1
67 2
65 1
64 1
64 1
62 2
0 2
70 1
70 1
70 1
70 1
70 1
69 1
0 1
67 1
69 3
0 1
69 2
67 1
0 1
65 1
65 1
65 1
64 1
65 1
69 2
64 1
0 1
65 1
64 1
62 1
62 1
60 1
0 2
62 1
64 1
65 1
67 1
64 1
67 1
0 1
70 1
69 2
0 4
67 1
69 1
70 1
69 1
0 1
67 2
0 1
65 1
67 1
69 1
67 1
0 1
65 3
0 2
62 1
64 1
65 1
69 1
67 1
65 2
64 1
64 2
65 1
62 6
