G:maj [2, 7, 11] 7 7 
C:maj [0, 4, 7] 0 1 
G:maj [2, 7, 11] 7 4 
C:min [0, 3, 7] 0 4 
G:maj [2, 7, 11] 7 4 
F:maj [0, 5, 9] 5 4 
C:sus2 [0, 2, 7] 0 4 
G:sus2 [2, 7, 9] 7 4 
D:maj [2, 6, 9] 2 2 
B:maj [3, 6, 11] 11 2 
E:maj [4, 8, 11] 4 1 
D:maj [2, 6, 9] 2 1 
C:maj [0, 4, 7] 0 1 
C:maj7 [0, 4, 7, 10] 0 1 
A:min [0, 4, 9] 9 4 
D:maj [2, 6, 9] 2 4 
G:maj [2, 7, 11] 7 4 
F:maj [0, 5, 9] 5 4 
C:maj [0, 4, 7] 0 4 
G:maj [2, 7, 11] 7 4 
D:maj [2, 6, 9] 2 2 
B:maj [3, 6, 11] 11 2 
E:min [4, 7, 11] 4 2 
C:maj9 [0, 2, 4, 7, 10] 0 2 
A:min [0, 4, 9] 9 4 
D:maj [2, 6, 9] 2 4 
G:maj [2, 7, 11] 7 4 
B:min [2, 6, 11] 11 4 
E:min [4, 7, 11] 4 2 
D:maj [2, 6, 9] 2 2 
C:maj [0, 4, 7] 0 3 
C:maj7 [0, 4, 7, 10] 0 1 
A:min [0, 4, 9] 9 4 
B:min [2, 6, 11] 11 2 
E:min [4, 7, 11] 4 2 
A:min [0, 4, 9] 9 2 
D:maj [2, 6, 9] 2 2 
G:maj [2, 7, 11] 7 4 
C:maj [0, 4, 7] 0 4 
G:maj [2, 7, 11] 7 6 
C:min [0, 3, 7] 0 2 
G:maj [2, 7, 11] 7 4 
F:maj [0, 5, 9] 5 4 
C:maj [0, 4, 7] 0 4 
G:maj [2, 7, 11] 7 4 
D:maj [2, 6, 9] 2 2 
B:maj [3, 6, 11] 11 2 
E:min [4, 7, 11] 4 2 
C:maj7/7 [0, 4, 7, 10] 11 2 
A:min [0, 4, 9] 9 4 
D:maj [2, 6, 9] 2 4 
G:maj [2, 7, 11] 7 4 
B:min [2, 6, 11] 11 4 
E:min [4, 7, 11] 4 2 
D:maj [2, 6, 9] 2 2 
C:maj [0, 4, 7] 0 3 
C:maj7 [0, 4, 7, 10] 0 1 
A:min [0, 4, 9] 9 4 
B:min [2, 6, 11] 11 2 
E:min [4, 7, 11] 4 2 
A:min [0, 4, 9] 9 2 
D:maj [2, 6, 9] 2 2 
B:min [2, 6, 11] 11 2 
E:min [4, 7, 11] 4 2 
A:min [0, 4, 9] 9 2 
D:maj [2, 6, 9] 2 2 
B:min [2, 6, 11] 11 2 
E:min [4, 7, 11] 4 2 
A:min [0, 4, 9] 9 4 
B:min [2, 6, 11] 11 4 
C:maj [0, 4, 7] 0 4 
D:maj [2, 6, 9] 2 3 
C#:sus2 [1, 3, 8] 1 1 
Ab:maj [0, 3, 8] 8 4 
C:min [0, 3, 7] 0 4 
F:min [0, 5, 8] 5 2 
Eb:maj [3, 7, 10] 3 2 
C#:maj [1, 5, 8] 1 3 
C#:maj7 [1, 5, 8, 11] 1 1 
Bb:min [1, 5, 10] 10 4 
C:min [0, 3, 7] 0 2 
F:min [0, 5, 8] 5 2 
Bb:min [1, 5, 10] 10 2 
Eb:maj [3, 7, 10] 3 2 
Ab:maj [0, 3, 8] 8 4 
C:min [0, 3, 7] 0 4 
F:min [0, 5, 8] 5 2 
Eb:maj [3, 7, 10] 3 2 
C#:maj [1, 5, 8] 1 4 
Bb:min [1, 5, 10] 10 4 
C:min [0, 3, 7] 0 2 
F:min [0, 5, 8] 5 2 
Bb:min [1, 5, 10] 10 2 
Eb:maj [3, 7, 10] 3 3 
F:min7 [0, 3, 5, 8] 5 1 
C#:maj [1, 5, 8] 1 1 
Eb:maj [3, 7, 10] 3 1 
C#:maj [1, 5, 8] 1 6 
Eb:sus4 [3, 8, 10] 3 2 
Ab:maj(9) [0, 3, 6, 8, 10] 8 1 
Ab:maj [0, 3, 8] 8 3 
C#:maj [1, 5, 8] 1 3 
Ab:maj [0, 3, 8] 8 6 
C#:min [1, 4, 8] 1 3 
Ab:maj [0, 3, 8] 8 4 
