0 66
71 2
71 2
71 1
0 1
71 2
71 1
72 2
74 3
69 1
0 1
69 1
69 2
0 1
67 1
69 4
0 7
64 1
67 1
72 2
0 1
64 1
64 1
67 1
72 2
72 2
71 1
71 8
0 4
71 1
72 2
71 2
69 1
0 1
69 1
0 1
69 2
78 1
78 3
0 1
69 1
71 2
69 1
0 1
67 1
0 1
76 1
0 1
76 2
76 2
76 9
0 1
76 1
74 1
76 2
0 1
67 1
76 1
74 1
76 2
76 2
71 2
74 2
71 2
69 12
0 2
71 1
71 1
71 3
0 1
71 2
71 1
72 2
74 3
69 1
0 1
69 1
69 2
0 1
67 2
67 4
0 6
64 1
67 1
72 2
0 1
64 1
64 1
67 1
72 2
76 2
74 1
74 2
71 7
0 3
71 1
72 2
71 2
69 1
0 1
69 1
0 1
69 2
78 1
78 3
0 1
69 1
71 2
69 1
0 1
67 1
0 1
76 1
0 1
76 2
76 2
76 9
0 1
76 1
74 1
76 2
0 1
67 1
76 1
74 1
76 2
76 2
74 1
79 2
0 1
79 1
79 2
79 2
76 1
74 4
71 2
74 2
79 6
83 2
83 3
0 1
71 1
0 1
74 2
78 5
0 1
81 2
81 8
0 2
79 1
78 1
79 2
0 1
81 1
78 1
0 1
74 1
0 1
74 2
71 2
76 7
0 5
76 2
79 2
83 5
0 1
81 2
76 3
0 1
76 2
79 2
78 4
0 2
79 1
0 1
79 8
0 4
76 2
79 2
83 3
81 1
76 4
78 3
79 13
0 50
71 1
71 1
71 3
0 1
71 2
71 1
72 2
74 3
69 1
0 1
69 1
69 2
0 1
67 2
67 4
0 6
64 1
67 1
72 2
0 1
64 1
64 1
67 1
72 2
76 2
74 1
74 2
71 7
0 3
71 1
72 2
71 2
69 1
0 1
69 1
0 1
69 2
78 1
78 3
0 1
69 1
71 2
69 1
0 1
67 1
0 1
76 1
0 1
76 2
76 2
76 9
0 1
76 1
74 1
76 2
0 1
67 1
76 1
74 1
76 2
76 2
74 1
79 2
0 1
79 1
79 2
79 2
76 1
74 4
71 2
74 2
79 6
83 2
83 3
0 1
71 1
0 1
74 2
78 5
0 1
81 2
81 8
0 2
79 1
78 1
79 2
0 1
81 1
78 1
0 1
74 1
0 1
74 2
71 2
76 7
0 5
76 2
79 2
83 5
0 1
81 2
76 3
0 1
76 2
79 2
78 4
0 2
79 1
0 1
79 8
0 4
76 2
79 2
83 2
81 1
76 2
78 3
81 1
81 1
81 1
81 1
0 1
81 1
0 1
81 1
81 2
79 1
78 2
76 2
0 1
83 1
83 1
83 1
83 1
0 1
83 2
83 1
83 2
81 2
79 1
78 2
0 1
81 1
0 1
81 1
81 1
0 1
83 2
0 1
81 2
79 1
78 2
76 3
83 6
81 2
76 7
0 1
83 5
0 1
81 2
74 8
83 3
0 1
81 4
76 4
78 3
0 1
79 7
0 1
81 4
72 2
75 2
80 6
84 2
84 3
0 1
72 1
0 1
75 2
79 5
0 1
82 2
82 8
0 2
80 1
79 1
80 2
0 1
82 1
79 1
0 1
75 1
0 1
75 2
72 2
77 7
0 5
77 2
80 2
84 5
0 1
82 2
77 3
0 1
77 2
80 2
79 4
0 2
80 1
0 1
80 8
0 4
77 2
80 2
84 3
82 1
77 4
79 3
80 13
0 18
80 1
79 1
80 3
82 1
84 2
79 2
75 2
72 2
79 4
77 7
0 1
77 2
80 2
84 6
85 2
77 3
0 1
77 2
80 2
79 5
0 1
80 2
80 8
0 4
77 2
80 2
84 2
82 1
0 1
77 5
79 2
80 14
0 3
77 2
80 2
84 4
0 3
82 4
77 3
79 3
80 10
