C#:min [1, 4, 8] 1 4 
F#:min [1, 6, 9] 6 1 
B:maj [3, 6, 11] 11 7 
E:maj [4, 8, 11] 4 4 
C#:min [1, 4, 8] 1 4 
A:maj [1, 4, 9] 9 4 
E:maj [4, 8, 11] 4 8 
C#:min [1, 4, 8] 1 3 
A:maj [1, 4, 9] 9 5 
B:maj [3, 6, 11] 11 4 
A:maj [1, 4, 9] 9 4 
E:maj [4, 8, 11] 4 2 
C#:min [1, 4, 8] 1 2 
F#:sus2 [1, 6, 8] 6 3 
B:maj [3, 6, 11] 11 5 
E:maj [4, 8, 11] 4 4 
C#:min [1, 4, 8] 1 3 
A:maj [1, 4, 9] 9 5 
B:maj [3, 6, 11] 11 4 
A:maj [1, 4, 9] 9 4 
E:maj [4, 8, 11] 4 2 
C#:min [1, 4, 8] 1 2 
F#:sus2 [1, 6, 8] 6 3 
F#:min [1, 6, 9] 6 1 
E:maj7/5 [2, 4, 8, 11] 11 4 
A:maj [1, 4, 9] 9 4 
Ab:min [3, 8, 11] 8 1 
C#:min [1, 4, 8] 1 3 
F#:sus2 [1, 6, 8] 6 3 
B:maj [3, 6, 11] 11 3 
E:maj [4, 8, 11] 4 2 
A:maj [1, 4, 9] 9 4 
Ab:min [3, 8, 11] 8 1 
C#:min [1, 4, 8] 1 2 
A:maj [1, 4, 9] 9 5 
B:maj [3, 6, 11] 11 4 
E:maj [4, 8, 11] 4 4 
C#:min [1, 4, 8] 1 3 
A:maj [1, 4, 9] 9 5 
B:maj [3, 6, 11] 11 4 
A:maj [1, 4, 9] 9 4 
E:maj [4, 8, 11] 4 2 
C#:min [1, 4, 8] 1 2 
F#:sus2 [1, 6, 8] 6 2 
F#:min [1, 6, 9] 6 1 
E:maj7/5 [2, 4, 8, 11] 11 8 
C#:min/b3 [1, 4, 8] 4 1 
C:maj [0, 4, 7] 0 4 
D:maj [2, 6, 9] 2 4 
C:maj [0, 4, 7] 0 4 
G:maj [2, 7, 11] 7 4 
F:sus2 [0, 5, 7] 5 4 
E:maj [4, 8, 11] 4 4 
E:min [4, 7, 11] 4 2 
F#:maj/3 [1, 6, 10] 10 2 
B:maj [3, 6, 11] 11 8 
E:maj [4, 8, 11] 4 4 
C#:min [1, 4, 8] 1 3 
A:maj [1, 4, 9] 9 5 
B:maj [3, 6, 11] 11 4 
A:maj [1, 4, 9] 9 4 
E:maj [4, 8, 11] 4 2 
C#:min [1, 4, 8] 1 2 
F#:sus2 [1, 6, 8] 6 3 
B:maj [3, 6, 11] 11 5 
E:maj [4, 8, 11] 4 4 
C#:min [1, 4, 8] 1 3 
A:maj [1, 4, 9] 9 5 
B:maj [3, 6, 11] 11 4 
A:maj [1, 4, 9] 9 4 
E:maj [4, 8, 11] 4 2 
C#:min [1, 4, 8] 1 2 
F#:sus2 [1, 6, 8] 6 2 
F#:min [1, 6, 9] 6 1 
E:maj7/5 [2, 4, 8, 11] 11 5 
A:maj [1, 4, 9] 9 4 
Ab:min [3, 8, 11] 8 1 
C#:min [1, 4, 8] 1 3 
F#:sus2 [1, 6, 8] 6 3 
B:maj [3, 6, 11] 11 3 
E:maj [4, 8, 11] 4 2 
A:maj [1, 4, 9] 9 4 
Ab:min [3, 8, 11] 8 1 
C#:min [1, 4, 8] 1 2 
A:maj [1, 4, 9] 9 5 
B:maj [3, 6, 11] 11 4 
E:maj [4, 8, 11] 4 4 
C#:min [1, 4, 8] 1 3 
A:maj [1, 4, 9] 9 5 
B:maj [3, 6, 11] 11 4 
A:maj [1, 4, 9] 9 4 
E:maj [4, 8, 11] 4 2 
C#:min [1, 4, 8] 1 2 
F#:sus2 [1, 6, 8] 6 2 
F#:min [1, 6, 9] 6 1 
E:maj7/5 [2, 4, 8, 11] 11 5 
A:maj [1, 4, 9] 9 4 
Ab:min [3, 8, 11] 8 1 
C#:min [1, 4, 8] 1 3 
F#:sus2 [1, 6, 8] 6 3 
B:maj [3, 6, 11] 11 3 
E:maj [4, 8, 11] 4 2 
A:maj [1, 4, 9] 9 4 
Ab:min [3, 8, 11] 8 1 
C#:min [1, 4, 8] 1 2 
A:maj [1, 4, 9] 9 5 
B:maj [3, 6, 11] 11 4 
E:maj [4, 8, 11] 4 4 
C#:min [1, 4, 8] 1 3 
A:maj [1, 4, 9] 9 5 
B:maj [3, 6, 11] 11 4 
A:maj [1, 4, 9] 9 4 
E:maj [4, 8, 11] 4 2 
C#:min [1, 4, 8] 1 2 
F#:sus2 [1, 6, 8] 6 2 
F#:min [1, 6, 9] 6 1 
E:maj7/5 [2, 4, 8, 11] 11 5 
A:maj [1, 4, 9] 9 5 
C#:maj [1, 5, 8] 1 3 
F#:min [1, 6, 9] 6 2 
E:maj/5 [4, 8, 11] 11 2 
E:maj [4, 8, 11] 4 4 
A:maj [1, 4, 9] 9 4 
E:maj [4, 8, 11] 4 13 
