0 108
71 2
69 1
0 1
68 1
0 1
68 7
0 1
68 2
66 1
0 1
68 2
64 10
0 2
73 1
0 1
75 1
0 1
76 1
0 1
76 8
75 1
0 1
73 1
0 1
75 1
0 1
71 9
0 3
73 1
0 1
75 1
0 1
76 4
76 6
75 4
73 2
71 4
73 2
64 5
0 1
61 1
0 1
64 1
0 1
66 1
0 1
66 4
68 2
66 3
0 1
64 1
0 1
66 12
0 2
71 1
0 1
69 1
0 1
68 1
0 1
68 7
0 1
68 2
66 1
0 1
68 1
0 1
66 2
64 9
0 1
73 1
0 1
75 1
0 1
76 1
0 1
76 7
0 1
78 1
0 1
75 1
0 1
73 1
0 1
73 2
71 9
0 1
73 1
0 1
75 1
0 1
76 3
0 1
76 1
0 1
76 4
0 2
75 2
73 2
71 2
0 2
73 2
64 5
0 1
61 1
0 1
64 1
0 1
68 1
0 1
66 4
0 2
71 3
0 1
66 1
0 1
64 12
0 4
64 1
0 1
76 5
0 1
76 5
0 1
78 1
0 1
76 1
0 1
75 4
71 1
0 1
68 2
71 1
0 1
73 3
0 3
69 2
69 1
0 1
69 1
0 1
69 1
0 1
69 3
0 1
71 1
0 1
73 3
0 1
71 2
71 7
0 1
64 1
0 1
64 1
0 1
76 1
0 1
76 3
0 1
76 4
76 1
0 1
78 1
0 1
76 1
0 1
75 3
0 1
71 1
0 1
73 6
0 2
73 1
75 1
76 1
0 1
73 1
0 1
76 1
0 1
73 3
0 1
76 1
0 1
73 1
0 1
76 1
0 1
71 5
0 7
71 1
0 1
69 1
0 1
68 1
0 1
68 7
0 1
68 2
66 1
0 1
68 1
0 1
66 2
64 9
0 1
73 1
0 1
75 1
0 1
76 1
0 1
76 7
0 1
78 1
0 1
75 1
0 1
73 1
0 1
73 2
71 9
0 1
73 1
0 1
75 1
0 1
76 3
0 1
76 1
0 1
76 4
0 2
75 2
73 2
71 2
0 2
73 2
64 5
0 1
61 1
0 1
64 1
0 1
68 1
0 1
66 4
0 2
71 3
0 1
66 1
0 1
64 12
0 162
71 2
69 1
0 1
68 1
0 1
68 7
0 1
68 2
66 1
0 1
68 2
64 10
0 2
73 1
0 1
75 1
0 1
76 1
0 1
76 8
75 1
0 1
73 1
0 1
75 1
0 1
71 9
0 3
73 1
0 1
75 1
0 1
76 4
76 6
75 4
73 2
71 4
73 2
64 5
0 1
61 1
0 1
64 1
0 1
66 1
0 1
66 4
68 2
66 3
0 1
64 1
0 1
66 12
0 2
71 1
0 1
69 1
0 1
68 1
0 1
68 7
0 1
68 2
66 1
0 1
68 1
0 1
66 2
64 9
0 1
73 1
0 1
75 1
0 1
76 1
0 1
76 7
0 1
78 1
0 1
75 1
0 1
73 1
0 1
73 2
71 9
0 1
73 1
0 1
75 1
0 1
76 3
0 1
76 1
0 1
76 4
0 2
75 2
73 2
71 2
0 2
73 2
64 5
0 1
61 1
0 1
64 1
0 1
68 1
0 1
66 4
0 2
71 3
0 1
66 1
0 1
64 12
0 4
64 1
0 1
76 5
0 1
76 5
0 1
78 1
0 1
76 1
0 1
75 4
71 1
0 1
68 2
71 1
0 1
73 3
0 3
69 2
69 1
0 1
69 1
0 1
69 1
0 1
69 3
0 1
71 1
0 1
73 3
0 1
71 2
71 7
0 1
64 1
0 1
64 1
0 1
76 1
0 1
76 3
0 1
76 4
76 1
0 1
78 1
0 1
76 1
0 1
75 3
0 1
71 1
0 1
73 6
0 2
73 1
75 1
76 1
0 1
73 1
0 1
76 1
0 1
73 3
0 1
76 1
0 1
73 1
0 1
76 1
0 1
71 5
0 7
71 1
0 1
69 1
0 1
68 1
0 1
68 7
0 1
68 2
66 1
0 1
68 1
0 1
66 2
64 9
0 1
73 1
0 1
75 1
0 1
76 1
0 1
76 7
0 1
78 1
0 1
75 1
0 1
73 1
0 1
73 2
71 9
0 1
73 1
0 1
75 1
0 1
76 3
0 1
76 1
0 1
76 4
0 2
75 2
73 2
71 2
0 2
73 2
64 5
0 1
61 1
0 1
64 1
0 1
68 1
0 1
66 4
0 2
71 3
0 1
66 1
0 1
64 12
0 4
64 1
0 1
76 5
0 1
76 5
0 1
78 1
0 1
76 1
0 1
75 4
71 1
0 1
68 2
71 1
0 1
73 3
0 3
69 2
69 1
0 1
69 1
0 1
69 1
0 1
69 3
0 1
71 1
0 1
73 3
0 1
71 2
71 7
0 1
64 1
0 1
64 1
0 1
76 1
0 1
76 3
0 1
76 4
76 1
0 1
78 1
0 1
76 1
0 1
75 3
0 1
71 1
0 1
73 6
0 2
73 1
75 1
76 1
0 1
73 1
0 1
76 1
0 1
73 3
0 1
76 1
0 1
73 1
0 1
76 1
0 1
71 5
0 7
71 1
0 1
69 1
0 1
68 1
0 1
68 7
0 1
68 2
66 1
0 1
68 1
0 1
66 2
64 9
0 1
73 1
0 1
75 1
0 1
76 1
0 1
76 7
0 1
78 1
0 1
75 1
0 1
73 1
0 1
73 2
71 9
0 1
73 1
0 1
75 1
0 1
76 3
0 1
76 1
0 1
76 4
0 2
75 2
73 2
71 2
0 2
73 2
64 5
0 1
61 1
0 1
64 1
0 1
68 1
0 1
66 4
0 2
71 3
0 1
66 1
0 1
64 12
0 2
73 1
0 1
75 1
0 1
76 3
0 1
76 1
0 1
76 4
0 2
75 2
73 2
71 2
0 2
73 2
64 5
0 1
61 1
0 1
64 1
0 1
68 1
0 1
66 4
0 2
71 3
0 1
66 1
0 1
68 10
71 8
69 8
73 8
76 8
