Bb:min/5 [1, 5, 10] 5 2
Bb:min [1, 5, 10] 10 4
Eb:min7 [1, 3, 6, 10] 3 1
F:min [0, 5, 8] 5 1
Bb:min [1, 5, 10] 10 6
Eb:min7 [1, 3, 6, 10] 3 1
F:min [0, 5, 8] 5 1
Bb:min [1, 5, 10] 10 2
Eb:min [3, 6, 10] 3 2
F:min [0, 5, 8] 5 2
Bb:min [1, 5, 10] 10 4
Eb:min [3, 6, 10] 3 2
F:min [0, 5, 8] 5 2
C#:maj7/7 [1, 5, 8, 11] 0 2
F#:maj [1, 6, 10] 6 2
Bb:min7 [1, 5, 8, 10] 10 2
Eb:min [3, 6, 10] 3 2
F:min [0, 5, 8] 5 2
Bb:min [1, 5, 10] 10 2
Eb:min [3, 6, 10] 3 2
Bb:min9 [0, 1, 5, 8, 10] 10 2
Bb:min [1, 5, 10] 10 4
Bb:min7 [1, 5, 8, 10] 10 3
Bb:min [1, 5, 10] 10 2
F:min [0, 5, 8] 5 1
F:min7 [0, 3, 5, 8] 5 1
F#:maj/3 [1, 6, 10] 10 2
F#:maj [1, 6, 10] 6 1
Bb:min [1, 5, 10] 10 3
Eb:min7 [1, 3, 6, 10] 3 1
Bb:min [1, 5, 10] 10 2
Eb:min [3, 6, 10] 3 2
F:min [0, 5, 8] 5 2
Bb:min [1, 5, 10] 10 4
Eb:min [3, 6, 10] 3 2
F:min [0, 5, 8] 5 2
C#:maj [1, 5, 8] 1 1
C#:maj7 [1, 5, 8, 11] 1 1
F#:maj [1, 6, 10] 6 2
Bb:min7 [1, 5, 8, 10] 10 2
Eb:min [3, 6, 10] 3 2
F:min [0, 5, 8] 5 2
Bb:min [1, 5, 10] 10 2
Eb:min [3, 6, 10] 3 2
F:min [0, 5, 8] 5 2
Bb:min [1, 5, 10] 10 2
Bb:min7 [1, 5, 8, 10] 10 2
F:min [0, 5, 8] 5 2
Eb:min [3, 6, 10] 3 2
F:min [0, 5, 8] 5 2
Bb:min [1, 5, 10] 10 2
Eb:min [3, 6, 10] 3 2
F:min [0, 5, 8] 5 2
Bb:min [1, 5, 10] 10 2
Bb:min7 [1, 5, 8, 10] 10 2
F:min [0, 5, 8] 5 2
Eb:min [3, 6, 10] 3 2
F:min [0, 5, 8] 5 2
Bb:min [1, 5, 10] 10 2
Eb:min [3, 6, 10] 3 2
F:min [0, 5, 8] 5 2
Bb:min [1, 5, 10] 10 4
F#:maj [1, 6, 10] 6 2
G:dim [1, 7, 10] 7 1
Eb:7 [1, 3, 7, 10] 3 1
Eb:sus2 [3, 5, 10] 3 2
Bb:min/5 [1, 5, 10] 5 2
F#:maj [1, 6, 10] 6 2
Eb:7 [1, 3, 7, 10] 3 2
Eb:sus4(b7 [3, 8, 10] 3 2
