D:min [2, 5, 9] 2 4 
Bb:maj7 [2, 5, 8, 10] 10 2 
D:min [2, 5, 9] 2 2 
G:min7 [2, 5, 7, 10] 7 4 
A:maj [1, 4, 9] 9 4 
D:min [2, 5, 9] 2 4 
Bb:maj7 [2, 5, 8, 10] 10 4 
G:min7 [2, 5, 7, 10] 7 4 
A:sus2 [4, 9, 11] 9 4 
D:min [2, 5, 9] 2 4 
F:maj [0, 5, 9] 5 4 
G:min [2, 7, 10] 7 2 
A:min [0, 4, 9] 9 2 
D:min [2, 5, 9] 2 8 
Bb:maj7 [2, 5, 8, 10] 10 4 
G:min [2, 7, 10] 7 4 
A:maj [1, 4, 9] 9 4 
D:min [2, 5, 9] 2 4 
F:maj [0, 5, 9] 5 4 
G:min [2, 7, 10] 7 2 
A:min [0, 4, 9] 9 2 
D:sus2 [2, 4, 9] 2 4 
Bb:maj [2, 5, 10] 10 2 
C:maj [0, 4, 7] 0 2 
F:maj [0, 5, 9] 5 4 
A:maj [1, 4, 9] 9 4 
D:maj [2, 6, 9] 2 2 
D:min7/b7 [0, 2, 5, 9] 0 2 
Bb:maj [2, 5, 10] 10 2 
C:maj [0, 4, 7] 0 2 
D:min [2, 5, 9] 2 2 
B:dim [2, 5, 11] 11 2 
Bb:maj [2, 5, 10] 10 4 
A:maj [1, 4, 9] 9 8 
D:min [2, 5, 9] 2 2 
C#:aug [1, 5, 9] 1 2 
F:maj/5 [0, 5, 9] 0 2 
B:dim [2, 5, 11] 11 2 
Bb:maj7 [2, 5, 8, 10] 10 2 
F:maj7/7 [0, 3, 5, 9] 4 2 
A:maj [1, 4, 9] 9 4 
D:min [2, 5, 9] 2 2 
A:maj [1, 4, 9] 9 2 
F:maj/5 [0, 5, 9] 0 2 
B:dim [2, 5, 11] 11 2 
Bb:maj7 [2, 5, 8, 10] 10 2 
A:7 [1, 4, 7, 9] 9 2 
D:min [2, 5, 9] 2 8 
Bb:maj7 [2, 5, 8, 10] 10 4 
G:min [2, 7, 10] 7 4 
A:maj [1, 4, 9] 9 4 
D:min [2, 5, 9] 2 4 
F:maj [0, 5, 9] 5 4 
G:min [2, 7, 10] 7 2 
A:sus4 [2, 4, 9] 9 2 
D:sus2 [2, 4, 9] 2 4 
Bb:maj [2, 5, 10] 10 2 
C:maj [0, 4, 7] 0 2 
F:maj [0, 5, 9] 5 4 
A:maj [1, 4, 9] 9 4 
D:maj [2, 6, 9] 2 2 
D:min7/b7 [0, 2, 5, 9] 0 2 
Bb:maj [2, 5, 10] 10 2 
C:maj [0, 4, 7] 0 2 
D:min [2, 5, 9] 2 2 
B:dim [2, 5, 11] 11 2 
Bb:maj [2, 5, 10] 10 4 
A:maj [1, 4, 9] 9 4 
Bb:maj [2, 5, 10] 10 2 
C:maj [0, 4, 7] 0 2 
F:maj [0, 5, 9] 5 4 
A:maj [1, 4, 9] 9 4 
D:maj [2, 6, 9] 2 2 
D:min7/b7 [0, 2, 5, 9] 0 2 
Bb:maj [2, 5, 10] 10 2 
C:maj [0, 4, 7] 0 2 
D:min [2, 5, 9] 2 2 
F:maj [0, 5, 9] 5 2 
Bb:maj [2, 5, 10] 10 2 
A:maj [1, 4, 9] 9 2 
D:min [2, 5, 9] 2 16 
A:maj [1, 4, 9] 9 4 
D:sus2 [2, 4, 9] 2 2 
