0 58
77 2
76 2
74 2
69 2
74 2
76 2
77 2
76 2
74 2
79 2
81 12
81 2
79 2
81 2
74 2
79 2
79 2
81 2
74 2
79 2
77 2
69 12
77 2
76 2
74 2
69 2
74 2
76 2
77 2
77 2
74 2
84 2
81 14
74 2
81 2
79 2
81 2
79 2
81 4
76 2
72 2
74 12
77 2
76 2
74 2
69 2
74 2
76 2
77 2
77 1
0 1
74 2
79 2
81 12
81 2
79 2
81 2
74 2
79 2
79 2
81 2
76 2
79 2
77 2
69 12
77 2
76 2
74 2
69 2
74 2
76 2
77 2
77 2
74 2
84 2
81 14
74 2
77 2
79 2
81 2
79 2
81 4
72 4
74 2
74 10
74 2
77 2
81 2
86 4
86 2
84 2
86 4
84 2
81 2
84 2
81 2
79 2
81 6
81 2
81 2
76 2
76 2
76 2
74 2
73 4
76 2
77 2
79 2
81 8
74 2
77 2
81 2
86 4
86 2
84 2
86 6
82 2
81 2
82 2
81 2
69 2
77 8
76 2
77 2
79 2
81 2
74 6
77 2
76 2
74 2
77 4
76 24
0 122
77 2
76 2
74 2
69 2
74 2
76 2
77 2
77 2
74 2
79 2
81 14
74 2
81 2
79 2
81 2
79 2
81 2
77 2
79 4
77 2
79 10
77 2
76 2
74 2
69 2
74 2
76 2
77 2
77 2
79 2
84 2
81 14
74 2
77 2
79 2
81 2
79 2
81 2
72 4
74 2
74 12
74 2
77 2
81 2
86 4
86 2
84 2
86 4
84 2
81 2
84 2
81 2
79 2
81 6
81 2
81 2
76 2
76 2
76 2
74 2
73 4
76 2
77 2
79 2
82 4
81 4
74 2
77 2
81 2
86 4
86 2
84 2
86 6
82 2
81 2
82 2
81 2
69 2
77 8
76 2
77 2
79 2
81 2
74 6
77 2
76 2
74 2
82 3
81 3
74 2
77 2
81 2
86 4
86 2
84 2
86 4
86 2
81 2
84 2
81 2
79 2
81 6
81 2
81 2
76 4
76 2
74 2
73 2
74 2
76 2
77 2
79 2
82 4
81 4
74 2
77 2
81 2
86 4
86 2
84 2
86 2
86 4
81 2
84 2
81 2
79 2
81 10
81 2
82 2
81 2
82 4
76 4
77 2
74 38
77 2
76 2
74 2
76 2
74 2
76 2
74 2
79 2
81 16
69 2
69 2
77 2
76 2
77 3
74 23
