G:min [2, 7, 10] 7 32 
C:min [0, 3, 7] 0 2 
G:min [2, 7, 10] 7 2 
Bb:maj [2, 5, 10] 10 2 
F:maj [0, 5, 9] 5 2 
G:min [2, 7, 10] 7 4 
Bb:maj [2, 5, 10] 10 2 
F:maj [0, 5, 9] 5 2 
G:min [2, 7, 10] 7 4 
C:min [0, 3, 7] 0 4 
F:maj [0, 5, 9] 5 4 
G:min [2, 7, 10] 7 4 
C:min [0, 3, 7] 0 2 
G:min [2, 7, 10] 7 2 
Bb:maj [2, 5, 10] 10 2 
F:maj [0, 5, 9] 5 2 
G:min [2, 7, 10] 7 4 
Bb:maj [2, 5, 10] 10 2 
F:maj [0, 5, 9] 5 2 
G:min [2, 7, 10] 7 4 
C:min [0, 3, 7] 0 2 
F:maj [0, 5, 9] 5 2 
Bb:maj [2, 5, 10] 10 4 
Eb:maj [3, 7, 10] 3 4 
Bb:maj [2, 5, 10] 10 4 
Eb:maj [3, 7, 10] 3 4 
Bb:maj [2, 5, 10] 10 4 
Eb:maj [3, 7, 10] 3 2 
F:maj [0, 5, 9] 5 2 
Bb:maj [2, 5, 10] 10 1 
F:maj/3 [0, 5, 9] 9 1 
G:min [2, 7, 10] 7 2 
C:min [0, 3, 7] 0 2 
F:maj [0, 5, 9] 5 2 
D:min/b3 [2, 5, 9] 5 4 
G:min [2, 7, 10] 7 4 
C:min [0, 3, 7] 0 2 
G:min [2, 7, 10] 7 2 
Bb:maj [2, 5, 10] 10 2 
F:maj [0, 5, 9] 5 2 
G:min [2, 7, 10] 7 4 
Bb:maj [2, 5, 10] 10 2 
F:maj [0, 5, 9] 5 2 
G:min [2, 7, 10] 7 4 
C:min [0, 3, 7] 0 2 
F:maj [0, 5, 9] 5 2 
Bb:maj [2, 5, 10] 10 4 
G:min [2, 7, 10] 7 4 
C:min [0, 3, 7] 0 2 
G:min [2, 7, 10] 7 2 
Bb:maj [2, 5, 10] 10 2 
F:maj [0, 5, 9] 5 2 
G:min [2, 7, 10] 7 4 
Bb:maj [2, 5, 10] 10 2 
F:maj [0, 5, 9] 5 2 
G:min [2, 7, 10] 7 4 
C:min [0, 3, 7] 0 2 
F:maj [0, 5, 9] 5 2 
Bb:maj [2, 5, 10] 10 4 
Eb:maj [3, 7, 10] 3 4 
Bb:maj [2, 5, 10] 10 4 
Eb:maj [3, 7, 10] 3 4 
Bb:maj [2, 5, 10] 10 4 
Eb:maj [3, 7, 10] 3 2 
F:maj [0, 5, 9] 5 2 
Bb:maj [2, 5, 10] 10 1 
F:maj/3 [0, 5, 9] 9 1 
G:min [2, 7, 10] 7 2 
C:min [0, 3, 7] 0 2 
F:maj [0, 5, 9] 5 2 
D:min/b3 [2, 5, 9] 5 4 
G:min [2, 7, 10] 7 4 
C:min [0, 3, 7] 0 2 
G:min [2, 7, 10] 7 2 
Bb:maj [2, 5, 10] 10 2 
F:maj [0, 5, 9] 5 2 
G:min [2, 7, 10] 7 4 
Bb:maj [2, 5, 10] 10 2 
F:maj [0, 5, 9] 5 2 
G:min [2, 7, 10] 7 4 
C:min [0, 3, 7] 0 2 
F:maj [0, 5, 9] 5 2 
Bb:maj [2, 5, 10] 10 4 
C:min [0, 3, 7] 0 2 
F:maj [0, 5, 9] 5 2 
Bb:maj [2, 5, 10] 10 4 
C:min [0, 3, 7] 0 2 
F:maj [0, 5, 9] 5 2 
Bb:maj/5 [2, 5, 10] 5 3 
F:maj/3 [0, 5, 9] 9 1 
G:sus4 [0, 2, 7] 7 39 
