0 116
65 1
67 1
0 1
65 1
67 2
0 1
70 5
0 4
72 1
72 1
70 1
72 3
67 3
70 1
0 1
72 1
74 2
0 1
74 1
74 2
0 1
74 1
74 2
72 1
0 2
72 1
0 1
70 1
72 2
67 2
0 1
67 1
0 1
65 1
67 3
0 2
70 1
0 1
72 1
74 2
0 1
74 2
74 1
0 1
72 1
72 3
0 1
72 2
0 1
77 1
79 3
74 2
74 1
0 1
72 1
74 3
0 1
74 1
72 1
0 1
70 1
74 2
0 1
72 6
0 3
70 1
70 1
0 1
67 1
70 1
67 1
65 6
0 12
67 1
67 1
0 1
65 1
67 2
0 1
70 5
0 4
72 1
72 1
70 1
72 3
67 3
70 1
0 1
72 1
74 2
0 1
74 1
74 2
0 1
74 1
72 2
72 1
0 1
72 2
0 1
70 1
72 2
67 2
0 1
67 1
0 1
65 1
67 3
0 2
70 1
0 1
72 1
74 2
0 1
74 1
74 3
72 1
72 3
72 1
72 2
0 1
77 1
79 3
74 2
74 1
0 1
72 1
74 3
0 1
74 1
72 1
0 1
70 1
74 2
0 1
72 6
0 3
70 1
70 1
0 1
67 1
72 2
0 1
70 9
0 8
79 2
79 1
0 1
79 2
79 1
0 2
77 1
74 1
0 1
79 2
77 1
0 1
77 1
77 1
0 1
74 1
79 2
0 1
77 5
0 4
79 2
0 1
79 1
79 2
0 1
79 2
77 1
74 1
0 1
79 3
77 3
74 1
0 1
77 4
0 1
74 1
0 1
77 1
79 3
0 1
79 2
0 1
79 1
81 2
0 1
81 3
77 1
0 1
82 3
0 1
81 4
79 3
0 1
74 1
72 1
0 1
70 1
72 2
0 1
72 3
0 1
70 1
72 2
0 1
65 1
79 1
79 1
0 1
74 1
79 2
77 3
79 1
0 1
77 1
77 7
0 5
67 1
67 1
0 1
65 1
67 2
0 1
70 5
0 4
72 1
72 1
70 1
72 3
67 3
70 1
0 1
72 1
74 2
0 1
74 1
74 2
0 1
74 1
72 2
72 1
0 1
72 2
0 1
70 1
72 2
67 2
0 1
67 1
0 1
65 1
67 3
0 2
70 1
0 1
72 1
74 2
0 1
74 1
74 3
72 1
72 3
72 1
72 2
0 1
77 1
79 3
74 2
74 1
0 1
72 1
74 3
0 1
74 1
72 1
0 1
70 1
74 2
0 1
72 6
0 3
70 1
70 1
0 1
67 1
72 2
0 1
70 9
0 136
79 2
79 1
0 1
79 2
79 1
0 2
77 1
74 1
0 1
79 2
77 1
0 1
77 1
77 1
0 1
74 1
79 2
0 1
77 5
0 4
79 2
0 1
79 1
79 2
79 2
0 1
77 1
74 1
0 1
79 3
77 3
74 1
0 1
77 4
0 1
74 1
0 1
77 1
79 3
0 1
79 2
0 1
79 1
81 2
0 1
81 3
77 1
0 1
82 3
0 1
81 4
79 3
0 1
74 1
72 1
0 1
70 1
72 2
0 1
72 3
0 1
70 1
72 2
0 1
65 1
79 1
79 1
0 1
74 1
79 2
77 3
79 1
0 1
77 1
77 7
0 5
67 1
67 1
0 1
65 1
67 2
0 1
70 5
0 4
72 1
72 1
70 1
72 3
67 3
70 1
0 1
72 1
74 2
0 1
74 1
74 2
0 1
74 1
72 2
72 1
0 1
72 2
0 1
70 1
72 2
67 2
0 1
67 1
0 1
65 1
67 3
0 2
70 1
0 1
72 1
74 2
0 1
74 1
74 3
72 1
72 3
72 1
72 2
0 1
77 1
79 3
74 2
74 1
0 1
72 1
74 3
0 1
74 1
72 1
0 1
70 1
74 2
0 1
72 6
0 3
70 1
70 1
0 1
67 1
72 2
0 1
70 9
74 1
72 1
0 1
70 1
74 2
0 1
72 8
0 1
70 1
70 1
0 1
67 1
72 2
0 1
70 8
0 1
74 1
72 1
0 1
70 1
74 2
0 1
72 9
70 1
67 1
0 1
72 2
70 8
0 3
69 4
67 10
