0 160
55 2
56 1
0 1
58 1
0 1
60 1
0 1
58 6
0 2
53 2
58 1
0 1
58 2
60 1
0 1
58 8
51 2
53 2
55 1
0 1
63 2
60 4
55 4
58 13
0 3
60 2
63 1
0 1
63 2
65 2
63 5
0 1
60 1
0 1
58 1
0 1
60 1
0 1
55 1
0 1
53 1
0 1
51 4
0 4
48 2
51 1
0 1
53 1
0 1
58 1
0 1
55 3
0 1
53 2
55 1
53 1
51 14
0 14
55 2
58 1
0 1
67 4
0 2
67 1
0 1
67 2
65 1
0 1
65 1
0 1
63 1
0 1
58 9
0 3
55 2
58 2
63 5
0 1
63 1
0 1
63 2
60 1
0 1
60 1
0 1
58 1
60 1
55 9
0 3
55 2
58 2
67 5
0 1
67 1
0 1
67 2
65 1
0 1
65 2
63 2
60 9
0 3
60 2
63 2
65 4
0 2
65 1
0 1
65 2
65 1
67 1
62 2
60 2
58 8
0 8
55 2
56 1
0 1
58 1
0 1
60 1
0 1
58 6
0 2
53 2
58 1
0 1
58 2
60 1
0 1
58 8
51 2
53 2
55 1
0 1
63 2
60 4
55 4
58 13
0 3
60 2
63 1
0 1
63 2
65 2
63 5
0 1
60 1
0 1
58 1
0 1
60 1
0 1
55 1
0 1
53 1
0 1
51 4
0 4
48 2
51 1
0 1
53 1
0 1
58 1
0 1
55 3
0 1
53 2
55 1
53 1
51 14
0 82
55 2
56 1
0 1
58 1
0 1
60 1
0 1
58 6
0 2
53 2
58 1
0 1
58 2
60 1
0 1
58 8
51 2
53 2
55 1
0 1
63 2
60 4
55 4
58 13
0 3
60 2
63 1
0 1
63 2
65 2
63 5
0 1
60 1
0 1
58 1
0 1
60 1
0 1
55 1
0 1
53 1
0 1
51 4
0 4
48 2
51 1
0 1
53 1
0 1
58 1
0 1
55 3
0 1
53 2
55 1
53 1
51 10
0 2
55 2
58 1
0 1
67 4
0 2
67 1
0 1
67 2
65 1
0 1
65 1
0 1
63 1
0 1
58 9
0 3
55 2
58 2
63 5
0 1
63 1
0 1
63 2
60 1
0 1
60 1
0 1
58 1
60 1
55 9
0 3
55 2
58 2
67 5
0 1
67 1
0 1
67 2
65 1
0 1
65 2
63 2
60 9
0 3
60 2
63 2
65 4
0 2
65 1
0 1
65 2
65 1
67 1
62 2
60 2
58 8
0 8
55 2
56 1
0 1
58 1
0 1
60 1
0 1
58 6
0 2
53 2
58 1
0 1
58 2
60 1
0 1
58 8
51 2
53 2
55 1
0 1
63 2
60 4
55 4
58 13
0 3
60 2
63 1
0 1
63 2
65 2
63 5
0 1
60 1
0 1
58 1
0 1
60 1
0 1
55 1
0 1
53 1
0 1
51 4
0 4
48 2
51 1
0 1
53 1
0 1
58 1
0 1
55 3
0 1
53 2
55 1
53 1
51 14
0 18
57 2
58 1
0 1
60 1
0 1
62 1
0 1
60 6
0 2
55 2
60 1
0 1
60 2
62 1
0 1
60 8
53 2
55 2
57 1
0 1
65 2
62 4
57 4
60 13
0 3
62 2
65 1
0 1
65 2
67 2
65 5
0 1
62 1
0 1
60 1
0 1
62 1
0 1
57 1
0 1
55 1
0 1
53 4
0 4
50 2
53 1
0 1
55 1
0 1
60 1
0 1
57 3
0 1
55 2
57 1
55 1
53 8
0 8
62 2
65 1
0 1
65 2
67 2
65 5
0 1
62 1
0 1
60 1
0 1
62 1
0 1
57 1
0 1
55 1
0 1
53 4
0 4
50 2
53 1
0 1
55 1
0 1
60 1
0 1
57 3
0 1
55 2
57 1
55 1
53 8
0 8
50 2
53 1
0 1
55 1
0 1
60 1
0 2
57 4
0 1
55 15
0 2
53 23
