F:maj [0, 5, 9] 5 2 
G:maj [2, 7, 11] 7 2 
A:min [0, 4, 9] 9 4 
F:maj [0, 5, 9] 5 2 
G:maj [2, 7, 11] 7 2 
C:maj [0, 4, 7] 0 4 
F:maj [0, 5, 9] 5 2 
G:maj [2, 7, 11] 7 2 
A:min [0, 4, 9] 9 1 
A:min/b3 [0, 4, 9] 0 1 
F#:dim [0, 6, 9] 6 2 
D:min [2, 5, 9] 2 2 
G:maj [2, 7, 11] 7 2 
A:sus4 [2, 4, 9] 9 4 
F:maj [0, 5, 9] 5 2 
G:maj [2, 7, 11] 7 2 
A:min [0, 4, 9] 9 4 
F:maj [0, 5, 9] 5 2 
G:maj [2, 7, 11] 7 2 
C:maj [0, 4, 7] 0 4 
F:maj [0, 5, 9] 5 2 
G:maj [2, 7, 11] 7 2 
F:maj/3 [0, 5, 9] 9 1 
E:min/b3 [4, 7, 11] 7 1 
D:maj/3 [2, 6, 9] 6 2 
D:min [2, 5, 9] 2 2 
G:maj [2, 7, 11] 7 2 
A:sus4 [2, 4, 9] 9 4 
F:maj [0, 5, 9] 5 2 
G:maj [2, 7, 11] 7 2 
A:min [0, 4, 9] 9 4 
F:maj [0, 5, 9] 5 2 
G:maj [2, 7, 11] 7 2 
C:maj [0, 4, 7] 0 4 
F:maj [0, 5, 9] 5 2 
G:maj [2, 7, 11] 7 2 
F:maj/3 [0, 5, 9] 9 1 
A:min [0, 4, 9] 9 1 
D:maj/3 [2, 6, 9] 6 2 
F:maj [0, 5, 9] 5 2 
G:maj [2, 7, 11] 7 2 
C:maj [0, 4, 7] 0 10 
F:maj [0, 5, 9] 5 2 
E:min [4, 7, 11] 4 2 
A:min [0, 4, 9] 9 2 
D:min [2, 5, 9] 2 2 
G:maj [2, 7, 11] 7 2 
C:maj [0, 4, 7] 0 4 
F:maj [0, 5, 9] 5 2 
G:maj [2, 7, 11] 7 2 
E:maj [4, 8, 11] 4 2 
A:min [0, 4, 9] 9 2 
D:min [2, 5, 9] 2 2 
G:maj [2, 7, 11] 7 2 
C:sus4 [0, 5, 7] 0 4 
F:maj [0, 5, 9] 5 2 
G:maj [2, 7, 11] 7 2 
A:min [0, 4, 9] 9 4 
F:maj [0, 5, 9] 5 2 
E:min [4, 7, 11] 4 2 
F:maj [0, 5, 9] 5 2 
G:maj [2, 7, 11] 7 2 
F:maj [0, 5, 9] 5 2 
G:maj [2, 7, 11] 7 2 
A:min [0, 4, 9] 9 4 
F:maj [0, 5, 9] 5 2 
G:maj [2, 7, 11] 7 2 
C:maj [0, 4, 7] 0 4 
F:maj [0, 5, 9] 5 2 
G:maj [2, 7, 11] 7 2 
F:maj/3 [0, 5, 9] 9 1 
A:min7 [0, 4, 7, 9] 9 1 
D:maj/3 [2, 6, 9] 6 2 
D:min [2, 5, 9] 2 2 
G:maj [2, 7, 11] 7 2 
A:sus4 [2, 4, 9] 9 4 
F:maj [0, 5, 9] 5 2 
G:maj [2, 7, 11] 7 2 
A:min [0, 4, 9] 9 4 
F:maj [0, 5, 9] 5 2 
G:maj [2, 7, 11] 7 2 
C:maj [0, 4, 7] 0 4 
F:maj [0, 5, 9] 5 2 
G:maj [2, 7, 11] 7 2 
F:maj/3 [0, 5, 9] 9 1 
A:min [0, 4, 9] 9 1 
D:maj/3 [2, 6, 9] 6 2 
F:maj [0, 5, 9] 5 2 
G:maj [2, 7, 11] 7 2 
C:maj [0, 4, 7] 0 10 
F:maj [0, 5, 9] 5 2 
E:min [4, 7, 11] 4 2 
A:min [0, 4, 9] 9 2 
D:min [2, 5, 9] 2 2 
G:maj [2, 7, 11] 7 2 
C:maj [0, 4, 7] 0 4 
F:maj [0, 5, 9] 5 2 
G:maj [2, 7, 11] 7 2 
E:maj [4, 8, 11] 4 2 
A:min [0, 4, 9] 9 2 
D:min [2, 5, 9] 2 2 
G:maj [2, 7, 11] 7 2 
C:sus4 [0, 5, 7] 0 4 
C:maj/5 [0, 4, 7] 7 2 
F:maj [0, 5, 9] 5 2 
E:min [4, 7, 11] 4 2 
A:min [0, 4, 9] 9 2 
D:min [2, 5, 9] 2 2 
G:maj [2, 7, 11] 7 2 
C:maj [0, 4, 7] 0 4 
F:maj [0, 5, 9] 5 2 
G:maj [2, 7, 11] 7 2 
E:maj [4, 8, 11] 4 2 
A:min [0, 4, 9] 9 2 
D:min [2, 5, 9] 2 2 
G:maj [2, 7, 11] 7 2 
C:sus4 [0, 5, 7] 0 4 
F:maj [0, 5, 9] 5 2 
G:maj [2, 7, 11] 7 2 
E:maj [4, 8, 11] 4 2 
A:min [0, 4, 9] 9 2 
D:min [2, 5, 9] 2 2 
G:maj [2, 7, 11] 7 2 
C:sus4 [0, 5, 7] 0 4 
F:maj [0, 5, 9] 5 2 
G:maj [2, 7, 11] 7 2 
A:min [0, 4, 9] 9 4 
F:maj [0, 5, 9] 5 2 
G:maj [2, 7, 11] 7 2 
C:maj [0, 4, 7] 0 4 
F:maj [0, 5, 9] 5 2 
G:maj [2, 7, 11] 7 3 
E:min/b3 [4, 7, 11] 7 1 
D:maj/3 [2, 6, 9] 6 2 
D:min [2, 5, 9] 2 2 
G:maj [2, 7, 11] 7 3 
F:maj [0, 5, 9] 5 6 
