0 132
76 1
0 1
76 1
0 1
74 5
0 1
71 4
72 9
0 9
76 1
0 1
76 2
74 2
72 2
74 1
0 1
79 3
0 1
76 10
0 8
81 1
0 1
81 1
0 1
79 3
0 1
76 2
74 1
0 1
76 4
74 4
72 4
0 4
76 3
0 1
74 1
0 1
72 1
0 1
74 3
0 1
71 3
0 1
69 11
0 9
76 1
0 1
76 1
0 1
74 5
0 1
71 4
72 9
0 9
76 1
0 1
76 2
74 2
72 2
74 1
0 1
79 3
0 1
76 10
0 8
81 1
0 1
81 1
0 1
79 3
0 1
76 2
74 1
0 1
76 4
74 4
72 4
0 4
76 3
0 1
74 1
0 1
72 1
0 1
74 6
72 2
72 11
0 25
76 2
79 1
0 1
81 3
0 1
84 3
0 1
83 5
0 1
79 2
76 6
72 2
72 5
0 1
81 2
81 2
79 1
0 1
76 2
74 2
76 9
0 11
76 1
0 1
79 1
0 1
81 3
0 1
84 3
0 1
83 3
0 3
76 2
84 4
0 2
76 2
74 4
0 2
81 1
0 1
81 1
0 1
79 1
0 1
76 1
0 1
74 3
0 1
72 13
0 69
76 1
0 1
76 1
0 1
74 5
0 1
71 4
72 9
0 9
76 1
0 1
76 2
74 2
72 2
74 1
0 1
79 3
0 1
76 10
0 8
81 1
0 1
81 1
0 1
79 3
0 1
76 2
74 1
0 1
76 4
74 4
72 4
0 4
76 3
0 1
74 1
0 1
72 1
0 1
74 3
0 1
71 3
0 1
69 11
0 9
76 1
0 1
76 1
0 1
74 5
0 1
71 4
72 9
0 9
76 1
0 1
76 2
74 2
72 2
74 1
0 1
79 3
0 1
76 10
0 8
81 1
0 1
81 1
0 1
79 3
0 1
76 2
74 1
0 1
76 4
74 4
72 4
0 4
76 3
0 1
74 1
0 1
72 1
0 1
74 6
72 2
72 11
0 25
76 2
79 1
0 1
81 3
0 1
84 3
0 1
83 5
0 1
79 2
76 6
72 2
72 5
0 1
81 2
81 2
79 1
0 1
76 2
74 2
76 9
0 11
76 1
0 1
79 1
0 1
81 3
0 1
84 3
0 1
83 3
0 3
76 2
84 4
0 2
76 2
74 4
0 2
81 1
0 1
81 1
0 1
79 1
0 1
76 1
0 1
74 3
0 1
72 13
0 5
76 2
79 1
0 1
81 3
0 1
84 3
0 1
83 5
0 1
79 2
76 6
72 2
72 5
0 1
81 2
81 2
79 1
0 1
76 2
74 2
76 9
0 11
76 1
0 1
79 1
0 1
81 3
0 1
84 3
0 1
83 3
0 3
76 2
84 4
0 2
76 2
74 4
0 2
81 1
0 1
81 1
0 1
79 1
0 1
76 1
0 1
74 3
0 1
72 13
0 5
76 2
79 1
0 1
81 3
0 1
84 3
0 1
83 5
0 1
76 2
84 6
76 2
74 5
0 1
81 2
81 2
79 1
0 1
76 2
74 2
72 9
0 11
76 1
0 1
76 1
0 1
74 5
0 1
71 4
72 9
0 9
76 1
0 1
76 2
74 4
0 2
79 3
0 1
76 10
0 8
81 3
0 1
79 3
0 1
76 2
74 1
0 1
76 4
74 4
72 4
0 4
76 3
0 1
74 1
0 1
72 1
0 1
74 6
0 4
71 3
0 1
69 16
