0 212
67 4
72 4
76 4
74 3
0 3
77 1
77 1
77 1
0 1
76 1
74 3
72 1
72 4
0 1
67 4
72 3
0 1
71 2
0 2
69 4
0 2
69 1
69 1
69 1
0 1
67 1
65 2
64 2
67 4
0 1
67 4
72 4
76 4
74 4
0 2
77 1
77 1
77 1
0 1
76 1
74 2
72 2
76 4
0 1
67 4
72 4
71 4
69 5
0 1
72 1
72 1
72 2
71 1
72 2
74 2
76 2
0 1
69 1
71 1
72 1
0 1
69 1
71 1
72 4
0 6
67 1
69 1
71 2
67 1
69 1
71 1
69 1
71 2
0 6
69 1
0 1
69 2
71 2
72 2
74 2
76 2
77 1
0 1
76 4
74 1
0 1
72 5
0 1
71 4
0 2
69 1
71 1
72 1
0 1
69 1
71 2
72 6
0 3
71 1
72 1
74 1
0 1
71 1
72 1
0 1
74 5
0 4
74 1
0 1
74 2
76 2
77 2
76 2
74 2
79 3
0 1
79 2
81 2
79 10
81 14
0 6
81 4
79 4
78 4
76 5
0 2
69 1
81 2
79 1
78 2
76 3
74 3
0 1
81 3
0 1
74 4
73 4
71 5
0 1
79 1
79 1
79 1
0 1
79 1
78 2
79 2
81 5
81 2
0 2
79 4
78 4
76 5
0 1
69 1
69 1
81 2
79 1
78 2
76 3
74 2
71 1
73 1
74 2
71 1
73 1
74 4
0 2
71 1
73 1
74 2
73 1
74 1
0 1
83 2
0 1
81 1
0 1
73 1
73 1
0 1
76 3
74 11
0 151
69 1
71 1
72 1
0 1
69 1
71 1
72 4
0 6
67 1
69 1
71 2
67 1
69 1
71 1
69 1
71 2
0 6
69 1
0 1
69 2
71 2
72 2
74 2
76 2
77 1
0 1
76 4
74 1
0 1
72 5
0 1
71 4
0 2
69 1
71 1
72 1
0 1
69 1
71 2
72 6
0 3
71 1
72 1
74 1
0 1
71 1
72 1
0 1
74 5
0 4
74 1
0 1
74 2
76 2
77 2
76 2
74 2
79 3
0 1
81 2
81 1
0 1
79 7
76 1
79 1
81 15
0 6
81 4
79 4
78 4
76 5
0 2
69 1
81 2
79 1
78 2
76 3
74 3
0 1
81 3
0 1
74 4
73 4
71 5
0 1
79 1
79 1
79 1
0 1
79 1
78 2
79 2
81 5
81 2
0 2
79 4
78 4
76 5
0 1
69 1
69 1
81 2
79 1
78 2
76 3
74 2
71 1
73 1
74 2
71 1
73 1
74 4
0 2
71 1
73 1
74 2
73 1
74 1
0 1
83 2
0 1
81 1
0 1
73 1
73 1
0 1
76 3
74 11
0 9
81 4
79 4
78 4
76 5
0 2
69 1
81 2
79 1
78 2
76 3
74 3
0 1
81 3
0 1
74 4
73 4
71 5
0 1
79 1
79 1
79 1
0 1
79 1
78 2
79 3
81 4
81 2
0 2
79 4
78 4
76 5
0 1
69 1
69 1
81 2
79 1
78 2
76 3
74 2
71 1
73 1
74 2
71 1
73 1
74 4
0 2
71 1
73 1
74 2
73 1
74 1
0 1
83 2
0 1
81 1
0 1
73 1
73 1
0 1
76 3
74 14
71 1
73 1
74 2
73 1
74 1
0 1
83 2
0 1
81 1
0 1
73 1
73 1
0 1
76 3
74 17
