0 111
64 2
64 1
64 1
64 1
62 1
60 1
64 3
0 3
64 1
67 1
69 1
67 1
0 1
67 1
67 1
0 1
64 2
62 6
0 3
69 1
69 1
69 1
67 1
69 2
0 1
72 1
67 3
0 1
64 1
62 1
60 1
62 1
64 2
67 1
62 2
67 2
60 6
69 1
69 1
71 1
72 1
71 1
69 1
69 2
69 1
69 1
72 1
69 1
67 1
64 1
67 2
0 2
67 1
72 1
0 1
72 1
0 1
71 1
0 1
67 1
69 6
0 3
72 1
71 1
69 1
72 3
0 2
71 1
67 2
0 1
72 1
0 1
71 1
69 10
0 7
64 2
64 1
64 1
64 1
62 1
60 1
64 3
0 3
64 1
67 1
69 1
67 1
0 1
67 1
67 1
0 1
64 2
62 8
0 1
69 1
69 1
69 1
67 1
69 2
0 1
72 1
67 3
0 1
64 1
62 1
60 1
62 1
64 2
67 1
62 2
67 2
60 6
69 1
69 1
71 1
72 1
71 1
69 1
69 2
69 1
69 1
72 1
69 1
67 1
64 1
67 2
0 2
67 1
72 1
0 1
72 1
0 1
71 1
0 1
67 1
69 6
0 3
72 1
71 1
69 1
72 3
0 2
71 1
67 2
72 2
0 1
71 1
69 10
0 4
67 1
67 1
67 1
76 1
76 1
76 1
74 1
76 1
0 1
72 1
74 5
0 1
69 1
74 1
69 1
72 1
0 1
74 1
72 1
0 1
64 1
69 1
64 1
67 2
69 1
67 1
0 4
64 1
62 1
62 1
60 1
62 1
0 1
72 1
69 2
0 1
67 2
0 3
67 1
69 2
72 1
0 1
72 2
74 1
72 1
74 4
0 1
67 1
67 1
67 1
76 1
76 1
76 1
74 1
76 1
0 1
72 1
74 5
0 1
69 1
74 1
69 1
72 1
72 1
74 1
72 1
0 1
64 1
69 1
64 1
67 2
69 1
67 1
0 4
64 1
62 1
62 1
60 1
62 1
0 1
72 1
69 2
0 1
67 2
0 3
67 1
69 2
72 1
0 1
72 2
74 1
72 1
74 4
69 1
0 1
72 1
74 1
74 3
72 12
0 81
64 2
64 1
64 1
64 1
62 1
60 1
64 3
0 3
64 1
67 1
69 1
67 1
0 1
67 1
67 1
0 1
64 2
62 8
0 1
69 1
69 1
69 1
67 1
69 2
0 1
72 1
67 3
0 1
64 1
62 1
60 1
62 1
64 2
67 1
62 2
67 2
60 6
69 1
69 1
71 1
72 1
71 1
69 1
69 2
69 1
69 1
72 1
69 1
67 1
64 1
67 2
0 2
67 1
72 1
0 1
72 1
0 1
71 1
0 1
67 1
69 6
0 3
72 1
71 1
69 1
72 3
0 2
71 1
67 2
72 2
0 1
71 1
69 10
0 4
67 1
67 1
67 1
76 1
76 1
76 1
74 1
76 1
0 1
72 1
74 5
0 1
69 1
74 1
69 1
72 1
0 1
74 1
72 1
0 1
64 1
69 1
64 1
67 2
69 1
67 1
0 4
64 1
62 1
62 1
60 1
62 1
0 1
72 1
69 2
0 1
67 2
0 3
67 1
69 2
72 1
0 1
72 2
74 1
72 1
74 4
0 1
67 1
67 1
67 1
76 1
76 1
76 1
74 1
76 1
0 1
72 1
74 5
0 1
69 1
74 1
69 1
72 1
72 1
74 1
72 1
0 1
64 1
69 1
64 1
67 2
69 1
67 1
0 4
64 1
62 1
62 1
60 1
62 1
0 1
72 1
69 2
0 1
67 2
0 3
67 1
69 2
72 1
0 1
72 2
74 1
72 1
74 4
69 1
0 1
72 1
74 1
74 3
72 10
67 1
67 1
67 1
76 1
76 1
76 1
74 1
76 1
0 1
72 1
74 5
0 1
69 1
74 1
69 1
72 1
0 1
74 1
72 1
0 1
64 1
69 1
64 1
67 2
69 1
67 1
0 4
64 1
62 1
62 1
60 1
62 1
0 1
72 1
69 2
0 1
67 2
0 3
67 1
69 2
72 1
0 1
72 2
74 1
72 1
74 4
0 1
67 1
67 1
67 1
76 1
76 1
76 1
74 1
76 1
0 1
72 1
74 5
0 1
69 1
74 1
69 1
72 1
72 1
74 1
72 1
0 1
64 1
69 1
64 1
67 2
69 1
67 1
0 4
64 1
62 1
62 1
60 1
62 1
0 1
72 1
69 2
0 1
67 2
0 3
67 1
69 2
72 1
0 1
72 2
74 1
72 1
74 4
69 1
0 1
72 1
74 1
74 3
72 12
