0 192
75 2
73 2
68 2
64 1
63 1
0 2
61 1
63 1
0 1
64 1
0 1
66 2
0 1
66 1
66 2
64 1
68 1
0 1
66 1
0 7
75 2
73 2
68 2
64 1
63 2
0 1
61 1
63 2
64 1
0 2
66 1
0 1
66 1
66 1
0 1
68 1
69 1
0 1
68 1
0 5
68 1
68 1
68 1
0 1
66 1
66 1
0 3
68 1
75 1
0 1
75 1
0 1
73 1
75 1
0 1
73 1
71 1
0 1
68 1
0 1
71 1
73 2
0 1
64 2
0 4
68 1
68 1
68 1
0 1
66 1
66 1
0 3
66 1
68 1
0 1
66 1
71 2
0 1
69 1
0 1
68 2
0 14
75 2
73 2
68 2
64 1
63 1
0 2
61 1
63 1
0 1
64 1
0 1
66 2
0 1
66 1
66 2
64 1
68 1
0 1
66 1
0 7
75 2
73 2
68 2
64 1
63 2
0 1
61 1
63 2
64 1
0 2
66 1
0 1
66 1
66 1
0 1
68 1
69 1
0 1
68 1
0 5
68 1
68 1
68 1
0 1
66 1
66 1
0 3
68 1
75 1
0 1
75 1
0 1
73 1
75 1
0 1
73 1
71 1
0 1
71 1
68 1
71 1
73 2
0 1
64 2
0 4
68 1
68 1
68 1
0 1
66 1
66 1
0 3
66 1
68 1
0 1
66 1
0 1
71 2
69 1
69 1
0 1
68 1
0 8
68 1
0 1
80 1
0 1
76 1
0 3
73 1
0 1
75 1
0 1
73 1
0 1
75 1
0 1
73 1
75 1
0 2
76 1
0 1
76 2
73 1
0 1
73 1
0 1
71 1
73 1
0 2
66 1
0 1
78 1
0 1
76 1
0 1
76 1
0 1
75 1
75 1
0 2
73 1
0 1
73 1
0 1
71 1
71 1
0 2
69 1
69 1
69 2
68 1
0 1
66 1
0 1
69 1
68 1
0 2
68 1
0 1
80 2
76 2
75 1
0 1
73 1
75 2
0 1
73 1
0 1
75 2
73 1
75 1
0 1
76 1
0 2
76 2
73 1
0 1
73 1
0 1
71 1
73 1
0 5
76 1
76 1
76 1
76 1
0 1
75 1
75 1
75 1
0 1
73 1
73 1
73 1
0 1
71 1
0 1
76 1
0 1
75 1
0 1
75 1
73 1
0 142
75 2
73 2
68 2
64 1
63 1
0 2
61 1
63 1
0 1
64 1
0 1
66 2
0 1
66 1
66 2
64 1
68 1
0 1
66 1
0 7
75 2
73 2
68 2
64 1
63 2
0 1
61 1
63 2
64 1
0 2
66 1
0 1
66 1
66 1
0 1
68 1
69 1
0 1
68 1
0 5
68 1
68 1
68 1
0 1
66 1
66 1
0 3
68 1
75 1
0 1
75 1
0 1
73 1
75 1
0 1
73 1
71 1
0 1
68 1
0 1
71 1
73 2
0 1
64 2
0 4
68 1
68 1
68 1
0 1
66 1
66 1
0 3
66 1
68 1
0 1
66 1
71 2
0 1
69 1
0 1
68 2
0 14
75 2
73 2
68 2
64 1
63 1
0 2
61 1
63 1
0 1
64 1
0 1
66 2
0 1
66 1
66 2
64 1
68 1
0 1
66 1
0 7
75 2
73 2
68 2
64 1
63 2
0 1
61 1
63 2
64 1
0 2
66 1
0 1
66 1
66 1
0 1
68 1
69 1
0 1
68 1
0 5
68 1
68 1
68 1
0 1
66 1
66 1
0 3
68 1
75 1
0 1
75 1
0 1
73 1
75 1
0 1
73 1
71 1
0 1
71 1
68 1
71 1
73 2
0 1
64 2
0 4
68 1
68 1
68 1
0 1
66 1
66 1
0 3
66 1
68 1
0 1
66 1
0 1
71 2
69 1
69 1
0 1
68 1
0 8
68 1
0 1
80 1
0 1
76 1
0 1
75 1
0 1
73 1
0 1
75 1
0 1
73 1
0 1
75 1
0 1
73 1
75 1
0 2
76 1
0 1
76 2
73 1
0 1
73 1
0 1
71 1
73 1
0 2
66 1
0 1
78 1
0 1
76 1
0 1
76 1
0 1
75 1
75 1
0 2
73 1
0 1
73 1
0 1
71 1
71 1
0 2
69 1
69 1
69 2
68 1
0 1
66 1
0 1
69 1
68 1
0 2
68 1
0 1
80 2
76 2
75 1
0 1
73 1
75 2
0 1
73 1
0 1
75 2
73 1
75 1
0 1
76 1
0 2
76 2
73 1
0 1
73 1
0 1
71 1
73 1
0 5
76 1
76 1
76 1
76 1
0 1
75 1
75 1
75 1
0 1
73 1
73 1
73 1
0 1
71 1
0 1
76 1
0 1
75 1
0 1
75 1
73 1
0 8
68 1
0 1
80 1
0 1
76 1
0 1
75 1
0 1
73 1
0 1
75 1
0 1
73 1
0 1
75 1
0 1
73 1
75 1
0 2
76 1
0 1
76 2
73 1
0 1
73 1
0 1
71 1
73 1
0 2
66 1
0 1
78 1
0 1
76 1
0 1
76 1
0 1
75 1
75 1
0 2
73 1
0 1
73 1
0 1
71 1
71 1
0 2
69 1
69 1
69 2
68 1
0 1
66 1
0 1
69 1
68 1
0 2
68 1
0 1
80 2
76 2
75 1
0 1
73 1
75 2
0 1
73 1
0 1
75 2
73 1
75 1
0 1
76 1
0 2
76 2
73 1
0 1
73 1
0 1
71 1
73 1
0 5
76 1
76 1
76 1
76 1
0 1
75 1
75 1
75 1
0 1
73 1
73 1
73 1
0 1
71 1
0 1
76 1
0 1
75 1
0 1
75 1
73 1
