Bb:maj [2, 5, 10] 10 1
F:maj [0, 5, 9] 5 1
Eb:maj [3, 7, 10] 3 2
F:maj [0, 5, 9] 5 2
Eb:maj [3, 7, 10] 3 2
D:min [2, 5, 9] 2 2
C:min [0, 3, 7] 0 2
F:maj [0, 5, 9] 5 8
Bb:maj [2, 5, 10] 10 2
F:maj [0, 5, 9] 5 2
Eb:maj7 [1, 3, 7, 10] 3 2
Bb:maj [2, 5, 10] 10 2
Eb:maj [3, 7, 10] 3 2
D:min [2, 5, 9] 2 2
C:min [0, 3, 7] 0 2
F:maj [0, 5, 9] 5 2
Bb:maj [2, 5, 10] 10 2
F:maj [0, 5, 9] 5 2
Eb:maj [3, 7, 10] 3 2
Bb:maj [2, 5, 10] 10 2
Eb:maj [3, 7, 10] 3 2
Bb:maj [2, 5, 10] 10 2
C:min [0, 3, 7] 0 2
F:maj [0, 5, 9] 5 3
G:min [2, 7, 10] 7 1
Bb:maj [2, 5, 10] 10 2
F:maj [0, 5, 9] 5 2
G:min [2, 7, 10] 7 2
D:min [2, 5, 9] 2 2
Eb:maj [3, 7, 10] 3 2
Bb:maj [2, 5, 10] 10 2
C:min [0, 3, 7] 0 2
F:maj [0, 5, 9] 5 2
Bb:maj [2, 5, 10] 10 2
F:maj [0, 5, 9] 5 2
G:min [2, 7, 10] 7 2
D:min [2, 5, 9] 2 2
Eb:maj [3, 7, 10] 3 2
Bb:maj [2, 5, 10] 10 2
C:min [0, 3, 7] 0 2
F:maj [0, 5, 9] 5 4
Eb:maj [3, 7, 10] 3 2
Bb:maj [2, 5, 10] 10 2
C:min [0, 3, 7] 0 2
F:maj [0, 5, 9] 5 2
Eb:maj [3, 7, 10] 3 2
Bb:maj [2, 5, 10] 10 2
C:min [0, 3, 7] 0 2
F:maj [0, 5, 9] 5 2
Bb:maj [2, 5, 10] 10 2
F:maj [0, 5, 9] 5 2
G:min [2, 7, 10] 7 2
D:min [2, 5, 9] 2 2
Eb:maj [3, 7, 10] 3 2
Bb:maj [2, 5, 10] 10 2
C:min [0, 3, 7] 0 1
F:maj [0, 5, 9] 5 3
Bb:maj [2, 5, 10] 10 2
F:maj [0, 5, 9] 5 2
Eb:maj7 [1, 3, 7, 10] 3 2
Bb:maj [2, 5, 10] 10 2
Eb:maj [3, 7, 10] 3 2
D:min [2, 5, 9] 2 2
C:min [0, 3, 7] 0 2
F:maj [0, 5, 9] 5 2
Bb:maj [2, 5, 10] 10 2
F:maj [0, 5, 9] 5 2
Eb:maj [3, 7, 10] 3 2
Bb:maj [2, 5, 10] 10 2
Eb:maj [3, 7, 10] 3 2
Bb:maj [2, 5, 10] 10 2
C:min [0, 3, 7] 0 2
F:maj [0, 5, 9] 5 4
Bb:maj [2, 5, 10] 10 2
F:maj [0, 5, 9] 5 2
G:min [2, 7, 10] 7 2
D:min [2, 5, 9] 2 2
Eb:maj [3, 7, 10] 3 2
Bb:maj [2, 5, 10] 10 2
C:min [0, 3, 7] 0 2
F:maj [0, 5, 9] 5 2
Bb:maj [2, 5, 10] 10 2
F:maj [0, 5, 9] 5 2
G:min [2, 7, 10] 7 2
D:min [2, 5, 9] 2 2
Eb:maj [3, 7, 10] 3 2
Bb:maj [2, 5, 10] 10 2
C:min [0, 3, 7] 0 2
F:maj [0, 5, 9] 5 2
Bb:maj/5 [2, 5, 10] 5 4
Bb:maj [2, 5, 10] 10 2
F:maj [0, 5, 9] 5 2
G:min [2, 7, 10] 7 2
D:min [2, 5, 9] 2 2
Eb:maj [3, 7, 10] 3 2
Bb:maj [2, 5, 10] 10 2
C:min [0, 3, 7] 0 2
F:maj [0, 5, 9] 5 2
Bb:maj [2, 5, 10] 10 2
F:maj [0, 5, 9] 5 2
G:min [2, 7, 10] 7 2
D:min [2, 5, 9] 2 2
Eb:maj [3, 7, 10] 3 2
Bb:maj [2, 5, 10] 10 2
C:min [0, 3, 7] 0 2
F:maj [0, 5, 9] 5 2
Bb:maj [2, 5, 10] 10 4
Eb:maj [3, 7, 10] 3 2
Bb:maj [2, 5, 10] 10 2
C:min [0, 3, 7] 0 2
F:maj [0, 5, 9] 5 4
Eb:maj [3, 7, 10] 3 2
Bb:maj [2, 5, 10] 10 2
C:min [0, 3, 7] 0 1
C:sus2 [0, 2, 7] 0 1
F:maj [0, 5, 9] 5 4
Bb:maj7 [2, 5, 8, 10] 10 4
