0 126
71 1
72 1
74 2
71 2
74 2
71 2
74 2
71 2
74 2
83 2
81 1
79 2
76 9
76 2
83 2
81 2
79 1
81 4
74 1
74 2
71 2
74 1
81 3
81 2
78 4
79 6
79 1
81 1
0 1
83 1
83 3
76 3
81 6
79 1
81 1
83 1
0 1
83 4
74 2
79 6
79 1
81 1
0 1
83 1
81 3
76 1
78 2
79 2
79 2
78 2
79 2
81 2
83 2
81 2
79 2
74 3
0 5
71 1
72 1
74 2
71 2
74 2
71 2
74 2
71 2
74 2
83 2
81 1
79 2
76 9
76 2
83 2
81 2
79 1
81 4
74 1
74 2
71 2
74 2
81 2
81 2
79 2
81 2
83 6
83 1
84 1
0 1
86 1
86 4
79 2
81 6
83 1
84 1
86 2
86 2
78 2
81 2
78 1
79 5
83 2
84 1
86 1
86 2
79 1
88 2
86 3
83 2
84 1
83 4
79 1
81 10
74 2
88 2
83 2
83 2
84 4
86 5
74 1
88 2
83 2
83 2
84 4
83 4
79 1
79 2
91 3
90 2
91 1
90 2
86 2
86 1
90 2
91 1
90 3
81 1
83 13
83 2
84 2
86 2
84 2
84 2
83 1
84 2
74 5
83 1
81 1
83 2
81 1
83 2
89 3
88 6
88 1
90 1
91 2
88 1
88 2
90 2
91 3
90 2
88 2
90 2
88 4
83 2
86 4
74 2
88 2
83 2
83 2
84 4
86 4
74 1
0 1
88 2
83 2
83 2
84 4
83 4
0 1
79 1
79 1
91 3
90 2
91 1
90 2
86 2
86 1
90 2
91 1
90 3
0 1
81 1
83 12
83 2
84 1
86 3
84 1
83 3
79 1
81 5
83 2
84 1
83 3
84 1
83 3
78 1
79 5
83 2
84 2
86 2
84 2
84 2
91 2
90 4
81 2
84 15
83 3
79 16
0 30
71 1
72 1
74 2
71 2
74 2
71 2
74 2
71 2
74 2
83 2
81 2
79 1
76 9
76 2
83 2
81 2
79 1
81 4
74 1
74 2
71 2
74 1
81 3
81 2
78 4
79 6
79 1
81 2
83 1
83 3
76 3
81 6
79 1
81 1
83 2
83 4
74 2
79 6
79 1
81 2
83 1
83 3
76 1
78 2
79 2
79 2
78 2
79 2
81 2
83 2
81 2
79 2
74 8
71 1
72 1
74 2
71 2
74 2
71 2
74 2
71 2
74 2
83 2
81 2
79 1
76 9
76 2
83 2
81 2
79 1
81 4
74 1
74 2
71 2
74 2
81 2
81 2
79 2
81 2
83 6
83 1
84 2
86 1
86 4
79 2
81 6
83 1
84 1
86 2
86 2
78 2
81 2
78 1
79 5
83 2
84 1
86 1
86 2
79 1
88 2
86 3
83 2
84 1
83 4
79 1
81 10
74 2
88 2
83 2
83 2
84 4
86 5
74 1
88 2
83 2
83 2
84 4
83 4
79 1
79 2
91 3
90 2
91 1
90 2
86 2
86 1
90 2
91 1
90 3
81 1
83 13
83 2
84 1
86 3
84 1
84 3
79 1
81 5
83 2
84 1
83 3
84 1
83 3
78 1
79 5
83 2
84 1
86 3
84 1
84 2
91 3
90 2
81 1
0 1
84 4
83 2
79 1
0 55
74 2
88 2
83 1
0 1
83 2
84 3
0 1
86 3
0 2
74 1
88 2
83 1
0 1
83 2
84 3
0 1
83 3
0 2
79 1
79 2
91 1
0 1
90 2
91 1
90 1
0 1
86 1
0 1
86 1
90 1
0 1
91 1
90 1
0 3
81 1
83 4
86 6
0 2
83 2
84 2
86 2
84 1
84 3
83 1
84 2
0 1
74 1
0 3
83 1
81 1
83 2
81 1
83 1
0 1
90 2
0 1
88 3
0 3
88 1
90 1
91 2
88 1
88 2
90 1
0 1
91 2
0 1
90 2
88 2
90 2
88 3
83 3
86 3
0 1
74 2
88 2
83 1
0 1
83 2
84 3
0 1
86 3
0 2
74 1
88 2
83 1
0 1
83 2
84 3
0 1
83 3
0 2
79 1
79 2
91 1
0 1
90 2
91 1
90 1
0 1
86 1
0 1
86 1
90 1
0 1
91 1
90 1
0 3
81 1
83 4
86 6
0 2
83 2
84 1
86 2
0 1
84 1
83 3
79 1
81 2
0 3
83 2
84 1
0 1
83 2
84 1
83 1
0 2
78 1
79 4
0 1
83 2
84 1
86 3
84 1
84 2
0 1
90 1
0 1
90 3
0 1
81 2
84 4
0 6
83 2
0 1
79 5
