C#:maj [1, 5, 8] 1 6
Ab:min [3, 8, 11] 8 3
Bb:min [1, 5, 10] 10 1
B:maj [3, 6, 11] 11 2
Eb:maj [3, 7, 10] 3 4
B:maj [3, 6, 11] 11 4
F#:maj [1, 6, 10] 6 4
B:maj [3, 6, 11] 11 4
F#:maj [1, 6, 10] 6 4
Bb:min [1, 5, 10] 10 4
Eb:min [3, 6, 10] 3 2
C#:maj [1, 5, 8] 1 2
C:dim [0, 3, 6] 0 2
B:maj [3, 6, 11] 11 2
Ab:min [3, 8, 11] 8 2
C#:maj [1, 5, 8] 1 2
F#:maj [1, 6, 10] 6 3
F#:7 [1, 4, 6, 10] 6 1
Bb:min [1, 5, 10] 10 2
Eb:min [3, 6, 10] 3 2
B:maj [3, 6, 11] 11 2
F#:maj7/7 [1, 4, 6, 10] 5 2
B:maj [3, 6, 11] 11 2
F#:sus4 [1, 6, 11] 6 2
F#:maj [1, 6, 10] 6 3
F#:7 [1, 4, 6, 10] 6 1
B:maj [3, 6, 11] 11 4
Bb:min [1, 5, 10] 10 2
Eb:maj [3, 7, 10] 3 2
Ab:min [3, 8, 11] 8 2
C#:maj [1, 5, 8] 1 2
F#:7 [1, 4, 6, 10] 6 2
C#:min/5 [1, 4, 8] 8 2
E:maj/#4 [4, 8, 11] 8 2
B:maj [3, 6, 11] 11 2
F#:7 [1, 4, 6, 10] 6 2
Ab:min [3, 8, 11] 8 2
F#:7 [1, 4, 6, 10] 6 2
B:maj [3, 6, 11] 11 4
C#:maj [1, 5, 8] 1 2
F#:maj [1, 6, 10] 6 4
B:maj [3, 6, 11] 11 4
F#:maj [1, 6, 10] 6 4
Bb:min [1, 5, 10] 10 4
Eb:min [3, 6, 10] 3 1
C#:maj [1, 5, 8] 1 3
C:dim [0, 3, 6] 0 1
B:maj [3, 6, 11] 11 3
Ab:min [3, 8, 11] 8 1
C#:sus4(b7 [1, 6, 8] 1 3
F#:maj [1, 6, 10] 6 12
B:maj [3, 6, 11] 11 4
F#:maj [1, 6, 10] 6 4
Bb:min [1, 5, 10] 10 4
Eb:min [3, 6, 10] 3 4
C:dim [0, 3, 6] 0 1
B:maj [3, 6, 11] 11 3
Ab:min [3, 8, 11] 8 1
C#:maj [1, 5, 8] 1 3
F#:maj [1, 6, 10] 6 8
Bb:min [1, 5, 10] 10 2
Bb:min7 [1, 5, 8, 10] 10 2
B:maj [3, 6, 11] 11 2
F#:maj/3 [1, 6, 10] 10 2
B:maj [3, 6, 11] 11 2
C#:maj [1, 5, 8] 1 2
F#:maj [1, 6, 10] 6 3
Bb:7 [2, 5, 8, 10] 10 1
B:maj [3, 6, 11] 11 4
Eb:sus2 [3, 5, 10] 3 1
Eb:maj [3, 7, 10] 3 3
Ab:maj [0, 3, 8] 8 4
C#:maj [1, 5, 8] 1 4
Eb:sus2 [3, 5, 10] 3 1
Eb:min [3, 6, 10] 3 3
B:maj/5 [3, 6, 11] 6 1
F#:maj [1, 6, 10] 6 3
B:sus2 [1, 6, 11] 11 1
C#:maj [1, 5, 8] 1 3
F#:maj [1, 6, 10] 6 3
Bb:maj [2, 5, 10] 10 1
B:maj [3, 6, 11] 11 4
Eb:sus2 [3, 5, 10] 3 4
Ab:min [3, 8, 11] 8 2
C#:maj [1, 5, 8] 1 2
F#:maj [1, 6, 10] 6 4
Ab:min/b3 [3, 8, 11] 11 1
C#:maj [1, 5, 8] 1 3
F#:maj7/5 [1, 4, 6, 10] 1 2
B:maj [3, 6, 11] 11 2
Bb:min [1, 5, 10] 10 2
B:maj [3, 6, 11] 11 2
C#:maj [1, 5, 8] 1 2
Eb:min [3, 6, 10] 3 2
B:maj [3, 6, 11] 11 2
F#:maj/3 [1, 6, 10] 10 2
B:maj [3, 6, 11] 11 2
C#:maj [1, 5, 8] 1 2
F#:maj [1, 6, 10] 6 4
B:maj [3, 6, 11] 11 4
Bb:min [1, 5, 10] 10 2
Eb:maj [3, 7, 10] 3 2
Ab:min [3, 8, 11] 8 2
C#:maj [1, 5, 8] 1 2
F#:maj [1, 6, 10] 6 2
Ab:min [3, 8, 11] 8 2
Bb:min [1, 5, 10] 10 2
B:maj [3, 6, 11] 11 2
C#:min [1, 4, 8] 1 2
B:maj [3, 6, 11] 11 2
E:maj [4, 8, 11] 4 2
