0 272
69 4
69 2
69 6
69 4
71 6
69 6
71 4
74 16
78 16
76 4
76 4
76 4
76 2
74 2
78 4
74 8
71 4
69 32
71 4
71 2
71 6
69 2
71 4
74 10
83 4
81 12
83 4
78 8
78 2
78 4
74 2
76 2
71 2
71 2
71 2
71 2
74 4
74 14
71 8
76 20
78 4
76 4
74 12
81 4
81 12
74 2
76 2
78 12
83 4
83 8
78 4
78 4
76 2
74 4
74 2
74 4
71 4
76 4
74 4
74 4
71 4
69 24
78 4
76 4
74 12
81 4
81 11
74 3
76 2
78 12
83 4
83 8
78 4
78 4
76 2
74 4
74 2
74 4
71 4
76 6
74 2
74 4
71 8
74 28
69 4
69 2
69 6
69 4
71 5
69 7
71 4
74 16
78 16
76 4
76 2
76 2
76 3
0 1
74 4
78 6
74 6
71 4
69 32
71 4
71 2
71 6
69 2
71 4
74 10
83 4
81 12
83 4
78 8
78 2
78 4
74 2
76 2
71 2
71 2
71 2
71 3
74 3
74 14
78 4
76 24
78 4
76 4
74 12
81 4
81 12
74 2
76 2
78 12
83 4
83 8
78 4
78 4
76 2
74 4
74 2
74 4
71 4
76 6
74 2
74 4
71 8
74 28
78 4
69 4
74 4
78 4
76 8
81 4
76 4
74 4
66 4
71 2
74 6
73 16
71 4
74 4
74 4
83 4
81 8
83 8
74 5
0 1
78 25
0 1
78 4
69 4
74 4
78 4
76 8
81 4
81 4
83 12
78 2
76 2
78 12
78 4
76 6
76 2
76 4
76 4
78 4
76 8
74 8
76 28
78 4
69 4
74 4
78 4
76 8
81 4
76 4
74 4
66 4
71 2
74 6
73 16
71 4
74 4
74 4
83 4
81 8
83 8
74 6
78 11
0 1
76 2
74 12
78 4
69 4
74 4
78 4
76 8
81 4
81 4
83 12
78 2
76 2
78 12
78 4
76 8
76 4
76 2
78 6
74 4
74 8
71 4
74 11
0 57
81 20
79 2
79 2
79 4
78 2
78 2
78 5
76 2
74 33
0 48
86 12
85 2
86 2
83 4
81 24
78 2
78 2
78 4
76 2
76 10
74 2
76 2
78 28
0 30
78 2
78 2
76 2
76 2
76 2
76 2
74 2
74 20
0 16
69 4
69 2
69 6
69 4
71 6
69 6
71 4
74 16
78 16
76 4
76 4
76 4
76 2
74 2
78 4
74 8
71 4
69 32
71 4
71 2
71 6
69 2
71 4
74 10
83 4
81 12
83 4
78 8
78 2
78 4
74 2
76 2
71 2
71 2
71 2
71 2
74 4
74 14
71 8
76 20
78 4
76 4
74 12
81 4
81 12
74 2
76 2
78 12
83 4
83 8
78 4
78 4
76 2
74 4
74 2
74 4
71 4
76 4
74 4
74 4
71 6
74 22
0 8
78 3
0 1
69 4
74 4
78 4
76 8
81 4
76 4
74 4
66 4
71 2
74 6
73 16
71 4
74 4
74 4
83 4
81 8
83 11
74 4
78 11
76 2
74 12
78 4
69 4
74 4
78 4
76 8
81 4
81 4
83 12
78 2
76 2
78 12
78 4
76 6
76 2
76 4
76 4
78 4
76 8
74 8
76 16
81 8
79 8
78 6
76 6
0 3
74 3
76 2
78 4
76 2
74 14
73 2
71 2
73 4
71 2
69 26
83 12
81 2
81 6
78 28
78 4
69 4
74 4
78 4
76 8
81 4
81 4
83 12
78 2
76 2
78 12
78 4
76 8
76 4
76 3
78 5
74 4
74 8
71 6
74 34
78 8
81 12
78 4
76 41
74 3
71 2
69 9
74 41
