F#:maj [1, 6, 10] 6 2 
Ab:7/b7 [0, 3, 6, 8] 6 2 
F:maj [0, 5, 9] 5 2 
F#:maj/3 [1, 6, 10] 10 2 
Eb:min [3, 6, 10] 3 2 
F:maj [0, 5, 9] 5 2 
Bb:sus4(b7) [3, 5, 10] 10 4 
F#:maj [1, 6, 10] 6 2 
Ab:7/b7 [0, 3, 6, 8] 6 2 
F:sus4(b7) [0, 5, 10] 5 2 
Bb:sus2 [0, 5, 10] 10 2 
Eb:min [3, 6, 10] 3 2 
Ab:maj [0, 3, 8] 8 2 
C#:sus4 [1, 6, 8] 1 4 
F#:maj [1, 6, 10] 6 2 
Ab:7/b7 [0, 3, 6, 8] 6 2 
F:min7 [0, 3, 5, 8] 5 2 
Bb:sus2 [0, 5, 10] 10 2 
Eb:min [3, 6, 10] 3 2 
Ab:maj [0, 3, 8] 8 2 
C#:sus4 [1, 6, 8] 1 2 
C#:maj [1, 5, 8] 1 2 
F#:maj [1, 6, 10] 6 2 
Ab:7/b7 [0, 3, 6, 8] 6 2 
F:min7 [0, 3, 5, 8] 5 2 
Bb:min [1, 5, 10] 10 2 
Eb:min [3, 6, 10] 3 2 
Ab:maj [0, 3, 8] 8 6 
C#:maj [1, 5, 8] 1 4 
Bb:min [1, 5, 10] 10 4 
Eb:min [3, 6, 10] 3 4 
Ab:maj [0, 3, 8] 8 4 
C#:maj [1, 5, 8] 1 4 
Bb:min [1, 5, 10] 10 4 
Eb:min [3, 6, 10] 3 2 
Ab:maj [0, 3, 8] 8 2 
Eb:min [3, 6, 10] 3 2 
Ab:maj [0, 3, 8] 8 2 
C#:min [1, 4, 8] 1 2 
B:sus4 [4, 6, 11] 11 2 
A:maj7 [1, 4, 7, 9] 9 2 
F#:sus2 [1, 6, 8] 6 2 
Ab:maj [0, 3, 8] 8 2 
C#:maj [1, 5, 8] 1 2 
F#:maj [1, 6, 10] 6 2 
Ab:maj [0, 3, 8] 8 2 
F#:maj [1, 6, 10] 6 2 
Ab:7/b7 [0, 3, 6, 8] 6 2 
F:sus4(b7) [0, 5, 10] 5 2 
Bb:sus2 [0, 5, 10] 10 2 
Eb:min [3, 6, 10] 3 2 
Ab:maj [0, 3, 8] 8 2 
C#:sus4 [1, 6, 8] 1 2 
C#:maj [1, 5, 8] 1 2 
F#:maj [1, 6, 10] 6 2 
Ab:7/b7 [0, 3, 6, 8] 6 2 
F:min7 [0, 3, 5, 8] 5 2 
Bb:sus2 [0, 5, 10] 10 2 
Eb:min [3, 6, 10] 3 2 
Ab:maj [0, 3, 8] 8 2 
C#:sus4 [1, 6, 8] 1 2 
C#:maj [1, 5, 8] 1 2 
F#:maj [1, 6, 10] 6 2 
Ab:7/b7 [0, 3, 6, 8] 6 2 
F:min7 [0, 3, 5, 8] 5 2 
Bb:min [1, 5, 10] 10 2 
Eb:min [3, 6, 10] 3 2 
Ab:maj [0, 3, 8] 8 6 
C#:maj [1, 5, 8] 1 4 
Bb:min [1, 5, 10] 10 4 
Eb:min [3, 6, 10] 3 4 
Ab:maj [0, 3, 8] 8 4 
C#:maj [1, 5, 8] 1 4 
Bb:min [1, 5, 10] 10 4 
Eb:min [3, 6, 10] 3 2 
Ab:maj [0, 3, 8] 8 2 
Eb:min [3, 6, 10] 3 2 
F#:maj [1, 6, 10] 6 6 
Ab:7/b7 [0, 3, 6, 8] 6 2 
F:maj [0, 5, 9] 5 2 
F#:maj/3 [1, 6, 10] 10 4 
Eb:min/b3 [3, 6, 10] 6 2 
C#:maj [1, 5, 8] 1 3 
