C:maj/5 [0, 4, 7] 7 4 
A:sus4 [2, 4, 9] 9 4 
F#:min7 [1, 4, 6, 9] 6 4 
B:min7 [2, 6, 9, 11] 11 4 
D:maj/6 [2, 6, 9] 11 2 
D:maj/2 [2, 6, 9] 4 4 
D:maj/3 [2, 6, 9] 6 12 
E:min7 [2, 4, 7, 11] 4 4 
A:maj [1, 4, 9] 9 8 
F#:min/b3 [1, 6, 9] 9 3 
D:maj7 [0, 2, 6, 9] 2 5 
D:maj7/5 [0, 2, 6, 9] 9 4 
D:maj7 [0, 2, 6, 9] 2 3 
D:maj [2, 6, 9] 2 5 
G:maj [2, 7, 11] 7 4 
A:maj [1, 4, 9] 9 3 
F#:min [1, 6, 9] 6 4 
B:sus2 [1, 6, 11] 11 5 
G:maj [2, 7, 11] 7 4 
A:maj6 [1, 4, 6, 9] 9 4 
D:sus2 [2, 4, 9] 2 8 
G:maj [2, 7, 11] 7 4 
A:maj [1, 4, 9] 9 3 
A:7 [1, 4, 7, 9] 9 1 
F#:min [1, 6, 9] 6 7 
D:maj/5 [2, 6, 9] 9 1 
G:maj [2, 7, 11] 7 4 
A:maj [1, 4, 9] 9 3 
A:7 [1, 4, 7, 9] 9 1 
D:maj7 [0, 2, 6, 9] 2 6 
D:maj/5 [2, 6, 9] 9 2 
E:min [4, 7, 11] 4 4 
A:maj [1, 4, 9] 9 3 
F#:min [1, 6, 9] 6 5 
C#:min7/b7 [1, 4, 8, 11] 11 4 
G:maj [2, 7, 11] 7 4 
A:maj [1, 4, 9] 9 3 
A:7 [1, 4, 7, 9] 9 1 
D:maj [2, 6, 9] 2 2 
A:7 [1, 4, 7, 9] 9 6 
E:min [4, 7, 11] 4 3 
A:sus4(b7) [2, 4, 9] 9 5 
F#:min [1, 6, 9] 6 4 
B:min [2, 6, 11] 11 4 
E:min [4, 7, 11] 4 4 
A:maj [1, 4, 9] 9 4 
D:maj [2, 6, 9] 2 8 
G:maj [2, 7, 11] 7 4 
A:maj [1, 4, 9] 9 4 
F#:min [1, 6, 9] 6 4 
B:min [2, 6, 11] 11 4 
E:min [4, 7, 11] 4 4 
A:maj [1, 4, 9] 9 4 
Bb:maj [2, 5, 10] 10 2 
C:maj6 [0, 4, 7, 9] 0 2 
D:maj [2, 6, 9] 2 4 
G:maj [2, 7, 11] 7 6 
B:sus4 [4, 6, 11] 11 2 
B:sus2 [1, 6, 11] 11 4 
F#:min7 [1, 4, 6, 9] 6 4 
G:maj [2, 7, 11] 7 2 
D:maj7/3 [0, 2, 6, 9] 6 2 
E:min [4, 7, 11] 4 2 
D:maj7/3 [0, 2, 6, 9] 6 2 
G:maj [2, 7, 11] 7 4 
A:maj [1, 4, 9] 9 5 
G:maj [2, 7, 11] 7 3 
A:maj [1, 4, 9] 9 3 
A:7 [1, 4, 7, 9] 9 1 
F#:min [1, 6, 9] 6 4 
D:maj7 [0, 2, 6, 9] 2 3 
D:maj/5 [2, 6, 9] 9 1 
G:maj [2, 7, 11] 7 4 
A:maj [1, 4, 9] 9 4 
D:sus2 [2, 4, 9] 2 4 
D:maj [2, 6, 9] 2 4 
E:min [4, 7, 11] 4 4 
A:maj [1, 4, 9] 9 4 
F#:min [1, 6, 9] 6 4 
C#:min7/b7 [1, 4, 8, 11] 11 4 
G:maj [2, 7, 11] 7 4 
A:maj [1, 4, 9] 9 4 
D:maj [2, 6, 9] 2 8 
E:min [4, 7, 11] 4 4 
A:maj [1, 4, 9] 9 4 
F#:min [1, 6, 9] 6 4 
B:min [2, 6, 11] 11 4 
E:min [4, 7, 11] 4 4 
A:maj [1, 4, 9] 9 4 
D:maj [2, 6, 9] 2 8 
G:maj [2, 7, 11] 7 4 
A:maj [1, 4, 9] 9 4 
D:maj7/3 [0, 2, 6, 9] 6 4 
B:min [2, 6, 11] 11 4 
E:min [4, 7, 11] 4 4 
A:maj [1, 4, 9] 9 4 
D:maj [2, 6, 9] 2 8 
G:maj [2, 7, 11] 7 2 
D:maj/5 [2, 6, 9] 9 2 
D:maj7/5 [0, 2, 6, 9] 9 4 
D:maj [2, 6, 9] 2 2 
D:maj7/7 [0, 2, 6, 9] 1 1 
D:maj [2, 6, 9] 2 3 
D:maj7/7 [0, 2, 6, 9] 1 2 
E:maj [4, 8, 11] 4 1 
B:min [2, 6, 11] 11 1 
D:maj7/5 [0, 2, 6, 9] 9 2 
A:7/b7 [1, 4, 7, 9] 7 4 
D:maj [2, 6, 9] 2 2 
D:maj7/3 [0, 2, 6, 9] 6 2 
D:maj [2, 6, 9] 2 4 
G:maj [2, 7, 11] 7 8 
F#:min [1, 6, 9] 6 4 
B:min [2, 6, 11] 11 4 
E:min [4, 7, 11] 4 4 
A:maj [1, 4, 9] 9 4 
D:maj [2, 6, 9] 2 8 
E:min [4, 7, 11] 4 4 
A:maj [1, 4, 9] 9 11 
D:maj [2, 6, 9] 2 17 
