F#:min [1, 6, 9] 6 4 
D:maj [2, 6, 9] 2 4 
E:maj [4, 8, 11] 4 4 
C#:maj [1, 5, 8] 1 4 
F#:min [1, 6, 9] 6 4 
D:maj [2, 6, 9] 2 4 
E:maj [4, 8, 11] 4 4 
F#:min/b3 [1, 6, 9] 9 4 
B:min [2, 6, 11] 11 2 
E:maj [4, 8, 11] 4 2 
F#:min/b3 [1, 6, 9] 9 1 
E:maj/3 [4, 8, 11] 8 1 
F#:min [1, 6, 9] 6 2 
B:min [2, 6, 11] 11 4 
E:maj [4, 8, 11] 4 4 
F#:min [1, 6, 9] 6 4 
A:maj [1, 4, 9] 9 4 
E:maj [4, 8, 11] 4 4 
A:sus2 [4, 9, 11] 9 2 
C#:maj [1, 5, 8] 1 2 
B:min [2, 6, 11] 11 4 
F#:min [1, 6, 9] 6 4 
E:maj [4, 8, 11] 4 4 
F#:min [1, 6, 9] 6 8 
D:maj [2, 6, 9] 2 4 
E:maj [4, 8, 11] 4 4 
F#:min/b3 [1, 6, 9] 9 4 
B:min [2, 6, 11] 11 2 
E:maj [4, 8, 11] 4 2 
F#:min/b3 [1, 6, 9] 9 1 
E:maj/3 [4, 8, 11] 8 1 
F#:min [1, 6, 9] 6 2 
B:min [2, 6, 11] 11 4 
E:maj [4, 8, 11] 4 4 
F#:min [1, 6, 9] 6 4 
A:maj [1, 4, 9] 9 4 
E:maj [4, 8, 11] 4 4 
A:sus2 [4, 9, 11] 9 2 
C#:maj [1, 5, 8] 1 2 
B:min [2, 6, 11] 11 4 
F#:min [1, 6, 9] 6 4 
E:maj [4, 8, 11] 4 4 
D:maj [2, 6, 9] 2 4 
F#:min [1, 6, 9] 6 4 
D:maj [2, 6, 9] 2 4 
E:maj [4, 8, 11] 4 3 
C#:maj [1, 5, 8] 1 1 
F#:min [1, 6, 9] 6 4 
A:maj [1, 4, 9] 9 4 
E:maj [4, 8, 11] 4 4 
A:sus2 [4, 9, 11] 9 2 
C#:maj [1, 5, 8] 1 2 
F#:min [1, 6, 9] 6 4 
A:maj [1, 4, 9] 9 4 
E:maj [4, 8, 11] 4 4 
A:sus2 [4, 9, 11] 9 2 
C#:maj [1, 5, 8] 1 2 
B:min [2, 6, 11] 11 4 
F#:min [1, 6, 9] 6 4 
E:maj [4, 8, 11] 4 4 
F#:min [1, 6, 9] 6 4 
C#:min [1, 4, 8] 1 4 
B:min [2, 6, 11] 11 2 
C#:maj [1, 5, 8] 1 1 
F#:maj [1, 6, 10] 6 5 
F#:min [1, 6, 9] 6 4 
