G:maj [2, 7, 11] 7 4 
F#:min [1, 6, 9] 6 2 
B:min [2, 6, 11] 11 2 
E:min [4, 7, 11] 4 2 
F#:maj [1, 6, 10] 6 2 
B:min [2, 6, 11] 11 2 
A:maj [1, 4, 9] 9 2 
Ab:dim [2, 8, 11] 8 2 
G:maj [2, 7, 11] 7 2 
F#:min7 [1, 4, 6, 9] 6 2 
B:min [2, 6, 11] 11 2 
E:min [4, 7, 11] 4 2 
A:maj [1, 4, 9] 9 2 
D:maj [2, 6, 9] 2 4 
G:maj [2, 7, 11] 7 4 
B:min/5 [2, 6, 11] 6 2 
B:min7 [2, 6, 9, 11] 11 2 
E:min [4, 7, 11] 4 2 
A:maj [1, 4, 9] 9 2 
D:maj [2, 6, 9] 2 4 
G:maj [2, 7, 11] 7 4 
B:min/5 [2, 6, 11] 6 2 
B:min7 [2, 6, 9, 11] 11 2 
E:min [4, 7, 11] 4 2 
A:maj [1, 4, 9] 9 2 
A:7 [1, 4, 7, 9] 9 3 
G:maj/b2 [2, 7, 11] 8 1 
G:maj [2, 7, 11] 7 4 
B:min/5 [2, 6, 11] 6 2 
B:min7 [2, 6, 9, 11] 11 2 
E:min [4, 7, 11] 4 2 
D:maj/3 [2, 6, 9] 6 1 
F#:7 [1, 4, 6, 10] 6 1 
B:min [2, 6, 11] 11 3 
D:maj/5 [2, 6, 9] 9 1 
Ab:dim [2, 8, 11] 8 2 
G:maj [2, 7, 11] 7 2 
F#:min [1, 6, 9] 6 2 
B:min [2, 6, 11] 11 2 
E:min [4, 7, 11] 4 4 
A:maj [1, 4, 9] 9 3 
Ab:dim [2, 8, 11] 8 1 
G:maj [2, 7, 11] 7 4 
B:min/5 [2, 6, 11] 6 2 
B:min7 [2, 6, 9, 11] 11 2 
E:min [4, 7, 11] 4 2 
D:maj/3 [2, 6, 9] 6 1 
F#:7 [1, 4, 6, 10] 6 1 
B:min [2, 6, 11] 11 3 
A:maj [1, 4, 9] 9 1 
E:maj/3 [4, 8, 11] 8 2 
G:maj [2, 7, 11] 7 2 
F#:min [1, 6, 9] 6 2 
B:min [2, 6, 11] 11 2 
E:min [4, 7, 11] 4 2 
A:maj [1, 4, 9] 9 2 
D:maj [2, 6, 9] 2 4 
D:maj7 [0, 2, 6, 9] 2 2 
C#:min/5 [1, 4, 8] 8 1 
E:7/b7 [2, 4, 8, 11] 2 1 
G:maj [2, 7, 11] 7 2 
G:min6 [2, 4, 7, 10] 7 1 
C:9 [0, 2, 4, 7, 10] 0 1 
D:maj [2, 6, 9] 2 2 
D:maj6 [2, 6, 9, 11] 2 2 
G:maj [2, 7, 11] 7 1 
A:7 [1, 4, 7, 9] 9 2 
G:maj(2)/2 [2, 7, 9, 11] 9 1 
G:maj [2, 7, 11] 7 4 
B:min/5 [2, 6, 11] 6 2 
B:min7 [2, 6, 9, 11] 11 2 
E:min [4, 7, 11] 4 2 
A:maj [1, 4, 9] 9 2 
D:maj [2, 6, 9] 2 4 
G:maj [2, 7, 11] 7 4 
B:min/5 [2, 6, 11] 6 2 
B:min7 [2, 6, 9, 11] 11 2 
E:min [4, 7, 11] 4 2 
A:maj [1, 4, 9] 9 2 
A:7 [1, 4, 7, 9] 9 3 
Ab:9 [0, 3, 6, 8, 10] 8 1 
G:maj [2, 7, 11] 7 4 
B:min/5 [2, 6, 11] 6 2 
B:min7 [2, 6, 9, 11] 11 2 
E:min [4, 7, 11] 4 2 
D:maj/3 [2, 6, 9] 6 1 
F#:7 [1, 4, 6, 10] 6 1 
B:min [2, 6, 11] 11 3 
D:maj/5 [2, 6, 9] 9 1 
Ab:dim [2, 8, 11] 8 2 
G:maj [2, 7, 11] 7 2 
F#:min [1, 6, 9] 6 2 
B:min [2, 6, 11] 11 2 
E:min [4, 7, 11] 4 2 
A:maj [1, 4, 9] 9 2 
D:maj [2, 6, 9] 2 3 
F#:maj [1, 6, 10] 6 1 
B:min [2, 6, 11] 11 4 
Eb:min/5 [3, 6, 10] 10 4 
A:maj [1, 4, 9] 9 4 
Ab:dim [2, 8, 11] 8 4 
G:maj [2, 7, 11] 7 4 
F#:min [1, 6, 9] 6 2 
B:min [2, 6, 11] 11 2 
E:min [4, 7, 11] 4 4 
A:maj [1, 4, 9] 9 2 
Bb:maj [2, 5, 10] 10 1 
A:maj [1, 4, 9] 9 1 
Ab:maj [0, 3, 8] 8 4 
C:min/5 [0, 3, 7] 7 2 
C:min7 [0, 3, 7, 10] 0 2 
F:min [0, 5, 8] 5 2 
Eb:maj/3 [3, 7, 10] 7 1 
G:7 [2, 5, 7, 11] 7 1 
C:min [0, 3, 7] 0 3 
Eb:maj/5 [3, 7, 10] 10 1 
A:dim [0, 3, 9] 9 2 
Ab:maj [0, 3, 8] 8 2 
G:min [2, 7, 10] 7 2 
C:min [0, 3, 7] 0 2 
F:min [0, 5, 8] 5 2 
Bb:maj [2, 5, 10] 10 2 
Ab:maj [0, 3, 8] 8 2 
G:min [2, 7, 10] 7 2 
F:min [0, 5, 8] 5 2 
Bb:maj [2, 5, 10] 10 4 
Eb:maj [3, 7, 10] 3 4 
