0 127
66 1
66 1
66 2
64 1
66 1
66 1
0 1
64 1
66 1
0 1
71 3
0 2
62 1
64 1
64 1
0 1
62 1
64 1
64 2
62 1
64 2
69 4
0 1
62 2
67 1
0 1
67 1
67 2
0 1
66 1
67 2
0 1
66 1
66 2
0 1
64 1
67 1
66 7
0 7
64 1
66 1
66 1
0 1
64 1
66 1
66 1
0 1
64 1
66 1
0 1
71 3
0 2
71 1
73 1
73 1
0 1
71 1
73 1
73 1
0 1
76 2
74 3
0 1
74 1
76 1
78 1
0 1
78 1
0 1
76 1
76 1
0 2
74 1
74 2
0 3
74 1
76 1
78 1
0 1
78 2
76 1
76 2
0 1
74 1
76 2
0 1
69 1
0 1
74 1
0 1
73 1
74 2
0 1
73 1
74 2
0 1
74 1
73 3
74 1
76 2
0 1
71 1
71 3
69 3
0 5
69 1
0 1
74 1
0 1
76 1
74 1
78 2
78 1
78 2
0 1
78 1
78 1
0 2
76 1
73 2
0 1
74 1
0 1
78 8
0 2
74 1
0 1
78 1
0 1
74 1
0 1
83 3
0 1
78 1
0 1
78 2
76 5
0 2
74 1
73 2
74 1
76 2
0 1
69 1
74 2
0 6
69 1
69 1
0 1
67 1
67 1
0 1
74 2
0 1
74 1
0 1
73 1
74 2
0 1
76 1
0 1
76 6
0 4
69 1
0 1
74 1
0 1
73 1
74 2
0 1
73 1
74 2
0 1
74 1
73 3
74 1
76 2
0 1
71 1
71 3
69 3
0 5
69 1
0 1
74 1
0 1
76 1
74 1
78 2
78 1
78 2
0 1
78 1
78 1
0 2
76 1
78 2
0 1
79 1
79 2
78 7
0 2
74 1
0 1
78 1
0 1
74 1
0 1
83 3
0 1
78 1
0 1
78 2
76 5
0 2
74 1
73 2
74 1
76 2
0 1
69 1
74 2
0 6
69 1
69 1
0 1
67 1
67 1
0 2
78 1
78 2
0 1
74 1
73 2
0 1
74 1
76 2
0 1
74 7
0 69
66 1
66 1
66 2
64 1
66 1
66 1
0 1
64 1
66 1
0 1
71 3
0 2
62 1
64 1
64 1
0 1
62 1
64 1
64 2
62 1
64 2
69 4
0 1
62 2
67 1
0 1
67 1
67 2
0 1
66 1
67 2
0 1
66 1
66 2
0 1
64 1
67 1
66 7
0 7
64 1
66 1
66 1
0 1
64 1
66 1
66 1
0 1
64 1
66 1
0 1
71 3
0 2
71 1
73 1
73 1
0 1
71 1
73 1
73 1
0 1
76 2
74 3
0 1
74 1
76 1
78 1
0 1
78 1
0 1
76 1
76 1
0 2
74 1
74 2
0 3
74 1
76 1
78 1
0 1
78 2
76 1
76 2
0 1
74 1
76 2
0 1
69 1
0 1
74 1
0 1
73 1
74 2
0 1
73 1
74 2
0 1
74 1
73 3
74 1
76 2
0 1
71 1
71 3
69 3
0 5
69 1
0 1
74 1
0 1
76 1
74 1
78 2
78 1
78 2
0 1
78 1
78 1
0 2
76 1
73 2
0 1
74 1
0 1
78 8
0 2
74 1
0 1
78 1
0 1
74 1
0 1
83 3
0 1
78 1
0 1
78 2
76 5
0 2
74 1
73 2
74 1
76 2
0 1
78 1
74 5
0 3
69 1
69 1
0 1
67 1
67 1
0 1
74 2
0 1
74 1
0 1
73 1
71 2
73 2
0 1
74 4
0 16
74 1
76 1
78 3
0 3
74 1
76 1
78 2
0 4
74 1
76 1
78 2
0 3
74 1
74 1
76 1
78 2
0 4
74 1
76 1
78 2
0 3
74 1
74 1
76 1
78 1
0 1
76 2
0 1
74 1
71 2
76 2
0 2
74 4
0 2
78 2
76 1
76 2
0 1
74 1
74 1
0 2
73 1
74 1
0 1
76 1
0 2
78 1
0 1
76 1
76 2
0 1
74 1
74 1
0 8
78 1
0 1
76 1
76 1
0 2
74 1
74 1
0 2
73 1
74 1
0 1
76 2
76 7
0 2
77 2
0 2
75 1
0 1
74 1
75 2
0 1
75 1
75 2
0 1
75 1
74 2
0 1
75 1
77 2
0 1
72 1
72 2
70 3
0 6
70 1
0 1
75 1
0 1
77 1
75 1
79 1
0 1
79 1
79 2
0 1
79 1
79 1
0 2
77 1
79 2
0 1
80 1
80 1
0 1
79 4
0 5
75 1
0 1
79 1
0 1
75 1
0 1
84 3
0 1
79 1
0 1
79 2
77 4
0 3
75 1
74 1
0 1
75 1
77 2
0 1
70 1
77 2
75 4
0 2
70 1
70 2
68 1
68 2
0 1
79 1
79 1
0 2
75 1
74 2
0 1
75 1
77 2
75 14
