F:maj [0, 5, 9] 5 4 
E:min [4, 7, 11] 4 4 
D:min [2, 5, 9] 2 1 
C:maj [0, 4, 7] 0 1 
Bb:maj [2, 5, 10] 10 1 
G:7 [2, 5, 7, 11] 7 1 
G:maj [2, 7, 11] 7 4 
C:maj [0, 4, 7] 0 4 
A:min [0, 4, 9] 9 4 
D:min [2, 5, 9] 2 4 
G:maj [2, 7, 11] 7 4 
F:maj [0, 5, 9] 5 4 
E:min/5 [4, 7, 11] 11 4 
D:min [2, 5, 9] 2 2 
G:maj [2, 7, 11] 7 2 
C:maj [0, 4, 7] 0 8 
A:min [0, 4, 9] 9 4 
D:min [2, 5, 9] 2 4 
G:maj [2, 7, 11] 7 4 
F:maj [0, 5, 9] 5 4 
E:min [4, 7, 11] 4 4 
D:min [2, 5, 9] 2 2 
G:maj [2, 7, 11] 7 2 
C:maj [0, 4, 7] 0 4 
A:min [0, 4, 9] 9 4 
E:min [4, 7, 11] 4 4 
F:maj7 [0, 3, 5, 9] 5 2 
A:min [0, 4, 9] 9 2 
D:min [2, 5, 9] 2 2 
G:maj [2, 7, 11] 7 2 
C:maj [0, 4, 7] 0 2 
E:min [4, 7, 11] 4 2 
D:min [2, 5, 9] 2 4 
F:maj [0, 5, 9] 5 2 
D:min [2, 5, 9] 2 2 
G:maj [2, 7, 11] 7 4 
A:min [0, 4, 9] 9 4 
E:min [4, 7, 11] 4 4 
F:maj [0, 5, 9] 5 2 
A:min [0, 4, 9] 9 2 
D:min [2, 5, 9] 2 2 
G:maj [2, 7, 11] 7 2 
C:maj [0, 4, 7] 0 4 
F:maj [0, 5, 9] 5 4 
D:min [2, 5, 9] 2 2 
G:maj [2, 7, 11] 7 2 
C:maj [0, 4, 7] 0 8 
A:sus2 [4, 9, 11] 9 4 
D:min [2, 5, 9] 2 4 
G:maj [2, 7, 11] 7 4 
F:maj [0, 5, 9] 5 4 
E:min [4, 7, 11] 4 4 
D:min [2, 5, 9] 2 2 
G:maj [2, 7, 11] 7 2 
C:maj [0, 4, 7] 0 4 
A:min [0, 4, 9] 9 4 
E:min [4, 7, 11] 4 4 
F:maj7 [0, 3, 5, 9] 5 2 
A:min [0, 4, 9] 9 2 
D:min [2, 5, 9] 2 2 
G:maj [2, 7, 11] 7 2 
C:maj [0, 4, 7] 0 2 
E:min [4, 7, 11] 4 2 
D:min [2, 5, 9] 2 8 
G:maj [2, 7, 11] 7 4 
A:min [0, 4, 9] 9 4 
E:min [4, 7, 11] 4 4 
F:maj [0, 5, 9] 5 2 
A:min [0, 4, 9] 9 2 
D:min [2, 5, 9] 2 2 
G:maj [2, 7, 11] 7 2 
C:maj [0, 4, 7] 0 4 
F:maj [0, 5, 9] 5 4 
D:min [2, 5, 9] 2 2 
G:maj [2, 7, 11] 7 2 
C:maj [0, 4, 7] 0 8 
A:min [0, 4, 9] 9 4 
D:min [2, 5, 9] 2 4 
G:maj [2, 7, 11] 7 4 
F:maj [0, 5, 9] 5 4 
E:min/5 [4, 7, 11] 11 4 
D:min [2, 5, 9] 2 2 
G:maj [2, 7, 11] 7 4 
C:maj [0, 4, 7] 0 4 
