0 130
67 2
72 2
67 2
74 3
0 1
72 2
69 1
0 1
76 2
74 1
0 1
72 1
0 1
69 2
67 7
0 1
72 2
0 1
74 2
0 1
72 1
0 1
71 2
0 1
69 2
0 1
67 2
69 2
67 9
0 7
67 1
0 1
72 2
67 2
74 3
0 1
72 2
79 2
76 1
0 1
74 1
0 1
72 2
69 1
0 1
67 8
72 2
0 1
74 2
0 1
72 1
0 1
71 3
69 3
67 2
69 11
0 1
69 2
67 2
65 3
72 3
65 2
72 3
0 1
74 1
0 1
76 1
0 1
71 2
0 1
69 2
0 1
69 2
67 3
0 1
69 1
0 1
67 1
0 1
65 3
72 2
0 1
65 2
72 3
72 1
74 1
0 1
76 1
0 1
71 9
0 3
74 1
0 1
72 1
0 1
69 2
0 1
69 3
76 2
74 3
0 1
72 1
0 1
74 2
76 1
0 1
74 1
72 3
71 2
69 3
0 1
72 1
0 1
71 2
69 4
76 2
0 1
74 4
0 1
72 2
74 2
76 2
74 2
72 1
74 2
0 1
76 3
0 1
74 1
0 1
72 1
0 1
69 3
69 2
0 1
76 2
74 4
72 1
0 1
74 1
0 1
76 2
79 1
0 1
74 2
72 2
69 2
0 2
69 1
0 1
67 2
65 2
0 1
69 3
72 1
0 1
71 2
0 1
69 3
67 2
69 15
0 51
67 2
72 2
67 2
74 3
0 1
72 2
69 1
0 1
76 2
74 1
0 1
72 1
0 1
69 2
67 7
0 1
72 2
0 1
74 2
0 1
72 1
0 1
71 2
0 1
69 2
0 1
67 2
69 2
67 9
0 7
67 1
0 1
72 2
67 2
74 3
0 1
72 2
79 2
76 1
0 1
74 1
0 1
72 2
69 1
0 1
67 8
72 2
0 1
74 2
0 1
72 1
0 1
71 3
69 3
67 2
69 11
0 1
69 2
67 2
65 3
72 3
65 2
72 3
0 1
74 1
0 1
76 1
0 1
71 2
0 1
69 2
0 1
69 2
67 3
0 1
69 1
0 1
67 1
0 1
65 3
72 2
0 1
65 2
72 3
72 1
74 1
0 1
76 1
0 1
71 9
0 3
74 1
0 1
72 1
0 1
69 2
0 1
69 3
76 2
74 3
0 1
72 1
0 1
74 2
76 1
0 1
74 1
72 3
71 2
69 3
0 1
72 1
0 1
71 2
69 4
76 2
0 1
74 4
0 1
72 2
74 2
76 2
74 2
72 1
74 2
0 1
76 3
0 1
74 1
0 1
72 1
0 1
69 3
69 2
0 1
76 2
74 4
72 1
0 1
74 1
0 1
76 2
79 1
0 1
74 2
72 2
69 2
0 2
69 1
0 1
67 2
65 2
0 1
69 3
72 1
0 1
71 2
0 1
69 3
67 2
69 15
0 109
74 1
0 1
72 1
0 1
69 2
0 1
69 3
76 2
74 3
0 1
72 1
0 1
74 2
76 1
0 1
74 1
72 3
71 2
69 3
0 1
72 1
0 1
71 2
69 4
76 2
0 1
74 4
0 1
72 2
74 2
76 2
74 2
72 1
74 2
0 1
76 3
0 1
74 1
0 1
72 1
0 1
69 3
69 2
0 1
76 2
74 4
72 1
0 1
74 1
0 1
76 2
79 1
0 1
74 2
72 2
69 2
0 2
69 1
0 1
67 2
65 2
0 1
69 3
72 1
0 1
71 2
0 1
69 3
67 2
69 11
0 1
74 1
0 1
72 1
0 1
69 2
0 1
69 3
76 2
74 3
0 1
72 1
0 1
74 2
76 1
0 1
74 1
72 3
71 2
69 3
0 1
72 1
0 1
71 2
69 4
76 2
0 1
74 4
0 1
72 2
74 2
76 2
74 2
72 1
74 2
0 1
76 3
0 1
74 1
0 1
72 1
0 1
69 3
69 2
0 1
76 2
74 4
72 1
0 1
74 1
0 1
76 2
79 1
0 1
81 2
79 2
72 2
69 8
0 3
69 2
67 2
65 3
0 1
69 2
0 1
72 2
71 3
0 1
69 3
67 2
69 10
69 2
67 1
0 1
65 3
69 3
72 2
74 4
71 4
67 4
69 13
