D:maj [2, 6, 9] 2 18 
F#:min/5 [1, 6, 9] 1 2 
B:min [2, 6, 11] 11 2 
D:maj/5 [2, 6, 9] 9 2 
G:maj [2, 7, 11] 7 2 
F#:min [1, 6, 9] 6 2 
E:min [4, 7, 11] 4 2 
A:maj [1, 4, 9] 9 2 
B:min [2, 6, 11] 11 2 
Bb:aug [2, 6, 10] 10 2 
D:maj/5 [2, 6, 9] 9 2 
G:maj [2, 7, 11] 7 2 
F#:maj [1, 6, 10] 6 2 
E:min [4, 7, 11] 4 2 
A:maj [1, 4, 9] 9 2 
D:sus2 [2, 4, 9] 2 4 
F#:min/5 [1, 6, 9] 1 2 
B:min [2, 6, 11] 11 2 
A:maj6 [1, 4, 6, 9] 9 2 
G:maj [2, 7, 11] 7 2 
F#:min [1, 6, 9] 6 2 
E:min [4, 7, 11] 4 2 
A:maj [1, 4, 9] 9 2 
B:min [2, 6, 11] 11 2 
Bb:aug [2, 6, 10] 10 2 
D:maj/5 [2, 6, 9] 9 2 
G:maj [2, 7, 11] 7 2 
F#:min [1, 6, 9] 6 2 
E:min [4, 7, 11] 4 2 
A:maj [1, 4, 9] 9 2 
D:maj [2, 6, 9] 2 7 
A:maj [1, 4, 9] 9 3 
B:min [2, 6, 11] 11 1 
B:min7 [2, 6, 9, 11] 11 1 
F#:min/b3 [1, 6, 9] 9 2 
G:maj [2, 7, 11] 7 4 
E:min [4, 7, 11] 4 2 
A:maj [1, 4, 9] 9 2 
D:maj [2, 6, 9] 2 1 
A:maj [1, 4, 9] 9 3 
B:min [2, 6, 11] 11 1 
B:min7 [2, 6, 9, 11] 11 1 
F#:min/b3 [1, 6, 9] 9 2 
G:maj [2, 7, 11] 7 2 
E:min [4, 7, 11] 4 2 
A:maj [1, 4, 9] 9 2 
D:sus2 [2, 4, 9] 2 2 
A:maj [1, 4, 9] 9 32 
D:maj [2, 6, 9] 2 2 
F#:min/5 [1, 6, 9] 1 2 
B:min [2, 6, 11] 11 2 
A:maj6 [1, 4, 6, 9] 9 2 
G:maj [2, 7, 11] 7 2 
F#:min [1, 6, 9] 6 2 
E:min [4, 7, 11] 4 2 
A:maj [1, 4, 9] 9 2 
B:min [2, 6, 11] 11 2 
Bb:aug [2, 6, 10] 10 2 
D:maj/5 [2, 6, 9] 9 2 
G:maj [2, 7, 11] 7 2 
F#:min [1, 6, 9] 6 2 
E:min [4, 7, 11] 4 2 
A:maj [1, 4, 9] 9 2 
D:maj [2, 6, 9] 2 3 
A:maj [1, 4, 9] 9 3 
B:min [2, 6, 11] 11 1 
B:min7 [2, 6, 9, 11] 11 1 
F#:min/b3 [1, 6, 9] 9 2 
G:maj [2, 7, 11] 7 4 
E:min [4, 7, 11] 4 2 
A:maj [1, 4, 9] 9 2 
D:maj [2, 6, 9] 2 1 
A:maj [1, 4, 9] 9 3 
B:min [2, 6, 11] 11 1 
B:min7 [2, 6, 9, 11] 11 1 
A:maj [1, 4, 9] 9 2 
G:maj [2, 7, 11] 7 2 
E:min [4, 7, 11] 4 2 
A:maj [1, 4, 9] 9 2 
D:sus2 [2, 4, 9] 2 3 
A:maj [1, 4, 9] 9 3 
B:min [2, 6, 11] 11 1 
B:min7 [2, 6, 9, 11] 11 1 
F#:min/b3 [1, 6, 9] 9 2 
G:maj [2, 7, 11] 7 4 
E:min [4, 7, 11] 4 2 
A:maj [1, 4, 9] 9 2 
D:maj [2, 6, 9] 2 1 
A:maj [1, 4, 9] 9 3 
B:min [2, 6, 11] 11 1 
B:min7 [2, 6, 9, 11] 11 1 
A:maj [1, 4, 9] 9 2 
G:maj [2, 7, 11] 7 2 
E:min [4, 7, 11] 4 2 
A:maj [1, 4, 9] 9 2 
D:maj [2, 6, 9] 2 14 
