0 64
66 1
0 1
69 1
0 1
69 1
0 1
66 1
69 7
0 2
66 1
0 1
62 1
0 1
62 2
59 1
62 8
0 1
66 2
69 1
0 1
71 2
0 1
69 7
0 2
64 2
66 1
0 1
69 1
0 1
66 1
64 7
0 2
66 1
0 1
62 1
0 1
62 2
59 1
66 5
0 2
57 1
59 1
66 1
0 1
62 1
0 1
62 2
59 1
66 6
0 3
66 2
64 1
64 1
0 1
62 1
0 1
59 1
66 2
64 1
64 2
0 3
57 1
0 1
69 1
69 1
64 1
0 1
66 1
62 8
0 1
66 1
0 1
69 1
0 1
69 1
0 1
66 1
69 7
0 1
66 1
66 1
0 1
62 1
0 1
62 2
59 1
62 8
0 1
66 2
69 1
0 1
71 2
0 1
69 7
66 2
64 2
66 1
0 1
69 1
0 1
66 1
64 7
0 2
66 1
0 1
62 1
0 1
62 2
59 1
66 5
0 2
57 1
59 1
66 1
0 1
62 1
0 1
62 2
59 1
66 6
0 3
66 2
64 1
64 1
0 1
62 1
0 1
59 1
66 2
64 1
64 2
0 3
57 1
0 1
69 1
69 1
64 1
0 1
66 1
62 8
0 17
74 1
0 1
74 1
0 1
66 1
0 1
69 7
0 1
66 1
64 1
62 1
0 1
62 2
71 2
69 7
0 3
71 1
0 1
71 1
0 1
71 2
62 6
0 2
59 1
62 1
69 1
0 1
66 2
66 1
0 1
64 9
0 1
74 1
0 1
74 1
0 1
66 1
0 1
69 7
0 1
66 1
64 1
62 1
0 1
62 2
71 2
69 7
0 3
66 2
62 1
62 2
0 1
59 1
59 1
66 2
64 1
64 3
0 2
57 1
57 1
69 1
69 1
64 1
66 2
62 9
0 128
66 1
0 1
69 1
0 1
69 1
0 1
66 1
69 7
0 1
66 1
66 1
0 1
62 1
0 1
62 2
59 1
62 8
0 1
66 2
69 1
0 1
71 2
0 1
69 7
66 2
64 2
66 1
0 1
69 1
0 1
66 1
64 7
0 2
66 1
0 1
62 1
0 1
62 2
59 1
66 5
0 2
57 1
59 1
66 1
0 1
62 1
0 1
62 2
59 1
66 6
0 3
66 2
64 1
64 1
0 1
62 1
0 1
59 1
66 2
64 1
64 2
0 3
57 1
0 1
69 1
69 1
64 1
0 1
66 1
62 8
0 1
74 1
0 1
74 1
0 1
66 1
0 1
69 7
0 1
66 1
64 1
62 1
0 1
62 2
71 2
69 7
0 3
71 1
0 1
71 1
0 1
71 2
62 6
0 2
59 1
62 1
69 1
0 1
66 2
66 1
0 1
64 9
0 1
74 1
0 1
74 1
0 1
66 1
0 1
69 7
0 1
66 1
64 1
62 1
0 1
62 2
71 2
69 7
0 3
66 2
62 1
62 2
0 1
59 1
59 1
66 2
64 1
64 3
0 2
57 1
57 1
69 1
69 1
64 1
66 2
62 9
74 1
0 1
74 1
0 1
66 1
0 1
69 7
0 1
66 1
64 1
62 1
0 1
62 2
71 2
69 7
0 3
71 1
0 1
71 1
0 1
71 2
62 6
0 2
59 1
62 1
69 1
0 1
66 2
66 1
0 1
64 9
0 1
74 1
0 1
74 1
0 1
66 1
0 1
69 7
0 1
66 1
64 1
62 1
0 1
62 2
71 2
69 7
0 3
66 2
62 1
62 2
0 1
59 1
59 1
66 2
64 1
64 3
0 2
57 1
57 1
69 1
69 1
64 1
66 3
62 15
