0 63
69 1
76 1
74 1
76 1
74 1
76 1
81 1
76 1
74 1
73 1
74 1
73 1
69 3
0 1
66 1
73 1
73 1
73 1
73 1
73 1
71 1
71 1
73 1
74 1
76 2
78 3
0 1
74 1
71 1
71 1
71 1
71 1
71 1
79 3
78 2
76 1
78 3
0 1
69 1
76 1
78 1
76 1
78 1
76 1
74 2
74 1
71 2
78 1
76 3
0 1
69 1
76 1
74 1
76 1
74 1
76 1
81 1
76 1
74 1
73 1
74 1
73 1
69 2
0 2
66 1
73 1
73 1
73 1
73 1
73 1
71 1
71 1
73 1
74 1
76 1
0 1
78 2
0 2
74 1
71 1
71 1
71 1
71 1
71 1
79 3
78 1
0 1
76 1
78 2
0 2
69 1
76 1
74 1
76 1
74 1
77 1
0 1
76 1
74 1
74 1
78 1
0 1
74 5
0 6
76 1
74 1
81 2
78 1
78 2
0 1
78 1
78 1
78 1
76 1
74 1
69 2
0 2
69 1
74 1
73 1
71 1
73 1
74 1
0 1
73 1
71 1
69 1
0 1
78 1
78 2
0 2
78 1
76 1
0 1
78 1
79 1
0 1
76 2
0 1
78 2
76 1
76 1
0 1
74 1
0 2
79 1
78 1
74 1
71 1
0 1
69 1
78 1
0 1
76 3
0 3
76 1
74 1
81 2
78 1
78 2
0 2
78 1
76 1
78 1
0 1
78 3
0 1
69 1
74 1
73 1
71 1
73 1
74 1
0 1
73 1
71 1
69 1
0 1
78 1
78 2
0 2
78 1
76 1
0 1
78 1
79 1
0 1
76 2
0 1
78 2
76 1
76 1
0 1
74 1
0 2
79 1
78 1
79 1
0 1
74 2
73 2
74 8
0 135
69 1
76 1
74 1
76 1
74 1
76 1
81 1
76 1
74 1
73 1
74 1
73 1
69 2
0 2
66 1
73 1
73 1
73 1
73 1
73 1
71 1
71 1
73 1
74 1
76 1
0 1
78 2
0 2
74 1
71 1
71 1
71 1
71 1
71 1
79 3
78 1
0 1
76 1
78 2
0 2
69 1
76 1
74 1
76 1
74 1
77 1
0 1
76 1
74 1
74 1
78 1
0 1
74 5
0 6
76 1
74 1
81 2
78 1
78 2
0 1
78 1
78 1
78 1
76 1
74 1
69 2
0 2
69 1
74 1
73 1
71 1
73 1
74 1
0 1
73 1
71 1
69 1
0 1
78 1
78 2
0 2
78 1
76 1
0 1
78 1
79 1
0 1
76 2
0 1
78 2
76 1
76 1
0 1
74 1
0 2
79 1
78 1
74 1
71 1
0 1
69 1
78 1
0 1
76 3
0 3
76 1
74 1
81 2
78 1
78 2
0 2
78 1
76 1
78 1
0 1
78 3
0 1
69 1
74 1
73 1
71 1
73 1
74 1
0 1
73 1
71 1
69 1
0 1
78 1
78 2
0 2
78 1
76 1
0 1
78 1
79 1
0 1
76 2
0 1
78 2
76 1
76 1
0 1
74 1
0 2
79 1
78 1
79 1
0 1
74 2
73 2
74 8
0 6
76 1
74 1
81 2
78 1
78 2
0 1
78 1
78 1
78 1
76 1
74 1
69 2
0 2
69 1
74 1
73 1
71 1
73 1
74 1
0 1
73 1
71 1
69 1
0 1
78 1
78 2
0 2
78 1
76 1
0 1
78 1
79 1
0 1
76 2
0 1
78 2
76 1
76 1
0 1
74 1
0 2
79 1
78 1
74 1
71 1
0 1
69 1
78 1
0 1
76 3
0 3
76 1
74 1
81 2
78 1
78 2
0 2
78 1
76 1
78 1
0 1
78 3
0 1
69 1
74 1
73 1
71 1
73 1
74 1
0 1
73 1
71 1
69 1
0 1
78 1
78 2
0 2
78 1
76 1
0 1
78 1
79 1
0 1
76 2
0 1
78 2
76 1
76 1
0 1
74 1
0 2
79 1
78 1
79 1
0 1
74 2
73 2
74 8
