B:min [2, 6, 11] 11 4 
F#:min [1, 6, 9] 6 4 
G:maj [2, 7, 11] 7 4 
A:maj [1, 4, 9] 9 4 
B:min [2, 6, 11] 11 4 
F#:min [1, 6, 9] 6 4 
G:maj [2, 7, 11] 7 4 
A:maj [1, 4, 9] 9 4 
B:min [2, 6, 11] 11 4 
F#:min [1, 6, 9] 6 4 
G:maj [2, 7, 11] 7 4 
A:maj [1, 4, 9] 9 4 
B:min [2, 6, 11] 11 4 
F#:min [1, 6, 9] 6 4 
G:maj [2, 7, 11] 7 4 
A:maj [1, 4, 9] 9 4 
B:min [2, 6, 11] 11 4 
F#:min [1, 6, 9] 6 4 
G:maj [2, 7, 11] 7 4 
A:maj [1, 4, 9] 9 4 
B:min [2, 6, 11] 11 4 
F#:min [1, 6, 9] 6 4 
G:maj [2, 7, 11] 7 4 
A:maj [1, 4, 9] 9 4 
B:min [2, 6, 11] 11 4 
F#:min [1, 6, 9] 6 4 
G:maj7 [2, 5, 7, 11] 7 4 
A:maj [1, 4, 9] 9 4 
B:min [2, 6, 11] 11 4 
F#:min [1, 6, 9] 6 4 
G:maj [2, 7, 11] 7 4 
A:maj [1, 4, 9] 9 4 
B:min [2, 6, 11] 11 8 
F#:min [1, 6, 9] 6 4 
G:maj [2, 7, 11] 7 4 
A:maj [1, 4, 9] 9 4 
B:min [2, 6, 11] 11 4 
F#:min [1, 6, 9] 6 4 
G:maj [2, 7, 11] 7 4 
A:maj [1, 4, 9] 9 4 
B:min [2, 6, 11] 11 4 
F#:min [1, 6, 9] 6 4 
G:maj [2, 7, 11] 7 4 
A:maj [1, 4, 9] 9 4 
B:min [2, 6, 11] 11 4 
F#:min [1, 6, 9] 6 4 
G:maj [2, 7, 11] 7 4 
A:maj [1, 4, 9] 9 4 
B:min [2, 6, 11] 11 4 
F#:min [1, 6, 9] 6 4 
G:maj [2, 7, 11] 7 4 
A:maj [1, 4, 9] 9 4 
B:min [2, 6, 11] 11 4 
F#:min [1, 6, 9] 6 4 
G:maj [2, 7, 11] 7 4 
A:maj [1, 4, 9] 9 4 
B:min [2, 6, 11] 11 4 
F#:min [1, 6, 9] 6 4 
G:maj7 [2, 5, 7, 11] 7 4 
A:maj [1, 4, 9] 9 4 
B:min [2, 6, 11] 11 4 
F#:min [1, 6, 9] 6 4 
G:maj [2, 7, 11] 7 4 
A:maj [1, 4, 9] 9 4 
B:min [2, 6, 11] 11 4 
F#:min [1, 6, 9] 6 4 
G:maj [2, 7, 11] 7 4 
A:maj [1, 4, 9] 9 4 
B:min [2, 6, 11] 11 4 
F#:min [1, 6, 9] 6 4 
G:maj [2, 7, 11] 7 4 
A:maj [1, 4, 9] 9 4 
B:min [2, 6, 11] 11 4 
F#:min [1, 6, 9] 6 4 
G:maj [2, 7, 11] 7 4 
A:maj [1, 4, 9] 9 4 
B:min [2, 6, 11] 11 4 
F#:min [1, 6, 9] 6 4 
G:maj [2, 7, 11] 7 4 
A:maj [1, 4, 9] 9 4 
B:min [2, 6, 11] 11 4 
F#:min [1, 6, 9] 6 4 
G:maj [2, 7, 11] 7 4 
A:maj [1, 4, 9] 9 4 
B:min [2, 6, 11] 11 4 
F#:min [1, 6, 9] 6 4 
G:maj [2, 7, 11] 7 4 
A:maj [1, 4, 9] 9 8 
B:min [2, 6, 11] 11 4 
F#:min [1, 6, 9] 6 4 
G:maj [2, 7, 11] 7 4 
A:maj [1, 4, 9] 9 4 
B:min [2, 6, 11] 11 4 
F#:min [1, 6, 9] 6 4 
G:maj [2, 7, 11] 7 4 
A:maj [1, 4, 9] 9 4 
B:min [2, 6, 11] 11 2 
B:min7/b7 [2, 6, 9, 11] 9 2 
