0 128
71 2
0 2
78 1
0 1
78 1
0 1
78 2
0 2
71 2
0 2
69 2
0 2
76 1
0 1
76 3
0 7
71 3
0 1
74 2
0 2
74 3
0 1
71 2
0 2
73 3
0 13
71 2
0 2
78 1
0 1
78 1
0 1
78 2
0 2
83 3
0 1
81 2
0 2
78 1
0 1
78 3
0 7
71 2
0 2
74 2
0 2
74 2
0 2
76 2
0 2
73 3
0 13
71 2
0 2
78 1
0 1
78 1
0 1
78 2
0 2
71 2
0 2
69 2
0 2
76 1
0 1
76 3
0 7
71 3
0 1
74 1
0 1
74 1
0 1
74 3
0 1
78 2
0 2
73 3
0 13
71 2
0 2
78 1
0 1
78 1
0 1
78 2
0 2
83 3
0 1
81 2
0 2
78 1
0 1
78 3
0 7
71 2
0 2
74 8
0 4
73 3
0 5
71 4
69 3
0 1
71 2
0 2
78 1
0 1
78 1
0 1
78 2
0 2
71 2
0 2
69 2
0 2
76 1
0 1
76 3
0 7
71 3
0 1
74 1
0 3
74 3
0 1
71 2
0 2
73 3
0 13
71 2
0 2
78 1
0 1
78 1
0 1
78 2
0 2
83 3
0 1
81 3
0 1
78 1
0 1
78 7
0 3
71 2
0 2
74 12
73 6
0 2
69 2
0 6
71 2
0 142
71 2
0 2
78 1
0 1
78 1
0 1
78 2
0 2
71 2
0 2
69 2
0 2
76 1
0 1
76 3
0 7
71 3
0 1
74 2
0 2
74 3
0 1
71 2
0 2
73 3
0 13
71 2
0 2
78 1
0 1
78 1
0 1
78 2
0 2
83 3
0 1
81 2
0 2
78 1
0 1
78 3
0 7
71 2
0 2
74 2
0 2
74 2
0 2
76 2
0 2
73 3
0 13
71 2
0 2
78 1
0 1
78 1
0 1
78 2
0 2
71 2
0 2
69 2
0 2
76 1
0 1
76 3
0 7
71 3
0 1
74 1
0 1
74 1
0 1
74 3
0 1
78 2
0 2
73 3
0 13
71 2
0 2
78 1
0 1
78 1
0 1
78 2
0 2
83 3
0 1
81 2
0 2
78 1
0 1
78 3
0 7
71 2
0 2
74 8
0 4
73 3
0 5
71 4
69 3
0 1
71 2
0 2
78 1
0 1
78 1
0 1
78 2
0 2
71 2
0 2
69 2
0 2
76 1
0 1
76 3
0 7
71 3
0 1
74 1
0 3
74 3
0 1
71 2
0 2
73 3
0 13
71 2
0 2
78 1
0 1
78 1
0 1
78 2
0 2
83 3
0 1
81 3
0 1
78 1
0 1
78 7
0 3
71 2
0 2
74 12
73 6
0 2
69 2
0 6
71 2
0 254
71 3
0 1
78 1
0 1
78 1
0 1
78 3
0 1
71 3
0 1
69 2
0 2
76 1
0 1
76 4
0 6
71 3
0 1
74 2
0 2
74 2
0 2
71 2
0 2
73 7
0 9
71 2
0 2
78 1
0 1
78 1
0 1
78 2
0 2
83 3
0 1
81 3
0 1
78 1
0 1
78 3
0 7
71 3
0 1
74 11
0 1
73 6
0 2
69 5
0 3
71 4
