0 72
67 2
72 1
69 1
67 2
67 2
64 1
67 1
69 1
72 1
67 2
67 2
69 2
67 1
64 1
62 2
62 2
64 2
67 1
64 1
62 2
60 2
69 2
67 2
69 2
67 2
64 2
69 2
67 4
67 1
67 1
64 1
62 1
60 4
60 1
60 1
62 1
64 1
60 4
0 32
67 2
72 1
69 1
67 2
67 2
64 1
67 1
69 1
72 1
67 2
67 2
69 2
67 1
64 1
62 2
62 2
64 2
67 1
64 1
62 2
60 2
69 2
67 2
69 2
67 2
64 2
69 2
67 4
67 1
67 1
64 1
62 1
60 4
60 1
60 1
62 1
64 1
60 5
0 31
67 2
72 1
69 1
67 2
67 2
64 1
67 1
69 1
72 1
67 2
67 2
69 2
67 1
64 1
62 2
62 2
64 2
67 1
64 1
62 2
60 2
69 2
67 2
69 2
67 2
64 2
69 2
67 4
67 1
67 1
64 1
62 1
60 4
60 1
60 1
62 1
64 1
60 4
0 32
67 2
72 1
69 1
67 2
67 2
64 1
67 1
69 1
72 1
67 2
67 2
69 2
67 1
64 1
62 2
62 2
64 2
67 1
64 1
62 2
60 2
69 2
67 2
69 2
67 2
64 2
69 2
67 4
67 1
67 1
64 1
62 1
60 4
0 1
60 1
60 1
62 1
64 1
60 4
