0 62
68 1
71 1
73 2
71 1
68 1
68 1
0 1
71 1
73 4
0 2
73 1
73 1
75 1
76 2
75 1
73 1
75 1
0 1
71 1
0 1
68 6
0 1
68 1
73 1
73 1
0 1
73 1
73 1
73 2
0 1
71 1
71 1
0 1
71 1
73 2
71 1
0 1
68 5
0 9
68 1
71 1
73 1
0 1
71 1
68 1
68 1
0 1
71 1
73 3
0 3
73 1
73 1
75 1
76 1
0 1
75 1
73 1
75 1
0 1
71 2
68 4
0 2
68 1
66 1
68 2
61 1
64 1
0 1
64 1
64 1
66 1
68 1
0 1
73 1
68 1
0 1
66 2
0 1
64 1
0 1
64 1
0 1
63 1
0 1
64 1
63 1
61 4
0 4
73 2
71 1
68 1
68 1
0 1
71 1
73 4
0 2
73 1
73 1
75 1
76 2
75 1
73 1
75 1
0 1
71 1
0 1
68 6
0 1
68 1
73 1
73 1
0 1
73 1
73 1
73 2
0 1
71 1
71 1
0 1
71 1
73 2
71 1
0 1
68 5
0 9
68 1
71 1
73 1
0 1
71 1
68 1
68 1
0 1
71 1
73 3
0 3
73 1
73 1
75 1
76 1
0 1
75 1
73 1
75 1
0 1
71 2
68 4
0 2
68 1
66 1
68 2
61 1
64 1
0 1
64 1
64 1
66 1
68 1
0 1
73 1
68 1
0 1
66 2
0 1
64 1
0 1
64 1
0 1
63 1
0 1
64 1
63 1
61 4
0 5
66 1
66 1
66 1
66 1
0 1
66 1
68 3
66 1
0 2
64 1
0 1
66 1
68 1
0 1
73 1
71 2
68 1
0 1
66 1
68 3
0 6
73 1
73 1
73 1
73 1
0 1
73 1
75 2
0 1
75 2
73 1
73 2
0 1
71 4
0 9
73 1
73 1
75 1
76 1
0 1
76 1
0 1
76 1
0 1
76 1
0 1
75 4
0 1
75 1
75 1
76 1
78 1
0 1
78 1
0 1
78 1
0 1
75 2
73 3
0 2
73 1
73 1
75 1
76 1
0 1
69 1
69 2
0 2
76 1
75 1
0 1
75 1
0 1
73 1
0 1
73 1
0 1
71 3
0 10
73 1
73 1
75 1
76 1
0 1
76 1
0 1
76 1
0 1
76 1
0 1
75 4
0 1
75 1
75 1
76 1
78 1
0 1
78 1
0 1
78 1
0 1
75 2
73 3
0 2
73 1
73 1
75 1
76 1
0 1
69 1
69 2
0 2
76 1
75 1
0 1
75 1
0 1
76 2
0 1
75 2
0 1
73 9
0 99
68 1
71 1
73 2
71 1
68 1
68 1
0 1
71 1
73 4
0 2
73 1
73 1
75 1
76 2
75 1
73 1
75 1
0 1
71 1
0 1
68 6
0 1
68 1
73 1
73 1
0 1
73 1
73 1
73 2
0 1
71 1
71 1
0 1
71 1
73 2
71 1
0 1
68 5
0 9
68 1
71 1
73 1
0 1
71 1
68 1
68 1
0 1
71 1
73 3
0 3
73 1
73 1
75 1
76 1
0 1
75 1
73 1
75 1
0 1
71 2
68 4
0 2
68 1
66 1
68 2
61 1
64 1
0 1
64 1
64 1
66 1
68 1
0 1
73 1
68 1
0 1
66 2
0 1
64 1
0 1
64 1
0 1
63 1
0 1
64 1
63 1
61 4
0 5
66 1
66 1
66 1
66 1
0 1
66 1
68 3
66 1
0 2
64 1
0 1
66 1
68 1
0 1
73 1
71 2
68 1
0 1
66 1
68 3
0 6
73 1
73 1
73 1
73 1
0 1
73 1
75 2
0 1
75 2
73 1
73 2
0 1
71 4
0 9
73 1
73 1
75 1
76 1
0 1
76 1
0 1
76 1
0 1
76 1
0 1
75 4
0 1
75 1
75 1
76 1
78 1
0 1
78 1
0 1
78 1
0 1
75 2
73 3
0 2
73 1
73 1
75 1
76 1
0 1
69 1
69 2
0 2
76 1
75 1
0 1
75 1
0 1
73 1
0 1
73 1
0 1
71 3
0 2
68 1
71 1
72 5
0 1
73 1
73 1
75 1
76 1
0 1
76 1
0 1
76 1
0 1
76 1
0 1
75 4
0 1
75 1
75 1
76 1
78 1
0 1
78 1
0 1
78 1
0 1
75 2
73 3
0 2
73 1
73 1
75 1
76 1
0 1
69 1
69 2
0 2
76 1
75 1
0 1
75 1
0 1
76 2
0 1
75 2
0 1
73 9
0 2
73 1
73 1
75 1
76 1
0 1
76 1
0 1
76 1
0 1
76 1
75 4
0 2
75 1
75 1
76 1
78 1
0 1
78 1
0 1
78 1
0 1
75 1
73 3
0 3
73 1
73 1
75 1
76 1
0 1
69 1
69 2
0 2
76 1
75 1
0 1
75 1
0 1
73 1
0 1
73 1
0 1
71 3
0 2
68 1
71 1
72 5
0 1
73 1
73 1
75 1
76 1
0 1
76 1
0 1
76 1
0 1
76 1
0 1
75 4
0 1
75 1
75 1
76 1
78 1
0 1
78 1
0 1
78 1
0 1
75 2
73 3
0 2
73 1
73 1
75 1
76 1
0 1
69 1
69 2
0 2
76 1
75 1
0 1
75 1
0 1
76 2
0 1
75 2
0 1
73 9
