Eb:maj [3, 7, 10] 3 4 
C:min [0, 3, 7] 0 4 
Eb:maj [3, 7, 10] 3 4 
Bb:maj6 [2, 5, 7, 10] 10 4 
Eb:maj [3, 7, 10] 3 4 
C:min [0, 3, 7] 0 4 
F:min [0, 5, 8] 5 2 
Bb:maj [2, 5, 10] 10 1 
Eb:sus2 [3, 5, 10] 3 12 
Eb:maj [3, 7, 10] 3 1 
C:min7 [0, 3, 7, 10] 0 3 
C:min [0, 3, 7] 0 1 
Eb:maj [3, 7, 10] 3 4 
Bb:sus4 [3, 5, 10] 10 4 
C:min [0, 3, 7] 0 4 
C:min7 [0, 3, 7, 10] 0 4 
F:min [0, 5, 8] 5 4 
Bb:maj [2, 5, 10] 10 4 
Eb:maj [3, 7, 10] 3 4 
C:min [0, 3, 7] 0 4 
Eb:maj [3, 7, 10] 3 4 
Bb:maj [2, 5, 10] 10 4 
C:min [0, 3, 7] 0 4 
Eb:maj [3, 7, 10] 3 2 
C:min [0, 3, 7] 0 2 
F:min [0, 5, 8] 5 2
Bb:maj [2, 5, 10] 10 2 
Eb:maj [3, 7, 10] 3 4 
C:min [0, 3, 7] 0 3 
C:min/5 [0, 3, 7] 7 1 
G:min [2, 7, 10] 7 4 
C:min [0, 3, 7] 0 4 
G:min [2, 7, 10] 7 4 
C:min [0, 3, 7] 0 4 
Eb:maj7/7 [1, 3, 7, 10] 2 2 
C:min [0, 3, 7] 0 2 
F:min [0, 5, 8] 5 2 
Ab:maj [0, 3, 8] 8 1 
Bb:maj [2, 5, 10] 10 1 
C:min [0, 3, 7] 0 4 
Eb:maj [3, 7, 10] 3 4 
C:min7 [0, 3, 7, 10] 0 3 
C:min [0, 3, 7] 0 1 
Eb:maj [3, 7, 10] 3 4 
Bb:sus4 [3, 5, 10] 10 4 
C:min [0, 3, 7] 0 4 
C:min7 [0, 3, 7, 10] 0 4 
F:min [0, 5, 8] 5 2 
F:sus2 [0, 5, 7] 5 2 
Eb:maj [3, 7, 10] 3 8 
C:min [0, 3, 7] 0 4 
Eb:maj [3, 7, 10] 3 4 
Bb:maj6 [2, 5, 7, 10] 10 4 
Eb:maj/5 [3, 7, 10] 10 3 
Eb:maj [3, 7, 10] 3 1 
C:min [0, 3, 7] 0 4 
F:min [0, 5, 8] 5 2 
Bb:maj [2, 5, 10] 10 1 
Eb:sus2 [3, 5, 10] 3 8 
Eb:maj [3, 7, 10] 3 1 
C:min7 [0, 3, 7, 10] 0 4 
Eb:maj [3, 7, 10] 3 4 
Bb:sus4 [3, 5, 10] 10 4 
C:min [0, 3, 7] 0 4 
C:min7 [0, 3, 7, 10] 0 4 
F:min [0, 5, 8] 5 2 
F:sus2 [0, 5, 7] 5 2 
Eb:maj [3, 7, 10] 3 3 
C:min [0, 3, 7] 0 5 
G:min7 [2, 5, 7, 10] 7 4 
C:min [0, 3, 7] 0 4 
G:min7 [2, 5, 7, 10] 7 4 
C:min [0, 3, 7] 0 4 
Eb:maj [3, 7, 10] 3 2 
C:min [0, 3, 7] 0 2 
F:min7 [0, 3, 5, 8] 5 2 
Ab:maj [0, 3, 8] 8 1 
Bb:maj [2, 5, 10] 10 1 
C:min [0, 3, 7] 0 4 
Eb:maj [3, 7, 10] 3 4 
C:min [0, 3, 7] 0 4 
Eb:maj [3, 7, 10] 3 4 
Bb:sus2 [0, 5, 10] 10 4 
C:min [0, 3, 7] 0 4 
Eb:maj [3, 7, 10] 3 2 
C:min7 [0, 3, 7, 10] 0 2 
F:min [0, 5, 8] 5 2 
Bb:9 [0, 2, 5, 8, 10] 10 2 
Eb:maj [3, 7, 10] 3 4 
C:min [0, 3, 7] 0 4 
G:min7 [2, 5, 7, 10] 7 4 
C:min7 [0, 3, 7, 10] 0 1 
C:min/5 [0, 3, 7] 7 2 
C:min [0, 3, 7] 0 1 
G:min7 [2, 5, 7, 10] 7 4 
C:min [0, 3, 7] 0 4 
Eb:maj6 [0, 3, 7, 10] 3 1 
Eb:maj7/7 [1, 3, 7, 10] 2 1 
C:min [0, 3, 7] 0 2 
F:min7 [0, 3, 5, 8] 5 3 
Bb:maj [2, 5, 10] 10 1 
C:min [0, 3, 7] 0 4 
Eb:maj [3, 7, 10] 3 4 
C:min7 [0, 3, 7, 10] 0 3 
C:min [0, 3, 7] 0 1 
Eb:maj [3, 7, 10] 3 4 
Bb:maj [2, 5, 10] 10 4 
C:min [0, 3, 7] 0 4 
Eb:maj [3, 7, 10] 3 2 
C:min [0, 3, 7] 0 2 
F:min [0, 5, 8] 5 2 
Bb:maj [2, 5, 10] 10 1 
Bb:7 [2, 5, 8, 10] 10 1 
Eb:maj [3, 7, 10] 3 8 
C:sus2 [0, 2, 7] 0 2 
C:min [0, 3, 7] 0 2 
Eb:maj [3, 7, 10] 3 4 
Bb:maj [2, 5, 10] 10 4 
Eb:maj [3, 7, 10] 3 4 
