0 108
65 2
67 2
70 3
70 2
70 2
0 1
70 4
67 2
65 2
70 3
70 3
72 2
70 4
67 2
70 2
72 3
72 3
72 2
72 4
70 2
67 2
72 3
72 3
74 2
72 4
74 2
77 2
79 3
79 3
77 1
79 4
0 1
77 2
74 2
72 1
74 2
0 1
72 2
70 2
67 4
65 2
67 2
70 3
70 3
70 2
70 4
67 4
70 12
65 2
67 2
70 3
70 3
70 2
70 4
67 2
65 2
70 3
70 3
72 2
70 4
67 2
70 2
72 3
72 3
72 2
72 4
70 2
67 2
72 3
72 3
74 2
72 4
74 2
77 2
79 3
79 3
77 2
79 4
82 2
79 2
77 2
74 2
72 2
70 2
67 4
65 2
67 2
70 3
70 3
70 2
70 4
72 4
70 12
74 2
77 2
79 3
79 3
79 2
79 3
82 2
0 1
79 2
77 2
77 3
79 2
0 1
77 4
74 2
72 2
70 3
70 3
70 2
70 4
72 4
74 11
74 2
0 1
72 2
70 3
70 3
70 2
70 4
82 2
79 2
77 3
77 2
79 2
0 1
77 4
74 2
77 2
79 5
82 2
0 1
82 4
79 3
77 12
0 1
74 2
77 2
79 3
79 3
79 2
79 4
82 2
79 2
77 2
77 4
79 2
77 4
74 2
72 2
70 3
70 3
70 2
70 4
77 4
74 12
74 2
72 2
70 3
70 3
70 2
70 4
70 2
74 2
77 3
77 3
74 2
77 4
74 2
77 2
79 22
65 2
74 3
72 3
70 2
70 15
0 141
65 2
67 2
70 3
70 3
70 2
70 4
67 1
65 2
0 1
70 3
70 3
72 2
70 4
67 2
70 2
72 3
72 3
72 2
72 4
70 2
67 2
72 2
72 3
0 1
74 2
72 4
74 2
77 2
79 2
79 3
0 1
77 2
79 4
82 2
79 2
77 2
74 2
72 1
70 2
0 1
67 4
65 2
67 2
70 3
70 2
70 2
70 4
0 1
72 4
70 8
0 4
74 2
77 2
79 3
79 3
79 2
79 3
82 2
0 1
79 2
77 2
77 4
79 2
77 4
74 1
72 2
0 1
70 3
70 3
70 2
70 4
72 3
74 12
0 1
74 2
72 2
70 3
70 3
70 2
70 4
82 2
79 2
77 2
77 3
0 1
79 2
77 4
74 2
77 2
79 6
82 2
82 4
79 4
77 12
74 2
77 2
79 3
79 3
79 2
79 4
82 2
79 2
77 2
77 4
79 2
77 4
74 2
72 2
70 3
70 3
70 2
70 4
0 4
74 12
74 2
72 2
70 3
70 3
70 2
70 4
70 2
74 2
77 3
77 3
74 2
77 4
74 2
77 2
79 22
65 2
74 3
72 3
70 2
70 11
74 2
77 2
79 3
79 3
79 2
79 4
82 2
79 2
77 2
77 4
79 2
77 4
74 2
72 2
70 3
70 3
70 2
70 4
72 4
74 12
74 2
72 2
70 3
70 3
70 2
70 4
82 2
79 2
77 3
77 3
79 2
77 4
74 2
77 2
79 6
82 2
82 4
79 4
77 12
74 2
77 2
79 3
79 3
79 2
79 4
82 2
79 2
77 2
77 4
79 2
77 4
74 2
72 2
70 3
70 3
70 2
70 4
77 4
74 12
74 2
72 2
70 3
70 3
70 2
70 4
70 2
74 2
77 3
77 3
74 2
77 4
74 2
77 2
79 14
0 11
65 2
0 1
74 4
72 3
0 1
74 7
72 4
0 1
70 13
