G:maj7 [2, 5, 7, 11] 7 4 
C:min [0, 3, 7] 0 4 
B:min7 [2, 6, 9, 11] 11 4 
E:min [4, 7, 11] 4 4 
A:min [0, 4, 9] 9 4 
D:sus2 [2, 4, 9] 2 4 
G:sus2 [2, 7, 9] 7 10 
C:sus2 [0, 2, 7] 0 2 
B:min [2, 6, 11] 11 2 
E:maj [4, 8, 11] 4 2 
C:maj [0, 4, 7] 0 2 
D:maj [2, 6, 9] 2 2 
G:sus4 [0, 2, 7] 7 4 
B:sus4 [4, 6, 11] 11 4 
E:min [4, 7, 11] 4 4 
A:min [0, 4, 9] 9 4 
D:sus2 [2, 4, 9] 2 4 
G:maj [2, 7, 11] 7 2 
C:maj [0, 4, 7] 0 2 
D:maj [2, 6, 9] 2 2 
G:maj [2, 7, 11] 7 2 
C:maj [0, 4, 7] 0 2 
D:maj [2, 6, 9] 2 2 
G:maj [2, 7, 11] 7 4 
B:sus4 [4, 6, 11] 11 4 
E:min [4, 7, 11] 4 4 
A:min [0, 4, 9] 9 4 
D:maj [2, 6, 9] 2 8 
G:maj [2, 7, 11] 7 4 
F#:min7 [1, 4, 6, 9] 6 2 
B:maj [3, 6, 11] 11 2 
E:min [4, 7, 11] 4 4 
B:min7 [2, 6, 9, 11] 11 4 
C:maj [0, 4, 7] 0 3 
B:min7 [2, 6, 9, 11] 11 1 
A:min [0, 4, 9] 9 2 
D:maj [2, 6, 9] 2 2 
G:maj [2, 7, 11] 7 4 
F#:min7 [1, 4, 6, 9] 6 2 
B:maj [3, 6, 11] 11 2 
E:min [4, 7, 11] 4 4 
B:min [2, 6, 11] 11 4 
C:sus2 [0, 2, 7] 0 4 
A:min7 [0, 4, 7, 9] 9 2 
D:maj [2, 6, 9] 2 2 
C:maj [0, 4, 7] 0 2 
B:min [2, 6, 11] 11 2 
A:min [0, 4, 9] 9 2 
G:maj [2, 7, 11] 7 2 
C:maj [0, 4, 7] 0 2 
B:min [2, 6, 11] 11 2 
A:min7 [0, 4, 7, 9] 9 2 
G:maj [2, 7, 11] 7 4 
C:sus2 [0, 2, 7] 0 2 
B:min [2, 6, 11] 11 2 
E:maj [4, 8, 11] 4 2 
C:maj [0, 4, 7] 0 2 
D:maj [2, 6, 9] 2 2 
G:sus4 [0, 2, 7] 7 4 
B:sus4 [4, 6, 11] 11 4 
E:min [4, 7, 11] 4 4 
A:min [0, 4, 9] 9 4 
D:sus2 [2, 4, 9] 2 4 
G:maj [2, 7, 11] 7 2 
C:maj [0, 4, 7] 0 2 
D:maj [2, 6, 9] 2 2 
E:min [4, 7, 11] 4 2 
C:maj [0, 4, 7] 0 2 
D:maj [2, 6, 9] 2 2 
G:maj [2, 7, 11] 7 4 
B:sus4 [4, 6, 11] 11 4 
E:min [4, 7, 11] 4 4 
A:min [0, 4, 9] 9 4 
D:maj [2, 6, 9] 2 4 
G:maj [2, 7, 11] 7 4 
F#:min7 [1, 4, 6, 9] 6 2 
B:maj [3, 6, 11] 11 2 
E:min [4, 7, 11] 4 4 
B:min7 [2, 6, 9, 11] 11 4 
C:maj [0, 4, 7] 0 3 
B:min7 [2, 6, 9, 11] 11 1 
A:min [0, 4, 9] 9 2 
D:maj [2, 6, 9] 2 2 
G:maj [2, 7, 11] 7 4 
F#:min7 [1, 4, 6, 9] 6 2 
B:maj [3, 6, 11] 11 2 
E:min [4, 7, 11] 4 4 
B:min [2, 6, 11] 11 4 
C:sus2 [0, 2, 7] 0 4 
A:min7 [0, 4, 7, 9] 9 2 
D:maj [2, 6, 9] 2 2 
C:maj [0, 4, 7] 0 2 
G:maj/3 [2, 7, 11] 11 2 
F:maj/3 [0, 5, 9] 9 2 
D:maj [2, 6, 9] 2 1 
E:maj [4, 8, 11] 4 1 
A:maj [1, 4, 9] 9 4 
Ab:min7 [3, 6, 8, 11] 8 2 
C#:maj [1, 5, 8] 1 2 
F#:min [1, 6, 9] 6 4 
C#:min7 [1, 4, 8, 11] 1 4 
D:maj [2, 6, 9] 2 3 
C#:min7 [1, 4, 8, 11] 1 1 
B:min [2, 6, 11] 11 2 
E:maj [4, 8, 11] 4 2 
A:maj [1, 4, 9] 9 4 
Ab:min7 [3, 6, 8, 11] 8 2 
C#:maj [1, 5, 8] 1 2 
F#:min [1, 6, 9] 6 4 
C#:min [1, 4, 8] 1 4 
D:sus2 [2, 4, 9] 2 4 
B:min7 [2, 6, 9, 11] 11 2 
E:maj [4, 8, 11] 4 2 
A:maj [1, 4, 9] 9 4 
D:min [2, 5, 9] 2 4 
A:maj [1, 4, 9] 9 4 
F#:min [1, 6, 9] 6 2 
F#:min7 [1, 4, 6, 9] 6 2 
B:min [2, 6, 11] 11 2 
E:maj [4, 8, 11] 4 8 
A:maj [1, 4, 9] 9 3 
