0 132
62 1
0 1
67 1
0 1
66 1
0 1
64 3
0 1
62 1
60 1
62 3
0 3
57 1
60 1
59 6
0 6
55 2
64 1
0 1
64 1
0 1
62 3
0 1
55 1
57 1
59 12
0 8
59 2
66 1
0 1
66 3
0 1
59 1
0 1
59 1
0 1
66 1
0 1
67 7
0 3
64 1
0 1
66 1
0 1
67 1
0 1
64 1
0 1
64 2
62 2
64 4
62 4
55 2
59 2
57 7
0 9
62 1
0 1
67 1
0 1
66 1
0 1
64 3
0 1
62 1
60 1
62 3
0 3
57 1
60 1
59 6
0 6
55 2
64 1
0 1
64 1
0 1
62 3
0 1
55 1
57 1
59 12
0 8
59 2
66 1
0 1
66 3
0 1
59 1
0 1
59 1
0 1
66 1
0 1
67 7
0 3
64 1
0 1
66 1
0 1
67 1
0 1
64 1
0 1
64 2
62 2
64 4
0 1
64 4
67 1
64 2
62 20
0 2
62 2
69 2
72 1
0 1
72 1
0 1
71 1
0 1
71 1
0 1
69 1
0 1
71 3
0 1
67 1
0 1
71 3
0 1
69 5
0 1
69 1
0 1
71 1
0 1
71 1
0 1
66 1
0 1
67 3
0 1
64 1
0 1
66 1
0 1
67 1
0 1
71 1
0 1
69 1
0 1
67 1
0 1
66 3
0 5
67 1
0 1
66 2
62 1
0 1
66 1
0 1
64 4
0 2
64 1
0 1
64 1
0 1
74 1
0 1
72 1
0 1
71 1
0 1
72 4
0 2
67 1
0 1
69 2
0 1
62 1
69 1
0 1
72 2
72 1
0 1
71 1
0 1
71 1
0 1
69 1
0 1
71 3
0 1
67 1
0 1
71 3
0 1
69 5
0 1
69 1
0 1
71 1
0 1
71 1
0 1
66 1
0 1
67 3
0 1
64 1
0 1
66 1
0 1
67 1
0 1
71 1
0 1
69 1
0 1
67 1
0 1
66 3
0 5
67 1
0 1
66 2
62 1
0 1
66 1
0 1
64 4
0 2
64 1
0 1
64 1
0 1
74 1
0 1
72 1
0 1
71 1
0 1
69 8
0 4
67 2
66 2
67 12
0 56
62 1
0 1
67 1
0 1
66 1
0 1
64 3
0 1
62 1
60 1
62 3
0 3
57 1
60 1
59 6
0 6
55 2
64 1
0 1
64 1
0 1
62 3
0 1
55 1
57 1
59 12
0 8
59 2
66 1
0 1
66 3
0 1
59 1
0 1
59 1
0 1
66 1
0 1
67 7
0 3
64 1
0 1
66 1
0 1
67 1
0 1
64 1
0 1
64 2
62 2
64 4
62 4
55 2
59 2
57 7
0 9
62 1
0 1
67 1
0 1
66 1
0 1
64 3
0 1
62 1
60 1
62 3
0 3
57 1
60 1
59 6
0 6
55 2
64 1
0 1
64 1
0 1
62 3
0 1
55 1
57 1
59 12
0 8
59 2
66 1
0 1
66 3
0 1
59 1
0 1
59 1
0 1
66 1
0 1
67 7
0 3
64 1
0 1
66 1
0 1
67 1
0 1
64 1
0 1
64 2
62 2
64 4
64 2
67 2
64 2
62 6
0 2
62 2
69 2
72 1
0 1
72 1
0 1
71 1
0 1
71 1
0 1
69 1
0 1
71 3
0 1
67 1
0 1
71 3
0 1
69 5
0 1
69 1
0 1
71 1
0 1
71 1
0 1
66 1
0 1
67 3
0 1
64 1
0 1
66 1
0 1
67 1
0 1
71 1
0 1
69 1
0 1
67 1
0 1
66 3
0 5
67 1
0 1
66 2
62 1
0 1
66 1
0 1
64 4
0 2
64 1
0 1
64 1
0 1
74 1
0 1
72 1
0 1
71 1
0 1
72 4
0 2
67 1
0 1
69 2
0 1
62 1
69 1
0 1
72 2
72 1
0 1
71 1
0 1
71 1
0 1
69 1
0 1
71 3
0 1
67 1
0 1
71 3
0 1
69 5
0 1
69 1
0 1
71 1
0 1
71 1
0 1
66 1
0 1
67 3
0 1
64 1
0 1
66 1
0 1
67 1
0 1
71 1
0 1
69 1
0 1
67 1
0 1
66 3
0 5
67 1
0 1
66 2
62 1
0 1
66 1
0 1
64 4
0 2
64 1
0 1
64 1
0 1
74 1
0 1
72 1
0 1
71 1
0 1
69 8
0 4
67 2
66 2
67 12
0 14
64 1
0 1
71 1
0 1
74 1
0 1
74 1
0 1
73 1
0 1
73 1
0 1
71 1
0 1
73 3
0 1
69 1
0 1
73 3
0 1
71 5
0 1
71 1
0 1
73 1
0 1
73 1
0 1
68 1
0 1
69 3
0 1
66 1
0 1
68 1
0 1
69 1
0 1
73 1
0 1
71 1
0 1
69 1
0 1
68 3
0 5
69 1
0 1
68 2
64 1
0 1
68 1
0 1
66 4
0 2
66 1
0 1
66 1
0 1
76 1
0 1
74 1
0 1
73 1
0 1
74 4
0 2
69 1
0 1
71 2
0 1
64 1
71 1
0 1
74 2
74 1
0 1
73 1
0 1
73 1
0 1
71 1
0 1
73 3
0 1
69 1
0 1
73 3
0 1
71 5
0 1
71 1
0 1
73 1
0 1
73 1
0 1
68 1
0 1
69 3
0 1
66 1
0 1
68 1
0 1
69 1
0 1
73 1
0 1
71 1
0 1
69 1
0 1
68 3
0 5
69 1
0 1
68 2
64 1
0 1
68 1
0 1
66 4
0 2
66 1
0 1
66 1
0 1
76 1
0 1
74 1
0 1
73 1
0 1
71 8
0 4
69 2
68 2
69 12
0 17
69 2
68 2
0 1
71 4
69 9
