B:maj [3, 6, 11] 11 4 
F#:maj/5 [1, 6, 10] 1 2 
B:maj [3, 6, 11] 11 6 
F#:maj/3 [1, 6, 10] 10 2 
B:maj [3, 6, 11] 11 6 
F#:maj/5 [1, 6, 10] 1 2 
B:maj [3, 6, 11] 11 6 
F#:maj/3 [1, 6, 10] 10 2 
B:maj [3, 6, 11] 11 6 
F#:maj/5 [1, 6, 10] 1 2 
B:maj [3, 6, 11] 11 4 
E:maj/5 [4, 8, 11] 11 2 
F#:maj/3 [1, 6, 10] 10 2 
B:maj [3, 6, 11] 11 4 
E:maj/5 [4, 8, 11] 11 2 
F#:maj/5 [1, 6, 10] 1 2 
B:maj [3, 6, 11] 11 4 
E:maj/5 [4, 8, 11] 11 2 
F#:maj/3 [1, 6, 10] 10 2 
B:maj [3, 6, 11] 11 4 
E:maj [4, 8, 11] 4 2 
F#:maj [1, 6, 10] 6 2 
B:maj [3, 6, 11] 11 4 
E:maj [4, 8, 11] 4 2 
F#:maj [1, 6, 10] 6 2 
B:maj [3, 6, 11] 11 4 
E:maj [4, 8, 11] 4 2 
F#:maj [1, 6, 10] 6 2 
B:maj [3, 6, 11] 11 4 
E:maj [4, 8, 11] 4 2 
F#:maj [1, 6, 10] 6 2 
B:maj [3, 6, 11] 11 4 
E:maj [4, 8, 11] 4 2 
F#:maj [1, 6, 10] 6 2 
B:maj [3, 6, 11] 11 4 
E:maj [4, 8, 11] 4 2 
F#:sus2 [1, 6, 8] 6 2 
B:maj [3, 6, 11] 11 4 
E:maj [4, 8, 11] 4 2 
F#:maj [1, 6, 10] 6 2 
Ab:min [3, 8, 11] 8 2 
Eb:min [3, 6, 10] 3 2 
E:maj [4, 8, 11] 4 2 
F#:sus2 [1, 6, 8] 6 2 
B:maj [3, 6, 11] 11 4 
E:maj [4, 8, 11] 4 2 
F#:maj [1, 6, 10] 6 2 
B:maj [3, 6, 11] 11 4 
E:maj [4, 8, 11] 4 2 
F#:sus2 [1, 6, 8] 6 2 
B:maj [3, 6, 11] 11 4 
E:maj [4, 8, 11] 4 2 
F#:maj [1, 6, 10] 6 2 
Ab:min [3, 8, 11] 8 2 
Eb:min [3, 6, 10] 3 2 
E:maj [4, 8, 11] 4 2 
F#:sus2 [1, 6, 8] 6 2 
B:maj [3, 6, 11] 11 4 
E:maj [4, 8, 11] 4 2 
F#:sus2 [1, 6, 8] 6 2 
B:maj [3, 6, 11] 11 4 
E:maj [4, 8, 11] 4 2 
F#:sus2 [1, 6, 8] 6 2 
B:maj [3, 6, 11] 11 4 
E:maj [4, 8, 11] 4 2 
F#:sus2 [1, 6, 8] 6 2 
B:maj [3, 6, 11] 11 4 
E:maj [4, 8, 11] 4 2 
F#:sus2 [1, 6, 8] 6 2 
B:maj [3, 6, 11] 11 1 
