E:sus2 [4, 6, 11] 4 14
A:maj6 [1, 4, 6, 9] 9 6
E:sus2 [4, 6, 11] 4 4
Ab:min [3, 8, 11] 8 4
F#:min [1, 6, 9] 6 2
B:maj [3, 6, 11] 11 2
E:maj [4, 8, 11] 4 4
A:maj [1, 4, 9] 9 4
Ab:sus4(b7 [1, 3, 8] 8 2
C#:maj [1, 5, 8] 1 2
F#:min [1, 6, 9] 6 4
B:maj [3, 6, 11] 11 4
E:sus2 [4, 6, 11] 4 4
Ab:min [3, 8, 11] 8 4
A:maj [1, 4, 9] 9 2
B:maj [3, 6, 11] 11 2
E:maj [4, 8, 11] 4 4
A:maj [1, 4, 9] 9 4
Ab:sus4(b7 [1, 3, 8] 8 2
C#:maj [1, 5, 8] 1 2
F#:min [1, 6, 9] 6 4
B:maj [3, 6, 11] 11 4
E:maj [4, 8, 11] 4 4
Ab:min [3, 8, 11] 8 4
C#:min [1, 4, 8] 1 4
D:maj [2, 6, 9] 2 2
E:maj [4, 8, 11] 4 2
A:maj [1, 4, 9] 9 2
B:maj [3, 6, 11] 11 2
Ab:sus4 [1, 3, 8] 8 4
F#:min [1, 6, 9] 6 2
A:maj [1, 4, 9] 9 2
B:sus2 [1, 6, 11] 11 4
E:maj [4, 8, 11] 4 4
Ab:maj [0, 3, 8] 8 4
C#:min [1, 4, 8] 1 4
B:maj [3, 6, 11] 11 4
A:maj [1, 4, 9] 9 4
Ab:min7 [3, 6, 8, 11] 8 2
C#:min [1, 4, 8] 1 2
F#:min [1, 6, 9] 6 2
A:maj [1, 4, 9] 9 2
B:maj [3, 6, 11] 11 4
E:maj [4, 8, 11] 4 24
A:maj7 [1, 4, 7, 9] 9 2
B:7 [3, 6, 9, 11] 11 2
E:sus2 [4, 6, 11] 4 4
Ab:maj [0, 3, 8] 8 4
A:maj [1, 4, 9] 9 2
B:maj [3, 6, 11] 11 2
E:maj [4, 8, 11] 4 4
A:maj [1, 4, 9] 9 4
Ab:sus4(b7 [1, 3, 8] 8 2
C#:maj [1, 5, 8] 1 2
F#:min [1, 6, 9] 6 4
B:maj [3, 6, 11] 11 4
E:maj [4, 8, 11] 4 3
E:maj7 [2, 4, 8, 11] 4 1
Ab:min [3, 8, 11] 8 4
C#:min [1, 4, 8] 1 4
D:maj [2, 6, 9] 2 2
E:maj [4, 8, 11] 4 2
A:maj [1, 4, 9] 9 2
B:maj [3, 6, 11] 11 2
Ab:sus4 [1, 3, 8] 8 4
F#:min [1, 6, 9] 6 2
A:maj [1, 4, 9] 9 2
B:sus4 [4, 6, 11] 11 4
E:maj [4, 8, 11] 4 4
Ab:maj [0, 3, 8] 8 4
C#:min [1, 4, 8] 1 4
B:maj [3, 6, 11] 11 3
E:maj [4, 8, 11] 4 1
A:maj [1, 4, 9] 9 2
B:sus2 [1, 6, 11] 11 2
Ab:min7 [3, 6, 8, 11] 8 2
C#:min [1, 4, 8] 1 2
F#:min [1, 6, 9] 6 2
A:maj [1, 4, 9] 9 2
B:maj [3, 6, 11] 11 4
E:maj [4, 8, 11] 4 24
A:maj [1, 4, 9] 9 9
E:maj [4, 8, 11] 4 1
