C:maj7/5 [0, 4, 7, 10] 7 16 
F:maj [0, 5, 9] 5 12 
F:min [0, 5, 8] 5 4 
C:maj/5 [0, 4, 7] 7 8 
C:maj [0, 4, 7] 0 6 
C:maj7/7 [0, 4, 7, 10] 11 2 
C:maj [0, 4, 7] 0 7 
A:min7/b7 [0, 4, 7, 9] 7 3 
G:maj [2, 7, 11] 7 2 
G:sus2 [2, 7, 9] 7 2 
G:maj [2, 7, 11] 7 2 
C:sus2 [0, 2, 7] 0 2 
C:maj [0, 4, 7] 0 2 
C:sus2 [0, 2, 7] 0 3 
C:maj [0, 4, 7] 0 1 
A:sus4(b7) [2, 4, 9] 9 2 
A:min [0, 4, 9] 9 2 
A:sus4(b7) [2, 4, 9] 9 2 
A:min [0, 4, 9] 9 2 
F:sus2 [0, 5, 7] 5 2 
F:maj6 [0, 2, 5, 9] 5 2 
F:sus2 [0, 5, 7] 5 4 
G:maj [2, 7, 11] 7 2 
G:7 [2, 5, 7, 11] 7 2 
G:maj [2, 7, 11] 7 4 
A:min [0, 4, 9] 9 2 
A:min7 [0, 4, 7, 9] 9 2 
E:min7 [2, 4, 7, 11] 4 2 
C:maj7/5 [0, 4, 7, 10] 7 2 
F:maj [0, 5, 9] 5 2 
G:sus4(b7) [0, 2, 7] 7 2 
C:maj [0, 4, 7] 0 2 
G:maj/3 [2, 7, 11] 11 2 
A:min [0, 4, 9] 9 4 
C:maj/5 [0, 4, 7] 7 4 
F:maj [0, 5, 9] 5 8 
G:sus4(b7) [0, 2, 7] 7 8 
C:maj7 [0, 4, 7, 10] 0 2 
C:maj [0, 4, 7] 0 2 
G:maj/3 [2, 7, 11] 11 4 
F:maj [0, 5, 9] 5 2 
G:sus4(b7) [0, 2, 7] 7 2 
C:maj [0, 4, 7] 0 4 
A:min [0, 4, 9] 9 2 
A:min7 [0, 4, 7, 9] 9 2 
E:min [4, 7, 11] 4 3 
E:min7 [2, 4, 7, 11] 4 1 
D:min7 [0, 2, 5, 9] 2 4 
A:min7/b7 [0, 4, 7, 9] 7 2 
G:7 [2, 5, 7, 11] 7 2 
C:maj6 [0, 4, 7, 9] 0 4 
G:maj/3 [2, 7, 11] 11 4 
F:maj [0, 5, 9] 5 2 
G:maj [2, 7, 11] 7 2 
C:maj [0, 4, 7] 0 4 
A:min [0, 4, 9] 9 4 
E:min7 [2, 4, 7, 11] 4 4 
D:min7 [0, 2, 5, 9] 2 4 
A:min7/b7 [0, 4, 7, 9] 7 2 
G:sus4 [0, 2, 7] 7 6 
C:maj/5 [0, 4, 7] 7 3 
G:sus4(9) [0, 2, 7, 9] 7 1 
F:maj [0, 5, 9] 5 4 
G:sus4(b7) [0, 2, 7] 7 4 
C:maj/5 [0, 4, 7] 7 8 
A:min7 [0, 4, 7, 9] 9 6 
A:min7(11) [0, 2, 4, 7, 9, 11] 9 2 
F:sus2 [0, 5, 7] 5 2 
F:maj6(9) [0, 2, 3, 5, 7, 9] 5 2 
F:sus2 [0, 5, 7] 5 2 
F:maj6(9) [0, 2, 3, 5, 7, 9] 5 2 
G:maj [2, 7, 11] 7 4 
G:sus2 [2, 7, 9] 7 2 
G:sus4 [0, 2, 7] 7 2 
C:sus2 [0, 2, 7] 0 2 
C:maj(9) [0, 2, 4, 7, 10] 0 2 
C:maj7 [0, 4, 7, 10] 0 3 
C:maj(9) [0, 2, 4, 7, 10] 0 1 
A:sus4(b7) [2, 4, 9] 9 2 
A:min9 [0, 4, 7, 9, 11] 9 2 
A:sus4(b7) [2, 4, 9] 9 2 
A:min9 [0, 4, 7, 9, 11] 9 2 
F:sus2 [0, 5, 7] 5 2 
F:maj6(9) [0, 2, 3, 5, 7, 9] 5 2 
F:sus2 [0, 5, 7] 5 4 
G:maj [2, 7, 11] 7 8 
A:min [0, 4, 9] 9 2 
A:min7 [0, 4, 7, 9] 9 2 
E:min7 [2, 4, 7, 11] 4 2 
C:maj7/5 [0, 4, 7, 10] 7 2 
F:maj [0, 5, 9] 5 2 
G:sus4(b7) [0, 2, 7] 7 2 
C:maj [0, 4, 7] 0 2 
G:maj/3 [2, 7, 11] 11 2 
A:min [0, 4, 9] 9 4 
C:maj/5 [0, 4, 7] 7 4 
F:maj [0, 5, 9] 5 8 
G:sus4(b7) [0, 2, 7] 7 7 
C:maj [0, 4, 7] 0 1 
C:sus2 [0, 2, 7] 0 2 
C:maj [0, 4, 7] 0 2 
G:maj/3 [2, 7, 11] 11 4 
F:sus2 [0, 5, 7] 5 2 
G:sus4(b7) [0, 2, 7] 7 1 
C:maj [0, 4, 7] 0 5 
A:sus4 [2, 4, 9] 9 2 
A:min7 [0, 4, 7, 9] 9 2 
E:min [4, 7, 11] 4 3 
E:min7 [2, 4, 7, 11] 4 1 
D:min7 [0, 2, 5, 9] 2 4 
A:min7/b7 [0, 4, 7, 9] 7 2 
G:maj [2, 7, 11] 7 2 
C:maj [0, 4, 7] 0 4 
G:maj/3 [2, 7, 11] 11 4 
F:maj [0, 5, 9] 5 4 
C:maj [0, 4, 7] 0 4 
A:sus2 [4, 9, 11] 9 2 
A:min [0, 4, 9] 9 2 
E:min7 [2, 4, 7, 11] 4 4 
D:min7 [0, 2, 5, 9] 2 4 
A:min7/b7 [0, 4, 7, 9] 7 2 
G:sus4(b7) [0, 2, 7] 7 2 
C:sus4 [0, 5, 7] 0 6 
G:maj [2, 7, 11] 7 2 
F:maj [0, 5, 9] 5 2 
G:maj6 [2, 4, 7, 11] 7 2 
C:sus2 [0, 2, 7] 0 2 
G:maj/3 [2, 7, 11] 11 2 
A:min [0, 4, 9] 9 4 
G:maj6 [2, 4, 7, 11] 7 4 
D:min [2, 5, 9] 2 4 
F:maj [0, 5, 9] 5 8 
G:sus4(b7) [0, 2, 7] 7 4 
C:maj [0, 4, 7] 0 4 
G:maj/3 [2, 7, 11] 11 4 
F:maj7 [0, 3, 5, 9] 5 2 
G:sus4 [0, 2, 7] 7 2 
C:maj [0, 4, 7] 0 2 
D:min7 [0, 2, 5, 9] 2 2 
A:sus4 [2, 4, 9] 9 4 
E:min7 [2, 4, 7, 11] 4 4 
F:maj [0, 5, 9] 5 4 
G:sus4(b7) [0, 2, 7] 7 4 
G:maj [2, 7, 11] 7 8 
G:maj/3 [2, 7, 11] 11 4 
F:maj(9) [0, 3, 5, 7, 9] 5 5 
F:sus2 [0, 5, 7] 5 4 
G:sus4(b7) [0, 2, 7] 7 4 
F:maj7/5 [0, 3, 5, 9] 0 4 
C:maj [0, 4, 7] 0 4 
