0 131
79 1
79 1
0 1
76 2
76 2
74 2
74 2
72 2
74 4
76 2
76 4
67 2
67 2
69 2
74 4
72 2
74 4
76 4
72 14
67 2
69 2
74 4
72 2
74 4
76 4
72 14
67 2
69 2
74 4
72 2
74 4
76 4
76 4
74 16
79 2
79 2
76 2
76 2
74 2
74 2
72 2
74 4
76 2
76 4
67 2
67 2
69 2
74 4
72 2
74 4
79 4
72 14
67 2
69 2
74 4
72 2
74 4
76 4
72 14
67 2
69 2
74 4
72 2
74 4
76 4
76 4
74 10
72 2
74 2
76 4
79 2
79 4
81 4
81 4
79 10
76 2
76 2
77 4
76 2
77 4
79 4
74 2
76 6
76 2
74 2
76 2
79 2
76 2
74 2
72 4
69 2
69 2
72 2
81 2
83 2
81 3
79 9
76 2
79 2
77 2
76 2
77 2
76 2
77 2
84 4
84 8
81 2
84 4
86 2
81 4
79 22
79 2
81 2
84 2
83 2
81 3
79 5
79 2
81 2
84 2
83 2
81 3
79 5
79 2
81 2
84 2
83 2
81 2
79 4
79 2
79 3
79 3
74 2
76 6
76 2
74 2
76 2
79 2
76 2
74 3
72 3
69 2
69 2
72 2
81 2
83 2
81 3
79 9
76 2
79 2
77 4
76 2
77 4
84 4
72 2
74 8
79 2
81 2
84 2
83 2
81 3
79 5
79 2
81 2
84 2
83 2
81 3
79 5
79 2
81 2
84 2
83 2
81 3
79 3
79 2
79 3
79 3
74 2
76 6
76 2
74 2
76 2
79 2
76 2
74 2
72 4
69 2
69 2
72 2
81 2
83 2
81 3
79 9
76 2
79 2
77 2
76 2
77 2
76 2
77 2
84 4
72 2
74 6
67 2
76 2
79 4
81 2
74 6
72 60
79 2
79 2
76 2
76 2
74 2
74 2
72 2
74 4
76 2
76 4
67 2
67 2
69 2
74 4
72 2
74 4
76 4
72 14
67 2
69 2
74 4
72 2
74 4
76 4
72 14
67 2
69 2
74 4
72 2
74 4
76 4
76 4
74 12
0 4
79 2
79 2
76 2
76 2
74 2
74 2
72 2
74 4
76 2
76 4
67 2
67 2
69 2
74 4
72 2
74 4
79 4
72 14
67 2
69 2
74 4
72 2
74 4
76 4
72 14
67 2
69 2
74 4
72 2
74 4
76 4
76 4
74 10
72 2
74 2
76 4
79 2
79 4
81 4
81 4
79 10
76 2
79 2
77 4
76 2
77 4
79 4
74 2
76 6
76 2
74 2
76 2
79 2
76 2
74 2
72 4
69 2
69 2
72 2
81 2
83 2
81 3
79 9
76 2
79 2
77 2
76 2
77 2
76 2
77 2
84 5
84 7
81 2
84 4
86 2
81 4
79 22
79 2
81 2
84 2
83 2
81 3
79 5
79 2
81 2
84 2
83 2
81 3
79 5
79 2
81 2
84 2
83 2
81 2
79 4
79 2
79 3
79 3
74 2
76 6
76 2
74 2
76 2
79 2
76 2
74 2
72 4
69 2
69 2
72 2
81 2
83 2
81 3
79 9
76 2
79 2
77 4
76 2
77 4
84 4
72 2
74 8
79 2
81 2
84 2
83 2
81 2
79 6
79 2
81 2
84 2
83 2
81 2
79 6
79 2
81 2
84 2
83 2
81 2
79 4
79 2
79 3
79 3
74 2
76 6
76 2
74 2
76 2
79 2
76 2
74 2
72 4
69 2
69 2
72 2
81 2
83 2
81 2
79 10
76 2
79 2
77 2
76 2
77 2
76 2
77 2
84 4
72 2
74 6
67 2
76 2
79 3
81 3
74 6
72 18
79 2
81 2
84 2
83 2
81 3
79 5
79 2
81 2
84 2
83 2
81 3
79 5
79 2
81 2
84 2
83 2
81 3
79 5
79 3
79 1
0 2
74 2
76 6
76 2
74 2
76 2
79 2
76 2
74 2
72 4
69 2
69 2
72 2
81 2
83 2
81 4
79 8
76 2
79 2
77 4
76 2
77 4
84 3
72 3
74 8
79 2
81 2
84 2
83 2
81 2
79 6
79 2
81 2
84 2
83 2
81 2
79 6
79 2
81 2
84 2
83 2
81 2
79 6
79 3
79 3
74 2
76 6
76 2
74 2
76 2
79 2
76 2
74 2
72 4
69 2
69 2
72 2
81 2
83 2
81 3
79 9
76 2
79 2
77 2
76 2
77 2
76 2
77 2
84 4
72 2
74 6
67 2
76 2
79 3
81 3
74 6
72 16
