0 32
74 3
0 1
74 2
0 1
77 1
70 2
0 2
70 1
0 2
74 1
72 1
0 2
72 1
72 2
0 1
74 1
75 3
0 1
72 1
0 2
70 1
69 2
0 2
65 3
0 1
69 3
0 1
65 2
0 2
70 1
0 2
70 1
70 2
0 1
72 1
74 4
0 4
74 3
0 1
74 2
0 1
77 1
70 2
0 2
70 1
0 2
74 1
72 1
0 2
72 1
72 2
0 1
74 1
75 3
0 1
72 1
0 2
70 1
69 2
0 2
79 3
0 1
77 3
0 1
69 2
0 2
70 8
0 8
77 2
0 1
75 1
74 1
0 2
72 1
74 1
0 2
74 1
72 1
0 2
70 5
0 3
70 1
70 1
0 2
72 1
74 2
0 2
75 1
0 2
75 1
75 1
0 2
75 1
77 2
0 1
75 1
74 1
0 2
72 6
0 2
72 1
72 1
0 2
74 1
75 2
0 2
79 1
0 2
79 1
79 12
77 3
0 5
77 3
0 1
77 3
0 1
74 16
0 16
77 2
0 1
75 1
74 1
0 2
72 1
74 1
0 2
74 1
72 1
0 2
70 5
0 3
70 1
70 1
0 2
72 1
74 2
0 2
75 1
0 2
75 1
75 1
0 2
75 1
77 2
0 1
75 1
74 1
0 2
72 6
0 2
72 1
72 1
0 2
74 1
75 2
0 2
79 1
0 2
79 1
79 12
77 3
0 5
77 3
0 1
69 3
0 1
70 16
0 16
82 2
0 2
82 1
0 2
82 1
82 3
0 1
81 1
0 2
79 1
81 1
0 2
81 2
0 2
81 1
81 3
0 1
79 2
0 1
77 1
79 5
0 2
79 1
79 3
0 1
82 2
0 2
79 2
0 2
79 3
0 1
77 5
0 3
82 3
0 1
82 2
0 1
82 1
82 3
0 1
81 1
0 2
79 1
81 2
0 1
81 3
0 1
81 1
81 3
0 1
79 2
0 1
77 1
79 1
0 2
79 3
0 1
79 1
79 3
0 1
82 4
0 8
82 3
0 1
81 3
0 1
82 17
0 15
74 3
0 1
74 2
0 1
77 1
70 2
0 2
70 1
0 2
74 1
72 1
0 2
72 1
72 2
0 1
74 1
75 3
0 1
72 1
0 2
70 1
69 2
0 2
65 3
0 1
69 3
0 1
65 2
0 2
70 1
0 2
70 1
70 2
0 1
72 1
74 4
0 4
74 3
0 1
74 2
0 1
77 1
70 2
0 2
70 1
0 2
74 1
72 1
0 2
72 1
72 2
0 1
74 1
75 3
0 1
72 1
0 2
70 1
69 2
0 2
79 3
0 1
77 3
0 1
69 2
0 2
70 8
0 8
77 2
0 1
75 1
74 1
0 2
72 1
74 1
0 2
74 1
72 1
0 2
70 5
0 3
70 1
70 1
0 2
72 1
74 2
0 2
75 1
0 2
75 1
75 1
0 2
75 1
77 2
0 1
75 1
74 1
0 2
72 6
0 2
72 1
72 1
0 2
74 1
75 2
0 2
79 1
0 2
79 1
79 12
77 3
0 5
77 3
0 1
77 3
0 1
74 16
0 16
77 2
0 1
75 1
74 1
0 2
72 1
74 1
0 2
74 1
72 1
0 2
70 5
0 3
70 1
70 1
0 2
72 1
74 2
0 2
75 1
0 2
75 1
75 1
0 2
75 1
77 2
0 1
75 1
74 1
0 2
72 6
0 2
72 1
72 1
0 2
74 1
75 2
0 2
79 1
0 2
79 1
79 12
77 3
0 5
77 3
0 1
69 3
0 1
70 16
0 16
82 2
0 2
82 1
0 2
82 1
82 3
0 1
81 1
0 2
79 1
81 1
0 2
81 3
0 1
81 1
81 3
0 1
79 2
0 1
77 1
79 5
0 2
79 1
79 3
0 1
82 2
0 2
79 2
0 2
79 3
0 1
77 5
0 3
82 3
0 1
82 2
0 1
82 1
82 3
0 1
81 1
0 2
79 1
81 2
0 1
81 3
0 1
81 1
81 3
0 1
79 2
0 1
77 1
79 1
0 2
79 3
0 1
79 1
79 3
0 1
82 4
0 8
82 3
0 1
81 3
0 1
82 17
0 15
82 2
0 2
82 1
0 2
82 1
82 3
0 1
81 1
0 2
79 1
81 1
0 2
81 3
0 1
81 1
81 3
0 1
79 2
0 1
77 1
79 5
0 2
79 1
79 3
0 1
82 2
0 2
79 2
0 2
79 3
0 1
77 5
0 3
82 3
0 1
82 2
0 1
82 1
82 3
0 1
81 1
0 2
79 1
81 2
0 1
81 3
0 1
81 1
81 3
0 1
79 2
0 1
77 1
79 1
0 2
79 3
0 1
79 1
79 3
0 1
82 4
0 8
82 3
0 1
81 3
0 1
82 17
0 15
74 3
0 1
74 2
0 1
77 1
70 2
0 2
70 1
0 2
74 1
72 1
0 2
72 1
72 2
0 1
74 1
75 3
0 1
72 1
0 2
70 1
69 2
0 2
65 3
0 1
69 3
0 1
65 2
0 2
70 1
0 2
70 1
70 2
0 1
72 1
74 4
0 4
74 3
0 1
74 2
0 1
77 1
70 2
0 2
70 1
0 2
74 1
72 1
0 2
72 1
72 2
0 1
74 1
75 3
0 1
72 1
0 2
70 1
69 2
0 2
79 3
0 1
77 3
0 1
69 2
0 2
70 8
0 4
72 1
0 2
70 1
69 2
0 2
79 3
0 1
77 3
0 1
69 2
0 2
70 8
0 4
72 1
0 2
70 1
69 4
0 4
79 6
0 2
77 6
0 2
69 6
0 2
70 17
