F#:min [1, 6, 9] 6 28
B:maj [3, 6, 11] 11 4 
D:maj [2, 6, 9] 2 2 
C#:maj [1, 5, 8] 1 2 
F#:min [1, 6, 9] 6 8 
B:maj [3, 6, 11] 11 4 
D:maj [2, 6, 9] 2 2 
C#:min [1, 4, 8] 1 2 
F#:maj [1, 6, 10] 6 12 
A:maj [1, 4, 9] 9 4 
C#:min [1, 4, 8] 1 4 
F#:maj [1, 6, 10] 6 8 
E:maj [4, 8, 11] 4 4 
F#:min [1, 6, 9] 6 12 
A:maj [1, 4, 9] 9 4 
C#:min [1, 4, 8] 1 4 
F#:maj [1, 6, 10] 6 8 
E:maj [4, 8, 11] 4 4 
F#:min [1, 6, 9] 6 16 
E:maj [4, 8, 11] 4 4 
C#:min [1, 4, 8] 1 4 
F#:min [1, 6, 9] 6 8 
E:maj [4, 8, 11] 4 4 
C#:min [1, 4, 8] 1 8 
F#:min [1, 6, 9] 6 4 
B:maj [3, 6, 11] 11 4 
D:maj [2, 6, 9] 2 2 
C#:maj [1, 5, 8] 1 2 
F#:min [1, 6, 9] 6 8 
B:maj [3, 6, 11] 11 4 
D:maj [2, 6, 9] 2 2 
C#:min [1, 4, 8] 1 2 
F#:maj [1, 6, 10] 6 12 
A:maj [1, 4, 9] 9 4 
C#:min [1, 4, 8] 1 4 
F#:maj [1, 6, 10] 6 8 
E:maj [4, 8, 11] 4 4 
F#:min [1, 6, 9] 6 12 
A:maj [1, 4, 9] 9 4 
C#:min [1, 4, 8] 1 4 
F#:maj [1, 6, 10] 6 8 
E:maj [4, 8, 11] 4 4 
F#:min [1, 6, 9] 6 16 
E:maj [4, 8, 11] 4 4 
C#:min [1, 4, 8] 1 4 
F#:min [1, 6, 9] 6 8 
E:maj [4, 8, 11] 4 4 
C#:min [1, 4, 8] 1 8 
F#:maj [1, 6, 10] 6 1 
F#:min7 [1, 4, 6, 9] 6 3 
F#:min [1, 6, 9] 6 8 
E:maj [4, 8, 11] 4 4 
C#:min [1, 4, 8] 1 4 
F#:min [1, 6, 9] 6 8 
E:maj [4, 8, 11] 4 4 
C#:min [1, 4, 8] 1 8 
F#:maj [1, 6, 10] 6 12 
