0 224
78 5
0 1
76 2
73 6
71 2
69 2
71 1
0 1
71 2
73 2
66 6
0 2
64 3
0 1
64 1
0 1
66 1
0 1
69 3
0 1
69 1
0 1
71 1
0 1
73 1
0 1
76 2
71 3
0 1
73 7
0 1
78 5
0 1
76 1
0 1
73 5
0 1
71 2
69 2
71 1
0 1
71 2
73 2
66 5
0 3
71 4
71 1
0 1
73 1
0 1
76 3
0 1
76 1
0 1
73 1
0 1
71 1
0 1
69 2
66 1
0 1
64 1
0 1
66 7
0 7
76 2
73 6
71 2
69 2
71 1
0 1
71 2
73 2
66 6
0 2
64 3
0 1
64 1
0 1
66 1
0 1
69 3
0 1
69 1
0 1
71 1
0 1
73 1
0 1
76 2
71 3
0 1
73 7
0 1
78 5
0 1
76 1
0 1
73 5
0 1
71 2
69 2
71 1
0 1
71 2
73 2
66 5
0 3
71 4
71 1
0 1
73 1
0 1
76 3
0 1
76 1
0 1
73 1
0 1
71 1
0 1
69 2
66 1
0 1
64 1
0 1
66 7
0 17
78 3
0 1
81 3
0 1
78 4
73 2
76 2
78 2
81 2
78 2
76 2
73 7
0 1
71 3
0 1
71 2
73 1
0 1
76 3
0 1
76 1
0 1
78 1
0 1
73 3
0 1
73 1
0 1
71 1
0 1
73 7
0 1
78 4
81 3
0 1
78 4
73 2
76 2
78 2
81 2
78 2
76 2
73 6
0 2
71 1
0 1
71 1
0 1
71 1
0 1
73 1
0 1
76 1
0 1
76 1
0 1
76 1
0 1
78 1
0 1
80 17
0 7
76 8
78 15
0 113
78 5
0 1
76 2
73 6
71 2
69 2
71 1
0 1
71 2
73 2
66 6
0 2
64 3
0 1
64 1
0 1
66 1
0 1
69 3
0 1
69 1
0 1
71 1
0 1
73 1
0 1
76 2
71 3
0 1
73 7
0 1
78 5
0 1
76 1
0 1
73 5
0 1
71 2
69 2
71 1
0 1
71 2
73 2
66 5
0 3
71 4
71 1
0 1
73 1
0 1
76 3
0 1
76 1
0 1
73 1
0 1
71 1
0 1
69 2
66 1
0 1
64 1
0 1
66 7
0 7
76 2
73 6
71 2
69 2
71 1
0 1
71 2
73 2
66 6
0 2
64 3
0 1
64 1
0 1
66 1
0 1
69 3
0 1
69 1
0 1
71 1
0 1
73 1
0 1
76 2
71 3
0 1
73 7
0 1
78 5
0 1
76 1
0 1
73 5
0 1
71 2
69 2
71 1
0 1
71 2
73 2
66 5
0 3
71 4
71 1
0 1
73 1
0 1
76 3
0 1
76 1
0 1
73 1
0 1
71 1
0 1
69 2
66 1
0 1
64 1
0 1
66 7
0 17
78 3
0 1
81 3
0 1
78 4
73 2
76 2
78 2
81 2
78 2
76 2
73 7
0 1
71 3
0 1
71 2
73 1
0 1
76 3
0 1
76 1
0 1
78 1
0 1
73 3
0 1
73 1
0 1
71 1
0 1
73 7
0 1
78 4
81 3
0 1
78 4
73 2
76 2
78 2
81 2
78 2
76 2
73 6
0 2
71 1
0 1
71 1
0 1
71 1
0 1
73 1
0 1
76 1
0 1
76 1
0 1
76 1
0 1
78 1
0 1
80 17
0 7
76 8
78 13
0 3
78 3
0 1
81 3
0 1
78 4
73 2
76 2
78 2
81 2
78 2
76 2
73 7
0 1
71 3
0 1
71 2
73 1
0 1
76 3
0 1
76 1
0 1
78 1
0 1
73 3
0 1
73 1
0 1
71 1
0 1
73 7
0 1
78 4
81 3
0 1
78 4
73 2
76 2
78 2
81 2
78 2
76 2
73 6
0 2
71 1
0 1
71 1
0 1
71 1
0 1
73 1
0 1
76 1
0 1
76 1
0 1
76 1
0 1
78 1
0 1
80 17
0 7
76 8
78 15
