65 2
63 1
0 1
65 1
0 1
68 1
0 1
70 3
0 3
68 1
70 1
72 1
0 1
72 1
0 1
72 1
0 1
68 1
0 1
70 2
0 6
63 2
61 2
63 2
65 1
0 1
68 2
65 2
68 2
65 2
68 2
70 1
0 1
72 2
68 2
65 4
0 4
65 2
63 1
0 1
65 1
0 1
68 1
0 1
70 2
0 4
68 1
70 1
72 1
0 1
73 1
0 1
72 1
0 1
68 1
0 1
77 1
0 7
70 1
0 1
68 1
0 1
70 1
0 1
77 1
0 1
70 1
0 1
68 1
0 1
70 1
0 1
77 1
0 1
75 1
0 1
72 1
0 1
68 1
0 1
70 1
0 1
70 6
0 2
70 1
0 1
77 1
0 1
70 1
0 1
77 1
0 1
70 2
0 4
75 1
73 1
75 1
0 1
73 2
72 1
0 1
68 2
65 3
0 5
75 1
0 1
75 1
0 1
75 1
0 1
73 1
77 2
0 1
75 2
75 1
0 1
68 2
72 1
0 1
65 2
68 2
70 1
0 1
70 7
0 1
70 2
77 1
0 1
70 2
77 1
0 1
70 2
0 4
75 1
73 1
75 1
0 1
73 1
0 1
72 1
0 1
68 2
65 2
0 6
75 1
0 1
75 1
0 1
75 1
0 1
73 1
0 1
77 1
0 1
75 1
75 2
0 1
73 2
72 2
65 2
68 2
70 1
0 1
70 4
0 68
65 2
63 1
0 1
65 1
0 1
68 1
0 1
70 3
0 3
68 1
70 1
72 1
0 1
72 1
0 1
72 1
0 1
68 1
0 1
70 2
0 6
63 2
61 2
63 2
65 1
0 1
68 2
65 2
68 2
65 2
68 2
70 1
0 1
72 2
68 2
65 4
0 4
65 2
63 1
0 1
65 1
0 1
68 1
0 1
70 2
0 4
68 1
70 1
72 1
0 1
73 1
0 1
72 1
0 1
68 1
0 1
77 1
0 7
70 1
0 1
68 1
0 1
70 1
0 1
77 1
0 1
70 1
0 1
68 1
0 1
70 1
0 1
77 1
0 1
75 1
0 1
72 1
0 1
68 1
0 1
70 1
0 1
70 6
0 2
70 1
0 1
77 1
0 1
70 1
0 1
77 1
0 1
70 2
0 4
75 1
73 1
75 1
0 1
73 2
72 1
0 1
68 2
65 3
0 5
75 1
0 1
75 1
0 1
75 1
0 1
73 1
77 2
0 1
75 2
75 1
0 1
68 2
72 1
0 1
65 2
68 2
70 1
0 1
70 7
0 1
70 2
77 1
0 1
70 2
77 1
0 1
70 2
0 4
75 1
73 1
75 1
0 1
73 1
0 1
72 1
0 1
68 2
65 2
0 6
75 1
0 1
75 1
0 1
75 1
0 1
73 1
0 1
77 1
0 1
75 1
75 2
0 1
73 2
72 2
65 2
68 2
70 1
0 1
70 4
0 4
70 1
0 1
77 1
0 1
70 1
0 1
77 1
0 1
70 2
0 4
75 1
73 1
75 1
0 1
73 2
72 1
0 1
68 2
65 3
0 5
75 1
0 1
75 1
0 1
75 1
0 1
73 1
77 2
0 1
75 2
75 1
0 1
68 2
72 1
0 1
65 2
68 2
70 1
0 1
70 7
0 1
70 2
77 1
0 1
70 2
77 1
0 1
70 2
0 4
75 1
73 1
75 1
0 1
73 1
0 1
72 1
0 1
68 2
65 2
0 6
75 1
0 1
75 1
0 1
75 1
0 1
73 1
0 1
77 1
0 1
75 1
75 2
0 1
73 2
72 2
65 2
68 2
70 1
0 1
70 4
0 148
70 1
0 1
77 1
0 1
70 1
0 1
77 1
0 1
70 2
0 4
75 1
73 1
75 1
0 1
73 2
72 1
0 1
68 2
65 3
0 5
75 1
0 1
75 1
0 1
75 1
0 1
73 1
77 2
0 1
75 2
75 1
0 1
68 2
72 1
0 1
65 2
68 2
70 1
0 1
70 7
0 1
70 2
77 1
0 1
70 2
77 1
0 1
70 2
0 4
75 1
73 1
75 1
0 1
73 1
0 1
72 1
0 1
68 2
65 2
0 6
75 1
0 1
75 1
0 1
75 1
0 1
73 1
0 1
77 1
0 1
75 1
75 2
0 1
73 2
72 2
65 2
68 2
70 1
0 1
70 4
0 4
71 1
0 1
78 1
0 1
71 1
0 1
78 1
0 1
71 2
0 4
76 1
74 1
76 1
0 1
74 2
73 1
0 1
69 2
66 3
0 5
76 1
0 1
76 1
0 1
76 1
0 1
74 1
78 2
0 1
76 2
76 1
0 1
69 2
73 1
0 1
66 2
69 2
71 1
0 1
71 7
0 1
71 2
78 1
0 1
71 2
78 1
0 1
71 2
0 4
76 1
74 1
76 1
0 1
74 1
0 1
73 1
0 1
69 2
66 2
0 6
76 1
0 1
76 1
0 1
76 1
0 1
74 1
0 1
78 1
0 1
76 1
76 2
0 1
74 2
73 2
66 2
69 2
71 1
0 1
71 4
0 4
76 1
0 1
76 1
0 1
76 1
0 1
74 1
0 1
78 1
0 1
76 1
76 2
0 1
74 2
73 2
66 7
0 3
69 1
0 1
74 2
71 10
