Bb:min [1, 5, 10] 10 5 
F:maj [0, 5, 9] 5 4 
F#:maj [1, 6, 10] 6 3 
F:maj [0, 5, 9] 5 5 
Bb:min [1, 5, 10] 10 4 
F:maj [0, 5, 9] 5 4 
F#:maj [1, 6, 10] 6 3 
F:maj [0, 5, 9] 5 4 
Bb:min [1, 5, 10] 10 4 
F:maj/3 [0, 5, 9] 9 4 
Eb:min [3, 6, 10] 3 4 
F:maj [0, 5, 9] 5 4 
Bb:min [1, 5, 10] 10 4 
F:maj [0, 5, 9] 5 4 
Eb:min [3, 6, 10] 3 4 
F:maj [0, 5, 9] 5 4 
Bb:min [1, 5, 10] 10 4 
F:maj [0, 5, 9] 5 4 
Bb:min [1, 5, 10] 10 4 
C:dim [0, 3, 6] 0 4 
Bb:min [1, 5, 10] 10 4 
F:maj [0, 5, 9] 5 4 
Bb:min [1, 5, 10] 10 4 
F:maj [0, 5, 9] 5 4 
Bb:min [1, 5, 10] 10 4 
F:min [0, 5, 8] 5 4 
Eb:min [3, 6, 10] 3 4 
Bb:min [1, 5, 10] 10 8 
F:min [0, 5, 8] 5 4 
Eb:min [3, 6, 10] 3 4 
Bb:min [1, 5, 10] 10 4 
F#:maj [1, 6, 10] 6 4 
C#:maj [1, 5, 8] 1 4 
F:maj [0, 5, 9] 5 4 
Bb:min [1, 5, 10] 10 4 
F#:maj [1, 6, 10] 6 4 
C#:maj [1, 5, 8] 1 4 
F:maj [0, 5, 9] 5 4 
Bb:min [1, 5, 10] 10 8 
F:maj [0, 5, 9] 5 4 
Eb:min [3, 6, 10] 3 4 
F:maj [0, 5, 9] 5 4 
Bb:min [1, 5, 10] 10 4 
F:maj [0, 5, 9] 5 4 
Eb:min [3, 6, 10] 3 4 
F:maj [0, 5, 9] 5 4 
F#:maj [1, 6, 10] 6 4 
C#:maj [1, 5, 8] 1 4 
F:maj [0, 5, 9] 5 4 
Bb:min [1, 5, 10] 10 4 
F#:maj [1, 6, 10] 6 4 
C#:maj [1, 5, 8] 1 4 
F:maj [0, 5, 9] 5 4 
Bb:min [1, 5, 10] 10 4 
F#:maj [1, 6, 10] 6 4 
C#:maj [1, 5, 8] 1 4 
F:maj [0, 5, 9] 5 4 
Bb:min [1, 5, 10] 10 4 
F#:maj [1, 6, 10] 6 4 
C#:maj [1, 5, 8] 1 4 
F:maj [0, 5, 9] 5 4 
Bb:min [1, 5, 10] 10 8 
F:7/3 [0, 3, 5, 9] 9 1 
F:maj [0, 5, 9] 5 4 
F#:maj [1, 6, 10] 6 3 
F:maj [0, 5, 9] 5 4 
Bb:min [1, 5, 10] 10 4 
F:maj [0, 5, 9] 5 4 
F#:maj [1, 6, 10] 6 4 
F:maj [0, 5, 9] 5 4 
Bb:min [1, 5, 10] 10 4 
F:maj/3 [0, 5, 9] 9 4 
Eb:min [3, 6, 10] 3 4 
Bb:min [1, 5, 10] 10 8 
F:maj/3 [0, 5, 9] 9 4 
Eb:min [3, 6, 10] 3 4 
Bb:min [1, 5, 10] 10 9 
F:maj [0, 5, 9] 5 4 
F#:maj [1, 6, 10] 6 3 
F:maj [0, 5, 9] 5 4 
Bb:min [1, 5, 10] 10 4 
F:maj [0, 5, 9] 5 4 
F#:maj [1, 6, 10] 6 4 
F:maj [0, 5, 9] 5 5 
