0 124
77 1
0 1
76 1
0 1
77 1
0 1
70 1
0 1
70 5
0 1
70 1
0 1
72 1
0 1
73 1
0 1
72 1
0 1
72 1
0 1
72 1
0 1
71 1
0 1
72 2
0 4
70 1
0 1
72 1
0 1
66 1
0 1
66 4
0 2
66 1
0 1
68 1
0 1
70 1
0 1
69 1
0 1
73 1
0 1
72 1
0 1
71 1
0 1
72 1
0 1
77 4
75 1
0 1
77 1
0 1
70 1
0 1
70 5
0 1
70 1
0 1
72 1
0 1
73 1
0 1
72 1
0 1
72 1
0 1
72 1
0 1
71 1
0 1
72 1
0 1
72 1
0 1
72 1
0 1
70 1
0 1
72 1
0 1
66 7
0 1
66 1
0 1
68 1
0 1
70 1
0 1
75 3
0 1
73 1
0 1
72 1
0 1
73 1
0 1
70 1
0 1
72 1
0 1
73 1
0 1
82 5
0 5
82 1
0 1
84 1
0 1
82 1
0 1
81 1
0 1
77 1
0 1
77 1
0 1
75 1
0 1
77 2
75 1
0 1
77 1
0 1
75 1
0 1
77 2
0 2
81 3
0 3
81 1
0 1
81 1
0 1
81 1
0 1
81 1
0 1
82 1
0 1
84 1
0 1
81 1
0 1
82 1
0 1
77 3
0 1
75 1
0 1
77 3
0 1
82 4
0 2
82 1
0 1
84 1
0 1
82 1
0 1
81 1
0 1
77 1
0 1
77 1
0 1
76 1
0 1
77 1
0 1
75 2
0 2
75 1
0 1
77 1
0 1
70 3
0 1
70 1
0 1
70 1
0 1
72 1
0 1
73 1
0 1
72 1
0 1
72 1
0 1
70 1
0 3
70 1
0 1
70 2
0 2
77 1
0 1
76 1
0 1
77 1
0 1
70 1
0 1
70 5
0 1
70 1
0 1
72 1
0 1
73 1
0 1
72 1
0 1
72 1
0 1
72 1
0 1
71 1
0 1
72 2
0 4
70 1
0 1
72 1
0 1
66 1
0 1
66 4
0 2
66 1
0 1
68 1
0 1
70 1
0 1
73 1
0 1
73 1
0 1
73 1
0 1
72 1
0 1
73 1
0 1
77 4
75 1
0 1
77 1
0 1
70 1
0 1
70 5
0 1
70 1
0 1
72 1
0 1
73 1
0 1
77 1
0 1
72 1
0 1
72 1
0 1
73 1
0 1
72 1
0 1
70 1
0 1
72 1
0 1
70 1
0 1
73 4
66 1
0 1
66 2
0 2
66 1
0 1
68 1
0 1
70 1
0 1
75 2
73 4
72 1
0 1
73 1
0 1
70 1
0 1
72 1
0 1
73 1
0 1
82 5
0 5
82 1
0 1
84 1
0 1
82 1
0 1
80 1
0 1
77 2
0 2
75 1
0 1
77 2
77 1
0 1
77 1
0 1
75 1
0 1
77 2
0 2
81 3
0 3
81 1
0 1
81 1
0 1
81 1
0 1
81 1
0 1
82 1
0 1
84 1
0 1
81 1
0 1
82 1
0 1
77 3
0 1
75 1
0 1
77 3
0 1
82 4
0 2
82 1
0 1
84 1
0 1
82 1
0 1
80 1
0 1
77 1
0 3
76 1
0 1
77 1
0 1
77 2
0 2
75 1
0 1
77 1
0 1
72 3
0 1
71 1
0 1
72 1
0 1
71 1
0 1
72 1
0 1
72 1
0 1
77 1
0 1
70 1
0 3
69 1
0 1
70 4
0 126
70 1
0 1
72 1
0 1
73 1
0 1
82 5
0 5
82 1
0 1
84 1
0 1
82 1
0 1
81 1
0 1
77 1
0 1
77 1
0 1
75 1
0 1
77 2
75 1
0 1
77 1
0 1
75 1
0 1
77 2
0 2
81 3
0 3
81 1
0 1
81 1
0 1
81 1
0 1
81 1
0 1
82 1
0 1
84 1
0 1
81 1
0 1
82 1
0 1
77 3
0 1
75 1
0 1
77 3
0 1
82 4
0 2
82 1
0 1
84 1
0 1
82 1
0 1
81 1
0 1
77 1
0 1
77 1
0 1
76 1
0 1
77 1
0 1
75 2
0 2
75 1
0 1
77 1
0 1
72 3
0 1
72 1
0 1
72 1
0 1
71 1
0 1
72 1
0 1
72 1
0 1
77 1
0 1
70 1
0 3
69 1
0 1
70 2
70 1
0 1
72 1
0 1
73 1
0 1
82 5
0 5
82 1
0 1
84 1
0 1
82 1
0 1
80 1
0 1
77 1
0 3
75 1
0 1
77 2
77 1
0 1
77 1
0 1
75 1
0 1
77 2
0 2
81 3
0 3
81 1
0 1
81 1
0 1
81 1
0 1
81 1
0 1
82 1
0 1
84 1
0 1
81 1
0 1
82 1
0 1
77 3
0 1
75 1
0 1
77 3
0 1
82 4
0 2
82 1
0 1
84 1
0 1
82 1
0 1
80 1
0 1
77 1
0 1
77 1
0 1
76 1
0 1
77 1
0 1
77 2
0 2
75 1
0 1
77 1
0 1
72 3
0 1
71 1
0 1
72 1
0 1
72 1
0 1
73 1
0 1
72 1
0 1
77 1
0 1
70 1
0 3
69 1
0 1
70 4
0 128
77 1
0 1
76 1
0 1
77 1
0 1
70 1
0 1
70 5
0 1
70 1
0 1
72 1
0 1
73 1
0 1
72 1
0 1
72 1
0 1
72 1
0 1
71 1
0 1
72 2
0 4
70 1
0 1
72 1
0 1
66 1
0 1
66 4
0 2
66 1
0 1
68 1
0 1
70 1
0 1
73 1
0 1
73 1
0 1
73 1
0 1
72 1
0 1
73 1
0 1
77 4
75 1
0 1
77 1
0 1
70 1
0 1
70 5
0 1
70 1
0 1
72 1
0 1
73 1
0 1
77 1
0 1
72 1
0 1
72 1
0 1
73 1
0 1
72 1
0 1
70 1
0 1
72 1
0 1
70 1
0 1
73 4
66 1
0 1
66 2
0 2
66 1
0 1
68 1
0 1
70 1
0 1
75 2
73 4
72 1
0 1
73 2
70 1
0 1
70 15
