67 5
0 5
67 1
67 2
65 1
0 1
64 1
65 2
74 1
0 1
74 2
72 1
0 1
74 1
0 6
72 1
77 1
0 1
76 1
77 2
0 1
76 1
77 1
0 1
76 2
74 1
74 1
0 1
72 1
76 7
0 5
72 1
74 1
76 3
72 9
0 1
72 1
0 1
72 1
69 1
0 1
72 1
74 2
72 1
74 2
76 1
0 1
74 5
0 3
72 1
77 1
0 1
76 1
77 1
0 2
76 2
77 2
76 1
0 1
74 1
76 3
72 8
0 4
72 1
74 1
76 2
0 2
67 7
0 1
67 1
67 1
65 2
64 1
65 2
74 1
0 1
74 3
72 1
74 7
0 1
72 1
77 1
0 1
76 1
77 2
76 1
0 1
77 2
76 1
0 1
74 1
74 1
0 1
72 1
76 9
0 3
72 1
74 1
76 2
0 1
72 8
0 2
72 1
72 1
0 1
69 1
72 1
0 1
74 2
72 1
74 2
76 2
74 4
0 4
72 1
77 1
0 1
76 1
77 1
0 1
79 2
81 1
0 1
79 2
0 1
77 1
79 2
0 1
79 11
0 10
76 1
0 1
72 1
79 1
0 1
76 2
84 2
83 2
79 6
79 1
79 1
84 1
0 1
83 1
79 1
0 1
76 3
74 5
0 1
69 1
72 1
77 1
0 1
76 1
77 1
0 1
79 2
0 1
80 2
79 1
0 1
77 2
79 1
0 1
72 2
74 1
76 1
0 1
74 4
0 4
76 1
0 1
72 1
79 1
0 1
76 2
84 2
83 2
79 6
76 1
79 1
84 1
0 1
83 1
79 1
0 1
76 3
79 5
0 1
77 1
0 1
74 2
72 2
0 2
72 1
72 1
77 1
0 1
76 1
77 2
79 1
0 2
81 2
72 1
0 1
72 1
74 3
72 14
0 45
72 1
74 1
76 3
0 2
67 7
0 1
67 1
67 1
65 2
64 1
65 2
74 1
0 1
74 3
72 1
74 7
0 1
72 1
77 1
0 1
76 1
77 2
76 1
0 1
77 2
76 1
0 1
74 1
74 1
0 1
72 1
76 9
0 3
72 1
74 1
76 2
0 1
72 8
0 2
72 1
72 1
0 1
69 1
72 1
0 1
74 2
72 1
74 2
76 2
74 4
0 4
72 1
77 1
0 1
76 1
77 1
0 1
79 2
81 1
0 1
79 2
0 1
77 1
79 2
0 1
79 11
0 10
76 1
0 1
72 1
79 1
0 1
76 2
84 2
83 2
79 6
79 1
79 1
84 1
0 1
83 1
79 1
0 1
76 3
74 5
0 1
69 1
72 1
77 1
0 1
76 1
77 1
0 1
79 2
0 1
80 2
79 1
0 1
77 2
79 1
0 1
72 2
74 1
76 1
0 1
74 4
0 4
76 1
0 1
72 1
79 1
0 1
76 2
84 2
83 2
79 6
76 1
79 1
84 1
0 1
83 1
79 1
0 1
76 3
79 5
0 1
77 1
0 1
74 2
72 2
0 2
72 1
72 1
77 1
0 1
76 1
77 2
79 1
0 2
81 2
72 1
0 1
72 1
74 3
72 4
0 5
76 1
0 1
74 1
76 1
74 1
72 2
0 2
72 1
72 2
69 1
72 1
0 1
79 2
77 2
0 2
72 1
72 1
0 1
69 1
72 1
79 1
0 1
79 2
0 2
79 1
81 1
79 1
77 1
0 1
79 1
0 1
79 1
77 1
76 3
76 1
74 1
0 1
76 1
79 2
0 1
72 4
0 1
72 1
72 1
0 1
69 1
72 1
0 1
79 1
0 1
79 4
72 1
72 1
0 1
69 1
72 1
0 1
79 1
0 1
81 9
0 1
81 1
0 1
79 14
0 1
0 5
76 1
0 1
72 1
79 1
0 1
76 2
84 2
83 2
79 6
79 1
79 1
84 1
0 1
83 1
79 1
0 1
76 3
74 5
0 1
69 1
72 1
77 1
0 1
76 1
77 1
0 1
79 2
0 1
80 2
79 1
0 1
77 2
79 1
0 1
72 2
74 1
76 1
0 1
74 4
0 4
76 1
0 1
72 1
79 1
0 1
76 2
84 2
83 2
79 6
76 1
79 1
84 1
0 1
83 1
79 1
0 1
76 3
79 5
0 1
77 1
0 1
74 2
72 2
0 2
72 1
72 1
77 1
0 1
76 1
77 2
79 1
0 2
81 2
72 1
0 1
72 1
74 3
72 4
