0 128
66 1
0 1
69 1
0 1
71 1
0 1
74 1
0 1
73 3
0 1
71 1
0 1
69 1
0 1
71 8
0 8
71 1
0 1
71 1
0 1
71 1
0 1
74 1
0 1
71 2
0 2
69 3
0 1
66 10
0 6
66 1
0 1
71 1
0 1
71 1
0 1
69 1
0 1
69 2
0 2
66 3
0 1
64 5
0 11
64 1
0 1
64 1
0 1
64 1
0 1
62 1
0 1
64 3
0 1
67 3
0 1
66 6
0 10
66 1
0 1
69 1
0 1
71 1
0 1
74 1
0 1
73 3
0 1
71 1
0 1
69 1
0 1
71 8
0 8
71 1
0 1
71 1
0 1
71 1
0 1
74 1
0 1
71 2
0 2
69 3
0 1
66 10
0 6
66 1
0 1
71 1
0 1
71 1
0 1
69 1
0 1
69 2
0 2
66 3
0 1
64 5
0 9
66 1
0 1
69 1
0 1
69 1
0 1
69 1
0 1
71 1
0 1
74 2
0 2
73 3
0 1
71 14
0 18
71 1
0 1
78 2
0 2
78 1
0 1
78 3
0 1
76 3
0 1
76 14
0 2
76 1
0 1
76 3
0 1
78 1
0 1
76 2
0 2
74 3
0 1
71 13
0 3
71 3
0 1
78 3
0 1
76 3
0 1
74 2
74 2
71 1
0 1
69 1
0 1
66 7
0 5
74 1
0 1
74 1
0 1
74 1
0 1
71 1
0 1
74 3
0 1
78 3
0 1
78 11
0 5
78 1
0 1
78 3
0 1
78 1
0 1
78 3
0 1
74 3
0 1
76 11
0 5
76 1
0 1
76 3
0 1
78 1
0 1
76 2
0 2
74 3
0 1
71 12
0 4
71 3
0 1
78 3
0 1
76 3
0 1
74 1
0 1
74 1
0 1
71 1
0 1
69 1
0 1
66 8
0 4
76 1
0 1
76 1
0 1
76 1
0 1
74 1
0 1
73 3
0 1
74 1
0 1
73 1
0 1
71 15
0 3
71 1
0 1
71 2
0 4
71 1
0 1
73 1
0 1
74 1
0 3
74 1
0 1
74 1
0 1
66 1
0 1
66 1
0 1
66 1
0 1
66 2
0 4
71 1
0 1
71 1
0 1
66 1
0 1
71 1
0 1
71 1
0 1
73 1
0 1
74 1
0 1
73 1
0 1
73 3
0 1
71 1
0 1
70 1
0 1
71 1
0 1
71 3
0 3
71 1
0 1
71 1
0 1
66 1
0 1
71 1
0 1
71 1
0 1
73 1
0 1
74 1
0 3
74 1
0 1
74 1
0 1
66 1
0 1
66 1
0 1
66 1
0 1
66 3
0 3
71 1
0 1
71 1
0 1
66 1
0 1
71 1
0 1
71 1
0 1
73 1
0 1
74 1
0 1
73 1
0 1
74 1
0 1
73 1
0 1
71 1
0 1
70 1
0 1
71 1
0 1
71 3
0 129
66 1
0 1
69 1
0 1
71 1
0 1
74 1
0 1
73 3
0 1
71 1
0 1
69 1
0 1
71 8
0 8
71 1
0 1
71 1
0 1
71 1
0 1
74 1
0 1
71 2
0 2
69 3
0 1
66 10
0 6
66 1
0 1
71 1
0 1
71 1
0 1
69 1
0 1
69 2
0 2
66 3
0 1
64 5
0 11
64 1
0 1
64 1
0 1
64 1
0 1
62 1
0 1
64 3
0 1
67 3
0 1
66 6
0 10
66 1
0 1
69 1
0 1
71 1
0 1
74 1
0 1
73 3
0 1
71 1
0 1
69 1
0 1
71 8
0 8
71 1
0 1
71 1
0 1
71 1
0 1
74 1
0 1
71 2
0 2
69 3
0 1
66 10
0 6
66 1
0 1
71 1
0 1
71 1
0 1
69 1
0 1
69 2
0 2
66 3
0 1
64 5
0 9
66 1
0 1
69 1
0 1
69 1
0 1
69 1
0 1
71 1
0 1
74 2
0 2
73 3
0 1
71 14
0 2
71 1
0 1
78 2
0 2
78 1
0 1
78 3
0 1
76 3
0 1
76 14
0 2
76 1
0 1
76 3
0 1
78 1
0 1
76 2
0 2
74 3
0 1
71 13
0 3
71 3
0 1
78 3
0 1
76 3
0 1
74 2
74 2
71 1
0 1
69 1
0 1
66 7
0 5
74 1
0 1
74 1
0 1
74 1
0 1
71 1
0 1
74 3
0 1
78 3
0 1
78 11
0 5
78 1
0 1
78 3
0 1
78 1
0 1
78 3
0 1
74 3
0 1
76 11
0 5
76 1
0 1
76 3
0 1
78 1
0 1
76 2
0 2
74 3
0 1
71 12
0 4
71 3
0 1
78 3
0 1
76 3
0 1
74 1
0 1
74 1
0 1
71 1
0 1
69 1
0 1
66 8
0 4
76 1
0 1
76 1
0 1
76 1
0 1
74 1
0 1
73 3
0 1
74 1
0 1
73 1
0 1
71 15
0 129
71 1
0 1
78 2
0 2
78 1
0 1
78 3
0 1
76 3
0 1
76 14
0 2
76 1
0 1
76 3
0 1
78 1
0 1
76 2
0 2
74 3
0 1
71 13
0 3
71 3
0 1
78 3
0 1
76 3
0 1
74 2
74 2
71 1
0 1
69 1
0 1
66 7
0 5
74 1
0 1
74 1
0 1
74 1
0 1
71 1
0 1
74 3
0 1
78 3
0 1
78 11
0 5
78 1
0 1
78 3
0 1
78 1
0 1
78 3
0 1
74 3
0 1
76 11
0 5
76 1
0 1
76 3
0 1
78 1
0 1
76 2
0 2
74 3
0 1
71 12
0 4
71 3
0 1
78 3
0 1
76 3
0 1
74 1
0 1
74 1
0 1
71 1
0 1
69 1
0 1
66 8
0 4
76 1
0 1
76 1
0 1
76 1
0 1
74 1
0 1
73 3
0 1
74 1
0 1
73 1
0 1
71 15
0 1
71 3
0 1
78 3
0 1
76 3
0 1
74 1
0 1
74 1
0 1
71 1
0 1
69 1
0 1
66 8
0 5
76 1
0 1
76 2
0 2
76 2
0 1
74 2
0 2
73 3
74 3
0 2
73 13
71 28
