C:min [0, 3, 7] 0 8 
Ab:maj7 [0, 3, 6, 8] 8 2 
Bb:maj [2, 5, 10] 10 2 
Eb:maj [3, 7, 10] 3 4 
F:min7 [0, 3, 5, 8] 5 4 
G:min [2, 7, 10] 7 4 
Ab:maj [0, 3, 8] 8 2 
F:min [0, 5, 8] 5 2 
G:maj [2, 7, 11] 7 4 
C:min [0, 3, 7] 0 8 
Ab:maj [0, 3, 8] 8 2 
Bb:maj [2, 5, 10] 10 2 
Eb:maj [3, 7, 10] 3 4 
F:min7 [0, 3, 5, 8] 5 4 
G:min [2, 7, 10] 7 4 
Ab:maj [0, 3, 8] 8 4 
Bb:maj [2, 5, 10] 10 2 
C:min [0, 3, 7] 0 2 
Bb:maj [2, 5, 10] 10 2 
C:min [0, 3, 7] 0 10 
Ab:maj [0, 3, 8] 8 4 
Eb:maj [3, 7, 10] 3 4 
F:min [0, 5, 8] 5 4 
G:min [2, 7, 10] 7 4 
Ab:maj [0, 3, 8] 8 2 
F:min [0, 5, 8] 5 2 
Bb:maj [2, 5, 10] 10 2 
C:min [0, 3, 7] 0 2 
Bb:maj [2, 5, 10] 10 2 
G:min7 [2, 5, 7, 10] 7 1 
C:min [0, 3, 7] 0 13 
Eb:maj [3, 7, 10] 3 4 
F:min [0, 5, 8] 5 8 
Bb:sus2 [0, 5, 10] 10 2 
Bb:maj [2, 5, 10] 10 2 
G:min7 [2, 5, 7, 10] 7 2 
C:sus2 [0, 2, 7] 0 4 
C:min [0, 3, 7] 0 10 
Eb:maj6 [0, 3, 7, 10] 3 4 
F:min7 [0, 3, 5, 8] 5 6 
F:min [0, 5, 8] 5 2 
Bb:maj [2, 5, 10] 10 6 
C:min7 [0, 3, 7, 10] 0 14 
Eb:maj [3, 7, 10] 3 4 
F:min [0, 5, 8] 5 8 
Bb:maj [2, 5, 10] 10 4 
G:min7 [2, 5, 7, 10] 7 2 
C:min [0, 3, 7] 0 14 
Eb:maj [3, 7, 10] 3 4 
F:min [0, 5, 8] 5 8 
Bb:maj [2, 5, 10] 10 4 
G:min [2, 7, 10] 7 2 
C:min [0, 3, 7] 0 10 
Ab:maj [0, 3, 8] 8 4 
Eb:maj [3, 7, 10] 3 4 
F:min [0, 5, 8] 5 4 
G:min [2, 7, 10] 7 4 
Ab:maj [0, 3, 8] 8 2 
F:min [0, 5, 8] 5 2 
Bb:maj [2, 5, 10] 10 2 
C:min [0, 3, 7] 0 2 
Bb:maj [2, 5, 10] 10 2 
G:min7 [2, 5, 7, 10] 7 1 
C:min [0, 3, 7] 0 13 
Eb:maj [3, 7, 10] 3 4 
F:min [0, 5, 8] 5 8 
Bb:sus2 [0, 5, 10] 10 2 
Bb:maj [2, 5, 10] 10 2 
G:min7 [2, 5, 7, 10] 7 2 
C:sus2 [0, 2, 7] 0 4 
C:min [0, 3, 7] 0 10 
Eb:maj6 [0, 3, 7, 10] 3 4 
F:min7 [0, 3, 5, 8] 5 6 
F:min [0, 5, 8] 5 2 
Bb:maj [2, 5, 10] 10 5 
C:min [0, 3, 7] 0 15 
Eb:maj [3, 7, 10] 3 4 
F:min [0, 5, 8] 5 8 
Bb:maj [2, 5, 10] 10 4 
G:sus4(b7) [0, 2, 7] 7 2 
C:min [0, 3, 7] 0 14 
Eb:maj [3, 7, 10] 3 4 
F:min [0, 5, 8] 5 8 
Bb:maj [2, 5, 10] 10 6 
C:min [0, 3, 7] 0 2 
Bb:maj [2, 5, 10] 10 5 
G:min7 [2, 5, 7, 10] 7 1 
C:min [0, 3, 7] 0 10 
Ab:maj7 [0, 3, 6, 8] 8 2 
Bb:maj [2, 5, 10] 10 2 
Eb:maj [3, 7, 10] 3 4 
F:min7 [0, 3, 5, 8] 5 4 
G:min [2, 7, 10] 7 4 
Ab:maj [0, 3, 8] 8 2 
F:min [0, 5, 8] 5 2 
G:maj [2, 7, 11] 7 4 
