0 128
72 4
72 3
70 1
72 2
72 4
70 2
67 4
67 2
75 2
72 8
75 4
72 3
75 1
72 2
70 6
72 2
70 4
65 2
67 8
65 2
65 4
67 2
65 4
63 2
60 2
72 3
70 3
67 2
70 8
75 2
72 2
75 2
75 2
72 2
77 4
70 2
70 2
67 2
70 2
72 2
72 24
72 4
72 3
70 1
72 2
72 4
70 2
67 4
67 2
75 2
72 8
75 2
75 2
72 2
75 2
72 2
75 6
72 2
70 4
65 2
70 2
67 6
65 3
63 1
65 2
63 2
65 2
65 4
67 2
72 2
70 4
67 2
72 2
70 6
75 2
75 2
75 2
72 2
77 2
77 6
70 3
67 3
75 2
72 24
75 4
72 2
75 2
72 4
75 4
75 2
67 4
75 2
72 8
75 4
75 4
75 4
72 2
70 2
72 2
70 4
65 2
67 8
77 4
77 4
72 4
77 4
77 2
77 2
72 2
79 2
77 8
70 2
70 2
70 2
72 2
74 8
70 2
67 2
70 2
72 2
72 8
75 4
72 2
75 2
72 4
75 4
75 2
67 2
67 2
75 2
72 8
75 2
75 2
75 2
72 2
75 2
75 6
72 2
70 2
65 2
70 2
67 8
77 4
77 4
72 4
77 4
77 2
77 2
72 2
79 2
77 8
70 2
70 4
72 2
74 4
74 4
70 4
67 4
72 15
0 249
72 4
72 3
70 1
72 2
72 4
70 2
67 4
67 2
75 2
72 8
75 2
75 2
72 2
75 2
72 2
75 6
72 2
70 4
65 2
70 2
67 6
65 3
63 1
65 2
63 2
65 2
65 4
67 2
72 2
70 4
67 2
72 2
70 6
75 2
75 2
75 2
72 2
77 2
77 6
70 3
67 3
75 2
72 24
75 4
72 2
75 2
72 4
75 4
75 2
67 4
75 2
72 8
75 4
75 4
75 4
72 2
70 2
72 2
70 4
65 2
67 8
77 4
77 4
72 4
77 4
77 2
77 2
72 2
79 2
77 8
70 2
70 2
70 2
72 2
74 8
70 2
67 2
70 2
72 2
72 8
75 4
72 2
75 2
72 4
75 4
75 2
67 2
67 2
75 2
72 8
75 2
75 2
75 2
72 2
75 2
75 6
72 2
70 2
65 2
70 2
67 8
77 4
77 4
72 4
77 4
77 2
77 2
72 2
79 2
77 8
70 2
70 4
72 2
74 4
74 4
70 4
67 4
72 8
75 4
72 2
75 2
72 4
75 4
75 2
67 2
67 2
75 2
72 8
75 4
75 3
0 1
75 2
75 2
72 2
70 2
72 2
70 3
0 1
65 2
67 8
77 4
77 4
72 4
77 4
77 2
77 2
72 2
79 2
77 8
70 2
70 2
70 2
72 2
74 8
70 2
67 2
70 2
72 2
72 8
75 4
72 2
75 2
72 4
75 4
75 2
67 2
67 2
75 2
72 8
75 2
75 2
75 2
72 1
0 1
75 2
75 6
72 2
70 2
65 2
70 2
70 2
67 6
77 4
77 4
72 4
77 4
77 2
77 2
72 2
79 2
77 8
70 3
70 3
72 2
74 4
74 4
70 4
67 4
72 8
70 3
70 3
72 2
74 4
74 4
70 4
67 4
72 15
