C:sus2 [0, 2, 7] 0 2 
C:maj [0, 4, 7] 0 1 
C:sus2 [0, 2, 7] 0 2 
C:maj/3 [0, 4, 7] 4 1 
A:sus2 [4, 9, 11] 9 6 
F:sus2 [0, 5, 7] 5 2 
F:maj/3 [0, 5, 9] 9 1 
C:maj/3 [0, 4, 7] 4 3 
D:sus2 [2, 4, 9] 2 2 
D:min [2, 5, 9] 2 1 
G:sus4 [0, 2, 7] 7 2 
G:maj [2, 7, 11] 7 1 
C:sus2 [0, 2, 7] 0 5 
C:maj [0, 4, 7] 0 1 
A:min7 [0, 4, 7, 9] 9 6 
F:maj [0, 5, 9] 5 3 
C:maj/3 [0, 4, 7] 4 3 
D:min7 [0, 2, 5, 9] 2 3 
G:maj [2, 7, 11] 7 3 
C:maj [0, 4, 7] 0 3 
G:maj/3 [2, 7, 11] 11 3 
A:min7 [0, 4, 7, 9] 9 3 
E:min [4, 7, 11] 4 3 
F:maj [0, 5, 9] 5 3 
C:maj/3 [0, 4, 7] 4 3 
D:min7 [0, 2, 5, 9] 2 3 
G:sus4 [0, 2, 7] 7 2 
G:maj [2, 7, 11] 7 1 
C:sus2 [0, 2, 7] 0 3 
E:min/5 [4, 7, 11] 11 3 
A:min7 [0, 4, 7, 9] 9 3 
E:min [4, 7, 11] 4 3 
F:maj [0, 5, 9] 5 3 
A:min7/b7 [0, 4, 7, 9] 7 3 
C:sus2 [0, 2, 7] 0 5 
C:maj7/7 [0, 4, 7, 10] 11 1 
A:min [0, 4, 9] 9 3 
E:min/b3 [4, 7, 11] 7 3 
F:maj [0, 5, 9] 5 3 
C:sus4 [0, 5, 7] 0 1 
C:maj [0, 4, 7] 0 2 
E:maj [4, 8, 11] 4 3 
A:min7 [0, 4, 7, 9] 9 1 
A:min [0, 4, 9] 9 1 
E:min/b3 [4, 7, 11] 7 1 
F:maj [0, 5, 9] 5 3 
D:maj/3 [2, 6, 9] 6 3 
G:sus4(b7) [0, 2, 7] 7 6 
C:maj [0, 4, 7] 0 6 
G:maj [2, 7, 11] 7 6 
A:min [0, 4, 9] 9 6 
A:min/5 [0, 4, 9] 4 6 
F:maj [0, 5, 9] 5 3 
G:maj [2, 7, 11] 7 3 
E:min7 [2, 4, 7, 11] 4 3 
A:min7 [0, 4, 7, 9] 9 3 
F:maj [0, 5, 9] 5 4 
F#:dim [0, 6, 9] 6 2 
G:sus4(b7) [0, 2, 7] 7 6 
C:maj [0, 4, 7] 0 6 
G:maj [2, 7, 11] 7 6 
A:min7 [0, 4, 7, 9] 9 6 
E:min7 [2, 4, 7, 11] 4 6 
F:maj [0, 5, 9] 5 3 
G:maj [2, 7, 11] 7 3 
E:min7 [2, 4, 7, 11] 4 2 
E:7 [2, 4, 8, 11] 4 1 
A:min [0, 4, 9] 9 3 
F:maj [0, 5, 9] 5 3 
G:maj [2, 7, 11] 7 3 
C:maj [0, 4, 7] 0 12 
A:min7 [0, 4, 7, 9] 9 6 
F:maj [0, 5, 9] 5 3 
C:maj/3 [0, 4, 7] 4 3 
D:min7 [0, 2, 5, 9] 2 3 
G:maj [2, 7, 11] 7 3 
C:maj [0, 4, 7] 0 3 
G:maj/3 [2, 7, 11] 11 3 
A:min7 [0, 4, 7, 9] 9 3 
E:min [4, 7, 11] 4 3 
F:maj [0, 5, 9] 5 3 
C:maj/3 [0, 4, 7] 4 3 
D:min7 [0, 2, 5, 9] 2 3 
G:sus4 [0, 2, 7] 7 2 
G:maj [2, 7, 11] 7 1 
C:sus2 [0, 2, 7] 0 3 
E:min/5 [4, 7, 11] 11 3 
A:min7 [0, 4, 7, 9] 9 3 
E:min [4, 7, 11] 4 3 
F:maj [0, 5, 9] 5 3 
A:min7/b7 [0, 4, 7, 9] 7 3 
C:sus2 [0, 2, 7] 0 5 
C:maj7/7 [0, 4, 7, 10] 11 1 
A:min [0, 4, 9] 9 3 
E:min/b3 [4, 7, 11] 7 3 
F:maj [0, 5, 9] 5 3 
C:sus4 [0, 5, 7] 0 1 
C:maj [0, 4, 7] 0 2 
E:maj [4, 8, 11] 4 2 
E:7 [2, 4, 8, 11] 4 1 
A:min7 [0, 4, 7, 9] 9 1 
A:min [0, 4, 9] 9 2 
F:maj [0, 5, 9] 5 3 
D:maj/3 [2, 6, 9] 6 3 
G:sus4(b7) [0, 2, 7] 7 6 
C:maj [0, 4, 7] 0 6 
G:maj [2, 7, 11] 7 6 
A:min [0, 4, 9] 9 6 
A:min/5 [0, 4, 9] 4 6 
F:maj [0, 5, 9] 5 3 
G:maj [2, 7, 11] 7 3 
E:min7 [2, 4, 7, 11] 4 3 
A:min7 [0, 4, 7, 9] 9 3 
F:maj [0, 5, 9] 5 4 
F#:dim [0, 6, 9] 6 2 
G:sus4(b7) [0, 2, 7] 7 6 
C:maj [0, 4, 7] 0 6 
G:maj [2, 7, 11] 7 5 
E:7 [2, 4, 8, 11] 4 1 
A:min7 [0, 4, 7, 9] 9 6 
E:min7 [2, 4, 7, 11] 4 6 
F:maj [0, 5, 9] 5 3 
G:maj [2, 7, 11] 7 3 
E:min7 [2, 4, 7, 11] 4 2 
E:7 [2, 4, 8, 11] 4 1 
A:min [0, 4, 9] 9 2 
C:maj7/5 [0, 4, 7, 10] 7 1 
F:maj [0, 5, 9] 5 5 
E:min/b3 [4, 7, 11] 7 1 
C:sus4 [0, 5, 7] 0 3 
A:min7 [0, 4, 7, 9] 9 2 
A:sus4(b7) [2, 4, 9] 9 1 
F:maj [0, 5, 9] 5 3 
G:maj [2, 7, 11] 7 3 
C:sus2 [0, 2, 7] 0 5 
C:maj(9) [0, 2, 4, 7, 10] 0 1 
A:min7 [0, 4, 7, 9] 9 6 
F:maj [0, 5, 9] 5 3 
C:maj/3 [0, 4, 7] 4 3 
D:min7 [0, 2, 5, 9] 2 3 
