0 192
64 2
62 2
60 2
67 6
62 2
60 2
59 2
67 2
69 2
71 2
72 4
71 2
72 4
64 2
67 12
69 2
67 2
65 2
69 6
67 2
65 2
64 2
67 2
62 2
64 2
65 4
64 2
67 4
64 2
62 12
64 2
62 2
60 2
67 6
62 2
60 2
59 2
67 2
69 2
71 2
72 4
71 2
72 4
64 2
67 12
69 2
67 2
65 2
69 6
67 2
65 2
64 2
62 6
62 4
60 16
69 2
71 2
72 4
72 2
72 2
71 2
69 2
69 4
67 6
67 2
69 4
60 2
60 2
60 2
67 2
64 12
64 4
64 2
64 2
64 2
62 2
60 4
64 2
69 4
71 2
72 6
69 2
69 2
71 2
72 6
72 2
72 2
74 2
76 2
76 2
76 2
76 2
77 2
76 2
74 6
67 2
72 2
74 2
76 6
76 6
76 2
76 2
76 2
76 2
74 2
72 2
74 6
72 6
71 6
69 4
71 2
72 6
72 6
72 2
72 2
72 2
72 2
71 2
69 2
69 6
67 4
71 2
64 6
64 4
67 2
69 4
69 2
69 2
64 2
69 2
76 4
77 2
74 6
67 4
67 2
67 2
64 2
67 2
72 6
72 4
71 2
69 2
71 2
72 2
69 6
69 2
71 2
72 2
69 4
72 2
76 2
76 2
76 2
76 2
77 2
76 2
74 6
67 2
72 2
74 2
76 8
76 4
76 2
76 2
76 2
76 2
74 2
72 2
74 6
72 6
71 6
69 4
71 2
72 6
72 6
72 2
72 2
72 2
72 2
71 2
69 2
69 6
67 4
71 2
64 6
64 4
67 2
69 2
69 2
69 2
69 2
71 2
72 2
71 6
71 4
69 2
67 4
64 4
64 2
74 2
72 6
72 4
71 2
69 2
71 2
72 8
69 4
72 2
72 4
74 4
72 26
0 91
76 3
74 2
72 2
79 6
74 2
72 2
71 2
79 2
81 2
83 2
84 4
84 2
84 4
83 2
81 4
79 8
81 2
79 2
77 2
81 6
79 2
77 2
76 2
79 2
74 2
76 2
77 4
76 2
79 4
76 2
74 12
76 2
74 2
72 2
79 6
74 2
72 2
71 2
79 2
81 2
83 2
84 4
83 2
84 2
83 2
81 4
79 10
81 2
79 2
77 2
81 6
79 2
77 2
76 2
74 2
74 1
0 1
76 4
72 18
81 2
83 2
84 4
84 2
84 2
83 2
81 2
81 4
79 6
79 2
81 4
72 2
72 2
72 2
79 2
76 12
76 4
76 2
76 2
76 2
74 2
72 4
76 2
81 4
83 2
84 6
81 2
81 2
83 2
84 6
84 2
84 2
86 2
88 2
88 2
88 2
88 2
91 2
88 2
86 6
79 2
84 2
86 2
88 6
88 6
88 2
88 2
88 2
88 2
86 2
84 2
86 6
84 6
83 6
81 4
83 2
84 6
84 6
84 2
84 2
84 2
84 2
83 2
81 2
81 6
79 4
83 2
76 6
76 4
79 2
81 4
81 2
81 2
76 2
81 2
88 4
89 2
86 6
79 4
79 2
79 2
76 2
79 2
84 6
84 4
83 2
81 2
83 2
84 2
81 6
81 2
83 2
84 2
81 4
84 2
88 2
88 2
88 2
88 2
89 2
88 2
86 6
79 2
84 2
86 2
88 6
88 6
88 2
88 2
88 2
88 2
86 2
84 2
86 6
84 6
83 6
81 4
83 2
84 6
84 6
84 2
84 2
84 2
84 2
83 2
81 2
81 6
79 4
83 2
76 6
76 4
79 2
81 2
81 2
81 2
81 2
83 2
84 2
83 6
83 4
81 2
79 4
76 4
76 2
86 2
84 6
84 4
83 2
81 2
83 2
84 8
81 4
84 4
84 4
86 4
84 16
84 1
0 1
83 2
81 2
83 2
84 8
81 4
84 2
84 1
0 5
86 6
84 46
