D:sus2 [2, 4, 9] 2 4 
D:7/b7 [0, 2, 6, 9] 0 4 
Bb:maj7 [2, 5, 8, 10] 10 4 
D:sus2 [2, 4, 9] 2 8 
D:7/b7 [0, 2, 6, 9] 0 4 
Bb:maj7 [2, 5, 8, 10] 10 4 
D:sus2 [2, 4, 9] 2 8 
D:min [2, 5, 9] 2 4 
Bb:maj7 [2, 5, 8, 10] 10 4 
D:sus2 [2, 4, 9] 2 8 
D:min [2, 5, 9] 2 4 
Bb:maj7 [2, 5, 8, 10] 10 4 
D:sus2 [2, 4, 9] 2 12 
D:7/b7 [0, 2, 6, 9] 0 7 
D:maj/5 [2, 6, 9] 9 1 
Bb:maj [2, 5, 10] 10 8 
D:sus2 [2, 4, 9] 2 16 
D:7/b7 [0, 2, 6, 9] 0 6 
A:min/b3 [0, 4, 9] 0 1 
D:maj/5 [2, 6, 9] 9 1 
Bb:maj [2, 5, 10] 10 8 
D:sus2 [2, 4, 9] 2 12 
D:min [2, 5, 9] 2 8 
D:sus2 [2, 4, 9] 2 8 
D:min9 [0, 2, 4, 5, 9] 2 4 
G:min/b3 [2, 7, 10] 10 4 
D:sus2 [2, 4, 9] 2 4 
A:sus4 [2, 4, 9] 9 4 
D:sus2 [2, 4, 9] 2 4 
D:7/b7 [0, 2, 6, 9] 0 6 
D:min(9) [0, 2, 4, 5, 9] 2 2 
Bb:maj [2, 5, 10] 10 8 
D:sus2 [2, 4, 9] 2 16 
D:min(9) [0, 2, 4, 5, 9] 2 2 
A:min/b3 [0, 4, 9] 0 4 
D:min9 [0, 2, 4, 5, 9] 2 2 
Bb:maj [2, 5, 10] 10 6 
D:min(9) [0, 2, 4, 5, 9] 2 2 
D:sus2 [2, 4, 9] 2 8 
F:maj [0, 5, 9] 5 4 
C:maj [0, 4, 7] 0 4 
Bb:maj [2, 5, 10] 10 3 
F:maj6 [0, 2, 5, 9] 5 5 
Eb:maj [3, 7, 10] 3 4 
D:min [2, 5, 9] 2 3 
C:sus2 [0, 2, 7] 0 9 
D:min [2, 5, 9] 2 1 
D:sus2 [2, 4, 9] 2 2 
D:min [2, 5, 9] 2 5 
Bb:maj7 [2, 5, 8, 10] 10 4 
D:min(9) [0, 2, 4, 5, 9] 2 1 
D:sus2 [2, 4, 9] 2 6 
D:min(9) [0, 2, 4, 5, 9] 2 5 
Bb:maj7 [2, 5, 8, 10] 10 4 
D:min(9) [0, 2, 4, 5, 9] 2 1 
D:sus2 [2, 4, 9] 2 6 
D:min(9) [0, 2, 4, 5, 9] 2 5 
Bb:maj7 [2, 5, 8, 10] 10 4 
D:min [2, 5, 9] 2 1 
D:sus2 [2, 4, 9] 2 6 
D:min(9) [0, 2, 4, 5, 9] 2 5 
D:min [2, 5, 9] 2 5 
D:sus2 [2, 4, 9] 2 10 
D:min [2, 5, 9] 2 1 
D:7/b7 [0, 2, 6, 9] 0 7 
Bb:maj7 [2, 5, 8, 10] 10 9 
D:min [2, 5, 9] 2 1 
D:sus2 [2, 4, 9] 2 14 
D:min [2, 5, 9] 2 1 
D:7/b7 [0, 2, 6, 9] 0 7 
Bb:maj7 [2, 5, 8, 10] 10 9 
D:min [2, 5, 9] 2 1 
D:sus2 [2, 4, 9] 2 7 
F:maj [0, 5, 9] 5 4 
C:maj [0, 4, 7] 0 4 
Bb:sus2 [0, 5, 10] 10 3 
Bb:maj [2, 5, 10] 10 1 
F:maj6 [0, 2, 5, 9] 5 4 
Eb:maj [3, 7, 10] 3 4 
D:min [2, 5, 9] 2 4 
C:sus2 [0, 2, 7] 0 8 
D:min7/b7 [0, 2, 5, 9] 0 3 
D:min [2, 5, 9] 2 1 
Bb:maj [2, 5, 10] 10 3 
C:sus2 [0, 2, 7] 0 5 
D:min [2, 5, 9] 2 8 
Bb:maj [2, 5, 10] 10 3 
C:sus2 [0, 2, 7] 0 5 
D:min [2, 5, 9] 2 4 
D:min/b3 [2, 5, 9] 5 4 
F:sus2 [0, 5, 7] 5 1 
C:maj [0, 4, 7] 0 3 
G:min/b3 [2, 7, 10] 10 3 
Bb:maj [2, 5, 10] 10 1 
F:maj6 [0, 2, 5, 9] 5 4 
Eb:maj [3, 7, 10] 3 4 
D:min [2, 5, 9] 2 4 
C:sus2 [0, 2, 7] 0 8 
Bb:maj [2, 5, 10] 10 4 
Bb:maj7/5 [2, 5, 8, 10] 5 4 
Bb:maj [2, 5, 10] 10 3 
G:min/b3 [2, 7, 10] 10 1 
F:maj [0, 5, 9] 5 3 
Eb:maj [3, 7, 10] 3 5 
D:min [2, 5, 9] 2 4 
C:maj [0, 4, 7] 0 24 
D:sus2 [2, 4, 9] 2 4 
D:min [2, 5, 9] 2 4 
Bb:maj7 [2, 5, 8, 10] 10 3 
D:min [2, 5, 9] 2 1 
D:sus2 [2, 4, 9] 2 8 
D:min [2, 5, 9] 2 4 
Bb:maj7 [2, 5, 8, 10] 10 3 
D:min [2, 5, 9] 2 1 
D:sus2 [2, 4, 9] 2 12 
D:7/b7 [0, 2, 6, 9] 0 7 
D:maj/5 [2, 6, 9] 9 1 
Bb:maj [2, 5, 10] 10 8 
D:min [2, 5, 9] 2 5 
