E:min [4, 7, 11] 4 10 
D:maj [2, 6, 9] 2 2 
E:min [4, 7, 11] 4 4 
A:min7 [0, 4, 7, 9] 9 2 
D:maj [2, 6, 9] 2 2 
G:maj [2, 7, 11] 7 4 
A:min [0, 4, 9] 9 2 
D:maj [2, 6, 9] 2 2 
B:min7 [2, 6, 9, 11] 11 2 
E:min [4, 7, 11] 4 2 
A:min [0, 4, 9] 9 2 
D:maj [2, 6, 9] 2 2 
E:min [4, 7, 11] 4 6 
D:maj [2, 6, 9] 2 2 
C:maj [0, 4, 7] 0 4 
A:min [0, 4, 9] 9 2 
D:maj [2, 6, 9] 2 2 
G:maj [2, 7, 11] 7 4 
A:min7 [0, 4, 7, 9] 9 2 
D:maj [2, 6, 9] 2 2 
B:min7 [2, 6, 9, 11] 11 2 
E:min [4, 7, 11] 4 2 
A:min [0, 4, 9] 9 2 
D:maj [2, 6, 9] 2 2 
E:min [4, 7, 11] 4 4 
C:maj [0, 4, 7] 0 2 
D:maj [2, 6, 9] 2 2 
G:maj [2, 7, 11] 7 2 
E:min [4, 7, 11] 4 2 
C:maj [0, 4, 7] 0 2 
D:maj [2, 6, 9] 2 2 
G:maj [2, 7, 11] 7 2 
B:maj [3, 6, 11] 11 2 
E:min [4, 7, 11] 4 2 
D:maj [2, 6, 9] 2 2 
G:maj [2, 7, 11] 7 1 
D:maj/3 [2, 6, 9] 6 1 
E:min [4, 7, 11] 4 2 
C:maj [0, 4, 7] 0 2 
D:maj [2, 6, 9] 2 2 
E:min [4, 7, 11] 4 6 
D:maj [2, 6, 9] 2 2 
B:min7 [2, 6, 9, 11] 11 2 
E:maj [4, 8, 11] 4 2 
A:min [0, 4, 9] 9 2 
B:sus4(b7) [4, 6, 11] 11 2 
E:sus2 [4, 6, 11] 4 6 
D:maj [2, 6, 9] 2 2 
C:maj [0, 4, 7] 0 4 
A:min [0, 4, 9] 9 2 
D:maj [2, 6, 9] 2 2 
G:maj [2, 7, 11] 7 4 
A:min7 [0, 4, 7, 9] 9 2 
D:maj [2, 6, 9] 2 2 
B:min7 [2, 6, 9, 11] 11 2 
E:min [4, 7, 11] 4 2 
A:min [0, 4, 9] 9 2 
D:maj [2, 6, 9] 2 2 
E:min [4, 7, 11] 4 4 
C:maj [0, 4, 7] 0 2 
D:maj [2, 6, 9] 2 2 
G:maj [2, 7, 11] 7 2 
E:min [4, 7, 11] 4 2 
C:maj [0, 4, 7] 0 2 
D:maj [2, 6, 9] 2 2 
G:maj [2, 7, 11] 7 2 
B:maj [3, 6, 11] 11 2 
E:min [4, 7, 11] 4 2 
D:maj [2, 6, 9] 2 2 
G:maj [2, 7, 11] 7 1 
D:maj/3 [2, 6, 9] 6 1 
E:min [4, 7, 11] 4 2 
C:maj [0, 4, 7] 0 2 
D:maj [2, 6, 9] 2 2 
E:min [4, 7, 11] 4 4 
A:maj [1, 4, 9] 9 4 
E:min [4, 7, 11] 4 4 
G:maj [2, 7, 11] 7 4 
A:maj [1, 4, 9] 9 4 
A:min [0, 4, 9] 9 4 
D:maj [2, 6, 9] 2 3 
F:maj6 [0, 2, 5, 9] 5 1 
F:maj [0, 5, 9] 5 4 
A:maj [1, 4, 9] 9 4 
C:maj [0, 4, 7] 0 2 
D:maj [2, 6, 9] 2 2 
B:min7 [2, 6, 9, 11] 11 2 
E:min [4, 7, 11] 4 2 
C:maj [0, 4, 7] 0 2 
D:maj [2, 6, 9] 2 2 
G:maj [2, 7, 11] 7 2 
B:maj [3, 6, 11] 11 2 
E:min [4, 7, 11] 4 2 
D:maj [2, 6, 9] 2 2 
G:maj [2, 7, 11] 7 2 
E:min [4, 7, 11] 4 2 
C:maj [0, 4, 7] 0 2 
D:maj [2, 6, 9] 2 2 
E:min [4, 7, 11] 4 4 
C:maj [0, 4, 7] 0 2 
D:maj [2, 6, 9] 2 6 
E:min [4, 7, 11] 4 7 
