0 32
67 2
66 2
67 2
64 2
66 2
64 1
64 3
62 4
64 14
64 2
62 2
64 2
67 2
66 2
64 1
64 3
62 4
59 12
59 2
60 2
59 1
60 3
71 2
69 6
62 2
69 2
67 1
69 3
74 2
71 4
71 2
67 2
64 4
64 2
71 2
69 4
66 4
64 16
67 2
66 2
67 2
64 2
66 2
64 1
64 3
62 4
64 14
64 2
62 2
64 2
67 2
66 2
64 1
64 3
62 4
59 12
59 2
60 2
59 1
60 3
71 2
69 6
62 2
69 2
67 1
69 3
74 2
71 4
71 2
67 2
64 4
64 2
71 2
69 4
66 4
64 12
71 2
74 2
76 2
74 1
76 2
71 3
69 8
74 2
71 1
74 2
69 3
67 8
71 2
69 1
71 3
64 2
69 2
67 1
69 3
74 4
71 10
71 2
74 2
76 2
74 1
76 2
71 3
69 8
74 2
71 1
74 2
69 3
67 4
64 2
67 2
71 2
69 1
71 3
64 2
69 2
67 1
69 3
66 4
64 6
0 72
67 2
66 2
67 2
64 2
66 2
64 1
64 3
62 4
64 14
64 2
62 2
64 2
67 2
66 2
64 1
64 3
62 4
59 12
59 2
60 2
59 1
60 3
71 2
69 6
62 2
69 2
67 1
69 3
74 2
71 4
71 2
67 2
64 4
64 2
71 2
69 4
66 4
64 12
71 2
74 2
76 2
74 1
76 2
71 3
69 8
74 2
71 1
74 2
69 3
67 8
71 2
69 1
71 3
64 2
69 2
67 1
69 3
74 4
71 10
71 2
74 2
76 2
74 1
76 2
71 3
69 8
74 2
71 1
74 2
69 3
67 4
64 2
67 2
71 2
69 1
71 3
64 2
69 2
67 1
69 3
66 4
64 8
0 130
71 2
74 2
76 2
74 1
76 2
71 3
69 8
74 2
71 1
74 2
69 3
67 8
71 2
69 1
71 3
64 2
69 2
67 1
69 3
74 4
71 10
71 2
74 2
76 2
74 1
76 2
71 3
69 8
74 2
71 1
74 2
69 3
67 4
64 2
67 2
71 2
69 1
71 3
64 2
69 2
67 1
69 3
66 4
64 10
64 2
67 2
71 2
69 1
71 3
64 2
69 2
67 1
69 21
66 4
64 6
