0 64
67 2
69 2
71 1
0 1
71 8
62 1
62 1
67 1
0 1
67 1
67 1
0 1
67 3
64 4
0 2
62 1
62 1
67 1
0 1
67 2
67 2
62 2
69 4
0 2
62 1
62 1
72 2
71 3
0 1
71 2
69 5
62 1
62 1
62 1
67 2
69 2
71 2
62 5
0 3
59 1
59 1
66 1
0 1
66 2
64 2
66 2
59 4
0 2
59 1
59 1
69 1
0 1
69 1
67 1
69 1
0 1
67 1
69 1
69 4
0 2
66 1
66 1
74 1
0 1
74 1
0 1
74 1
74 1
0 1
74 1
71 2
69 4
62 2
67 3
69 3
71 1
0 1
71 4
0 2
62 1
62 1
67 1
0 1
67 1
0 1
67 2
67 1
0 1
67 2
64 3
0 1
62 1
62 1
67 1
0 1
67 2
67 2
62 1
0 1
62 2
69 3
0 1
62 1
62 1
72 1
0 1
72 2
71 1
72 3
69 4
0 1
62 1
62 1
62 1
67 2
0 1
69 3
71 2
62 4
0 1
59 1
59 1
59 1
67 2
66 2
0 2
67 2
59 5
0 1
59 1
59 1
69 1
0 1
69 1
67 1
69 2
67 1
69 1
69 1
0 5
66 1
66 1
74 1
0 1
74 1
0 1
74 1
0 1
74 1
74 1
71 3
69 3
66 1
66 1
74 3
71 1
0 1
71 2
69 1
71 4
0 4
76 3
71 2
0 1
71 1
69 1
71 1
67 3
0 2
62 1
62 1
67 1
0 1
67 1
67 1
67 1
0 1
67 1
67 1
67 2
64 2
0 2
62 1
62 1
71 1
0 1
71 1
0 1
71 1
71 2
72 1
74 2
69 4
62 2
74 3
71 2
71 2
69 2
71 4
0 3
76 3
71 2
0 1
71 1
69 1
71 2
67 3
0 1
62 1
62 1
67 1
67 1
0 2
67 1
67 1
0 1
67 1
67 2
64 2
0 2
62 1
62 1
71 1
0 1
71 1
0 1
71 1
71 2
72 1
74 2
69 6
0 4
71 2
69 2
71 3
67 9
0 12
67 2
69 2
71 1
0 1
71 8
62 1
62 1
67 1
0 1
67 1
0 1
67 1
67 1
64 6
0 2
62 1
62 1
67 1
0 1
67 2
69 2
62 2
69 4
0 2
62 1
62 1
72 2
71 3
0 1
71 2
69 4
0 1
62 1
62 1
62 1
67 2
0 1
69 2
0 1
71 2
62 5
59 1
59 1
59 1
66 2
64 2
66 2
59 6
0 2
59 1
59 1
69 1
0 1
69 1
0 1
69 1
69 1
67 1
71 1
69 4
0 2
66 1
66 1
74 1
0 1
74 1
0 1
74 1
74 1
0 1
74 1
71 2
69 4
62 2
67 3
69 3
71 1
0 1
71 4
0 2
62 1
62 1
67 1
0 1
67 1
67 2
67 1
67 2
64 4
0 2
62 1
62 1
67 1
0 1
67 2
67 2
67 1
62 1
69 4
0 2
62 1
62 1
72 1
0 1
71 2
0 2
72 2
69 4
0 1
62 1
62 1
62 1
67 2
0 1
69 3
71 2
71 1
0 4
59 1
59 1
59 1
67 2
66 2
67 2
59 5
0 3
59 1
59 1
69 1
0 1
69 1
0 1
69 1
69 2
69 1
69 1
0 1
69 2
0 2
66 1
66 1
74 1
0 1
74 1
0 1
74 1
0 1
74 1
74 1
71 3
69 3
62 2
74 3
71 1
0 2
71 2
69 2
71 2
0 4
76 3
71 1
0 2
71 1
69 1
71 2
67 2
0 2
62 2
67 1
0 1
67 1
67 1
67 1
0 1
67 1
67 1
66 2
64 2
0 2
62 1
62 1
71 1
0 1
71 1
71 1
71 2
76 2
75 2
0 1
69 3
62 2
74 3
71 1
0 2
71 1
69 1
71 4
0 4
76 3
72 3
72 1
71 1
72 2
69 4
62 1
62 1
67 1
0 1
67 1
0 1
66 1
67 1
0 1
67 1
67 2
64 2
0 1
62 1
62 1
62 1
70 1
0 1
70 1
0 1
70 1
70 1
0 1
73 1
74 3
69 5
0 11
71 1
71 1
0 1
69 2
71 4
69 2
67 8
0 50
67 2
69 2
71 2
71 3
0 5
62 1
0 1
67 2
67 1
0 1
67 3
67 2
64 2
0 4
62 1
62 1
67 1
0 1
67 3
67 1
0 1
62 1
0 2
69 2
0 5
62 1
62 1
72 2
71 4
69 2
62 6
0 1
62 1
62 1
62 1
67 2
69 3
0 1
71 2
62 5
0 2
59 1
59 1
66 2
66 2
67 3
66 1
59 5
0 2
59 1
59 1
69 1
0 2
69 1
67 1
69 2
67 1
69 2
69 5
0 1
66 1
66 1
0 1
74 2
74 2
0 1
74 1
0 1
74 2
71 2
69 16
0 5
71 7
69 3
67 14
