C:maj/5 [0, 4, 7] 7 8 
F:maj [0, 5, 9] 5 4 
C:maj/5 [0, 4, 7] 7 4 
G:maj [2, 7, 11] 7 4 
C:maj/5 [0, 4, 7] 7 5 
F:maj [0, 5, 9] 5 1 
C:maj/5 [0, 4, 7] 7 3 
F:maj [0, 5, 9] 5 3 
C:maj/5 [0, 4, 7] 7 2 
D:maj/5 [2, 6, 9] 9 2 
G:maj [2, 7, 11] 7 4 
C:maj [0, 4, 7] 0 1 
F:maj [0, 5, 9] 5 1 
C:maj/5 [0, 4, 7] 7 3 
F:maj [0, 5, 9] 5 3 
C:maj/5 [0, 4, 7] 7 2 
G:maj [2, 7, 11] 7 2 
C:maj/5 [0, 4, 7] 7 4 
A:min [0, 4, 9] 9 4 
C:maj/5 [0, 4, 7] 7 4 
F:maj [0, 5, 9] 5 4 
G:maj [2, 7, 11] 7 4 
A:min [0, 4, 9] 9 4 
C:maj/5 [0, 4, 7] 7 4 
D:min/5 [2, 5, 9] 9 2 
D:maj [2, 6, 9] 2 2 
G:maj [2, 7, 11] 7 4 
C:maj [0, 4, 7] 0 1 
F:maj [0, 5, 9] 5 1 
C:maj/5 [0, 4, 7] 7 3 
F:maj [0, 5, 9] 5 3 
C:maj/5 [0, 4, 7] 7 2 
G:maj [2, 7, 11] 7 2 
C:maj/5 [0, 4, 7] 7 4 
F:maj [0, 5, 9] 5 4 
C:maj/5 [0, 4, 7] 7 4 
G:maj [2, 7, 11] 7 4 
C:maj/5 [0, 4, 7] 7 5 
F:maj [0, 5, 9] 5 1 
C:maj/5 [0, 4, 7] 7 3 
F:maj [0, 5, 9] 5 3 
C:maj/5 [0, 4, 7] 7 2 
D:maj/5 [2, 6, 9] 9 2 
G:maj [2, 7, 11] 7 4 
C:maj [0, 4, 7] 0 1 
F:maj [0, 5, 9] 5 1 
C:maj/5 [0, 4, 7] 7 3 
F:maj [0, 5, 9] 5 3 
C:maj/5 [0, 4, 7] 7 2 
G:maj [2, 7, 11] 7 2 
C:maj/5 [0, 4, 7] 7 4 
A:min [0, 4, 9] 9 4 
C:maj/5 [0, 4, 7] 7 4 
F:maj [0, 5, 9] 5 4 
G:maj [2, 7, 11] 7 4 
A:min [0, 4, 9] 9 4 
C:maj/5 [0, 4, 7] 7 4 
D:min/5 [2, 5, 9] 9 2 
D:maj [2, 6, 9] 2 2 
G:maj [2, 7, 11] 7 4 
C:maj [0, 4, 7] 0 1 
F:maj [0, 5, 9] 5 1 
C:maj/5 [0, 4, 7] 7 3 
F:maj [0, 5, 9] 5 3 
C:maj/5 [0, 4, 7] 7 2 
G:maj [2, 7, 11] 7 2 
C:maj/5 [0, 4, 7] 7 5 
F:maj [0, 5, 9] 5 1 
C:maj/5 [0, 4, 7] 7 3 
F:maj [0, 5, 9] 5 3 
C:maj/5 [0, 4, 7] 7 2 
D:maj/5 [2, 6, 9] 9 2 
G:maj [2, 7, 11] 7 4 
C:maj [0, 4, 7] 0 1 
F:maj [0, 5, 9] 5 1 
C:maj/5 [0, 4, 7] 7 3 
F:maj [0, 5, 9] 5 3 
C:maj/5 [0, 4, 7] 7 2 
G:maj [2, 7, 11] 7 2 
C:maj/5 [0, 4, 7] 7 4 
A:min [0, 4, 9] 9 4 
C:maj/5 [0, 4, 7] 7 4 
F:maj [0, 5, 9] 5 4 
G:maj [2, 7, 11] 7 4 
A:min [0, 4, 9] 9 4 
C:maj/5 [0, 4, 7] 7 4 
D:min/5 [2, 5, 9] 9 2 
D:maj [2, 6, 9] 2 2 
G:maj [2, 7, 11] 7 4 
C:maj [0, 4, 7] 0 1 
F:maj [0, 5, 9] 5 1 
C:maj/5 [0, 4, 7] 7 3 
F:maj [0, 5, 9] 5 3 
C:maj/5 [0, 4, 7] 7 2 
G:maj [2, 7, 11] 7 2 
C:maj/5 [0, 4, 7] 7 4 
F:maj [0, 5, 9] 5 4 
C:maj/5 [0, 4, 7] 7 4 
G:maj [2, 7, 11] 7 4 
C:maj [0, 4, 7] 0 3 
