0 92
64 1
62 1
64 1
67 1
60 4
57 4
55 4
64 1
62 1
64 1
67 1
60 4
69 4
67 4
69 2
72 2
64 4
67 2
69 2
62 3
64 1
60 2
57 2
55 12
64 1
62 1
64 1
67 1
60 4
57 4
55 4
64 1
62 1
64 1
67 1
60 4
69 4
67 4
69 2
72 2
64 4
67 2
69 2
62 3
64 1
55 1
57 1
55 1
57 1
60 12
64 2
67 2
69 4
72 2
69 2
69 4
64 2
69 2
67 3
67 1
69 2
67 1
64 1
67 4
67 2
69 2
72 2
72 2
72 2
74 2
72 3
72 1
69 2
67 1
69 1
67 12
64 2
67 2
69 4
69 1
72 1
69 1
67 1
69 5
64 1
69 2
67 4
67 1
69 1
67 1
64 1
67 4
67 2
69 2
62 4
62 2
64 2
60 3
62 1
60 1
62 1
60 1
57 1
55 12
64 1
62 1
64 1
67 1
60 4
57 4
55 4
64 1
62 1
64 1
67 1
60 4
69 4
67 4
69 2
72 2
64 4
67 2
69 2
62 3
64 1
55 1
57 1
55 1
57 1
60 15
0 61
64 1
62 1
64 1
67 1
60 4
57 4
55 4
64 1
62 1
64 1
67 1
60 4
69 4
67 4
69 2
72 2
64 4
67 2
69 2
62 3
64 1
60 2
57 2
55 12
64 1
62 1
64 1
67 1
60 4
57 4
55 4
64 1
62 1
64 1
67 1
60 4
69 4
67 4
69 2
72 2
64 4
67 2
69 2
62 3
64 1
55 1
57 1
55 1
57 1
60 12
64 2
67 2
69 4
72 2
69 2
69 4
64 2
69 2
67 3
67 1
69 2
67 1
64 1
67 4
67 2
69 2
72 2
72 2
72 2
74 2
72 3
72 1
69 2
67 1
69 1
67 12
64 2
67 2
69 4
69 1
72 1
69 1
67 1
69 5
64 1
69 2
67 4
67 1
69 1
67 1
64 1
67 4
67 2
69 2
62 4
62 2
64 2
60 3
62 1
60 1
62 1
60 1
57 1
55 12
64 1
62 1
64 1
67 1
60 4
57 4
55 4
64 1
62 1
64 1
67 1
60 4
69 4
67 4
69 2
72 2
64 4
67 2
69 2
62 3
64 1
55 1
57 1
55 1
57 1
60 13
0 127
64 1
0 1
67 1
0 1
69 3
0 1
72 2
69 1
0 1
69 3
0 1
64 2
69 1
0 1
67 2
0 1
67 1
69 1
0 1
67 1
64 1
67 3
0 1
67 1
0 1
69 1
0 1
72 1
0 1
72 1
0 1
72 1
0 1
74 1
0 1
72 2
0 1
72 1
69 2
67 1
69 1
67 10
0 2
64 1
0 1
67 2
69 3
0 1
69 1
72 1
69 1
67 1
69 3
0 2
64 1
69 1
0 1
67 3
0 1
67 1
69 1
67 1
64 1
67 3
0 1
67 1
0 1
69 1
0 1
62 3
0 1
62 2
64 2
60 3
62 1
60 1
62 1
60 1
57 1
55 11
0 1
64 1
62 1
64 1
67 1
60 3
0 1
57 3
0 1
55 3
0 1
64 1
62 1
64 1
67 1
60 3
0 1
69 3
0 1
67 3
0 1
69 1
0 1
72 1
0 1
64 3
0 1
67 1
0 1
69 1
0 1
62 3
64 1
55 1
57 1
55 1
57 1
60 11
