0 244
68 1
0 1
68 1
0 1
68 2
0 2
66 2
64 2
66 2
64 5
0 3
61 1
59 1
61 1
0 1
64 2
66 2
64 8
73 1
0 1
73 2
64 2
66 16
0 2
68 1
0 1
71 1
0 1
71 2
0 2
68 1
0 1
68 1
0 1
71 2
73 5
0 1
68 8
71 1
0 1
73 2
76 2
0 6
68 2
64 2
68 1
0 1
68 2
66 8
66 1
0 1
66 1
0 1
68 1
0 1
69 2
68 6
0 2
66 2
68 2
61 1
0 1
64 8
0 2
61 1
0 1
61 1
0 1
64 1
0 1
69 9
0 1
71 1
0 1
71 2
73 1
0 1
75 17
0 17
76 1
0 1
76 2
75 1
0 1
66 2
68 6
0 2
76 1
0 1
76 1
0 1
71 1
0 1
68 1
0 1
73 5
0 3
76 1
0 1
76 1
0 1
68 1
0 1
71 1
0 1
69 5
0 3
76 1
0 1
76 2
76 1
0 1
68 2
66 8
76 1
0 1
76 1
0 1
71 1
0 1
66 2
68 4
0 4
76 1
0 1
76 1
66 1
68 1
0 1
68 1
0 1
73 6
0 2
76 1
0 1
76 1
0 1
68 1
0 1
71 2
69 6
0 2
76 1
0 1
76 2
73 1
0 1
76 2
78 17
0 1
76 1
0 1
76 1
0 1
76 2
0 2
66 2
64 2
66 2
64 12
0 106
0 4
68 1
0 1
68 1
0 1
68 2
0 2
66 2
64 2
66 2
64 5
0 3
61 1
59 1
61 1
0 1
64 2
66 2
64 8
73 1
0 1
73 2
64 2
66 16
0 2
68 1
0 1
71 1
0 1
71 2
0 2
68 1
0 1
68 1
0 1
71 2
73 5
0 1
68 8
71 1
0 1
73 2
76 2
0 6
68 2
64 2
68 1
0 1
68 2
66 8
66 1
0 1
66 1
0 1
68 1
0 1
69 2
68 6
0 2
66 2
68 2
61 1
0 1
64 8
0 2
61 1
0 1
61 1
0 1
64 1
0 1
69 9
0 1
71 1
0 1
71 2
73 1
0 1
75 17
0 17
76 1
0 1
76 2
75 1
0 1
66 2
68 6
0 2
76 1
0 1
76 1
0 1
71 1
0 1
68 1
0 1
73 5
0 3
76 1
0 1
76 1
0 1
68 1
0 1
71 1
0 1
69 5
0 3
76 1
0 1
76 2
76 1
0 1
68 2
66 8
76 1
0 1
76 1
0 1
71 1
0 1
66 2
68 4
0 4
76 1
0 1
76 1
66 1
68 1
0 1
68 1
0 1
73 6
0 2
76 1
0 1
76 1
0 1
68 1
0 1
71 2
69 6
0 2
76 1
0 1
76 2
73 1
0 1
76 2
78 17
0 1
76 1
0 1
76 1
0 1
76 2
0 2
66 2
64 2
66 2
64 12
0 130
76 1
75 1
73 1
73 2
0 1
71 1
0 1
73 1
71 1
0 2
73 3
0 1
73 1
71 1
0 1
73 1
0 2
71 1
0 1
73 1
71 1
0 2
73 4
75 6
71 8
0 2
75 6
71 9
0 1
76 1
73 1
73 1
73 1
0 2
71 1
0 1
73 1
71 1
0 2
73 3
0 1
73 1
71 1
0 1
73 2
0 1
71 1
0 1
73 1
71 1
0 1
73 4
0 1
