A:min [0, 4, 9] 9 20 
E:min7 [2, 4, 7, 11] 4 4 
F:maj [0, 5, 9] 5 2 
G:maj [2, 7, 11] 7 2 
A:min [0, 4, 9] 9 8 
E:min [4, 7, 11] 4 4 
F:maj [0, 5, 9] 5 4 
G:maj [2, 7, 11] 7 2 
A:sus2 [4, 9, 11] 9 6 
F:maj [0, 5, 9] 5 2 
E:min7 [2, 4, 7, 11] 4 2 
D:min [2, 5, 9] 2 4 
G:maj [2, 7, 11] 7 4 
A:sus2 [4, 9, 11] 9 4 
E:maj [4, 8, 11] 4 4 
F:maj [0, 5, 9] 5 4 
G:maj [2, 7, 11] 7 2 
A:min [0, 4, 9] 9 6 
F:maj [0, 5, 9] 5 2 
E:min [4, 7, 11] 4 2 
D:min [2, 5, 9] 2 2 
G:maj [2, 7, 11] 7 2 
C:maj [0, 4, 7] 0 4 
A:min [0, 4, 9] 9 4 
E:min [4, 7, 11] 4 4 
F:maj [0, 5, 9] 5 2 
G:maj [2, 7, 11] 7 2 
C:maj [0, 4, 7] 0 3 
C:sus2 [0, 2, 7] 0 1 
D:min [2, 5, 9] 2 4 
E:min [4, 7, 11] 4 4 
F:maj [0, 5, 9] 5 2 
D:min7 [0, 2, 5, 9] 2 2 
G:maj [2, 7, 11] 7 4 
A:min [0, 4, 9] 9 4 
E:min [4, 7, 11] 4 4 
F:maj [0, 5, 9] 5 2 
G:maj [2, 7, 11] 7 2 
C:maj [0, 4, 7] 0 3 
A:min [0, 4, 9] 9 1 
D:min [2, 5, 9] 2 4 
E:min [4, 7, 11] 4 4 
D:min [2, 5, 9] 2 2 
G:maj [2, 7, 11] 7 2 
A:min [0, 4, 9] 9 8 
E:min7 [2, 4, 7, 11] 4 4 
F:maj [0, 5, 9] 5 2 
G:maj [2, 7, 11] 7 2 
A:min [0, 4, 9] 9 8 
C:maj7/3 [0, 4, 7, 10] 4 4 
F:maj [0, 5, 9] 5 4 
G:maj [2, 7, 11] 7 2 
A:min [0, 4, 9] 9 6 
F:maj [0, 5, 9] 5 2 
E:min [4, 7, 11] 4 2 
D:min [2, 5, 9] 2 2 
G:maj [2, 7, 11] 7 2 
C:maj [0, 4, 7] 0 4 
A:min [0, 4, 9] 9 4 
E:min [4, 7, 11] 4 4 
F:maj [0, 5, 9] 5 2 
G:maj [2, 7, 11] 7 2 
C:maj [0, 4, 7] 0 3 
A:min7 [0, 4, 7, 9] 9 1 
D:min7/b7 [0, 2, 5, 9] 0 4 
E:min [4, 7, 11] 4 4 
F:maj [0, 5, 9] 5 2 
D:min7 [0, 2, 5, 9] 2 2 
G:maj [2, 7, 11] 7 4 
A:min [0, 4, 9] 9 4 
E:min [4, 7, 11] 4 4 
F:maj [0, 5, 9] 5 2 
G:maj [2, 7, 11] 7 2 
C:maj [0, 4, 7] 0 4 
D:min [2, 5, 9] 2 4 
E:min [4, 7, 11] 4 4 
D:min [2, 5, 9] 2 2 
G:maj [2, 7, 11] 7 2 
A:min [0, 4, 9] 9 8 
E:min [4, 7, 11] 4 4 
F:maj [0, 5, 9] 5 2 
G:maj [2, 7, 11] 7 2 
C:maj [0, 4, 7] 0 3 
A:min7 [0, 4, 7, 9] 9 1 
D:min7/b7 [0, 2, 5, 9] 0 4 
E:min [4, 7, 11] 4 4 
F:maj [0, 5, 9] 5 4 
A:min [0, 4, 9] 9 1 
A:sus2 [4, 9, 11] 9 17 
