F:min [0, 5, 8] 5 2 
C:min/b3 [0, 3, 7] 3 2 
C#:maj [1, 5, 8] 1 2 
C:min [0, 3, 7] 0 2 
Bb:min [1, 5, 10] 10 2 
C:maj [0, 4, 7] 0 2 
F:sus2 [0, 5, 7] 5 6 
C:min/b3 [0, 3, 7] 3 2 
C#:maj [1, 5, 8] 1 2 
C:min [0, 3, 7] 0 2 
Bb:min [1, 5, 10] 10 2 
C:maj [0, 4, 7] 0 2 
F:sus2 [0, 5, 7] 5 6 
C:min/b3 [0, 3, 7] 3 2 
C#:maj [1, 5, 8] 1 2 
C:sus4(b7) [0, 5, 7] 0 2 
Bb:min7 [1, 5, 8, 10] 10 2 
C:maj [0, 4, 7] 0 2 
F:sus2 [0, 5, 7] 5 6 
C:min/b3 [0, 3, 7] 3 2 
C#:maj [1, 5, 8] 1 2 
C:sus4(b7) [0, 5, 7] 0 2 
Bb:min7 [1, 5, 8, 10] 10 2 
C:maj [0, 4, 7] 0 2 
F:sus2 [0, 5, 7] 5 6 
C:min/b3 [0, 3, 7] 3 2 
C#:maj [1, 5, 8] 1 2 
C:sus4(b7) [0, 5, 7] 0 2 
Bb:min7 [1, 5, 8, 10] 10 2 
C:maj [0, 4, 7] 0 2 
F:sus2 [0, 5, 7] 5 6 
C:min/b3 [0, 3, 7] 3 2 
C#:maj [1, 5, 8] 1 2 
C:sus4(b7) [0, 5, 7] 0 2 
Bb:min7 [1, 5, 8, 10] 10 2 
C:maj [0, 4, 7] 0 2 
F:sus2 [0, 5, 7] 5 6 
C:min/b3 [0, 3, 7] 3 2 
C#:maj [1, 5, 8] 1 2 
C:sus4(b7) [0, 5, 7] 0 2 
Bb:min7 [1, 5, 8, 10] 10 2 
C:maj [0, 4, 7] 0 2 
F:sus2 [0, 5, 7] 5 6 
C:min/b3 [0, 3, 7] 3 2 
C#:maj [1, 5, 8] 1 2 
C:sus4(b7) [0, 5, 7] 0 2 
Bb:min7 [1, 5, 8, 10] 10 2 
C:maj [0, 4, 7] 0 2 
F:sus2 [0, 5, 7] 5 6 
C:min/b3 [0, 3, 7] 3 2 
C#:maj [1, 5, 8] 1 2 
C:sus4(b7) [0, 5, 7] 0 2 
Bb:min7 [1, 5, 8, 10] 10 2 
C:maj [0, 4, 7] 0 2 
F:sus2 [0, 5, 7] 5 6 
C:min/b3 [0, 3, 7] 3 2 
C#:maj [1, 5, 8] 1 2 
C:sus4(b7) [0, 5, 7] 0 2 
Bb:min7 [1, 5, 8, 10] 10 2 
C:maj [0, 4, 7] 0 2 
F:sus2 [0, 5, 7] 5 6 
F:min7 [0, 3, 5, 8] 5 2 
C#:maj [1, 5, 8] 1 2 
C:min [0, 3, 7] 0 2 
F#:maj/3 [1, 6, 10] 10 2 
C:maj [0, 4, 7] 0 2 
F:min [0, 5, 8] 5 6 
F:min7 [0, 3, 5, 8] 5 2 
C#:maj [1, 5, 8] 1 2 
C:min [0, 3, 7] 0 2 
F#:maj/3 [1, 6, 10] 10 2 
C:maj [0, 4, 7] 0 2 
F:min [0, 5, 8] 5 6 
C:min/b3 [0, 3, 7] 3 2 
C#:maj [1, 5, 8] 1 2 
C:sus4(b7) [0, 5, 7] 0 2 
Bb:min7 [1, 5, 8, 10] 10 2 
C:maj [0, 4, 7] 0 2 
F:sus2 [0, 5, 7] 5 6 
C:min/b3 [0, 3, 7] 3 2 
C#:maj [1, 5, 8] 1 2 
C:sus4(b7) [0, 5, 7] 0 2 
Bb:min7 [1, 5, 8, 10] 10 2 
C:maj [0, 4, 7] 0 2 
F:sus2 [0, 5, 7] 5 6 
C:min/b3 [0, 3, 7] 3 2 
C#:maj [1, 5, 8] 1 2 
C:sus4(b7) [0, 5, 7] 0 2 
Bb:min7 [1, 5, 8, 10] 10 2 
C:maj [0, 4, 7] 0 2 
F:sus2 [0, 5, 7] 5 6 
C:min/b3 [0, 3, 7] 3 2 
C#:maj [1, 5, 8] 1 2 
C:sus4(b7) [0, 5, 7] 0 2 
Bb:min7 [1, 5, 8, 10] 10 2 
C:maj [0, 4, 7] 0 2 
F:sus2 [0, 5, 7] 5 6 
C:min/b3 [0, 3, 7] 3 2 
C#:maj [1, 5, 8] 1 2 
C:sus4(b7) [0, 5, 7] 0 2 
Bb:min7 [1, 5, 8, 10] 10 2 
C:maj [0, 4, 7] 0 2 
F:sus2 [0, 5, 7] 5 6 
C:min/b3 [0, 3, 7] 3 2 
C#:maj [1, 5, 8] 1 2 
C:sus4(b7) [0, 5, 7] 0 2 
Bb:min7 [1, 5, 8, 10] 10 2 
C:maj [0, 4, 7] 0 2 
F:sus2 [0, 5, 7] 5 6 
C:min/b3 [0, 3, 7] 3 2 
C#:maj [1, 5, 8] 1 2 
C:sus4(b7) [0, 5, 7] 0 2 
Bb:min7 [1, 5, 8, 10] 10 2 
C:maj [0, 4, 7] 0 2 
F:sus2 [0, 5, 7] 5 6 
C:min/b3 [0, 3, 7] 3 2 
C#:maj [1, 5, 8] 1 2 
C:sus4(b7) [0, 5, 7] 0 2 
Bb:min7 [1, 5, 8, 10] 10 2 
C:maj [0, 4, 7] 0 2 
F:sus2 [0, 5, 7] 5 4 
