0 126
77 1
77 1
77 1
0 1
72 1
0 1
77 1
77 1
72 1
0 1
77 1
77 1
77 1
77 1
77 1
0 1
72 1
0 1
77 1
0 1
77 1
0 1
77 2
72 1
0 1
77 1
77 1
77 1
76 1
77 1
0 1
72 1
0 3
77 1
77 1
72 1
0 1
77 1
77 1
76 1
0 1
76 1
0 1
77 1
0 1
76 1
0 1
77 1
77 1
72 1
0 1
77 1
77 1
77 1
77 1
77 1
0 1
72 1
0 1
77 2
72 1
0 2
77 1
77 1
77 1
77 1
77 1
77 1
77 1
77 1
0 1
72 1
0 1
77 1
77 1
77 1
77 1
77 1
0 1
72 1
0 1
77 1
77 1
77 1
77 1
77 1
77 1
72 1
0 1
77 2
72 1
0 2
77 1
77 1
77 1
77 1
77 1
77 1
77 1
77 1
77 1
77 1
77 1
77 1
77 1
77 1
79 1
79 1
0 1
77 1
0 11
72 1
0 1
72 1
0 1
77 1
77 1
77 1
77 1
72 1
0 1
77 1
77 1
72 1
72 1
77 1
0 1
72 1
72 1
72 1
0 1
77 1
77 1
77 1
77 1
72 1
0 1
77 1
72 1
72 1
72 1
77 1
0 1
77 1
77 1
77 1
0 1
77 1
77 1
77 1
77 1
77 1
77 1
77 1
77 1
77 1
77 1
77 1
77 1
77 1
0 1
72 1
0 1
77 1
77 1
77 1
77 1
77 1
77 1
77 1
77 1
72 1
72 1
77 1
0 1
77 1
0 1
77 1
0 1
80 1
80 1
77 1
77 1
77 1
77 1
77 1
0 1
80 1
0 1
77 1
77 1
77 1
80 1
0 1
77 1
77 1
77 1
77 1
77 1
72 1
77 1
75 1
77 1
75 1
75 1
77 1
0 1
72 1
0 1
75 1
0 1
77 1
77 1
72 1
72 1
77 1
0 1
77 1
77 1
77 1
77 1
72 1
72 1
77 1
0 1
77 1
77 1
72 1
72 1
77 1
0 1
77 1
0 7
77 1
79 1
80 1
0 1
80 1
80 1
0 1
80 1
0 2
79 1
0 1
84 1
84 1
0 4
89 1
0 1
89 1
89 1
0 1
87 1
0 1
85 1
87 1
0 1
80 1
80 1
0 4
85 1
0 1
85 1
85 1
0 1
87 1
0 2
82 2
80 1
84 1
0 1
82 2
0 1
82 2
80 1
79 2
80 2
0 1
80 2
0 2
79 1
0 3
80 1
0 1
80 1
80 1
0 1
80 1
0 2
79 1
0 1
84 1
84 1
0 4
89 1
0 1
89 1
89 1
0 1
87 1
0 1
85 1
87 1
0 1
80 1
80 1
0 4
85 1
0 1
85 1
85 1
0 1
85 1
0 2
84 2
82 1
80 1
79 1
80 1
0 2
77 2
0 6
77 1
0 3
79 1
0 3
80 2
80 1
80 1
0 1
80 1
0 2
79 1
0 1
84 1
84 1
0 4
89 2
89 1
89 2
87 2
85 1
87 1
0 1
80 1
80 1
0 4
85 2
85 1
85 2
87 2
0 1
82 2
80 1
84 2
82 2
0 1
82 2
80 1
79 2
80 2
0 1
80 2
0 2
79 2
0 2
80 2
80 1
80 1
0 1
80 1
0 2
79 1
0 1
84 1
84 1
0 4
89 2
89 1
89 2
87 2
85 1
87 1
0 1
80 1
80 1
0 4
85 2
85 1
85 2
85 2
0 1
84 2
82 1
80 1
79 1
80 3
77 3
0 139
77 1
75 1
77 1
0 1
77 1
0 1
77 1
77 1
75 1
0 1
75 1
75 1
77 1
75 1
77 1
0 1
75 1
0 1
77 1
0 1
75 1
77 1
75 1
0 1
77 1
0 1
77 1
75 1
77 1
75 1
77 1
0 1
75 1
0 3
77 1
77 1
72 1
0 1
77 1
77 1
77 1
0 1
72 1
0 1
77 2
72 1
0 1
77 1
77 1
72 1
0 1
77 1
77 1
77 1
77 1
77 1
0 1
72 1
0 1
77 2
72 1
0 2
77 1
77 1
77 1
77 1
77 1
77 1
77 1
77 1
0 1
72 1
0 1
77 1
77 1
77 1
77 1
77 1
0 1
72 1
0 1
77 1
77 1
77 1
77 1
77 1
77 1
72 1
0 1
77 2
72 1
0 2
77 1
77 1
77 1
77 1
77 1
77 1
77 1
77 1
77 1
77 1
77 1
77 1
77 1
77 1
79 1
79 1
0 1
77 1
0 11
77 1
79 1
80 1
0 1
80 1
80 1
0 1
80 1
0 2
79 1
0 1
84 1
84 1
0 4
89 1
0 1
89 1
89 1
0 1
87 1
0 1
85 1
87 1
0 1
80 1
80 1
0 4
85 1
0 1
85 1
85 1
0 1
87 1
0 2
82 2
80 1
84 1
0 1
82 2
0 1
82 2
80 1
79 2
80 2
0 1
80 2
0 2
79 1
0 3
80 1
0 1
80 1
80 1
0 1
80 1
0 2
79 1
0 1
84 1
84 1
0 4
89 1
0 1
89 1
89 1
0 1
87 1
0 1
85 1
87 1
0 1
80 1
80 1
0 4
85 1
0 1
85 1
85 1
0 1
85 1
0 2
82 2
80 1
79 2
80 2
0 1
77 2
0 6
77 1
0 3
79 1
0 3
80 2
80 1
80 1
0 1
80 1
0 2
79 1
0 1
84 1
84 1
0 4
89 2
89 1
89 2
87 2
85 1
87 1
0 1
80 1
80 1
0 4
85 2
85 1
85 2
87 2
0 1
82 2
80 1
84 2
82 2
0 1
82 2
80 1
79 2
80 2
0 1
80 2
0 2
79 2
0 2
80 2
80 1
80 1
0 1
80 1
0 2
79 1
0 1
84 1
84 1
0 4
89 2
89 1
89 2
87 2
85 1
87 1
0 1
80 1
80 1
0 4
85 2
85 1
85 2
85 2
0 1
82 2
80 1
79 2
80 3
77 3
0 11
77 1
77 1
77 1
0 1
72 1
0 1
77 1
77 1
72 1
0 1
77 1
77 1
77 1
77 1
77 1
0 1
72 1
0 1
77 1
0 1
77 1
0 1
77 2
72 1
0 1
77 1
77 1
77 1
76 1
77 1
0 1
72 1
0 3
77 1
77 1
72 1
0 1
77 1
77 1
76 1
0 1
76 1
0 1
77 1
0 1
76 1
0 1
77 1
77 1
72 1
0 1
77 1
77 1
77 1
77 1
77 1
0 1
72 1
0 1
77 2
72 1
0 2
77 1
77 1
77 1
77 1
77 1
77 1
77 1
77 1
0 1
72 1
0 1
77 1
77 1
77 1
77 1
77 1
0 1
72 1
0 1
77 1
77 1
77 1
77 1
77 1
77 1
72 1
0 1
77 2
72 1
0 2
77 1
77 1
77 1
77 1
77 1
77 1
77 1
77 1
77 1
77 1
77 1
77 1
77 1
77 1
79 1
79 1
0 1
77 1
