0 66
66 1
66 1
66 2
0 1
65 1
66 1
65 1
63 2
0 2
66 1
68 1
70 1
0 1
70 1
0 1
70 2
68 1
70 5
0 6
68 1
68 1
68 3
70 1
71 2
70 1
68 3
63 1
63 1
66 2
66 1
0 1
66 1
0 1
70 1
68 7
0 4
66 1
66 1
66 2
0 1
66 1
68 1
66 1
65 1
63 3
66 1
68 1
70 1
0 1
70 1
0 1
70 2
73 1
70 1
0 6
70 1
73 1
75 2
73 2
71 3
0 1
73 2
70 1
0 1
70 3
66 1
68 1
68 1
68 1
70 1
68 1
70 2
71 5
0 3
68 1
70 1
0 1
70 1
72 1
74 1
0 1
74 1
75 1
77 6
75 1
77 1
78 1
75 1
75 1
73 1
75 3
73 1
0 1
70 1
70 1
68 1
70 3
0 1
68 1
68 1
68 1
70 1
68 1
66 2
63 4
0 3
75 1
77 1
78 1
75 1
75 1
73 1
75 2
0 1
73 2
70 1
70 1
68 1
70 1
73 2
70 1
75 4
0 10
70 1
73 1
78 1
75 1
75 1
73 1
75 3
73 2
70 1
70 1
70 1
70 3
0 1
68 1
68 1
68 1
70 1
68 1
66 2
63 7
0 4
63 2
66 2
70 2
68 1
0 1
73 1
73 1
73 2
70 2
75 6
0 26
75 1
73 2
70 1
75 1
73 2
70 1
75 1
73 2
70 1
70 1
68 3
70 13
0 3
78 2
77 5
78 2
77 6
80 1
82 17
0 17
66 1
66 1
66 2
0 1
65 1
66 1
65 1
63 2
0 2
66 1
68 1
70 1
0 1
70 1
0 1
70 2
68 1
70 5
0 6
68 1
68 1
68 3
70 1
71 2
70 1
68 3
63 1
63 1
66 2
66 1
0 1
66 1
0 1
70 1
68 7
0 4
66 1
66 1
66 2
0 1
66 1
68 1
66 1
65 1
63 3
66 1
68 1
70 1
0 1
70 1
0 1
70 2
73 1
70 1
0 6
70 1
73 1
75 2
73 2
71 3
71 1
73 2
71 1
0 1
70 3
66 1
68 1
68 1
68 1
70 1
68 1
70 2
71 5
0 3
68 1
70 1
0 1
70 1
72 1
74 1
0 1
74 1
75 1
77 6
75 1
77 1
78 1
75 1
75 1
73 1
75 3
73 1
0 1
70 1
70 1
68 1
70 3
0 1
68 1
68 1
68 1
70 1
68 1
66 2
63 4
0 3
75 1
77 1
78 1
75 1
75 1
73 1
75 2
0 1
73 2
70 1
70 1
68 1
70 1
73 2
70 1
75 4
0 10
70 1
73 1
78 1
75 1
75 1
73 1
75 3
73 2
70 1
70 1
70 1
70 3
0 1
68 1
68 1
68 1
70 1
68 1
66 2
63 7
0 4
63 2
66 2
70 2
68 1
0 1
73 1
73 1
73 2
70 2
75 6
0 8
75 1
77 1
78 1
75 1
75 1
73 1
75 3
73 1
0 1
70 1
70 1
68 1
70 3
0 1
68 1
68 1
68 1
70 1
68 1
66 2
63 4
0 3
75 1
77 1
78 1
75 1
75 1
73 1
75 2
0 1
73 2
70 1
70 1
68 1
70 1
73 2
70 1
75 4
0 3
77 1
77 6
0 2
78 1
75 1
75 1
73 1
75 3
73 2
70 1
70 1
70 1
70 3
0 1
68 1
68 1
68 1
70 1
68 1
66 2
63 7
0 4
63 2
66 2
70 2
68 1
0 1
73 1
0 1
73 2
70 2
75 6
