B:maj [3, 6, 11] 11 6 
Bb:min7 [1, 5, 8, 10] 10 6 
Ab:min7 [3, 6, 8, 11] 8 3 
Bb:min7 [1, 5, 8, 10] 10 3 
E:sus2 [4, 6, 11] 4 6 
C#:sus4 [1, 6, 8] 1 6 
F#:maj [1, 6, 10] 6 6 
C#:maj/3 [1, 5, 8] 5 2 
F#:maj/3 [1, 6, 10] 10 1 
Eb:7 [1, 3, 7, 10] 3 3 
Ab:min [3, 8, 11] 8 1 
Ab:min7 [3, 6, 8, 11] 8 5 
C#:sus4 [1, 6, 8] 1 6 
F#:maj [1, 6, 10] 6 6 
Bb:min7 [1, 5, 8, 10] 10 3 
Eb:min7 [1, 3, 6, 10] 3 3 
Ab:min7 [3, 6, 8, 11] 8 2 
C#:sus4 [1, 6, 8] 1 4 
F#:maj [1, 6, 10] 6 12 
Bb:min7 [1, 5, 8, 10] 10 3 
Eb:7 [1, 3, 7, 10] 3 3 
Ab:min7 [3, 6, 8, 11] 8 3 
B:sus2 [1, 6, 11] 11 3 
C#:sus4 [1, 6, 8] 1 6 
F#:maj [1, 6, 10] 6 3 
F#:sus2 [1, 6, 8] 6 3 
Bb:min7 [1, 5, 8, 10] 10 3 
Eb:maj [3, 7, 10] 3 3 
Ab:min7 [3, 6, 8, 11] 8 3 
C#:sus4 [1, 6, 8] 1 3 
F#:maj [1, 6, 10] 6 6 
C#:maj [1, 5, 8] 1 6 
B:sus2 [1, 6, 11] 11 6 
Bb:min [1, 5, 10] 10 3 
Eb:min7 [1, 3, 6, 10] 3 3 
Ab:sus4(b7) [1, 3, 8] 8 3 
C#:maj [1, 5, 8] 1 3 
F#:maj [1, 6, 10] 6 6 
B:maj [3, 6, 11] 11 6 
Bb:min [1, 5, 10] 10 3 
D:7/5 [0, 2, 6, 9] 9 3 
Ab:min [3, 8, 11] 8 3 
C#:7 [1, 5, 8, 11] 1 3 
B:maj [3, 6, 11] 11 2 
B:maj(9) [1, 3, 6, 9, 11] 11 1 
E:maj/5 [4, 8, 11] 11 1 
B:maj6(9) [1, 3, 6, 8, 9, 11] 11 1 
F#:sus2 [1, 6, 8] 6 1 
Bb:min7 [1, 5, 8, 10] 10 3 
A:dim [0, 3, 9] 9 3 
Ab:min7 [3, 6, 8, 11] 8 3 
Bb:min7 [1, 5, 8, 10] 10 3 
B:maj [3, 6, 11] 11 6 
C#:maj [1, 5, 8] 1 6 
F#:maj [1, 6, 10] 6 6 
Bb:min7 [1, 5, 8, 10] 10 3 
Eb:7 [1, 3, 7, 10] 3 3 
Ab:min7 [3, 6, 8, 11] 8 3 
B:sus2 [1, 6, 11] 11 3 
C#:sus4 [1, 6, 8] 1 6 
F#:maj [1, 6, 10] 6 3 
F#:sus2 [1, 6, 8] 6 3 
Bb:min7 [1, 5, 8, 10] 10 3 
Eb:maj [3, 7, 10] 3 3 
Ab:min7 [3, 6, 8, 11] 8 3 
C#:sus4 [1, 6, 8] 1 3 
E:maj [4, 8, 11] 4 6 
B:maj/3 [3, 6, 11] 3 6 
D:maj6 [2, 6, 9, 11] 2 6 
C#:maj [1, 5, 8] 1 4 
C#:7 [1, 5, 8, 11] 1 2 
B:sus2 [1, 6, 11] 11 6 
Bb:min [1, 5, 10] 10 3 
Eb:min7 [1, 3, 6, 10] 3 3 
Ab:sus4(b7) [1, 3, 8] 8 3 
C#:maj [1, 5, 8] 1 3 
F#:maj [1, 6, 10] 6 6 
B:maj [3, 6, 11] 11 6 
Bb:min [1, 5, 10] 10 3 
D:7/5 [0, 2, 6, 9] 9 3 
Ab:min [3, 8, 11] 8 3 
C#:maj [1, 5, 8] 1 3 
Ab:min7 [3, 6, 8, 11] 8 3 
C#:maj [1, 5, 8] 1 3 
F#:maj [1, 6, 10] 6 3 
B:maj [3, 6, 11] 11 3 
F:hdim7 [2, 5, 8, 11] 5 3 
Bb:maj [2, 5, 10] 10 3 
Eb:min [3, 6, 10] 3 3 
F#:maj [1, 6, 10] 6 3 
Ab:min7 [3, 6, 8, 11] 8 3 
C#:maj [1, 5, 8] 1 3 
Bb:min7 [1, 5, 8, 10] 10 3 
Eb:maj [3, 7, 10] 3 3 
Ab:min7 [3, 6, 8, 11] 8 3 
B:sus2 [1, 6, 11] 11 2 
B:maj [3, 6, 11] 11 1 
C#:maj [1, 5, 8] 1 3 
D:maj [2, 6, 9] 2 2 
D:9 [0, 2, 4, 6, 9] 2 1 
C:maj7 [0, 4, 7, 10] 0 4 
D:maj [2, 6, 9] 2 6 
B:min7 [2, 6, 9, 11] 11 1 
E:7 [2, 4, 8, 11] 4 3 
A:sus2 [4, 9, 11] 9 3 
D:9 [0, 2, 4, 6, 9] 2 1 
D:maj [2, 6, 9] 2 1 
D:9 [0, 2, 4, 6, 9] 2 1 
C:maj/3 [0, 4, 7] 4 1 
E:min [4, 7, 11] 4 2 
D:maj [2, 6, 9] 2 1 
D:7 [0, 2, 6, 9] 2 1 
C:maj [0, 4, 7] 0 1 
A:min7 [0, 4, 7, 9] 9 3 
D:sus4 [2, 7, 9] 2 2 
B:min7 [2, 6, 9, 11] 11 5 
E:min7 [2, 4, 7, 11] 4 1 
A:min7 [0, 4, 7, 9] 9 4 
A:sus4(b7) [2, 4, 9] 9 1 
B:7 [3, 6, 9, 11] 11 2 
E:min7 [2, 4, 7, 11] 4 1 
D:maj [2, 6, 9] 2 1 
C#:hdim7 [1, 4, 7, 10] 1 4 
A:min7 [0, 4, 7, 9] 9 22 
E:min9 [2, 4, 6, 7, 11] 4 3 
G:maj [2, 7, 11] 7 1 
E:sus2 [4, 6, 11] 4 6 
G:maj6 [2, 4, 7, 11] 7 6 
E:min/b3 [4, 7, 11] 7 2 
E:min7 [2, 4, 7, 11] 4 8 
