0 144
71 1
0 1
71 1
71 1
71 2
66 1
64 1
62 6
59 1
0 1
64 1
0 1
64 1
67 1
66 1
64 1
62 2
64 7
0 1
64 3
0 1
67 2
64 1
0 1
76 2
71 1
69 1
67 3
64 1
69 2
71 2
72 2
71 1
69 1
69 6
0 2
71 1
0 1
71 1
71 1
71 1
0 1
66 1
64 1
62 5
0 3
64 1
0 1
64 1
67 1
66 1
64 1
62 2
64 6
0 2
64 3
0 1
67 2
64 1
0 1
76 2
71 1
69 1
67 3
64 1
69 1
0 1
69 1
72 1
71 2
0 1
69 1
71 2
67 5
0 1
74 1
0 1
74 1
76 1
76 1
0 1
71 1
69 1
67 1
0 4
67 1
64 1
0 1
74 1
0 1
74 1
76 1
76 1
0 1
72 1
71 1
69 6
0 2
69 2
0 1
67 1
69 2
71 2
74 2
76 1
0 1
74 2
71 1
0 1
69 2
0 1
67 1
69 1
67 1
69 1
71 1
74 2
74 4
0 2
74 1
0 1
74 1
76 1
76 1
0 1
71 1
69 1
67 3
0 5
74 1
0 1
74 1
76 1
76 1
0 1
72 1
71 1
69 3
0 5
69 1
0 1
69 1
67 1
69 2
69 1
71 1
74 2
74 1
76 1
74 2
71 1
0 1
69 2
0 1
71 1
66 1
64 1
62 1
64 1
67 1
0 1
67 6
0 128
71 1
0 2
71 1
71 1
66 1
0 1
64 1
62 6
59 1
0 1
64 1
0 1
64 1
67 1
66 1
64 1
62 2
64 7
0 1
64 3
0 1
67 2
64 1
0 1
76 2
71 1
69 1
67 3
64 1
69 2
69 1
71 1
72 2
71 1
69 1
69 6
0 2
71 1
0 1
71 1
71 1
71 1
0 1
66 1
64 1
62 5
0 3
64 1
0 1
64 1
67 1
66 1
64 1
62 2
64 6
0 2
64 3
0 1
67 2
64 1
0 1
76 2
71 1
69 1
67 3
64 1
69 1
0 1
69 1
72 1
71 2
0 1
69 1
71 2
67 5
0 1
74 1
0 1
74 1
76 1
76 1
0 1
71 1
69 1
67 1
0 4
67 1
64 1
0 1
74 1
0 1
74 1
76 1
76 1
0 1
72 1
71 1
69 6
0 2
69 2
0 1
67 1
69 2
71 2
74 2
76 1
0 1
74 2
71 1
0 1
69 2
0 1
67 1
69 1
67 1
69 1
71 1
74 6
0 2
74 1
0 1
74 1
76 1
76 1
0 1
71 1
69 1
67 3
0 5
74 1
0 1
74 1
76 1
76 1
0 1
72 1
71 1
69 3
0 5
69 1
0 1
69 1
67 1
69 2
69 1
71 1
74 2
74 1
76 1
74 2
71 1
0 1
69 2
0 1
71 1
66 1
64 1
62 1
64 1
67 6
0 10
75 1
0 1
75 1
77 1
77 1
0 1
72 1
70 1
68 1
0 4
68 1
65 1
0 1
75 1
0 1
75 1
77 1
77 1
0 1
73 1
72 1
70 6
0 2
70 2
0 1
68 1
70 2
72 2
75 2
77 1
0 1
75 2
72 1
0 1
70 2
0 1
68 1
70 1
68 1
70 1
72 1
75 6
0 2
75 1
0 1
75 1
77 1
77 1
0 1
72 1
70 1
68 3
0 5
75 1
0 1
75 1
77 1
77 1
0 1
73 1
72 1
70 3
0 5
70 1
0 1
70 1
68 1
70 2
70 1
72 1
75 2
75 1
77 1
75 2
72 1
0 1
70 2
0 1
72 1
67 1
65 1
63 1
65 1
68 1
0 1
68 4
0 1
70 2
70 3
0 1
70 2
77 12
75 3
0 2
75 16
