B:sus2 [1, 6, 11] 11 4 
Ab:min [3, 8, 11] 8 4 
C#:min [1, 4, 8] 1 4 
F#:maj [1, 6, 10] 6 4 
Eb:min [3, 6, 10] 3 4 
Ab:min [3, 8, 11] 8 4 
C#:min7 [1, 4, 8, 11] 1 2 
F#:maj [1, 6, 10] 6 2 
B:maj [3, 6, 11] 11 8 
Ab:min [3, 8, 11] 8 4 
B:maj [3, 6, 11] 11 4 
Eb:min [3, 6, 10] 3 4 
C#:min [1, 4, 8] 1 2 
Eb:min [3, 6, 10] 3 2 
Ab:min [3, 8, 11] 8 4 
C#:min [1, 4, 8] 1 4 
F#:sus4 [1, 6, 11] 6 4 
B:sus2 [1, 6, 11] 11 4 
Ab:min [3, 8, 11] 8 4 
B:maj [3, 6, 11] 11 4 
Eb:min [3, 6, 10] 3 4 
C#:min [1, 4, 8] 1 2 
Eb:min [3, 6, 10] 3 2 
Ab:min [3, 8, 11] 8 4 
C#:min [1, 4, 8] 1 2 
F#:maj [1, 6, 10] 6 2 
B:maj [3, 6, 11] 11 8 
Ab:min [3, 8, 11] 8 4 
C#:min [1, 4, 8] 1 4 
F#:maj [1, 6, 10] 6 4 
Eb:min [3, 6, 10] 3 4 
Ab:min [3, 8, 11] 8 4 
C#:min [1, 4, 8] 1 2 
F#:maj [1, 6, 10] 6 2 
B:sus2 [1, 6, 11] 11 8 
Ab:min [3, 8, 11] 8 4 
C#:min [1, 4, 8] 1 4 
F#:maj [1, 6, 10] 6 4 
Eb:min [3, 6, 10] 3 4 
Ab:min [3, 8, 11] 8 4 
C#:min7 [1, 4, 8, 11] 1 2 
F#:maj [1, 6, 10] 6 2 
B:maj [3, 6, 11] 11 8 
Ab:min [3, 8, 11] 8 4 
B:maj [3, 6, 11] 11 4 
Eb:min [3, 6, 10] 3 4 
C#:min [1, 4, 8] 1 2 
Eb:min [3, 6, 10] 3 2 
Ab:min [3, 8, 11] 8 4 
C#:min [1, 4, 8] 1 2 
F#:maj [1, 6, 10] 6 2 
B:maj [3, 6, 11] 11 8 
Ab:min [3, 8, 11] 8 4 
C#:min [1, 4, 8] 1 4 
F#:maj [1, 6, 10] 6 4 
Eb:min [3, 6, 10] 3 4 
Ab:min [3, 8, 11] 8 4 
C#:min [1, 4, 8] 1 2 
F#:maj [1, 6, 10] 6 2 
B:sus2 [1, 6, 11] 11 8 
Ab:min [3, 8, 11] 8 4 
C#:min [1, 4, 8] 1 4 
F#:maj [1, 6, 10] 6 4 
Eb:min [3, 6, 10] 3 4 
Ab:min [3, 8, 11] 8 4 
C#:min/5 [1, 4, 8] 8 2 
F#:maj [1, 6, 10] 6 2 
B:maj [3, 6, 11] 11 4 
Eb:min [3, 6, 10] 3 4 
C#:min [1, 4, 8] 1 8 
F#:sus4 [1, 6, 11] 6 4 
Eb:min [3, 6, 10] 3 4 
C#:min7 [1, 4, 8, 11] 1 4 
F#:maj [1, 6, 10] 6 4 
B:maj [3, 6, 11] 11 4 
F#:maj [1, 6, 10] 6 2 
E:maj [4, 8, 11] 4 2 
F#:maj [1, 6, 10] 6 2 
B:maj [3, 6, 11] 11 2 
