0 144
76 2
78 4
76 2
81 4
78 2
76 2
73 16
71 2
73 4
76 2
73 4
71 2
73 6
66 12
69 2
69 4
66 2
64 4
66 4
69 6
71 2
69 8
71 2
71 4
69 2
66 4
73 4
73 4
71 12
76 2
78 4
76 2
81 4
78 2
76 2
76 2
73 14
71 2
73 4
76 2
73 4
71 2
73 2
66 16
69 2
69 4
66 2
64 4
66 4
69 6
71 2
69 8
71 2
71 4
69 2
66 4
71 4
71 2
69 14
76 2
73 3
0 1
76 2
73 3
0 1
76 3
0 1
78 1
0 1
78 2
0 2
81 1
0 1
78 4
76 1
0 3
73 1
0 1
73 3
0 1
71 1
0 1
73 2
0 2
76 2
0 2
73 5
0 11
76 2
73 3
0 1
76 2
73 4
76 3
0 1
78 1
0 1
78 3
0 1
81 2
78 3
0 1
76 2
0 2
73 1
0 1
73 3
0 1
71 1
0 1
73 2
0 2
76 2
0 2
73 2
0 14
71 1
0 5
73 1
0 1
71 2
0 2
73 2
0 2
76 5
0 1
78 1
0 1
76 3
0 1
78 2
0 2
81 11
0 1
78 4
81 13
0 3
78 1
0 1
78 2
0 2
78 1
0 1
76 3
0 1
78 2
0 2
76 5
0 1
73 2
71 3
0 1
73 4
76 16
0 16
76 2
78 4
76 2
81 4
78 2
76 2
73 16
71 2
73 4
76 2
73 4
71 2
73 2
66 16
69 2
69 4
66 2
64 4
66 4
69 6
71 2
69 8
71 2
71 4
69 2
66 4
71 4
71 4
69 12
0 256
76 2
78 4
76 2
81 4
78 2
76 2
73 16
71 2
73 4
76 2
73 4
71 2
73 6
66 12
69 2
69 4
66 2
64 4
66 4
69 6
71 2
69 8
71 2
71 4
69 2
66 4
73 4
73 4
71 12
76 2
78 4
76 2
81 4
78 2
76 2
76 2
73 14
71 2
73 4
76 2
73 4
71 2
73 2
66 16
69 2
69 4
66 2
64 4
66 4
69 6
71 2
69 8
71 2
71 4
69 2
66 4
71 4
71 2
69 14
76 2
73 3
0 1
76 2
73 3
0 1
76 3
0 1
78 1
0 1
78 2
0 2
81 1
0 1
78 4
76 1
0 3
73 1
0 1
73 3
71 1
0 2
73 2
0 2
76 2
0 2
73 5
0 11
76 2
73 3
0 1
76 2
73 4
76 3
0 1
78 1
0 1
78 3
0 1
81 2
78 3
0 1
76 2
0 2
73 1
0 1
73 3
0 1
71 1
0 1
73 2
0 2
76 2
0 2
73 2
0 14
71 1
0 5
73 1
0 1
71 2
0 2
73 2
0 2
76 5
0 1
78 1
0 1
76 3
0 1
78 2
0 2
81 11
0 1
78 4
81 13
0 3
78 1
0 1
78 2
0 2
78 1
0 1
76 3
0 1
78 2
0 2
76 5
0 1
73 2
71 3
0 1
73 4
76 16
0 16
76 2
78 4
76 2
81 4
78 2
76 2
73 16
71 2
73 4
76 2
73 4
71 2
73 2
66 16
69 2
69 4
66 2
64 4
66 4
69 6
71 2
69 8
71 2
71 4
69 2
66 4
71 4
71 4
69 12
