C#:min [1, 4, 8] 1 8 
A:maj7 [1, 4, 7, 9] 9 2 
C#:min/5 [1, 4, 8] 8 2 
Ab:7 [0, 3, 6, 8] 8 4 
C#:min [1, 4, 8] 1 4 
E:maj/5 [4, 8, 11] 11 4 
A:maj7 [1, 4, 7, 9] 9 4 
Ab:7 [0, 3, 6, 8] 8 8 
C#:min [1, 4, 8] 1 2 
E:maj/5 [4, 8, 11] 11 2 
A:maj7 [1, 4, 7, 9] 9 2 
Ab:min [3, 8, 11] 8 2 
F#:min [1, 6, 9] 6 2 
B:maj [3, 6, 11] 11 2 
E:maj [4, 8, 11] 4 4 
A:maj [1, 4, 9] 9 4 
Bb:dim [1, 4, 10] 10 4 
E:maj [4, 8, 11] 4 2 
B:maj [3, 6, 11] 11 2 
E:maj7 [2, 4, 8, 11] 4 4 
F#:min [1, 6, 9] 6 2 
Ab:min7 [3, 6, 8, 11] 8 2 
F#:min [1, 6, 9] 6 2 
B:maj [3, 6, 11] 11 2 
C#:min [1, 4, 8] 1 2 
B:maj [3, 6, 11] 11 2 
A:maj [1, 4, 9] 9 2 
Ab:min [3, 8, 11] 8 2 
F#:min [1, 6, 9] 6 4 
B:sus2 [1, 6, 11] 11 4 
E:maj [4, 8, 11] 4 8 
C#:min [1, 4, 8] 1 2 
B:maj [3, 6, 11] 11 2 
A:maj [1, 4, 9] 9 2 
Ab:min [3, 8, 11] 8 2 
F#:min [1, 6, 9] 6 2 
B:maj [3, 6, 11] 11 2 
E:maj [4, 8, 11] 4 4 
A:maj [1, 4, 9] 9 4 
Bb:dim [1, 4, 10] 10 2 
F#:maj [1, 6, 10] 6 2 
B:maj [3, 6, 11] 11 2 
F#:sus4 [1, 6, 11] 6 2 
E:sus2 [4, 6, 11] 4 4 
F#:min [1, 6, 9] 6 2 
Ab:min7 [3, 6, 8, 11] 8 2 
F#:min [1, 6, 9] 6 2 
B:maj [3, 6, 11] 11 2 
C#:min [1, 4, 8] 1 2 
B:maj [3, 6, 11] 11 2 
A:maj [1, 4, 9] 9 2 
Ab:min [3, 8, 11] 8 2 
F#:min [1, 6, 9] 6 4 
B:sus2 [1, 6, 11] 11 4 
E:maj [4, 8, 11] 4 8 
C#:min [1, 4, 8] 1 2 
B:maj [3, 6, 11] 11 2 
A:maj [1, 4, 9] 9 2 
Ab:min [3, 8, 11] 8 2 
F#:min [1, 6, 9] 6 2 
B:maj [3, 6, 11] 11 2 
E:maj [4, 8, 11] 4 4 
A:maj [1, 4, 9] 9 4 
Bb:dim [1, 4, 10] 10 2 
F#:maj [1, 6, 10] 6 2 
B:maj [3, 6, 11] 11 2 
F#:sus4 [1, 6, 11] 6 2 
E:sus2 [4, 6, 11] 4 4 
F#:min [1, 6, 9] 6 2 
Ab:min7 [3, 6, 8, 11] 8 2 
F#:min [1, 6, 9] 6 2 
B:maj [3, 6, 11] 11 2 
C#:min [1, 4, 8] 1 2 
B:maj [3, 6, 11] 11 2 
A:maj [1, 4, 9] 9 2 
Ab:min [3, 8, 11] 8 2 
F#:min [1, 6, 9] 6 4 
B:sus2 [1, 6, 11] 11 4 
E:maj [4, 8, 11] 4 8 
C#:min [1, 4, 8] 1 2 
C#:min(9) [1, 3, 4, 8, 11] 1 2 
C#:min [1, 4, 8] 1 5 
B:maj6 [3, 6, 8, 11] 11 3 
B:maj [3, 6, 11] 11 3 
E:maj [4, 8, 11] 4 3 
