0 140
76 2
75 2
73 5
0 1
71 2
68 4
66 2
68 2
0 2
71 2
68 2
71 2
73 5
0 1
71 1
73 1
64 5
0 1
66 2
68 2
71 2
66 2
68 2
71 11
0 1
68 2
71 2
73 6
71 2
73 5
0 1
76 2
78 4
78 2
75 2
73 4
73 1
0 1
71 2
68 6
71 2
66 2
61 2
64 2
66 2
68 11
0 5
66 5
0 1
68 2
71 4
68 2
71 3
0 1
71 2
73 2
68 2
66 4
68 2
71 2
73 5
0 1
75 2
73 2
71 2
73 4
0 2
76 1
0 1
78 2
75 2
73 3
0 1
71 1
0 1
73 2
76 6
73 2
76 4
80 4
78 10
76 2
73 1
0 1
71 2
66 2
68 4
71 2
73 3
0 1
76 1
0 1
73 2
71 11
0 1
76 2
75 2
73 6
71 2
68 2
66 2
68 4
0 2
71 2
68 2
71 2
73 5
0 1
73 2
64 6
0 2
68 2
71 2
66 2
68 2
71 11
0 1
68 2
71 2
73 6
71 2
73 6
76 2
78 4
78 2
75 2
73 4
73 2
71 2
68 6
71 2
66 2
61 2
64 2
66 2
68 12
0 4
66 5
0 1
68 2
71 4
68 2
71 3
0 1
71 2
73 2
68 2
66 3
0 1
68 2
71 2
73 5
0 1
75 2
73 2
71 2
73 5
0 1
76 2
78 2
75 1
0 1
73 3
0 1
71 2
73 2
76 5
0 1
73 2
76 4
80 3
0 1
78 10
76 2
73 1
0 1
71 2
66 2
68 4
71 2
73 3
0 1
76 1
0 1
73 2
71 11
0 133
66 5
0 1
68 2
71 4
68 2
71 3
0 1
71 2
73 2
68 2
66 3
0 1
68 2
71 2
73 5
0 1
75 2
73 2
71 2
73 5
0 1
76 2
78 2
75 1
0 1
73 3
0 1
71 2
73 2
76 5
0 1
73 2
76 4
80 3
0 1
78 10
76 2
73 1
0 1
71 2
66 2
68 4
71 2
73 3
0 1
76 1
0 1
73 2
71 11
