Eb:min [3, 6, 10] 3 4 
Ab:maj [0, 3, 8] 8 4 
C#:maj [1, 5, 8] 1 4 
Bb:min [1, 5, 10] 10 4 
Eb:min [3, 6, 10] 3 4 
F:maj [0, 5, 9] 5 4 
Bb:min7 [1, 5, 8, 10] 10 12 
Eb:min [3, 6, 10] 3 4 
Ab:maj [0, 3, 8] 8 4 
C#:maj [1, 5, 8] 1 4 
Eb:min [3, 6, 10] 3 4 
F:maj [0, 5, 9] 5 4 
Bb:min [1, 5, 10] 10 12 
Eb:min [3, 6, 10] 3 4 
Ab:maj [0, 3, 8] 8 4 
C#:maj [1, 5, 8] 1 4 
Eb:min [3, 6, 10] 3 4 
F:maj [0, 5, 9] 5 4 
F#:maj/3 [1, 6, 10] 10 8 
Eb:min [3, 6, 10] 3 4 
Ab:maj [0, 3, 8] 8 4 
C#:maj [1, 5, 8] 1 4 
F#:maj [1, 6, 10] 6 4 
Eb:min [3, 6, 10] 3 4 
F:maj [0, 5, 9] 5 4 
Bb:sus2 [0, 5, 10] 10 8 
Eb:min [3, 6, 10] 3 4 
Ab:maj [0, 3, 8] 8 4 
C#:maj7 [1, 5, 8, 11] 1 4 
F#:maj [1, 6, 10] 6 4 
Eb:min [3, 6, 10] 3 4 
F:maj [0, 5, 9] 5 4 
Bb:min [1, 5, 10] 10 8 
Eb:min [3, 6, 10] 3 4 
Ab:maj [0, 3, 8] 8 4 
C#:maj [1, 5, 8] 1 4 
F#:maj7 [1, 4, 6, 10] 6 4 
Eb:min [3, 6, 10] 3 4 
F:maj [0, 5, 9] 5 4 
Bb:sus2 [0, 5, 10] 10 8 
Bb:min7 [1, 5, 8, 10] 10 4 
Eb:min [3, 6, 10] 3 4 
Ab:maj [0, 3, 8] 8 4 
C#:maj [1, 5, 8] 1 4 
Eb:min [3, 6, 10] 3 4 
F:maj [0, 5, 9] 5 4 
F#:maj/3 [1, 6, 10] 10 8 
Eb:min [3, 6, 10] 3 4 
Ab:maj [0, 3, 8] 8 4 
C#:maj [1, 5, 8] 1 4 
F#:maj [1, 6, 10] 6 4 
Eb:min [3, 6, 10] 3 4 
F:maj [0, 5, 9] 5 4 
Bb:sus2 [0, 5, 10] 10 8 
Eb:min [3, 6, 10] 3 4 
Ab:maj [0, 3, 8] 8 4 
C#:maj7 [1, 5, 8, 11] 1 4 
F#:maj [1, 6, 10] 6 4 
Eb:min [3, 6, 10] 3 4 
F:maj [0, 5, 9] 5 4 
Bb:min [1, 5, 10] 10 8 
Eb:min [3, 6, 10] 3 4 
Ab:maj [0, 3, 8] 8 4 
C#:maj [1, 5, 8] 1 4 
Bb:min [1, 5, 10] 10 4 
Eb:min [3, 6, 10] 3 4 
F:maj [0, 5, 9] 5 4 
Bb:maj [2, 5, 10] 10 4 
