0 134
61 1
0 1
61 2
60 1
0 1
58 2
56 1
0 1
54 3
0 1
61 1
0 1
61 7
0 9
60 1
0 1
60 2
58 1
0 1
56 2
54 1
0 1
53 3
0 1
60 1
0 1
60 3
0 1
58 1
56 5
0 6
58 1
0 1
58 2
56 1
0 1
54 1
0 1
53 1
0 1
51 3
0 3
53 3
0 1
49 1
0 3
51 1
0 1
53 2
54 1
53 11
0 24
61 1
0 1
61 2
60 1
0 1
58 2
56 1
0 1
54 3
0 1
61 1
0 1
61 7
0 9
60 1
0 1
60 2
58 1
0 1
56 2
54 1
0 1
53 3
0 1
60 1
0 1
60 3
0 1
58 1
56 5
0 6
58 1
0 1
58 2
56 1
0 1
54 1
0 1
53 1
0 1
51 3
0 1
61 1
0 1
60 3
0 3
57 2
58 10
0 14
58 1
0 1
58 1
0 1
60 1
0 1
61 2
68 1
68 3
66 3
0 1
66 1
0 1
66 1
0 1
65 2
63 1
0 1
65 1
0 1
56 3
0 3
56 1
0 1
56 1
0 1
58 1
0 1
60 2
66 1
0 1
66 2
65 3
0 1
65 1
0 1
65 1
0 1
63 1
0 1
61 1
0 1
63 1
0 1
61 2
58 3
0 1
58 1
0 1
58 1
0 1
60 1
0 1
61 1
0 1
58 1
0 1
63 7
0 1
63 1
0 1
61 1
0 1
60 1
0 1
58 2
57 2
0 2
66 1
0 1
65 3
0 3
60 2
63 3
0 1
65 6
0 8
58 3
0 1
60 3
0 1
62 3
0 1
68 3
0 1
68 2
66 3
0 1
66 1
0 1
66 1
0 1
65 1
0 1
63 1
0 1
65 1
0 1
56 2
0 4
56 1
0 1
56 2
58 2
60 1
0 1
66 1
66 3
65 3
0 1
65 1
0 1
65 1
0 1
63 1
0 1
61 1
0 1
63 1
0 1
61 1
60 1
58 3
0 1
58 1
0 1
58 2
60 1
0 1
61 1
0 1
58 2
63 2
0 6
63 1
0 1
61 1
0 1
60 1
0 1
58 1
0 1
57 3
0 5
60 2
0 1
61 2
0 1
60 1
0 1
60 4
61 1
60 1
58 10
0 150
61 1
0 1
61 2
60 1
0 1
58 2
56 1
0 1
54 3
0 1
61 1
0 1
61 7
0 9
60 1
0 1
60 2
58 1
0 1
56 2
54 1
0 1
53 3
0 1
60 1
0 1
60 3
0 1
58 1
56 5
0 6
58 1
0 1
58 2
56 1
0 1
54 1
0 1
53 1
0 1
51 3
0 1
61 1
0 1
60 3
0 3
57 2
58 10
0 14
58 1
0 1
58 1
0 1
60 1
0 1
61 2
68 1
68 3
66 3
0 1
66 1
0 1
66 1
0 1
65 2
63 1
0 1
65 1
0 1
56 3
0 3
56 1
0 1
56 1
0 1
58 1
0 1
60 2
66 1
0 1
66 2
65 3
0 1
65 1
0 1
65 1
0 1
63 1
0 1
61 1
0 1
63 1
0 1
61 2
58 3
0 1
58 1
0 1
58 1
0 1
60 1
0 1
61 1
0 1
58 1
0 1
63 7
0 1
63 1
0 1
61 1
0 1
60 1
0 1
58 2
57 2
0 2
66 1
0 1
65 3
0 3
60 2
63 3
0 1
65 6
0 8
58 3
0 1
60 3
0 1
62 3
0 1
68 3
0 1
68 2
66 3
0 1
66 1
0 1
66 1
0 1
65 1
0 1
63 1
0 1
65 1
0 1
56 2
0 4
56 1
0 1
56 2
58 2
60 1
0 1
66 1
66 3
65 3
0 1
65 1
0 1
65 1
0 1
63 1
0 1
61 1
0 1
63 1
0 1
61 1
60 1
58 3
0 1
58 1
0 1
58 2
60 1
0 1
61 1
0 1
58 2
63 2
0 6
63 1
0 1
61 1
0 1
60 1
0 1
58 1
0 1
57 3
0 5
60 2
0 1
61 2
0 1
60 1
0 1
60 4
61 1
60 1
58 10
0 18
66 1
0 1
66 1
0 1
66 1
0 1
66 1
0 1
65 1
0 1
63 1
0 1
61 1
0 1
60 3
0 5
60 2
61 1
0 1
63 1
0 1
66 2
0 2
65 1
0 1
65 1
0 1
65 1
0 1
65 1
0 1
63 1
0 1
61 1
0 1
60 1
0 1
58 6
