0 124
64 2
66 2
68 5
0 1
66 2
68 1
0 1
71 1
0 1
76 2
73 1
0 1
71 7
0 5
73 1
0 1
75 1
0 1
73 5
0 1
73 1
71 1
68 2
71 1
71 3
68 2
66 10
0 2
66 1
0 1
68 1
0 1
71 4
0 2
71 1
68 1
66 2
68 2
64 2
63 2
61 9
0 3
61 1
0 1
61 1
68 1
66 5
0 1
64 2
61 2
64 1
64 3
68 2
66 10
0 2
64 2
66 2
68 5
0 1
66 2
68 1
0 1
71 1
0 1
76 2
73 1
0 1
71 7
0 5
73 1
0 1
75 1
0 1
73 5
0 1
73 1
71 1
68 2
71 1
71 3
68 2
66 10
0 2
66 1
0 1
68 1
0 1
71 3
71 1
71 2
68 1
0 1
66 2
68 2
64 2
63 2
61 9
0 3
61 2
61 1
68 1
66 5
0 1
66 1
64 1
66 2
64 1
66 2
0 1
73 2
71 10
0 2
71 1
0 1
73 1
0 1
80 2
0 1
78 3
76 1
0 1
76 1
0 1
68 1
0 1
73 2
75 1
73 1
71 10
0 2
71 1
0 1
73 2
76 3
73 2
0 1
73 1
71 1
68 1
0 1
71 1
0 1
71 2
68 1
0 1
66 11
0 1
66 1
0 1
68 1
0 1
71 2
0 1
71 1
71 1
0 1
68 1
0 1
68 2
71 3
0 1
66 1
64 1
61 10
0 4
61 1
68 1
66 2
0 1
66 1
66 1
0 1
68 2
78 1
0 1
78 1
78 2
0 1
73 2
71 11
0 1
71 1
0 1
73 1
0 1
80 2
0 1
78 3
76 1
0 1
76 1
0 1
68 1
0 1
73 2
75 1
73 1
71 10
0 2
71 1
0 1
73 2
76 3
73 2
0 1
73 1
71 1
68 1
0 1
71 1
0 1
71 2
68 1
0 1
66 11
0 1
66 1
0 1
68 1
0 1
71 2
0 4
71 1
68 1
68 2
71 3
0 1
66 1
64 1
61 10
0 4
61 1
68 1
66 5
0 1
68 1
71 1
68 3
66 3
61 2
64 15
0 125
64 2
66 2
68 5
0 1
66 2
68 1
0 1
71 1
0 1
76 2
73 1
0 1
71 7
0 5
73 1
0 1
75 1
0 1
73 5
0 1
73 1
71 1
68 2
71 1
71 3
68 2
66 10
0 2
66 1
0 1
68 1
0 1
71 3
71 1
71 1
0 1
68 1
0 1
66 2
68 2
64 2
63 2
61 9
0 3
61 2
61 1
68 1
66 5
0 1
66 1
64 1
66 2
64 1
66 3
73 2
71 10
0 2
71 1
0 1
73 1
0 1
80 2
0 1
78 3
76 1
0 1
76 1
0 1
68 1
0 1
73 2
75 1
73 1
71 10
0 2
71 1
0 1
73 2
76 3
73 2
0 1
73 1
71 1
68 1
0 1
71 1
0 1
71 2
68 1
0 1
66 11
0 1
66 1
0 1
68 1
0 1
71 2
0 1
71 1
71 1
0 1
68 1
0 1
68 2
71 3
0 1
66 1
64 1
61 10
0 4
61 1
68 1
66 2
0 1
66 1
66 1
0 1
68 2
78 1
0 1
78 1
78 2
0 1
73 2
71 11
0 1
71 1
0 1
73 1
0 1
80 2
0 1
78 3
76 1
0 1
76 1
0 1
68 1
0 1
73 2
75 1
73 1
71 10
0 2
71 1
0 1
73 2
76 3
73 2
0 1
73 1
71 1
68 1
0 1
71 1
0 1
71 2
68 1
0 1
66 11
0 1
66 1
0 1
68 1
0 1
71 2
0 4
71 1
68 1
68 2
71 3
0 1
66 1
64 1
61 10
0 4
61 1
68 1
66 5
0 1
68 1
71 1
68 3
66 3
61 2
64 9
0 3
71 1
0 1
73 1
0 1
80 2
0 1
78 3
76 1
0 1
76 1
0 1
68 1
0 1
73 2
75 1
73 1
71 10
0 2
71 1
0 1
73 2
76 3
73 2
0 1
73 1
71 1
68 1
0 1
71 1
0 1
71 2
68 1
0 1
66 11
0 1
66 1
0 1
68 1
0 1
71 2
0 1
71 1
71 1
0 1
68 1
0 1
68 2
71 3
0 1
66 1
64 1
61 10
0 4
61 1
68 1
66 2
0 1
66 1
66 1
0 1
68 2
78 1
0 1
78 1
78 2
0 1
73 2
71 11
0 1
71 1
0 1
73 1
0 1
80 2
0 1
78 3
76 1
0 1
76 1
0 1
68 1
0 1
73 2
75 1
73 1
71 10
0 2
71 1
0 1
73 2
76 3
73 2
0 1
73 1
71 1
68 1
0 1
71 1
0 1
71 2
68 1
0 1
66 11
0 1
66 1
0 1
68 1
0 1
71 2
0 4
71 1
68 1
68 2
71 3
0 1
66 1
64 1
61 10
0 4
61 1
68 1
66 5
0 1
68 1
71 1
68 3
66 3
61 2
64 9
