0 128
74 2
81 1
81 1
81 3
0 1
79 1
0 1
77 2
0 4
79 3
0 1
72 1
0 1
76 1
0 1
74 2
0 6
77 2
0 1
77 1
77 1
0 1
74 1
0 1
77 2
74 5
0 1
77 2
74 1
0 1
74 2
84 2
81 3
0 5
81 2
86 1
0 1
86 1
0 1
84 1
0 1
86 2
81 2
0 4
84 1
81 1
0 1
84 1
81 2
79 2
77 3
0 5
79 2
0 1
79 1
79 2
77 1
74 1
81 1
0 1
79 3
0 3
72 3
74 1
77 2
76 2
74 7
0 1
74 2
81 1
0 1
81 2
79 1
0 1
81 2
77 3
0 3
79 1
0 1
76 1
74 1
72 1
0 1
76 1
0 1
74 2
0 6
77 2
0 1
77 1
77 2
74 1
0 1
74 1
77 1
74 3
0 3
77 2
74 1
0 1
74 1
0 1
84 1
0 1
81 7
0 1
81 1
0 1
86 1
86 1
86 1
0 1
84 1
0 1
86 1
84 1
81 4
0 2
84 1
81 1
0 1
84 1
81 2
79 2
77 7
0 1
79 2
0 1
79 1
79 1
0 1
77 1
74 1
81 1
0 1
79 3
0 3
72 3
74 1
77 2
76 2
74 8
86 3
0 1
86 2
81 2
86 1
0 1
89 5
0 1
88 1
0 1
86 1
88 1
84 1
0 1
81 2
86 6
0 2
86 2
0 1
89 1
89 1
0 1
84 1
0 1
86 1
0 1
86 4
84 2
86 1
0 1
86 1
0 1
79 2
82 1
0 1
81 8
81 2
86 3
0 1
84 1
0 1
86 1
84 1
81 5
0 1
84 1
81 1
0 1
84 1
81 2
79 2
77 7
0 1
79 2
0 1
79 1
79 2
77 1
74 1
81 2
79 4
0 2
72 3
74 1
77 2
76 1
0 1
74 8
86 3
0 1
86 2
81 2
86 1
0 1
89 5
0 1
88 1
0 1
86 1
88 1
84 1
0 1
81 2
86 6
0 2
86 2
0 1
89 1
89 1
0 1
84 1
0 1
86 1
0 1
86 4
0 2
86 1
0 1
86 1
0 1
79 2
82 1
0 1
81 8
81 2
86 3
0 1
84 1
0 1
86 1
84 1
81 5
0 1
84 1
81 1
0 1
84 1
81 2
79 2
77 7
0 1
79 2
0 1
79 1
79 2
77 1
74 1
81 2
79 4
81 2
84 3
86 1
89 2
88 1
0 1
86 8
0 128
74 2
81 1
0 1
81 2
79 1
0 1
81 2
77 3
0 3
79 1
0 1
76 1
74 1
72 1
0 1
76 1
0 1
74 2
0 6
77 2
0 1
77 1
77 2
74 1
0 1
74 1
77 1
74 3
0 3
77 2
74 1
0 1
74 1
0 1
84 1
0 1
81 7
0 1
81 1
0 1
86 1
86 1
86 1
0 1
84 1
0 1
86 1
84 1
81 4
0 2
84 1
81 1
0 1
84 1
81 2
79 2
77 7
0 1
79 2
0 1
79 1
79 1
0 1
77 1
74 1
81 1
0 1
79 3
0 3
72 3
74 1
77 2
76 2
74 8
86 3
0 1
86 2
81 2
86 1
0 1
89 5
0 1
88 1
0 1
86 1
88 1
84 1
0 1
81 2
86 6
0 2
86 2
0 1
89 1
89 1
0 1
84 1
0 1
86 1
0 1
86 4
84 2
86 1
0 1
86 1
0 1
79 2
82 1
0 1
81 8
81 2
86 3
0 1
84 1
0 1
86 1
84 1
81 5
0 1
84 1
81 1
0 1
84 1
81 2
79 2
77 7
0 1
79 2
0 1
79 1
79 2
77 1
74 1
81 2
79 4
0 2
72 3
74 1
77 2
76 1
0 1
74 8
86 3
0 1
86 2
81 2
86 1
0 1
89 5
0 1
88 1
0 1
86 1
88 1
84 1
0 1
81 2
86 6
0 2
86 2
0 1
89 1
89 1
0 1
84 1
0 1
86 1
0 1
86 4
0 2
86 1
0 1
86 1
0 1
79 2
82 1
0 1
81 8
81 2
86 3
0 1
84 1
0 1
86 1
84 1
81 5
0 1
84 1
81 1
0 1
84 1
81 2
79 2
77 7
0 1
79 2
0 1
79 1
79 2
77 1
74 1
81 2
79 4
81 2
84 3
86 1
89 2
88 1
0 1
86 8
79 2
0 1
79 1
79 2
77 1
74 1
81 2
79 4
81 2
72 3
74 1
77 2
76 1
0 1
74 8
