0 68
72 4
70 2
0 1
67 3
70 2
72 12
70 3
0 1
70 7
0 1
68 6
0 2
63 10
0 30
67 4
70 4
72 4
70 4
72 4
74 4
67 4
67 8
70 12
70 4
70 4
70 4
68 4
68 6
58 2
68 4
67 4
65 3
63 5
67 40
68 4
68 4
68 4
67 2
65 6
63 2
67 18
63 4
65 4
63 4
67 7
65 13
67 4
65 4
63 4
65 44
67 2
70 6
72 4
70 4
72 4
74 4
67 4
67 8
70 12
70 4
70 4
70 4
68 4
68 4
58 2
0 2
68 4
67 4
65 4
63 4
67 2
65 2
67 36
68 4
68 4
68 4
67 4
65 4
63 4
67 4
70 8
75 8
77 4
79 4
75 4
72 16
79 4
77 4
75 2
77 2
77 8
79 12
79 8
77 8
75 4
75 4
75 4
70 4
75 4
77 2
79 10
74 4
74 4
74 4
70 4
74 4
75 2
77 18
79 4
79 4
80 4
79 4
75 4
77 8
79 12
79 8
77 8
75 4
75 4
75 4
70 4
75 4
77 2
79 10
74 4
74 4
74 4
70 4
74 4
75 4
77 2
79 6
75 4
72 10
70 2
80 4
79 4
75 4
72 4
70 16
79 8
77 8
75 4
75 4
75 4
75 4
74 4
75 2
70 10
67 4
72 36
67 2
70 6
72 4
70 4
72 4
74 4
67 4
67 8
70 12
70 4
70 2
70 6
68 2
68 8
58 2
68 4
67 4
65 4
63 4
67 2
65 2
67 36
68 4
68 4
70 8
70 4
74 4
75 4
77 8
79 8
77 4
75 4
79 4
75 2
77 14
79 4
80 4
82 4
79 2
82 26
84 8
82 16
82 3
0 1
80 3
79 3
75 3
77 3
75 4
75 4
75 4
70 4
75 4
77 2
79 10
74 4
74 4
74 4
70 4
74 4
75 2
77 18
79 4
79 4
80 4
79 4
75 4
77 8
79 12
79 8
77 8
75 4
75 4
75 4
70 4
75 4
77 2
79 10
74 4
74 4
74 4
70 4
74 4
75 4
75 2
77 6
75 4
72 2
70 2
68 6
70 2
80 4
79 4
75 4
70 20
79 8
77 8
75 4
75 4
75 4
75 4
74 4
75 4
70 8
67 3
72 13
79 8
77 8
75 4
75 4
75 4
75 4
74 4
75 4
70 8
67 4
72 25
0 115
79 8
77 8
75 4
75 4
75 4
70 4
75 4
77 4
79 8
74 4
74 4
74 4
70 4
74 4
75 2
77 18
79 4
79 4
80 4
79 4
75 4
77 6
79 14
79 8
77 8
79 4
75 4
75 4
70 4
75 4
77 4
79 8
74 3
74 5
74 4
70 4
79 4
77 4
79 4
82 4
82 6
75 8
70 2
84 4
82 4
82 4
79 4
82 16
82 17
82 3
80 4
80 4
80 4
80 4
79 4
77 5
75 11
79 2
75 3
77 31
