A:maj [1, 4, 9] 9 4 
C#:min [1, 4, 8] 1 4 
A:maj [1, 4, 9] 9 4 
C#:min [1, 4, 8] 1 4 
D:maj [2, 6, 9] 2 4 
A:maj [1, 4, 9] 9 4 
D:maj [2, 6, 9] 2 4 
E:maj [4, 8, 11] 4 4 
A:maj [1, 4, 9] 9 4 
C#:min [1, 4, 8] 1 4 
A:maj [1, 4, 9] 9 4 
C#:min [1, 4, 8] 1 4 
D:maj [2, 6, 9] 2 4 
A:maj [1, 4, 9] 9 4 
E:maj [4, 8, 11] 4 4 
A:maj [1, 4, 9] 9 8 
C#:min [1, 4, 8] 1 4 
A:maj [1, 4, 9] 9 4 
C#:min [1, 4, 8] 1 4 
D:maj [2, 6, 9] 2 4 
A:maj [1, 4, 9] 9 4 
E:maj [4, 8, 11] 4 4 
A:sus2 [4, 9, 11] 9 4 
D:maj [2, 6, 9] 2 4 
A:maj [1, 4, 9] 9 4 
D:maj [2, 6, 9] 2 4 
A:maj [1, 4, 9] 9 4 
D:maj [2, 6, 9] 2 4 
A:maj [1, 4, 9] 9 4 
E:maj [4, 8, 11] 4 4 
A:maj [1, 4, 9] 9 8 
C#:min [1, 4, 8] 1 4 
A:maj [1, 4, 9] 9 4 
C#:min [1, 4, 8] 1 4 
D:maj [2, 6, 9] 2 4 
A:maj [1, 4, 9] 9 4 
E:maj [4, 8, 11] 4 4 
A:maj [1, 4, 9] 9 4 
B:min [2, 6, 11] 11 4 
A:maj [1, 4, 9] 9 4 
B:min [2, 6, 11] 11 4 
A:maj [1, 4, 9] 9 4 
D:maj [2, 6, 9] 2 8 
E:min [4, 7, 11] 4 4 
A:maj [1, 4, 9] 9 4 
D:maj [2, 6, 9] 2 4 
A:maj [1, 4, 9] 9 4 
D:maj [2, 6, 9] 2 4 
A:maj [1, 4, 9] 9 4 
D:maj [2, 6, 9] 2 4 
A:maj [1, 4, 9] 9 4 
E:maj [4, 8, 11] 4 4 
A:maj [1, 4, 9] 9 8 
C#:min [1, 4, 8] 1 4 
A:maj [1, 4, 9] 9 4 
C#:min [1, 4, 8] 1 4 
D:maj [2, 6, 9] 2 4 
A:maj [1, 4, 9] 9 4 
E:maj [4, 8, 11] 4 4 
A:maj [1, 4, 9] 9 8 
