0 130
61 1
59 1
61 1
61 1
0 1
59 1
61 1
61 1
0 1
57 3
64 1
64 1
61 9
0 9
61 1
59 1
61 1
0 1
59 1
61 2
61 2
0 1
61 1
0 1
59 1
61 2
0 1
52 10
0 6
66 1
64 1
66 1
0 1
64 1
66 2
69 1
0 1
69 1
69 1
69 1
0 1
61 1
61 2
64 3
0 13
59 1
59 1
59 1
61 1
64 2
64 3
0 3
59 1
61 1
57 12
0 6
61 1
59 1
61 3
59 1
61 1
0 1
61 1
61 1
61 1
0 1
59 1
57 1
64 2
61 9
0 7
61 1
59 1
61 1
0 1
59 1
61 2
61 2
0 1
61 1
0 1
59 1
61 2
0 1
52 10
0 6
66 1
64 1
66 1
0 1
69 1
69 1
0 2
69 1
0 1
69 1
0 1
61 1
61 3
64 7
0 9
59 1
59 1
59 1
61 1
0 1
61 1
0 1
64 1
64 2
0 1
61 3
57 10
0 8
69 1
66 1
69 1
69 1
0 1
69 1
69 1
0 1
69 1
69 2
0 1
66 2
64 9
0 9
69 1
66 1
69 1
69 1
0 1
69 1
0 1
69 2
0 1
69 1
69 1
0 1
61 1
61 2
64 7
0 9
69 1
66 1
69 1
69 1
0 1
69 1
69 1
73 1
0 1
73 3
66 2
64 10
0 8
59 1
59 1
59 1
61 1
0 1
61 1
64 1
64 1
0 2
61 2
59 1
61 2
57 13
0 4
61 1
59 1
61 1
61 1
0 1
61 1
61 1
0 3
61 2
57 1
64 1
0 2
61 9
0 7
61 1
59 1
61 1
0 1
59 1
61 2
61 2
52 1
61 1
0 1
59 1
61 2
0 1
52 10
0 6
66 1
64 1
66 1
0 1
69 1
69 2
0 1
69 1
69 1
69 1
69 1
0 1
61 1
61 2
64 12
0 4
59 1
59 1
59 1
0 1
61 1
64 1
0 2
64 1
0 1
61 2
59 1
61 1
0 2
57 12
0 132
69 1
66 1
69 1
69 1
0 1
69 1
69 1
0 1
69 1
69 2
0 1
66 2
64 9
0 9
69 1
66 1
69 1
69 1
0 1
69 1
0 1
69 2
0 1
69 1
69 1
0 1
61 1
61 2
64 7
0 9
69 1
66 1
69 1
69 1
0 1
69 1
69 1
73 1
0 1
73 3
66 2
64 10
0 8
59 1
59 1
59 1
61 1
0 1
61 1
64 1
64 1
0 2
61 2
59 1
61 2
57 13
0 4
61 1
59 1
61 1
61 1
0 1
61 1
61 1
0 3
61 2
57 1
64 1
0 2
61 9
0 7
61 1
59 1
61 1
0 1
59 1
61 2
61 2
52 1
61 1
0 1
59 1
61 2
0 1
52 10
0 6
66 1
64 1
66 1
0 1
69 1
69 2
0 1
69 1
69 1
69 1
69 1
0 1
61 1
61 2
64 12
0 4
59 1
59 1
59 1
0 1
61 1
64 1
0 2
64 1
0 1
61 2
59 1
61 1
0 2
57 6
