B:min [2, 6, 11] 11 4 
F#:min [1, 6, 9] 6 4 
E:maj [4, 8, 11] 4 4 
B:min [2, 6, 11] 11 4 
E:min [4, 7, 11] 4 4 
F#:min [1, 6, 9] 6 2 
B:min [2, 6, 11] 11 2 
E:maj [4, 8, 11] 4 2 
F#:min [1, 6, 9] 6 2 
B:min [2, 6, 11] 11 12 
G:maj [2, 7, 11] 7 2 
E:maj [4, 8, 11] 4 2 
F#:min [1, 6, 9] 6 2 
B:min [2, 6, 11] 11 2 
E:min [4, 7, 11] 4 4 
F#:min [1, 6, 9] 6 2 
B:min [2, 6, 11] 11 2 
F#:min [1, 6, 9] 6 4 
B:min [2, 6, 11] 11 12 
G:maj [2, 7, 11] 7 2 
E:maj [4, 8, 11] 4 2 
F#:min [1, 6, 9] 6 2 
B:min [2, 6, 11] 11 2 
E:min [4, 7, 11] 4 4 
F#:min [1, 6, 9] 6 2 
B:min [2, 6, 11] 11 2 
F#:min [1, 6, 9] 6 4 
B:min [2, 6, 11] 11 4 
G:maj [2, 7, 11] 7 4 
F#:min [1, 6, 9] 6 4 
E:min [4, 7, 11] 4 4 
F#:min [1, 6, 9] 6 2 
B:min [2, 6, 11] 11 2 
E:min [4, 7, 11] 4 4 
F#:min [1, 6, 9] 6 2 
B:min [2, 6, 11] 11 2 
E:min [4, 7, 11] 4 2 
F#:min [1, 6, 9] 6 2 
B:min [2, 6, 11] 11 12 
G:maj [2, 7, 11] 7 2 
E:maj [4, 8, 11] 4 2 
F#:min [1, 6, 9] 6 2 
B:min [2, 6, 11] 11 2 
E:min [4, 7, 11] 4 4 
F#:min [1, 6, 9] 6 2 
B:min [2, 6, 11] 11 2 
F#:min [1, 6, 9] 6 4 
B:min [2, 6, 11] 11 12 
G:maj [2, 7, 11] 7 2 
E:maj [4, 8, 11] 4 2 
F#:min [1, 6, 9] 6 2 
B:min [2, 6, 11] 11 2 
E:min [4, 7, 11] 4 4 
F#:min [1, 6, 9] 6 2 
B:min [2, 6, 11] 11 2 
F#:min [1, 6, 9] 6 4 
B:min [2, 6, 11] 11 8 
F#:min [1, 6, 9] 6 4 
E:maj [4, 8, 11] 4 4 
B:min [2, 6, 11] 11 4 
E:min [4, 7, 11] 4 4 
F#:min [1, 6, 9] 6 2 
B:min [2, 6, 11] 11 2 
E:maj [4, 8, 11] 4 2 
F#:min [1, 6, 9] 6 2 
B:min [2, 6, 11] 11 12 
G:maj [2, 7, 11] 7 2 
E:maj [4, 8, 11] 4 2 
F#:min [1, 6, 9] 6 2 
B:min [2, 6, 11] 11 2 
E:min [4, 7, 11] 4 4 
F#:min [1, 6, 9] 6 2 
B:min [2, 6, 11] 11 2 
F#:min [1, 6, 9] 6 4 
B:min [2, 6, 11] 11 12 
G:maj [2, 7, 11] 7 2 
E:maj [4, 8, 11] 4 2 
F#:min [1, 6, 9] 6 2 
B:min [2, 6, 11] 11 2 
E:min [4, 7, 11] 4 4 
F#:min [1, 6, 9] 6 2 
B:min [2, 6, 11] 11 2 
F#:min [1, 6, 9] 6 4 
B:min [2, 6, 11] 11 12 
G:maj [2, 7, 11] 7 2 
E:maj [4, 8, 11] 4 2 
F#:min [1, 6, 9] 6 2 
B:min [2, 6, 11] 11 2 
E:min [4, 7, 11] 4 4 
F#:min [1, 6, 9] 6 2 
B:min [2, 6, 11] 11 2 
F#:min [1, 6, 9] 6 4 
B:min [2, 6, 11] 11 4 
F#:min [1, 6, 9] 6 4 
B:min [2, 6, 11] 11 4 
F#:min [1, 6, 9] 6 4 
E:min [4, 7, 11] 4 2 
F#:min [1, 6, 9] 6 3 
B:min [2, 6, 11] 11 3 
