0 128
78 5
0 1
78 1
0 1
78 3
0 1
78 2
71 2
74 3
0 1
76 2
74 2
71 6
0 2
83 1
0 1
83 3
0 1
85 1
0 1
83 1
0 1
78 1
0 1
81 2
80 2
78 14
0 2
76 5
0 1
78 2
83 3
0 1
83 3
0 1
78 2
79 1
0 1
78 2
76 2
74 6
0 2
76 1
0 1
76 1
0 1
76 1
0 1
78 2
69 1
0 1
71 2
76 2
73 2
71 14
0 2
78 5
0 1
78 1
0 1
78 3
0 1
78 2
71 2
74 3
0 1
76 2
74 2
71 6
0 2
83 1
0 1
83 2
83 2
85 1
0 1
83 1
0 1
78 1
0 1
81 2
80 2
78 14
0 2
76 5
0 1
78 2
83 3
0 1
83 3
0 1
78 2
79 1
0 1
78 2
76 2
74 6
0 2
76 1
0 1
76 1
0 1
76 1
0 1
78 2
69 1
0 1
71 2
76 2
73 2
71 14
0 130
78 5
0 1
78 1
0 1
78 3
0 1
78 2
71 2
74 3
0 1
76 2
74 2
71 6
0 2
83 1
0 1
83 3
0 1
85 1
0 1
83 1
0 1
78 1
0 1
81 2
80 2
78 14
0 2
76 5
0 1
78 2
83 3
0 1
83 3
0 1
78 2
79 1
0 1
78 2
76 2
74 6
0 2
76 1
0 1
76 1
0 1
76 1
0 1
78 2
69 1
0 1
71 2
76 2
73 2
71 14
0 2
78 5
0 1
78 1
0 1
78 3
0 1
78 2
71 2
74 3
0 1
76 2
74 2
71 6
0 2
83 1
0 1
83 2
83 2
85 1
0 1
83 1
0 1
78 1
0 1
81 1
0 1
80 2
78 14
0 2
76 5
0 1
78 2
83 3
0 1
83 3
0 1
78 2
79 1
0 1
78 2
76 2
74 6
0 2
76 1
0 1
76 1
0 1
76 1
0 1
78 2
69 1
0 1
71 2
76 2
73 2
71 14
0 130
78 5
0 1
78 1
0 1
78 3
0 1
78 2
71 2
74 3
0 1
76 2
74 2
71 6
0 2
83 1
0 1
83 3
0 1
85 1
0 1
83 1
0 1
78 1
0 1
81 1
0 1
80 2
78 14
0 2
76 5
0 1
78 2
83 3
0 1
83 3
0 1
78 2
79 1
0 1
78 2
76 2
74 6
0 2
76 1
0 1
76 1
0 1
76 1
0 1
78 2
69 1
0 1
71 2
76 2
73 2
71 14
0 2
78 5
0 1
78 1
0 1
78 3
0 1
78 2
71 2
74 3
0 1
76 2
74 2
71 6
0 2
83 1
0 1
83 2
83 2
85 1
0 1
83 1
0 1
78 1
0 1
81 2
80 2
78 14
0 2
76 5
0 1
78 2
83 3
0 1
83 3
0 1
78 2
79 1
0 1
78 2
76 2
74 6
0 2
76 1
0 1
76 1
0 1
76 1
0 1
78 2
69 1
0 1
71 2
76 2
73 2
71 14
0 2
78 5
0 1
78 1
0 1
78 3
0 1
78 2
71 2
74 3
0 1
76 2
74 2
71 6
0 2
83 1
0 1
83 3
0 1
85 1
0 1
83 1
0 1
78 1
0 1
81 2
80 2
78 14
0 2
76 5
0 1
78 2
83 3
0 1
83 3
0 1
78 2
79 1
0 1
78 2
76 2
74 6
0 2
76 1
0 1
76 1
0 1
76 1
0 1
78 2
69 1
0 1
71 2
76 2
73 2
71 14
0 2
76 1
0 1
76 1
0 1
76 1
0 1
78 2
69 1
0 1
71 2
76 2
73 2
71 14
