G:maj [2, 7, 11] 7 2 
D:maj [2, 6, 9] 2 2 
E:min7/5 [2, 4, 7, 11] 11 4 
G:maj [2, 7, 11] 7 2 
D:maj [2, 6, 9] 2 2 
E:min7/5 [2, 4, 7, 11] 11 4 
C:maj [0, 4, 7] 0 2 
D:maj [2, 6, 9] 2 2 
G:maj7/7 [2, 5, 7, 11] 6 2 
E:min [4, 7, 11] 4 2 
C:maj [0, 4, 7] 0 2 
D:sus2 [2, 4, 9] 2 2 
G:sus4 [0, 2, 7] 7 6 
D:maj [2, 6, 9] 2 2 
E:min [4, 7, 11] 4 4 
C:maj [0, 4, 7] 0 2 
D:maj [2, 6, 9] 2 2 
G:maj [2, 7, 11] 7 6 
D:sus4 [2, 7, 9] 2 2 
E:min [4, 7, 11] 4 4 
C:maj [0, 4, 7] 0 2 
D:maj [2, 6, 9] 2 2 
G:maj [2, 7, 11] 7 4 
C:maj [0, 4, 7] 0 2 
D:maj [2, 6, 9] 2 2 
G:maj [2, 7, 11] 7 4 
C:maj [0, 4, 7] 0 2 
D:maj [2, 6, 9] 2 2 
G:maj [2, 7, 11] 7 4 
C:maj [0, 4, 7] 0 2 
D:maj [2, 6, 9] 2 2 
G:maj7/7 [2, 5, 7, 11] 6 2 
E:min [4, 7, 11] 4 2 
A:min [0, 4, 9] 9 4 
D:sus4 [2, 7, 9] 2 4 
G:maj [2, 7, 11] 7 2 
D:maj [2, 6, 9] 2 2 
E:sus4 [4, 9, 11] 4 4 
C:maj [0, 4, 7] 0 2 
D:sus4 [2, 7, 9] 2 2 
G:sus2 [2, 7, 9] 7 4 
G:maj/5 [2, 7, 11] 2 4 
E:sus4 [4, 9, 11] 4 4 
C:maj [0, 4, 7] 0 2 
D:maj [2, 6, 9] 2 2 
G:maj [2, 7, 11] 7 4 
C:maj [0, 4, 7] 0 4 
G:maj [2, 7, 11] 7 4 
A:min [0, 4, 9] 9 4 
D:sus4 [2, 7, 9] 2 4 
C:maj [0, 4, 7] 0 4 
G:maj7/7 [2, 5, 7, 11] 6 2 
E:min7/b7 [2, 4, 7, 11] 2 2 
C:maj [0, 4, 7] 0 2 
D:maj [2, 6, 9] 2 2 
G:maj [2, 7, 11] 7 6 
D:maj [2, 6, 9] 2 2 
E:min [4, 7, 11] 4 4 
C:maj [0, 4, 7] 0 2 
D:maj [2, 6, 9] 2 2 
G:maj [2, 7, 11] 7 6 
D:sus4 [2, 7, 9] 2 2 
E:min [4, 7, 11] 4 4 
C:maj [0, 4, 7] 0 2 
D:maj [2, 6, 9] 2 2 
G:maj [2, 7, 11] 7 4 
C:maj [0, 4, 7] 0 2 
D:maj [2, 6, 9] 2 2 
G:maj [2, 7, 11] 7 4 
C:maj [0, 4, 7] 0 2 
D:maj [2, 6, 9] 2 2 
G:maj [2, 7, 11] 7 4 
C:maj [0, 4, 7] 0 2 
D:maj [2, 6, 9] 2 2 
G:maj [2, 7, 11] 7 2 
E:min7 [2, 4, 7, 11] 4 2 
A:min [0, 4, 9] 9 4 
D:maj [2, 6, 9] 2 4 
G:maj [2, 7, 11] 7 2 
D:maj [2, 6, 9] 2 2 
E:min/5 [4, 7, 11] 11 4 
C:maj [0, 4, 7] 0 2 
D:maj [2, 6, 9] 2 2 
G:maj [2, 7, 11] 7 6 
G:maj/7 [2, 7, 11] 6 2 
E:min [4, 7, 11] 4 4 
C:maj [0, 4, 7] 0 2 
D:maj [2, 6, 9] 2 2 
G:maj [2, 7, 11] 7 4 
C:maj [0, 4, 7] 0 4 
G:maj [2, 7, 11] 7 4 
A:min [0, 4, 9] 9 4 
D:maj [2, 6, 9] 2 4 
C:maj [0, 4, 7] 0 4 
G:maj [2, 7, 11] 7 1 
D:maj/3 [2, 6, 9] 6 1 
E:min [4, 7, 11] 4 2 
C:maj [0, 4, 7] 0 2 
D:maj [2, 6, 9] 2 2 
G:maj/5 [2, 7, 11] 2 4 
C:maj [0, 4, 7] 0 2 
D:maj [2, 6, 9] 2 2 
G:maj [2, 7, 11] 7 4 
C:maj [0, 4, 7] 0 2 
D:maj [2, 6, 9] 2 2 
G:maj [2, 7, 11] 7 4 
C:maj [0, 4, 7] 0 2 
D:maj [2, 6, 9] 2 2 
G:maj [2, 7, 11] 7 1 
D:maj/3 [2, 6, 9] 6 1 
E:min [4, 7, 11] 4 2 
A:min [0, 4, 9] 9 4 
D:maj [2, 6, 9] 2 4 
G:maj/5 [2, 7, 11] 2 4 
E:min [4, 7, 11] 4 4 
C:maj [0, 4, 7] 0 2 
D:maj [2, 6, 9] 2 2 
G:maj [2, 7, 11] 7 6 
G:maj/7 [2, 7, 11] 6 2 
E:min [4, 7, 11] 4 4 
C:maj [0, 4, 7] 0 2 
D:maj [2, 6, 9] 2 2 
G:maj [2, 7, 11] 7 4 
C:maj [0, 4, 7] 0 2 
D:maj [2, 6, 9] 2 2 
G:maj [2, 7, 11] 7 4 
C:maj [0, 4, 7] 0 2 
D:sus2 [2, 4, 9] 2 2 
F:maj [0, 5, 9] 5 6 
