C#:maj [1, 5, 8] 1 4 
F#:maj [1, 6, 10] 6 4 
C#:maj [1, 5, 8] 1 4 
F#:maj [1, 6, 10] 6 4 
C#:maj [1, 5, 8] 1 4 
Ab:maj/5 [0, 3, 8] 3 4 
C#:maj [1, 5, 8] 1 4 
F#:maj [1, 6, 10] 6 4 
C#:maj [1, 5, 8] 1 4 
Ab:maj/5 [0, 3, 8] 3 4 
Eb:min/b3 [3, 6, 10] 6 4 
F:min/b3 [0, 5, 8] 8 4 
Eb:min/b3 [3, 6, 10] 6 4 
F:min/b3 [0, 5, 8] 8 4 
Eb:min/b3 [3, 6, 10] 6 4 
Ab:maj [0, 3, 8] 8 4 
C#:maj [1, 5, 8] 1 8 
F#:maj [1, 6, 10] 6 4 
Ab:maj [0, 3, 8] 8 4 
F:min [0, 5, 8] 5 4 
Bb:min [1, 5, 10] 10 4 
F#:maj [1, 6, 10] 6 4 
Ab:maj [0, 3, 8] 8 4 
C#:maj [1, 5, 8] 1 8 
F#:maj [1, 6, 10] 6 4 
Ab:maj [0, 3, 8] 8 4 
F:min [0, 5, 8] 5 4 
Bb:min [1, 5, 10] 10 4 
F#:maj [1, 6, 10] 6 4 
Ab:maj [0, 3, 8] 8 4 
C#:maj [1, 5, 8] 1 4 
F#:maj [1, 6, 10] 6 4 
C#:maj [1, 5, 8] 1 4 
F#:maj [1, 6, 10] 6 4 
C#:maj [1, 5, 8] 1 4 
F#:maj [1, 6, 10] 6 4 
C#:maj [1, 5, 8] 1 4 
Ab:maj/5 [0, 3, 8] 3 4 
C#:maj [1, 5, 8] 1 4 
C#:sus4 [1, 6, 8] 1 4 
C#:maj [1, 5, 8] 1 4 
Ab:maj/5 [0, 3, 8] 3 4 
Eb:min/b3 [3, 6, 10] 6 4 
F:min/b3 [0, 5, 8] 8 4 
Eb:min/b3 [3, 6, 10] 6 4 
F:min/b3 [0, 5, 8] 8 4 
Eb:min/b3 [3, 6, 10] 6 4 
Ab:maj [0, 3, 8] 8 4 
C#:maj [1, 5, 8] 1 8 
F#:maj [1, 6, 10] 6 4 
Ab:maj [0, 3, 8] 8 4 
F:min [0, 5, 8] 5 4 
Bb:min [1, 5, 10] 10 4 
F#:maj [1, 6, 10] 6 4 
Ab:maj [0, 3, 8] 8 4 
C#:maj [1, 5, 8] 1 8 
F#:maj [1, 6, 10] 6 4 
Ab:maj [0, 3, 8] 8 4 
F:min [0, 5, 8] 5 4 
Bb:min [1, 5, 10] 10 4 
F#:maj [1, 6, 10] 6 4 
Ab:maj [0, 3, 8] 8 4 
C#:maj [1, 5, 8] 1 4 
F#:maj [1, 6, 10] 6 4 
C#:sus4 [1, 6, 8] 1 4 
F#:maj [1, 6, 10] 6 4 
C#:maj [1, 5, 8] 1 4 
Ab:sus4 [1, 3, 8] 8 4 
F#:maj [1, 6, 10] 6 4 
Ab:maj [0, 3, 8] 8 4 
Eb:min/b3 [3, 6, 10] 6 4 
Ab:maj [0, 3, 8] 8 4 
C#:maj [1, 5, 8] 1 8 
F#:maj [1, 6, 10] 6 4 
Ab:maj [0, 3, 8] 8 4 
F:min [0, 5, 8] 5 4 
Bb:min [1, 5, 10] 10 4 
F#:maj [1, 6, 10] 6 4 
Ab:maj [0, 3, 8] 8 4 
C#:maj [1, 5, 8] 1 8 
F#:maj [1, 6, 10] 6 4 
Ab:maj [0, 3, 8] 8 4 
F:min [0, 5, 8] 5 4 
Bb:min [1, 5, 10] 10 4 
F#:maj [1, 6, 10] 6 4 
Ab:maj [0, 3, 8] 8 4 
C#:maj [1, 5, 8] 1 4 
F#:maj [1, 6, 10] 6 4 
C#:sus4 [1, 6, 8] 1 4 
F#:maj [1, 6, 10] 6 4 
C#:maj [1, 5, 8] 1 4 
