0 36
77 2
75 1
0 1
75 3
0 1
73 1
0 1
75 5
0 1
70 1
0 1
70 10
0 4
68 1
0 1
73 1
0 1
73 3
0 1
75 1
0 1
75 12
0 10
77 1
0 1
75 1
0 1
75 3
0 1
73 1
0 1
75 4
70 1
0 1
70 12
0 2
68 1
0 1
68 1
0 1
73 3
0 1
73 1
0 1
75 1
0 1
75 17
0 1
70 1
0 1
73 3
0 1
73 5
0 1
68 1
0 1
68 1
0 1
75 3
0 1
77 1
0 1
73 4
70 4
0 2
70 1
0 1
73 3
0 1
73 5
0 1
68 1
0 1
68 1
0 1
75 3
0 1
77 1
0 1
73 9
0 1
70 2
73 3
0 1
73 6
0 2
68 2
75 3
0 1
73 2
77 5
0 1
73 1
0 1
73 17
0 7
73 1
0 1
77 2
78 1
0 1
80 1
0 1
73 1
0 1
82 3
0 1
80 1
0 1
80 5
0 1
78 1
0 1
77 3
0 1
75 3
0 1
68 1
0 1
75 1
0 1
77 1
0 1
78 1
0 1
68 1
0 1
80 3
0 1
78 1
0 1
77 4
75 3
0 1
75 3
0 1
73 3
0 1
68 1
0 1
73 1
0 1
75 1
0 1
77 1
0 1
73 1
0 1
78 3
0 1
77 1
0 1
75 3
0 1
73 4
0 2
73 3
0 1
72 1
0 1
73 4
75 5
0 1
78 3
0 1
77 1
0 1
77 3
0 1
75 3
0 1
77 6
0 2
73 1
0 1
77 2
78 1
0 1
80 1
0 1
73 1
0 1
82 3
0 1
80 1
0 1
80 5
0 1
78 1
0 1
77 3
0 1
75 3
0 1
68 1
0 1
75 1
0 1
77 1
0 1
78 1
0 1
68 1
0 1
80 3
0 1
78 1
0 1
77 4
75 3
0 1
75 3
0 1
73 13
0 1
70 3
0 1
73 1
0 1
73 7
0 1
68 1
0 1
75 3
0 1
73 1
0 1
77 3
0 1
73 5
0 1
73 14
0 54
77 2
75 1
0 1
75 3
0 1
73 1
0 1
75 5
0 1
70 1
0 1
70 10
0 4
68 1
0 1
73 1
0 1
73 3
0 1
75 1
0 1
75 12
0 10
77 1
0 1
75 1
0 1
75 3
0 1
73 1
0 1
75 4
70 1
0 1
70 12
0 2
68 1
0 1
68 1
0 1
73 3
0 1
73 1
0 1
75 1
0 1
75 17
0 1
70 1
0 1
73 3
0 1
73 5
0 1
68 1
0 1
68 1
0 1
75 3
0 1
77 1
0 1
73 4
70 4
0 2
70 1
0 1
73 3
0 1
73 5
0 1
68 1
0 1
68 1
0 1
75 3
0 1
77 1
0 1
73 9
0 1
70 2
73 3
0 1
73 6
0 2
68 2
75 3
0 1
73 2
77 5
0 1
73 1
0 1
73 17
0 7
73 1
0 1
77 2
78 1
0 1
80 1
0 1
73 1
0 1
82 3
0 1
80 1
0 1
80 5
0 1
78 1
0 1
77 3
0 1
75 3
0 1
68 1
0 1
75 1
0 1
77 1
0 1
78 1
0 1
68 1
0 1
80 3
0 1
78 1
0 1
77 4
75 3
0 1
75 3
0 1
73 3
0 1
68 1
0 1
73 1
0 1
75 1
0 1
77 1
0 1
73 1
0 1
78 3
0 1
77 1
0 1
75 3
0 1
73 4
0 2
73 3
0 1
72 1
0 1
73 4
75 5
0 1
78 3
0 1
77 1
0 1
77 3
0 1
75 3
0 1
77 6
0 2
73 1
0 1
77 2
78 1
0 1
80 1
0 1
73 1
0 1
82 3
0 1
80 1
0 1
80 5
0 1
78 1
0 1
77 3
0 1
75 3
0 1
68 1
0 1
75 1
0 1
77 1
0 1
78 1
0 1
68 1
0 1
80 3
0 1
78 1
0 1
77 4
75 3
0 1
75 3
0 1
73 13
0 1
70 3
0 1
73 1
0 1
73 7
0 1
68 1
0 1
75 3
0 1
73 1
0 1
77 3
0 1
73 5
0 1
73 14
0 114
70 2
73 3
0 1
73 6
68 1
0 1
68 2
75 3
0 1
77 1
0 1
73 4
68 10
0 18
73 1
0 1
77 2
78 1
0 1
80 1
0 1
73 1
0 1
82 3
0 1
80 1
0 1
80 5
0 1
78 1
0 1
77 3
0 1
75 3
0 1
68 1
0 1
75 1
0 1
77 1
0 1
78 1
0 1
68 1
0 1
80 3
0 1
78 1
0 1
77 4
75 3
0 1
75 3
0 1
73 3
0 1
68 1
0 1
73 1
0 1
75 1
0 1
77 1
0 1
73 1
0 1
78 3
0 1
77 1
0 1
75 3
0 1
73 4
0 2
73 3
0 1
72 1
0 1
73 4
75 5
0 1
78 3
0 1
77 1
0 1
77 3
0 1
75 3
0 1
77 6
0 2
73 1
0 1
77 2
78 1
0 1
80 1
0 1
73 1
0 1
82 3
0 1
80 1
0 1
80 5
0 1
78 1
0 1
77 3
0 1
75 3
0 1
68 1
0 1
75 1
0 1
77 1
0 1
78 1
0 1
68 1
0 1
80 3
0 1
78 1
0 1
77 4
75 3
0 1
75 3
0 1
73 13
0 1
70 3
0 1
73 1
0 1
73 7
0 1
68 1
0 1
75 3
0 1
73 1
0 1
77 3
0 1
73 5
0 1
73 14
