F#:min [1, 6, 9] 6 8 
D:maj [2, 6, 9] 2 3 
C#:min7 [1, 4, 8, 11] 1 1 
F#:min [1, 6, 9] 6 8 
F#:min7 [1, 4, 6, 9] 6 4 
D:maj [2, 6, 9] 2 2 
C#:min [1, 4, 8] 1 2 
F#:min7 [1, 4, 6, 9] 6 4 
C#:sus4(b7) [1, 6, 8] 1 2 
F#:min [1, 6, 9] 6 6 
D:maj [2, 6, 9] 2 2 
C#:min7 [1, 4, 8, 11] 1 2 
F#:min [1, 6, 9] 6 4 
C#:min7 [1, 4, 8, 11] 1 2 
F#:min [1, 6, 9] 6 2 
B:min7 [2, 6, 9, 11] 11 4 
F#:min [1, 6, 9] 6 4 
B:min7 [2, 6, 9, 11] 11 4 
C#:min7 [1, 4, 8, 11] 1 4 
F#:min [1, 6, 9] 6 4 
E:maj [4, 8, 11] 4 4 
Eb:dim [3, 6, 9] 3 2 
D:maj [2, 6, 9] 2 2 
C#:min7 [1, 4, 8, 11] 1 4 
F#:sus2 [1, 6, 8] 6 4 
C#:min7 [1, 4, 8, 11] 1 4 
D:maj [2, 6, 9] 2 2 
C#:min7 [1, 4, 8, 11] 1 2 
F#:min [1, 6, 9] 6 8 
D:maj6 [2, 6, 9, 11] 2 3 
D:maj [2, 6, 9] 2 1 
D:maj/3 [2, 6, 9] 6 4 
B:min7 [2, 6, 9, 11] 11 4 
F#:min [1, 6, 9] 6 4 
B:min7 [2, 6, 9, 11] 11 4 
C#:min7 [1, 4, 8, 11] 1 4 
F#:min [1, 6, 9] 6 4 
E:maj [4, 8, 11] 4 4 
Eb:hdim7 [0, 3, 6, 9] 3 2 
D:sus2 [2, 4, 9] 2 2 
C#:min7 [1, 4, 8, 11] 1 3 
C#:min [1, 4, 8] 1 1 
F#:min [1, 6, 9] 6 4 
C#:min7 [1, 4, 8, 11] 1 4 
D:maj [2, 6, 9] 2 2 
C#:min7 [1, 4, 8, 11] 1 2 
F#:min [1, 6, 9] 6 4 
B:min7 [2, 6, 9, 11] 11 2 
C#:min7 [1, 4, 8, 11] 1 4 
F#:min [1, 6, 9] 6 8 
F#:sus4(b7) [1, 6, 11] 6 4 
