0 80
66 3
61 1
66 1
68 1
69 1
71 1
73 6
73 2
81 3
73 1
78 3
73 1
76 8
66 3
61 1
66 1
68 1
69 1
71 1
73 6
76 2
71 3
73 1
71 3
64 1
66 8
66 3
61 1
66 1
68 1
69 1
71 1
73 7
73 1
81 3
73 1
78 3
73 1
76 8
66 3
61 1
66 1
68 1
69 1
71 1
73 6
76 2
71 3
73 1
71 2
64 1
66 7
66 1
69 1
71 2
71 1
69 1
66 2
66 1
69 1
71 2
71 1
69 1
66 2
69 1
71 1
73 3
76 1
71 2
76 1
73 7
66 1
69 1
71 2
71 1
69 1
66 2
66 1
69 1
71 2
71 1
69 1
66 2
69 1
71 1
73 3
76 1
71 2
76 1
73 1
76 8
78 4
73 1
78 1
73 1
78 7
73 2
80 4
73 1
80 1
73 1
80 7
73 2
81 3
81 1
83 1
81 1
78 2
78 2
76 2
76 2
71 1
73 6
71 1
69 1
71 1
73 8
78 4
73 1
78 1
73 1
78 7
73 2
80 4
73 1
80 1
73 1
80 7
73 2
81 3
81 1
81 2
78 2
78 2
76 2
76 1
73 2
73 1
78 16
0 46
66 1
69 1
71 2
71 1
69 1
66 2
66 1
69 1
71 2
71 1
69 1
66 2
69 1
71 1
73 3
76 1
71 2
76 1
73 7
66 1
69 1
71 2
71 1
69 1
66 2
66 1
69 1
71 2
71 1
69 1
66 2
69 1
71 1
73 3
76 1
71 2
76 1
73 1
76 8
78 4
73 1
78 1
73 1
78 7
73 2
80 4
73 1
80 1
73 1
80 7
73 2
81 3
81 1
83 1
81 1
78 2
78 2
76 2
76 2
71 1
73 6
71 1
69 1
71 1
73 8
78 4
73 1
78 1
73 1
78 7
73 2
80 4
73 1
80 1
73 1
80 7
73 2
81 3
81 1
81 2
78 2
78 2
76 2
76 1
73 2
73 1
78 14
73 2
81 3
81 1
81 2
78 2
78 2
76 2
0 2
76 1
73 1
0 1
73 2
73 1
78 16
