C:sus2 [0, 2, 7] 0 4 
Ab:maj [0, 3, 8] 8 4 
Bb:maj [2, 5, 10] 10 4 
G:maj [2, 7, 11] 7 4 
Ab:maj [0, 3, 8] 8 2 
Bb:maj [2, 5, 10] 10 2 
C:min [0, 3, 7] 0 4 
Ab:maj [0, 3, 8] 8 2 
Bb:maj [2, 5, 10] 10 2 
C:maj [0, 4, 7] 0 12 
G:min [2, 7, 10] 7 4 
Ab:maj [0, 3, 8] 8 2 
Bb:maj [2, 5, 10] 10 2 
Eb:maj [3, 7, 10] 3 4 
F:min [0, 5, 8] 5 4 
C:min [0, 3, 7] 0 4 
Ab:maj [0, 3, 8] 8 2 
Bb:maj [2, 5, 10] 10 2 
C:min [0, 3, 7] 0 8 
G:min [2, 7, 10] 7 4 
Ab:maj [0, 3, 8] 8 2 
Bb:maj [2, 5, 10] 10 2 
Eb:maj [3, 7, 10] 3 4 
F:min [0, 5, 8] 5 4 
C:min [0, 3, 7] 0 4 
Ab:maj [0, 3, 8] 8 2 
Bb:maj [2, 5, 10] 10 2 
C:min [0, 3, 7] 0 4 
Ab:maj [0, 3, 8] 8 2 
Bb:maj [2, 5, 10] 10 2 
G:min [2, 7, 10] 7 2 
C:min [0, 3, 7] 0 2 
F:min [0, 5, 8] 5 2 
Bb:maj [2, 5, 10] 10 2 
Eb:maj [3, 7, 10] 3 4 
Ab:maj [0, 3, 8] 8 2 
Bb:maj [2, 5, 10] 10 2 
G:maj [2, 7, 11] 7 2 
C:min [0, 3, 7] 0 2 
Ab:maj [0, 3, 8] 8 2 
Bb:maj [2, 5, 10] 10 2 
C:maj [0, 4, 7] 0 12 
G:min [2, 7, 10] 7 4 
Ab:maj [0, 3, 8] 8 2 
Bb:7 [2, 5, 8, 10] 10 2 
Eb:maj [3, 7, 10] 3 4 
F:min [0, 5, 8] 5 4 
C:min [0, 3, 7] 0 4 
Ab:maj [0, 3, 8] 8 2 
Bb:sus4 [3, 5, 10] 10 2 
C:min [0, 3, 7] 0 4 
Ab:maj [0, 3, 8] 8 2 
Bb:maj [2, 5, 10] 10 2 
G:min [2, 7, 10] 7 2 
C:min [0, 3, 7] 0 2 
F:min [0, 5, 8] 5 2 
Bb:maj [2, 5, 10] 10 2 
Eb:maj [3, 7, 10] 3 4 
Ab:maj [0, 3, 8] 8 2 
Bb:maj [2, 5, 10] 10 2 
G:maj [2, 7, 11] 7 2 
C:min [0, 3, 7] 0 2 
Ab:maj [0, 3, 8] 8 2 
Bb:maj [2, 5, 10] 10 2 
C:maj [0, 4, 7] 0 4 
Ab:maj [0, 3, 8] 8 2 
Bb:maj [2, 5, 10] 10 2 
G:min [2, 7, 10] 7 2 
C:min [0, 3, 7] 0 2 
F:min [0, 5, 8] 5 2 
Bb:maj [2, 5, 10] 10 2 
Eb:maj [3, 7, 10] 3 4 
Ab:maj [0, 3, 8] 8 2 
Bb:maj [2, 5, 10] 10 2 
G:maj [2, 7, 11] 7 2 
C:min [0, 3, 7] 0 2 
Ab:maj [0, 3, 8] 8 2 
Bb:maj [2, 5, 10] 10 2 
C:maj [0, 4, 7] 0 4 
Ab:maj [0, 3, 8] 8 2 
Bb:maj [2, 5, 10] 10 2 
C:sus2 [0, 2, 7] 0 4 
Ab:maj [0, 3, 8] 8 2 
Bb:maj [2, 5, 10] 10 4 
C:min [0, 3, 7] 0 4 
Ab:maj [0, 3, 8] 8 2 
Bb:maj [2, 5, 10] 10 2 
C:min [0, 3, 7] 0 4 
Ab:maj [0, 3, 8] 8 2 
Bb:maj [2, 5, 10] 10 2 
C:min [0, 3, 7] 0 9 
