0 144
62 2
60 2
62 2
63 2
65 2
63 2
62 2
60 2
55 14
0 2
62 2
60 2
62 2
63 2
65 2
58 2
70 2
68 4
67 12
0 2
65 2
67 2
60 2
68 7
0 3
63 2
65 2
67 2
55 6
0 4
56 2
58 2
60 1
0 1
67 2
65 4
0 2
62 4
60 13
0 1
62 2
60 2
62 2
63 2
65 2
63 2
62 2
60 2
55 12
0 4
62 2
60 2
62 2
63 2
65 2
58 2
70 2
68 4
67 12
0 2
65 1
0 1
67 2
60 2
68 9
0 1
63 2
65 2
67 2
72 7
0 3
60 2
62 1
0 1
63 2
70 2
62 5
0 1
63 4
60 13
0 1
72 3
0 1
63 4
62 3
0 1
62 2
62 1
0 1
72 2
74 3
0 1
70 4
63 6
60 1
0 1
62 1
63 2
0 1
72 3
0 1
70 3
0 1
67 1
65 1
65 2
67 3
0 1
70 3
0 1
67 5
0 1
72 3
0 1
63 3
0 1
62 4
62 1
0 1
62 1
0 1
72 1
0 1
74 3
0 1
70 3
0 1
63 5
0 1
60 1
0 1
62 2
63 1
0 1
70 2
62 5
0 1
63 4
60 13
0 17
62 2
60 2
62 2
63 2
65 2
63 2
62 2
60 2
55 12
0 4
62 2
60 2
62 2
63 2
65 2
58 2
70 2
68 4
67 12
0 2
65 1
0 1
67 2
60 2
68 9
0 1
63 2
65 2
67 2
72 7
0 3
60 2
62 1
0 1
63 2
70 2
62 5
0 1
63 4
60 13
0 1
72 3
0 1
63 4
62 3
0 1
62 2
62 1
0 1
72 2
74 3
0 1
70 4
63 6
60 1
0 1
62 1
63 2
0 1
72 3
0 1
70 3
0 1
67 1
65 1
65 2
67 3
0 1
70 3
0 1
67 5
0 1
72 3
0 1
63 3
0 1
62 4
62 1
0 1
62 1
0 1
72 1
0 1
74 3
0 1
70 3
0 1
63 5
0 1
60 1
0 1
62 2
63 1
0 1
70 2
62 5
0 1
63 4
60 13
0 1
72 3
0 1
63 4
62 3
0 1
62 2
62 1
0 1
72 2
74 3
0 1
70 4
63 6
60 1
0 1
62 1
63 2
0 1
72 3
0 1
70 3
0 1
67 1
65 1
65 2
67 3
0 1
70 3
0 1
67 5
0 1
72 3
0 1
63 3
0 1
62 4
62 1
0 1
62 1
0 1
72 1
0 1
74 3
0 1
70 3
0 1
63 5
0 1
60 1
0 1
62 2
63 1
0 1
70 2
62 5
0 1
63 4
60 13
0 1
60 1
0 1
62 2
63 1
0 1
70 2
62 5
0 1
63 4
60 13
0 1
60 1
0 1
62 2
63 1
0 1
70 4
62 9
0 5
63 6
60 12
