0 64
75 2
74 2
72 2
74 2
75 3
0 1
79 3
0 1
74 10
0 6
75 2
74 2
72 2
70 2
72 4
75 4
67 11
0 5
68 2
67 2
68 1
0 1
79 2
77 6
0 2
70 2
72 1
0 1
74 2
77 2
75 6
0 2
68 1
0 1
70 2
72 2
75 2
77 3
0 1
79 4
74 12
0 4
75 2
74 2
72 2
74 2
75 3
0 1
79 3
0 1
74 10
0 6
75 2
74 2
72 2
70 2
72 4
75 4
67 11
0 5
68 2
67 2
68 1
0 1
79 2
77 6
0 2
70 2
72 1
0 1
74 2
77 2
75 6
0 2
68 1
0 1
70 2
72 2
75 2
77 3
0 1
75 2
77 1
0 1
79 9
0 3
75 2
77 2
79 2
84 1
0 1
84 2
79 2
77 3
0 1
74 1
0 1
75 2
77 1
0 1
82 1
0 1
82 1
0 1
84 2
79 4
75 2
74 2
72 4
79 4
77 3
0 1
75 2
77 2
79 2
80 2
79 2
77 2
79 3
0 1
75 2
77 2
79 2
84 1
0 1
84 2
79 2
77 3
0 1
74 1
0 1
75 2
77 1
0 1
82 1
0 1
82 1
0 1
84 2
79 4
75 2
74 2
72 4
79 4
77 3
0 1
75 2
77 2
79 2
77 2
75 2
74 4
72 6
0 128
75 2
74 2
72 2
74 2
75 3
0 1
79 3
0 1
74 10
0 6
75 2
74 2
72 2
70 2
72 4
75 4
67 11
0 5
68 2
67 2
68 1
0 1
79 2
77 6
0 2
70 2
72 1
0 1
74 2
77 2
75 6
0 2
68 1
0 1
70 2
72 2
75 2
77 3
0 1
79 4
74 12
0 4
75 2
74 2
72 2
74 2
75 3
0 1
79 3
0 1
74 10
0 6
75 2
74 2
72 2
70 2
72 4
75 4
67 11
0 5
68 2
67 2
68 1
0 1
79 2
77 6
0 2
70 2
72 1
0 1
74 2
77 2
75 6
0 2
68 1
0 1
70 2
72 2
75 2
77 3
0 1
75 2
77 1
0 1
79 9
0 3
75 2
77 2
79 2
84 1
0 1
84 2
79 2
77 3
0 1
74 1
0 1
75 2
77 1
0 1
82 1
0 1
82 1
0 1
84 2
79 4
75 2
74 2
72 4
79 4
77 3
0 1
75 2
77 2
79 2
80 2
79 2
77 2
79 3
0 1
75 2
77 2
79 2
84 1
0 1
84 2
79 2
77 3
0 1
74 1
0 1
75 2
77 1
0 1
82 1
0 1
82 1
0 1
84 2
79 4
75 2
74 2
72 4
79 4
77 3
0 1
75 2
77 2
79 2
77 2
75 2
74 4
72 6
0 28
75 2
77 2
79 2
84 1
0 1
84 2
79 2
77 3
0 1
74 1
0 1
75 2
77 1
0 1
82 1
0 1
82 1
0 1
84 2
79 4
75 2
74 2
72 4
79 4
77 3
0 1
75 2
77 2
79 2
80 2
79 2
77 2
79 3
0 1
75 2
77 2
79 2
84 1
0 1
84 2
79 2
77 3
0 1
74 1
0 1
75 2
77 1
0 1
82 1
0 1
82 1
0 1
84 2
79 4
75 2
74 2
72 4
79 4
77 3
0 1
75 2
77 2
79 2
77 2
75 2
74 4
72 6
