0 68
60 2
65 1
0 1
65 2
67 1
0 1
67 1
0 1
69 2
72 4
69 2
72 6
0 2
72 1
0 1
72 2
65 1
0 1
65 1
0 1
67 1
0 1
67 3
0 1
65 2
67 4
69 13
0 5
60 2
65 1
0 1
65 2
67 1
0 1
67 1
0 1
69 2
72 4
69 2
72 6
0 2
72 1
0 1
74 4
72 1
0 1
72 1
0 1
72 2
72 1
0 1
69 2
67 11
0 7
74 7
0 1
74 2
76 2
77 2
76 6
72 2
72 6
0 2
72 1
0 1
74 2
72 1
0 1
72 1
0 1
72 1
0 1
72 3
0 1
65 2
67 4
69 10
0 4
74 7
0 1
74 2
76 2
77 2
76 6
72 2
72 6
0 2
72 1
0 1
74 2
72 1
0 1
72 1
0 1
72 1
0 1
74 3
0 1
77 2
79 10
0 2
65 2
69 1
0 1
72 1
0 1
77 1
0 1
77 1
0 1
77 2
77 1
0 1
77 2
76 1
0 1
76 2
74 1
0 1
74 2
72 1
0 1
72 2
69 3
0 1
65 1
0 1
69 2
72 1
0 1
74 1
0 1
74 1
0 1
74 1
0 1
74 1
0 1
74 2
72 1
0 1
72 1
0 1
72 4
69 6
0 2
65 2
69 2
72 1
0 1
77 1
0 1
77 1
0 1
77 1
0 1
77 1
0 1
77 2
76 1
0 1
76 2
74 2
72 2
74 2
76 2
77 5
0 1
69 2
67 4
65 1
0 1
65 2
67 2
69 2
72 1
0 1
69 2
67 9
0 1
69 3
0 1
62 2
67 4
65 14
0 52
60 2
65 1
0 1
65 2
67 1
0 1
67 1
0 1
69 2
72 4
69 2
72 6
0 2
72 1
0 1
72 2
65 1
0 1
65 1
0 1
67 1
0 1
67 3
0 1
65 2
67 4
69 13
0 5
60 2
65 1
0 1
65 2
67 1
0 1
67 1
0 1
69 2
72 4
69 2
72 6
0 2
72 1
0 1
74 4
72 1
0 1
72 1
0 1
72 2
72 1
0 1
69 2
67 11
0 7
74 7
0 1
74 2
76 2
77 2
76 6
72 2
72 6
0 2
72 1
0 1
74 2
72 1
0 1
72 1
0 1
72 1
0 1
72 3
0 1
65 2
67 4
69 10
0 4
74 7
0 1
74 2
76 2
77 2
76 6
79 2
81 6
0 2
79 1
0 1
79 2
77 1
0 1
77 1
0 1
74 1
0 1
72 3
0 1
69 2
67 10
0 2
65 2
69 1
0 1
72 1
0 1
77 1
0 1
77 1
0 1
77 2
77 1
0 1
77 2
76 1
0 1
76 2
74 1
0 1
74 2
72 1
0 1
72 2
69 3
0 1
65 1
0 1
69 2
72 1
0 1
74 1
0 1
74 1
0 1
74 1
0 1
74 1
0 1
74 2
72 1
0 1
72 1
0 1
72 4
69 6
0 2
65 2
69 2
72 1
0 1
77 1
0 1
77 1
0 1
77 1
0 1
77 1
0 1
77 2
76 1
0 1
76 2
74 2
72 2
74 2
76 2
77 5
0 1
69 2
67 4
65 1
0 1
65 2
67 2
69 2
72 1
0 1
69 2
67 9
0 1
69 3
0 1
62 2
67 4
65 14
0 106
65 2
69 1
0 1
72 1
0 1
77 1
0 1
77 1
0 1
77 2
77 1
0 1
77 2
76 1
0 1
76 2
74 1
0 1
74 2
72 1
0 1
72 2
69 3
0 1
65 1
0 1
69 2
72 2
74 1
0 1
74 1
0 1
74 1
0 1
74 1
0 1
74 2
72 1
0 1
72 1
0 1
72 4
69 6
0 2
65 2
69 2
72 1
0 1
77 1
0 1
77 1
0 1
77 1
0 1
77 1
0 1
77 2
76 1
0 1
76 2
74 2
72 2
74 2
76 2
77 5
0 1
69 2
67 4
65 1
0 1
65 2
67 2
69 2
72 1
0 1
69 2
67 9
0 1
69 3
0 1
62 2
67 4
65 14
