A:maj [1, 4, 9] 9 2 
A:min [0, 4, 9] 9 2 
A:maj [1, 4, 9] 9 2 
G:maj [2, 7, 11] 7 2 
A:maj [1, 4, 9] 9 2 
C:maj [0, 4, 7] 0 2 
G:maj [2, 7, 11] 7 4 
C:maj [0, 4, 7] 0 2 
A:min [0, 4, 9] 9 6 
C:maj [0, 4, 7] 0 2 
G:maj [2, 7, 11] 7 2 
C:maj [0, 4, 7] 0 12 
A:sus4 [2, 4, 9] 9 4 
G:maj [2, 7, 11] 7 4 
C:maj [0, 4, 7] 0 4 
A:min [0, 4, 9] 9 4 
G:maj [2, 7, 11] 7 8 
C:maj [0, 4, 7] 0 8 
A:min [0, 4, 9] 9 4 
G:maj [2, 7, 11] 7 4 
C:maj [0, 4, 7] 0 4 
A:min [0, 4, 9] 9 4 
G:maj [2, 7, 11] 7 4 
C:sus2 [0, 2, 7] 0 4 
A:min [0, 4, 9] 9 2 
C:maj [0, 4, 7] 0 2 
A:min [0, 4, 9] 9 2 
G:maj [2, 7, 11] 7 2 
A:min [0, 4, 9] 9 4 
E:min [4, 7, 11] 4 4 
C:maj [0, 4, 7] 0 4 
A:min [0, 4, 9] 9 4 
D:min [2, 5, 9] 2 4 
G:maj [2, 7, 11] 7 2 
C:maj [0, 4, 7] 0 2 
A:min [0, 4, 9] 9 2 
C:maj [0, 4, 7] 0 2 
A:min [0, 4, 9] 9 2 
G:maj [2, 7, 11] 7 2 
A:min [0, 4, 9] 9 4 
E:min [4, 7, 11] 4 4 
C:maj [0, 4, 7] 0 4 
A:min [0, 4, 9] 9 4 
D:min [2, 5, 9] 2 4 
G:maj [2, 7, 11] 7 2 
C:maj [0, 4, 7] 0 2 
A:maj [1, 4, 9] 9 2 
A:min [0, 4, 9] 9 2 
A:maj [1, 4, 9] 9 2 
G:maj [2, 7, 11] 7 2 
A:maj [1, 4, 9] 9 2 
C:maj [0, 4, 7] 0 2 
G:maj [2, 7, 11] 7 4 
C:maj [0, 4, 7] 0 2 
A:min [0, 4, 9] 9 6 
C:maj [0, 4, 7] 0 2 
G:maj [2, 7, 11] 7 2 
C:maj [0, 4, 7] 0 12 
A:min [0, 4, 9] 9 4 
G:maj [2, 7, 11] 7 4 
C:maj [0, 4, 7] 0 4 
A:min [0, 4, 9] 9 4 
G:maj [2, 7, 11] 7 4 
C:sus2 [0, 2, 7] 0 4 
A:min [0, 4, 9] 9 2 
C:maj [0, 4, 7] 0 2 
A:min [0, 4, 9] 9 2 
G:maj [2, 7, 11] 7 2 
A:min [0, 4, 9] 9 4 
E:min [4, 7, 11] 4 4 
C:maj [0, 4, 7] 0 4 
A:min [0, 4, 9] 9 4 
D:min [2, 5, 9] 2 4 
G:maj [2, 7, 11] 7 2 
C:maj [0, 4, 7] 0 2 
A:min [0, 4, 9] 9 2 
C:maj [0, 4, 7] 0 2 
A:min [0, 4, 9] 9 2 
G:maj [2, 7, 11] 7 2 
A:min [0, 4, 9] 9 4 
E:min [4, 7, 11] 4 4 
C:maj [0, 4, 7] 0 4 
A:min [0, 4, 9] 9 4 
D:min [2, 5, 9] 2 4 
G:maj [2, 7, 11] 7 2 
C:maj [0, 4, 7] 0 2 
A:min [0, 4, 9] 9 6 
G:maj [2, 7, 11] 7 2 
A:min [0, 4, 9] 9 4 
E:min [4, 7, 11] 4 4 
C:maj [0, 4, 7] 0 4 
A:min [0, 4, 9] 9 4 
D:min [2, 5, 9] 2 4 
G:maj [2, 7, 11] 7 2 
C:maj [0, 4, 7] 0 2 
D:min [2, 5, 9] 2 4 
G:maj [2, 7, 11] 7 2 
C:maj [0, 4, 7] 0 2 
A:min/b3 [0, 4, 9] 0 2 
C:maj [0, 4, 7] 0 2 
A:min [0, 4, 9] 9 2 
G:maj [2, 7, 11] 7 2 
D:min [2, 5, 9] 2 2 
C:maj [0, 4, 7] 0 2 
G:maj [2, 7, 11] 7 2 
C:sus2 [0, 2, 7] 0 2 
D:min [2, 5, 9] 2 2 
C:maj [0, 4, 7] 0 2 
G:maj [2, 7, 11] 7 2 
C:maj [0, 4, 7] 0 6 
