0 128
60 5
0 1
57 2
55 2
52 2
55 2
57 2
60 7
0 9
60 1
0 1
60 1
0 1
60 2
57 2
64 2
67 1
0 1
67 1
0 1
60 2
62 10
0 6
64 2
64 2
62 2
64 2
67 6
0 2
64 2
67 2
62 2
60 2
57 6
0 2
55 2
52 2
55 2
57 2
64 2
62 1
0 1
62 2
60 2
62 4
0 12
60 5
0 1
57 2
55 2
52 2
55 2
57 2
60 7
0 9
60 1
0 1
60 1
0 1
60 2
57 2
64 2
67 1
0 1
67 1
0 1
60 2
62 10
0 6
64 2
64 2
62 2
64 2
67 6
0 2
64 2
67 2
62 2
60 2
57 6
0 2
55 2
52 2
55 2
57 2
64 2
64 1
0 1
55 2
57 2
60 5
0 11
69 2
72 1
0 1
72 1
0 1
69 1
69 1
72 6
72 1
0 1
69 2
67 1
0 1
67 1
0 1
64 2
67 4
0 4
69 1
0 1
69 1
72 1
72 1
0 1
69 1
0 1
69 2
67 1
0 1
67 2
64 1
62 1
64 8
0 8
64 2
62 4
64 2
67 1
0 1
67 1
0 1
67 2
67 1
69 1
64 2
62 1
64 1
62 2
55 2
55 1
0 1
57 4
0 2
62 1
0 1
62 1
0 1
62 1
0 1
64 1
0 1
67 1
0 1
64 2
0 3
64 1
55 2
57 2
62 2
64 2
60 3
0 5
69 2
72 1
0 1
72 1
0 1
69 1
69 1
72 6
72 1
0 1
69 2
67 1
0 1
67 1
0 1
64 2
67 4
0 4
69 1
0 1
69 1
72 1
72 1
0 1
69 1
0 1
69 2
67 1
0 1
67 2
64 1
62 1
64 8
0 8
64 2
62 4
64 2
67 1
0 1
67 1
0 1
67 2
67 1
69 1
64 2
62 1
64 1
62 2
55 2
55 1
0 1
57 4
0 2
62 1
0 1
62 1
0 1
62 1
0 1
64 1
0 1
67 1
0 1
64 2
0 2
62 1
64 1
55 2
57 2
62 2
64 2
60 3
0 133
60 5
0 1
57 2
55 2
52 2
55 2
57 2
60 7
0 9
60 1
0 1
60 1
0 1
60 2
57 2
64 2
67 1
0 1
67 1
0 1
60 2
62 10
0 6
64 2
64 2
62 2
64 2
67 6
0 2
64 2
67 2
62 2
60 2
57 6
0 2
55 2
52 2
55 2
57 2
64 2
64 1
0 1
55 2
57 2
60 5
0 11
69 2
72 1
0 1
72 1
0 1
69 1
69 1
72 6
72 1
0 1
69 2
67 1
0 1
67 1
0 1
64 2
67 4
0 4
69 1
0 1
69 1
72 1
72 1
0 1
69 1
0 1
69 2
67 1
0 1
67 2
64 1
62 1
64 8
0 8
64 2
62 4
64 2
67 1
0 1
67 1
0 1
67 2
67 1
69 1
64 2
62 1
64 1
62 2
55 2
55 1
0 1
57 4
0 2
62 1
0 1
62 1
0 1
62 1
0 1
64 1
0 1
67 1
0 1
64 2
0 3
64 1
55 2
57 2
62 2
64 2
60 3
0 5
69 2
72 1
0 1
72 1
0 1
69 1
69 1
72 6
72 1
0 1
69 2
67 1
0 1
67 1
0 1
64 2
67 4
0 4
69 1
0 1
69 1
72 1
72 1
0 1
69 1
0 1
69 2
67 1
0 1
67 2
64 1
62 1
64 8
0 8
64 2
62 4
64 2
67 1
0 1
67 1
0 1
67 2
67 1
69 1
64 2
62 1
64 1
62 2
55 2
55 1
0 1
57 4
0 2
62 1
0 1
62 1
0 1
62 1
0 1
64 1
0 1
67 1
0 1
64 2
0 2
62 1
64 1
55 2
57 2
62 2
64 2
60 3
0 5
69 2
72 1
0 1
72 1
0 1
69 1
69 1
72 6
72 1
0 1
69 2
67 1
0 1
67 1
0 1
64 2
67 4
0 4
69 1
0 1
69 1
72 1
72 1
0 1
69 1
0 1
69 2
67 1
0 1
67 2
64 1
62 1
64 8
0 8
64 2
62 4
64 2
67 1
0 1
67 1
0 1
67 2
67 1
69 1
64 2
62 1
64 1
62 2
55 2
55 1
0 1
57 4
0 2
62 1
0 1
62 1
0 1
62 1
0 1
64 1
0 1
67 1
0 1
64 2
0 2
62 1
64 1
55 2
57 2
62 2
64 2
60 3
0 5
62 1
0 1
62 1
0 1
62 1
0 1
64 1
0 1
67 1
0 1
64 2
0 2
62 1
64 1
55 2
57 2
62 2
64 2
60 3
