A:min [0, 4, 9] 9 2 
D:min [2, 5, 9] 2 2 
C:maj [0, 4, 7] 0 2 
G:maj [2, 7, 11] 7 2 
C:maj [0, 4, 7] 0 2 
D:maj6 [2, 6, 9, 11] 2 2 
A:min [0, 4, 9] 9 4 
F:maj [0, 5, 9] 5 4 
E:min [4, 7, 11] 4 2 
A:maj [1, 4, 9] 9 2 
G:maj [2, 7, 11] 7 2 
D:maj [2, 6, 9] 2 2 
E:min [4, 7, 11] 4 4 
A:min [0, 4, 9] 9 4 
G:maj [2, 7, 11] 7 2 
C:maj [0, 4, 7] 0 2 
G:maj [2, 7, 11] 7 2 
F:maj7/7 [0, 3, 5, 9] 4 2 
A:min [0, 4, 9] 9 6 
D:min [2, 5, 9] 2 2 
C:maj [0, 4, 7] 0 2 
G:maj [2, 7, 11] 7 2 
C:maj [0, 4, 7] 0 2 
D:min [2, 5, 9] 2 2 
A:sus2 [4, 9, 11] 9 4 
F:maj [0, 5, 9] 5 4 
E:maj [4, 8, 11] 4 2 
A:min [0, 4, 9] 9 2 
G:maj [2, 7, 11] 7 2 
D:maj [2, 6, 9] 2 2 
E:min [4, 7, 11] 4 4 
A:min [0, 4, 9] 9 4 
G:maj [2, 7, 11] 7 2 
C:maj [0, 4, 7] 0 2 
G:maj [2, 7, 11] 7 2 
D:min/b3 [2, 5, 9] 5 1 
E:maj [4, 8, 11] 4 1 
A:min [0, 4, 9] 9 6 
D:min [2, 5, 9] 2 2 
C:maj [0, 4, 7] 0 2 
G:maj [2, 7, 11] 7 2 
C:maj [0, 4, 7] 0 2 
D:min [2, 5, 9] 2 2 
A:sus2 [4, 9, 11] 9 4 
F:maj [0, 5, 9] 5 4 
E:maj [4, 8, 11] 4 2 
A:min [0, 4, 9] 9 2 
G:maj [2, 7, 11] 7 2 
D:maj [2, 6, 9] 2 2 
E:min [4, 7, 11] 4 4 
A:min [0, 4, 9] 9 4 
G:maj [2, 7, 11] 7 2 
C:maj [0, 4, 7] 0 2 
G:maj [2, 7, 11] 7 2 
D:min/b3 [2, 5, 9] 5 1 
E:maj [4, 8, 11] 4 1 
A:min [0, 4, 9] 9 6 
E:min [4, 7, 11] 4 2 
F:maj [0, 5, 9] 5 2 
E:min [4, 7, 11] 4 2 
C:maj [0, 4, 7] 0 2 
D:maj [2, 6, 9] 2 2 
E:min [4, 7, 11] 4 4 
A:min [0, 4, 9] 9 2 
D:maj [2, 6, 9] 2 2 
C:maj [0, 4, 7] 0 2 
G:maj [2, 7, 11] 7 2 
C:maj [0, 4, 7] 0 2 
G:maj/5 [2, 7, 11] 2 2 
A:min [0, 4, 9] 9 4 
F:maj [0, 5, 9] 5 4 
E:min [4, 7, 11] 4 2 
A:maj [1, 4, 9] 9 2 
G:maj [2, 7, 11] 7 2 
D:maj [2, 6, 9] 2 2 
E:min [4, 7, 11] 4 4 
A:min [0, 4, 9] 9 4 
G:maj [2, 7, 11] 7 2 
C:maj [0, 4, 7] 0 2 
G:maj [2, 7, 11] 7 2 
F:maj7/7 [0, 3, 5, 9] 4 2 
A:min [0, 4, 9] 9 6 
D:min [2, 5, 9] 2 2 
C:maj [0, 4, 7] 0 2 
G:maj [2, 7, 11] 7 2 
C:maj [0, 4, 7] 0 2 
D:min [2, 5, 9] 2 2 
A:sus2 [4, 9, 11] 9 4 
F:maj [0, 5, 9] 5 4 
E:maj [4, 8, 11] 4 2 
A:min [0, 4, 9] 9 2 
G:maj [2, 7, 11] 7 2 
D:maj [2, 6, 9] 2 2 
E:min [4, 7, 11] 4 4 
A:min [0, 4, 9] 9 4 
G:maj [2, 7, 11] 7 2 
C:maj [0, 4, 7] 0 2 
G:maj [2, 7, 11] 7 2 
D:min/b3 [2, 5, 9] 5 1 
E:maj [4, 8, 11] 4 1 
A:min [0, 4, 9] 9 6 
E:min [4, 7, 11] 4 2 
F:maj [0, 5, 9] 5 2 
E:min [4, 7, 11] 4 2 
C:maj [0, 4, 7] 0 2 
D:maj [2, 6, 9] 2 2 
E:min [4, 7, 11] 4 4 
A:min [0, 4, 9] 9 2 
D:maj [2, 6, 9] 2 2 
C:maj [0, 4, 7] 0 2 
G:maj [2, 7, 11] 7 2 
C:maj [0, 4, 7] 0 2 
G:maj/5 [2, 7, 11] 2 2 
A:min [0, 4, 9] 9 6 
E:min [4, 7, 11] 4 2 
F:maj [0, 5, 9] 5 2 
E:min [4, 7, 11] 4 2 
C:maj [0, 4, 7] 0 2 
D:maj [2, 6, 9] 2 2 
E:min [4, 7, 11] 4 4 
A:min [0, 4, 9] 9 2 
D:maj [2, 6, 9] 2 2 
C:maj [0, 4, 7] 0 2 
G:maj [2, 7, 11] 7 2 
C:maj [0, 4, 7] 0 2 
G:maj/5 [2, 7, 11] 2 2 
A:min [0, 4, 9] 9 6 
D:min [2, 5, 9] 2 2 
C:maj [0, 4, 7] 0 2 
G:maj [2, 7, 11] 7 2 
E:min [4, 7, 11] 4 5 
A:min [0, 4, 9] 9 4 
G:maj [2, 7, 11] 7 2 
G:sus4 [0, 2, 7] 7 2 
G:maj [2, 7, 11] 7 3 
F:maj [0, 5, 9] 5 1 
E:sus4 [4, 9, 11] 4 3 
A:min [0, 4, 9] 9 3 
