0 192
57 4
57 2
57 1
0 1
62 4
62 1
0 1
62 2
60 2
62 2
64 4
62 6
0 2
64 3
0 1
62 2
64 2
62 2
57 2
60 2
59 2
57 13
0 3
57 3
0 1
57 1
0 1
57 2
69 3
0 1
69 3
0 1
67 2
69 1
0 1
71 2
69 1
71 1
69 6
0 2
71 3
0 1
69 1
0 1
71 1
0 1
69 2
64 2
67 2
66 2
64 13
0 3
69 3
0 1
71 1
0 1
69 1
0 1
57 3
0 1
57 3
0 1
62 1
0 1
62 2
60 2
62 1
0 1
64 6
0 2
67 3
0 1
64 1
0 1
62 2
60 3
0 1
62 1
0 1
59 2
57 13
0 3
57 4
57 2
57 1
0 1
62 4
62 1
0 1
62 2
60 2
62 2
64 4
62 6
0 2
64 3
0 1
62 2
64 2
62 2
57 2
60 2
59 2
57 13
0 3
57 3
0 1
57 1
0 1
57 2
69 3
0 1
69 3
0 1
67 2
69 1
0 1
71 2
69 1
71 1
69 6
0 2
71 3
0 1
69 1
0 1
71 1
0 1
69 2
64 2
67 2
66 2
64 13
0 3
69 3
0 1
71 1
0 1
69 1
0 1
57 3
0 1
57 3
0 1
62 1
0 1
62 2
60 2
62 1
0 1
64 6
0 2
67 3
0 1
64 1
0 1
62 2
60 3
0 1
62 1
0 1
59 2
57 13
0 3
69 4
71 1
0 1
69 2
67 4
64 3
0 1
69 4
71 1
0 1
69 2
67 4
64 3
0 1
67 3
0 1
67 2
64 2
62 2
64 2
66 4
64 12
0 4
57 3
0 1
57 1
0 1
57 1
0 1
62 3
0 1
62 4
60 2
62 1
0 1
64 2
62 1
64 1
62 7
0 1
64 3
0 1
62 2
64 2
62 2
57 2
60 2
59 2
57 16
0 128
57 4
57 2
57 1
0 1
62 4
62 1
0 1
62 2
60 2
62 2
64 4
62 6
0 2
64 3
0 1
62 2
64 2
62 2
57 2
60 2
59 2
57 13
0 3
57 3
0 1
57 1
0 1
57 2
69 3
0 1
69 3
0 1
67 2
69 1
0 1
71 2
69 1
71 1
69 6
0 2
71 3
0 1
69 1
0 1
71 1
0 1
69 2
64 2
67 2
66 2
64 13
0 3
69 3
0 1
71 1
0 1
69 1
0 1
57 3
0 1
57 3
0 1
62 1
0 1
62 2
60 2
62 1
0 1
64 6
0 2
67 3
0 1
64 1
0 1
62 2
60 3
0 1
62 1
0 1
59 2
57 13
0 3
69 4
71 1
0 1
69 2
67 4
64 3
0 1
69 4
71 1
0 1
69 2
67 4
64 3
0 1
67 3
0 1
67 2
64 2
62 2
64 2
66 4
64 12
0 4
57 3
0 1
57 1
0 1
57 1
0 1
62 3
0 1
62 4
60 2
62 1
0 1
64 2
62 1
64 1
62 7
0 1
64 3
0 1
62 2
64 2
62 2
57 2
60 2
59 2
57 15
0 1
69 4
71 1
0 1
69 2
67 4
64 3
0 1
69 4
71 1
0 1
69 2
67 4
64 3
0 1
67 3
0 1
67 2
64 2
62 2
64 2
66 4
64 12
0 4
57 3
0 1
57 1
0 1
57 1
0 1
62 3
0 1
62 4
60 2
62 1
0 1
64 2
62 1
64 1
62 7
0 1
64 3
0 1
62 2
64 2
62 2
57 2
60 2
59 2
57 16
57 3
0 1
57 1
0 1
57 1
0 1
62 3
0 1
62 4
60 2
62 1
0 1
64 2
62 1
64 1
62 7
0 1
64 5
62 2
64 3
62 3
57 2
60 2
59 2
57 15
