0 122
75 1
0 1
77 2
75 1
0 1
77 1
0 1
79 1
0 1
79 1
0 1
79 1
0 1
79 2
77 1
0 1
77 1
0 1
75 1
0 1
74 1
0 1
75 1
0 1
77 1
0 1
75 2
0 2
75 1
0 1
72 1
0 1
70 1
0 1
72 1
0 1
80 1
0 1
80 1
0 1
80 1
0 1
80 1
0 1
79 1
0 1
77 1
0 1
75 1
0 1
74 1
0 1
75 1
0 1
79 1
0 1
77 2
0 2
75 1
0 1
74 1
0 1
72 1
0 1
74 1
0 1
82 3
0 1
82 3
0 1
80 1
0 1
79 1
0 1
77 1
0 1
77 2
77 2
0 2
76 2
0 2
77 1
0 1
79 2
0 2
79 2
0 2
80 1
0 1
80 3
0 1
79 1
0 1
77 1
0 1
75 1
0 1
74 3
0 1
72 1
0 1
70 4
75 1
0 1
77 2
75 1
0 1
77 1
0 1
79 1
0 1
79 1
0 1
79 1
0 1
79 1
0 1
77 1
0 1
77 1
0 1
75 1
0 1
74 1
0 1
75 1
0 1
77 1
0 1
75 2
0 2
75 1
0 1
72 1
0 1
70 1
0 1
72 1
0 1
80 1
0 1
80 1
0 1
80 1
0 1
80 1
0 1
82 1
0 1
77 1
0 1
75 1
0 1
74 1
0 1
75 1
0 1
79 1
0 1
77 1
0 3
75 1
0 1
74 1
0 1
72 1
0 1
74 1
0 1
82 3
0 1
82 3
0 1
80 1
0 1
79 1
0 1
77 1
0 1
77 2
0 2
77 1
0 1
76 3
0 1
77 1
0 1
79 1
0 1
82 1
0 1
79 1
0 1
80 3
0 1
80 3
0 1
79 1
0 1
77 1
0 1
75 1
0 1
84 2
0 2
84 1
0 1
82 8
0 2
79 2
0 1
80 1
79 2
0 1
80 1
79 1
0 1
80 3
0 1
82 2
0 4
79 2
84 3
0 1
82 3
0 3
75 2
0 1
77 1
75 2
0 1
77 1
75 1
0 1
77 3
0 1
79 4
0 2
75 1
0 1
80 3
0 1
79 3
0 3
72 2
0 1
70 1
72 2
0 1
70 1
72 1
0 1
75 3
0 1
70 3
0 1
67 1
0 1
77 1
0 1
75 3
0 1
77 1
0 1
79 3
0 1
80 3
0 1
72 1
0 1
74 3
0 1
75 2
0 2
77 3
0 1
79 1
0 1
77 1
0 1
79 1
0 1
77 3
0 5
79 2
0 1
80 1
79 2
0 1
80 1
79 1
0 1
80 3
0 1
82 2
0 4
79 2
84 3
0 1
82 3
0 3
75 2
0 1
77 1
75 2
0 1
77 1
75 1
0 1
77 3
0 1
79 4
0 2
75 1
0 1
80 3
0 1
79 3
0 3
72 2
0 1
70 1
72 2
0 1
70 1
72 1
0 1
75 3
0 1
70 3
0 1
67 1
0 1
77 1
0 1
75 3
0 1
77 1
0 1
79 3
0 1
79 3
0 1
72 1
0 1
75 3
0 1
77 2
0 2
79 3
0 3
75 1
0 1
75 6
74 1
0 1
75 18
0 106
75 1
0 1
77 2
75 1
0 1
77 1
0 1
79 1
0 1
79 1
0 1
79 1
0 1
79 1
0 1
77 1
0 1
77 1
0 1
75 1
0 1
74 1
0 1
75 1
0 1
77 1
0 1
75 2
0 2
75 1
0 1
72 1
0 1
70 1
0 1
72 1
0 1
80 1
0 1
80 1
0 1
80 1
0 1
80 1
0 1
82 1
0 1
77 1
0 1
75 1
0 1
74 1
0 1
75 1
0 1
79 1
0 1
77 1
0 3
75 1
0 1
74 1
0 1
72 1
0 1
74 1
0 1
82 3
0 1
82 3
0 1
80 1
0 1
79 1
0 1
77 1
0 1
77 2
0 2
77 1
0 1
76 3
0 1
77 1
0 1
79 1
0 1
82 1
0 1
79 1
0 1
80 3
0 1
80 3
0 1
79 1
0 1
77 1
0 1
75 1
0 1
84 2
0 2
84 1
0 1
82 8
0 2
72 3
0 1
72 1
0 1
72 3
0 1
68 4
0 2
79 3
0 1
77 1
0 1
74 3
0 1
72 4
0 2
71 3
0 1
71 1
0 1
71 3
0 1
80 3
0 1
79 10
0 4
77 1
0 1
79 1
0 1
80 3
0 1
79 1
0 1
80 7
0 1
79 1
0 1
80 3
0 1
79 1
0 1
77 5
0 1
75 3
0 1
77 21
0 11
79 2
0 1
80 1
79 2
0 1
80 1
79 1
0 1
80 3
0 1
82 2
0 4
79 2
84 3
0 1
82 3
0 3
75 2
0 1
77 1
75 2
0 1
77 1
75 1
0 1
77 3
0 1
79 4
0 2
75 1
0 1
80 3
0 1
79 3
0 3
72 2
0 1
70 1
72 2
0 1
70 1
72 1
0 1
75 3
0 1
70 3
0 1
67 1
0 1
77 1
0 1
75 3
0 1
77 1
0 1
79 3
0 1
80 3
0 1
72 1
0 1
74 3
0 1
75 2
0 2
77 3
0 1
79 1
0 1
77 1
0 1
79 1
0 1
77 3
0 5
79 2
0 1
80 1
79 2
0 1
80 1
79 1
0 1
80 3
0 1
82 2
0 4
79 2
84 3
0 1
82 3
0 3
75 2
0 1
77 1
75 2
0 1
77 1
75 1
0 1
77 3
0 1
79 4
0 2
75 1
0 1
80 3
0 1
79 3
0 3
72 2
0 1
70 1
72 2
0 1
70 1
72 1
0 1
75 3
0 1
70 3
0 1
67 1
0 1
77 1
0 1
75 3
0 1
77 1
0 1
79 3
0 1
79 3
0 1
72 1
0 1
75 3
0 1
77 2
0 2
79 3
0 3
75 1
0 1
75 6
74 1
0 1
75 18
0 16
80 4
72 1
0 2
72 3
75 3
0 1
77 8
0 17
75 4
0 1
75 5
0 2
74 5
0 1
75 13
