G:maj [2, 7, 11] 7 4 
B:min/5 [2, 6, 11] 6 4 
E:min [4, 7, 11] 4 4 
A:min [0, 4, 9] 9 4 
A:maj/3 [1, 4, 9] 1 4 
D:maj [2, 6, 9] 2 4 
E:min [4, 7, 11] 4 10 
B:min [2, 6, 11] 11 2 
E:min [4, 7, 11] 4 2 
B:min [2, 6, 11] 11 2 
G:maj [2, 7, 11] 7 2 
E:min [4, 7, 11] 4 2 
B:min [2, 6, 11] 11 4 
G:maj [2, 7, 11] 7 2 
E:min [4, 7, 11] 4 2 
D:maj [2, 6, 9] 2 2 
C:maj [0, 4, 7] 0 2 
G:maj/3 [2, 7, 11] 11 2 
A:maj [1, 4, 9] 9 2 
D:maj [2, 6, 9] 2 4 
E:min [4, 7, 11] 4 2 
B:min [2, 6, 11] 11 2 
E:min [4, 7, 11] 4 2 
B:min [2, 6, 11] 11 2 
G:maj [2, 7, 11] 7 2 
E:min [4, 7, 11] 4 2 
B:min [2, 6, 11] 11 4 
G:maj [2, 7, 11] 7 2 
E:min [4, 7, 11] 4 2 
D:maj [2, 6, 9] 2 2 
C:maj [0, 4, 7] 0 2 
G:maj/3 [2, 7, 11] 11 2 
A:maj [1, 4, 9] 9 2 
B:min [2, 6, 11] 11 4 
E:min [4, 7, 11] 4 6 
E:min7 [2, 4, 7, 11] 4 2 
C#:dim [1, 4, 7] 1 4 
C:maj [0, 4, 7] 0 4 
B:min [2, 6, 11] 11 4 
E:min [4, 7, 11] 4 4 
C#:dim [1, 4, 7] 1 4 
C:maj [0, 4, 7] 0 2 
C:maj7 [0, 4, 7, 10] 0 2 
A:min [0, 4, 9] 9 4 
C:min [0, 3, 7] 0 4 
B:min [2, 6, 11] 11 4 
E:min [4, 7, 11] 4 4 
D:maj [2, 6, 9] 2 4 
C:maj [0, 4, 7] 0 4 
E:min [4, 7, 11] 4 4 
G:maj [2, 7, 11] 7 4 
B:min/5 [2, 6, 11] 6 4 
E:min [4, 7, 11] 4 4 
A:min [0, 4, 9] 9 4 
A:maj/3 [1, 4, 9] 1 4 
D:maj [2, 6, 9] 2 4 
E:min [4, 7, 11] 4 10 
B:min [2, 6, 11] 11 2 
E:min [4, 7, 11] 4 2 
B:min [2, 6, 11] 11 2 
G:maj [2, 7, 11] 7 2 
E:min [4, 7, 11] 4 2 
B:min [2, 6, 11] 11 4 
G:maj [2, 7, 11] 7 2 
E:min [4, 7, 11] 4 2 
D:maj [2, 6, 9] 2 2 
C:maj [0, 4, 7] 0 2 
G:maj/3 [2, 7, 11] 11 2 
A:maj [1, 4, 9] 9 2 
D:maj [2, 6, 9] 2 4 
E:min [4, 7, 11] 4 2 
B:min [2, 6, 11] 11 2 
E:min [4, 7, 11] 4 2 
B:min [2, 6, 11] 11 2 
E:min [4, 7, 11] 4 4 
B:min [2, 6, 11] 11 4 
G:maj [2, 7, 11] 7 2 
E:min [4, 7, 11] 4 2 
D:maj [2, 6, 9] 2 2 
C:maj [0, 4, 7] 0 2 
G:maj/3 [2, 7, 11] 11 2 
A:maj [1, 4, 9] 9 2 
B:min [2, 6, 11] 11 4 
E:min [4, 7, 11] 4 6 
E:min7 [2, 4, 7, 11] 4 2 
C#:dim [1, 4, 7] 1 4 
C:maj [0, 4, 7] 0 4 
B:min [2, 6, 11] 11 4 
E:min [4, 7, 11] 4 4 
C#:dim [1, 4, 7] 1 4 
C:maj [0, 4, 7] 0 2 
C:maj7 [0, 4, 7, 10] 0 2 
A:min [0, 4, 9] 9 4 
C:min [0, 3, 7] 0 4 
B:min [2, 6, 11] 11 4 
E:min [4, 7, 11] 4 4 
D:maj [2, 6, 9] 2 4 
C:maj [0, 4, 7] 0 4 
E:min [4, 7, 11] 4 6 
E:min7 [2, 4, 7, 11] 4 2 
C#:dim [1, 4, 7] 1 4 
C:maj [0, 4, 7] 0 4 
B:min [2, 6, 11] 11 4 
E:min [4, 7, 11] 4 4 
C#:dim [1, 4, 7] 1 4 
C:maj [0, 4, 7] 0 2 
C:maj7 [0, 4, 7, 10] 0 2 
A:min [0, 4, 9] 9 4 
C:min [0, 3, 7] 0 4 
B:min [2, 6, 11] 11 4 
E:min [4, 7, 11] 4 4 
D:maj [2, 6, 9] 2 4 
C:maj [0, 4, 7] 0 4 
E:min [4, 7, 11] 4 8 
