A:sus2 [4, 9, 11] 9 4
F#:min [1, 6, 9] 6 4
D:maj [2, 6, 9] 2 1
E:maj [4, 8, 11] 4 1
C#:min [1, 4, 8] 1 1
F#:min [1, 6, 9] 6 1
D:sus2 [2, 4, 9] 2 4
E:maj [4, 8, 11] 4 4
A:maj [1, 4, 9] 9 4
D:sus2 [2, 4, 9] 2 4
E:maj [4, 8, 11] 4 4
A:maj [1, 4, 9] 9 4
D:sus2 [2, 4, 9] 2 2
E:maj [4, 8, 11] 4 2
C#:min [1, 4, 8] 1 2
F#:min [1, 6, 9] 6 2
B:min [2, 6, 11] 11 4
E:maj [4, 8, 11] 4 4
A:maj [1, 4, 9] 9 4
D:maj [2, 6, 9] 2 4
E:maj [4, 8, 11] 4 4
A:maj [1, 4, 9] 9 4
D:sus2 [2, 4, 9] 2 2
E:maj [4, 8, 11] 4 2
C#:min [1, 4, 8] 1 2
F#:min [1, 6, 9] 6 2
D:min [2, 5, 9] 2 4
E:maj [4, 8, 11] 4 4
A:sus2 [4, 9, 11] 9 4
E:maj [4, 8, 11] 4 4
D:sus2 [2, 4, 9] 2 4
E:maj [4, 8, 11] 4 4
A:maj [1, 4, 9] 9 4
C#:min [1, 4, 8] 1 4
D:maj [2, 6, 9] 2 4
E:maj [4, 8, 11] 4 4
A:maj [1, 4, 9] 9 4
F#:min [1, 6, 9] 6 2
C#:min [1, 4, 8] 1 2
D:maj [2, 6, 9] 2 2
A:maj [1, 4, 9] 9 2
D:sus2 [2, 4, 9] 2 2
C#:min [1, 4, 8] 1 2
B:min [2, 6, 11] 11 1
E:maj [4, 8, 11] 4 1
A:maj [1, 4, 9] 9 1
A:maj [1, 4, 9] 9 5
D:maj [2, 6, 9] 2 4
E:maj [4, 8, 11] 4 4
A:maj [1, 4, 9] 9 4
D:sus2 [2, 4, 9] 2 2
E:maj [4, 8, 11] 4 2
C#:min [1, 4, 8] 1 2
F#:min [1, 6, 9] 6 2
D:min [2, 5, 9] 2 4
E:maj [4, 8, 11] 4 4
A:sus2 [4, 9, 11] 9 4
E:maj [4, 8, 11] 4 4
D:sus2 [2, 4, 9] 2 4
E:maj [4, 8, 11] 4 4
A:maj [1, 4, 9] 9 4
C#:min [1, 4, 8] 1 4
D:maj [2, 6, 9] 2 4
E:maj [4, 8, 11] 4 4
A:maj [1, 4, 9] 9 4
F#:min [1, 6, 9] 6 1
D:maj7 [0, 2, 6, 9] 2 3
E:maj [4, 8, 11] 4 2
A:maj [1, 4, 9] 9 2
D:maj [2, 6, 9] 2 2
F#:maj [1, 6, 10] 6 2
B:min [2, 6, 11] 11 1
E:maj [4, 8, 11] 4 1
F:maj [0, 5, 9] 5 2
Bb:sus2 [0, 5, 10] 10 4
F:maj [0, 5, 9] 5 4
Eb:sus2 [3, 5, 10] 3 4
F:maj [0, 5, 9] 5 4
Bb:maj [2, 5, 10] 10 4
D:min [2, 5, 9] 2 4
Eb:maj [3, 7, 10] 3 4
F:maj [0, 5, 9] 5 4
Bb:maj [2, 5, 10] 10 8
G:min [2, 7, 10] 7 4
Eb:maj [3, 7, 10] 3 2
G:maj [2, 7, 11] 7 2
C:min [0, 3, 7] 0 1
F:maj [0, 5, 9] 5 1
