A:maj [1, 4, 9] 9 2 
C#:min [1, 4, 8] 1 2 
D:maj [2, 6, 9] 2 4 
A:maj [1, 4, 9] 9 2 
A:maj(9)/3 [1, 4, 7, 9, 11] 1 2 
D:maj [2, 6, 9] 2 3 
E:maj [4, 8, 11] 4 1 
A:maj [1, 4, 9] 9 4 
F#:min7 [1, 4, 6, 9] 6 4 
D:maj [2, 6, 9] 2 4 
E:sus2 [4, 6, 11] 4 4 
A:maj [1, 4, 9] 9 4 
C#:min [1, 4, 8] 1 2 
F#:min [1, 6, 9] 6 2 
B:min [2, 6, 11] 11 4 
E:maj [4, 8, 11] 4 4 
A:maj [1, 4, 9] 9 4 
C#:min [1, 4, 8] 1 2 
F#:min [1, 6, 9] 6 2 
B:min [2, 6, 11] 11 2 
C#:min [1, 4, 8] 1 2 
D:maj [2, 6, 9] 2 2 
E:maj [4, 8, 11] 4 2 
A:maj [1, 4, 9] 9 4 
C#:min [1, 4, 8] 1 2 
F#:min [1, 6, 9] 6 2 
B:min [2, 6, 11] 11 2 
C#:min [1, 4, 8] 1 2 
D:maj [2, 6, 9] 2 2 
E:maj [4, 8, 11] 4 2 
A:maj [1, 4, 9] 9 4 
C#:sus4 [1, 6, 8] 1 2 
F#:min [1, 6, 9] 6 2 
C#:min [1, 4, 8] 1 2 
F#:min [1, 6, 9] 6 2 
B:min [2, 6, 11] 11 2 
C#:min [1, 4, 8] 1 2 
D:min [2, 5, 9] 2 2 
E:maj [4, 8, 11] 4 2 
A:maj [1, 4, 9] 9 4 
C#:min [1, 4, 8] 1 2 
F#:min [1, 6, 9] 6 2 
B:min [2, 6, 11] 11 4 
E:maj [4, 8, 11] 4 4 
A:maj [1, 4, 9] 9 4 
C#:min [1, 4, 8] 1 2 
F#:min [1, 6, 9] 6 2 
B:min [2, 6, 11] 11 2 
C#:min [1, 4, 8] 1 2 
D:maj [2, 6, 9] 2 2 
E:maj [4, 8, 11] 4 2 
A:maj [1, 4, 9] 9 4 
C#:min [1, 4, 8] 1 2 
F#:min [1, 6, 9] 6 2 
B:min [2, 6, 11] 11 2 
C#:min [1, 4, 8] 1 2 
D:maj [2, 6, 9] 2 2 
E:maj [4, 8, 11] 4 2 
A:maj [1, 4, 9] 9 8 
C#:min [1, 4, 8] 1 2 
F#:min [1, 6, 9] 6 2 
B:min [2, 6, 11] 11 2 
C#:min [1, 4, 8] 1 2 
D:maj [2, 6, 9] 2 2 
E:maj [4, 8, 11] 4 2 
A:maj [1, 4, 9] 9 4 
C#:min [1, 4, 8] 1 2 
F#:min [1, 6, 9] 6 2 
B:min [2, 6, 11] 11 2 
C#:min [1, 4, 8] 1 2 
D:maj [2, 6, 9] 2 2 
E:maj [4, 8, 11] 4 2 
F#:min7/5 [1, 4, 6, 9] 1 2 
C#:min [1, 4, 8] 1 2 
D:maj [2, 6, 9] 2 3 
E:maj [4, 8, 11] 4 1 
A:maj [1, 4, 9] 9 2 
A:maj/3 [1, 4, 9] 1 2 
D:maj [2, 6, 9] 2 3 
E:maj [4, 8, 11] 4 2 
A:maj [1, 4, 9] 9 1 
