0 64
73 1
0 1
73 1
75 1
77 1
0 1
77 1
75 1
73 2
70 2
68 2
0 2
73 2
0 1
75 1
77 2
75 1
73 1
75 2
0 6
73 1
0 1
73 1
75 1
77 1
0 1
77 1
75 1
77 1
0 1
75 1
73 1
70 1
0 2
70 1
75 1
0 2
73 1
70 1
73 1
70 2
68 2
0 6
68 1
0 1
68 1
70 1
73 1
0 1
73 1
0 1
75 1
0 1
75 1
73 1
70 1
0 3
73 3
77 1
75 1
0 2
73 1
75 2
70 1
68 1
70 1
0 3
68 2
0 1
70 1
73 1
0 1
75 1
77 1
80 1
0 1
77 1
0 1
73 1
75 1
70 1
0 1
70 2
0 1
75 1
75 1
0 1
73 1
70 1
68 2
0 6
80 1
80 1
0 1
80 1
80 1
0 1
77 1
80 1
82 1
0 2
82 1
82 1
80 1
77 1
0 1
82 1
82 1
82 1
82 1
82 1
0 1
80 1
77 1
77 2
75 2
0 4
82 1
0 1
80 1
82 1
80 1
0 1
77 2
75 1
0 1
75 1
73 1
70 1
73 1
70 1
0 1
75 1
75 1
75 1
77 1
75 1
0 1
73 1
70 1
68 2
0 70
73 1
0 1
73 1
75 1
77 1
0 1
77 1
75 1
73 2
70 2
68 2
0 2
73 2
0 1
75 1
77 2
75 1
73 1
75 2
0 6
73 1
0 1
73 1
75 1
77 1
0 1
77 1
75 1
77 1
0 1
75 1
73 1
70 1
0 2
70 1
75 1
0 2
73 1
70 1
73 1
70 2
68 2
0 6
68 1
0 1
68 1
70 1
73 1
0 1
73 1
0 1
75 1
0 1
75 1
73 1
70 1
0 3
73 3
77 1
75 1
0 2
73 1
75 2
70 1
68 1
70 1
0 3
68 2
0 1
70 1
73 1
0 1
75 1
77 1
80 1
0 1
77 1
0 1
73 1
75 1
73 1
0 1
70 2
0 1
75 1
75 1
0 1
73 1
70 1
68 2
0 6
80 1
80 1
0 1
80 1
80 1
0 1
77 1
80 1
82 1
0 2
82 1
82 1
80 1
77 1
0 1
82 1
82 1
82 1
82 1
82 1
0 1
80 1
77 1
77 2
75 2
0 4
82 1
0 1
80 1
82 1
80 1
0 1
77 2
75 1
0 1
75 1
73 1
70 1
73 1
70 1
0 1
75 1
75 1
75 1
77 1
75 1
0 1
73 1
70 1
68 2
0 6
82 1
0 1
80 1
82 1
80 1
0 1
77 1
0 1
75 1
0 1
75 1
73 1
73 1
0 1
70 1
0 1
75 1
0 1
75 1
75 1
75 1
0 1
73 2
70 4
0 4
80 4
