G:min [2, 7, 10] 7 4
Bb:maj/5 [2, 5, 10] 5 4
Eb:maj [3, 7, 10] 3 2
C:min [0, 3, 7] 0 2
A:dim [0, 3, 9] 9 2
D:sus4(b7) [2, 7, 9] 2 6
G:min [2, 7, 10] 7 8
Eb:maj [3, 7, 10] 3 2
F:maj [0, 5, 9] 5 2
Bb:maj [2, 5, 10] 10 2
D:maj [2, 6, 9] 2 2
G:sus2 [2, 7, 9] 7 8
Eb:maj [3, 7, 10] 3 2
D:7 [0, 2, 6, 9] 2 2
G:min [2, 7, 10] 7 2
D:maj [2, 6, 9] 2 2
G:min [2, 7, 10] 7 4
C:min [0, 3, 7] 0 4
F:maj [0, 5, 9] 5 4
Bb:maj [2, 5, 10] 10 4
A:hdim7 [0, 3, 6, 9] 9 2
D:7 [0, 2, 6, 9] 2 2
G:maj [2, 7, 11] 7 1
F:maj [0, 5, 9] 5 1
Eb:maj [3, 7, 10] 3 2
C:min [0, 3, 7] 0 4
D:7 [0, 2, 6, 9] 2 4
G:min [2, 7, 10] 7 4
C:min [0, 3, 7] 0 4
F:maj [0, 5, 9] 5 4
Bb:maj [2, 5, 10] 10 4
A:hdim7 [0, 3, 6, 9] 9 2
D:7 [0, 2, 6, 9] 2 2
G:maj [2, 7, 11] 7 1
G:min [2, 7, 10] 7 1
Eb:maj [3, 7, 10] 3 2
C:min [0, 3, 7] 0 2
D:sus4 [2, 7, 9] 2 2
G:min [2, 7, 10] 7 4
Bb:maj/5 [2, 5, 10] 5 4
Eb:maj [3, 7, 10] 3 2
C:min [0, 3, 7] 0 2
D:maj [2, 6, 9] 2 4
G:min [2, 7, 10] 7 8
Eb:maj [3, 7, 10] 3 2
F:maj [0, 5, 9] 5 2
Bb:maj [2, 5, 10] 10 2
D:maj [2, 6, 9] 2 2
G:sus2 [2, 7, 9] 7 8
Eb:maj [3, 7, 10] 3 2
D:7 [0, 2, 6, 9] 2 2
G:min [2, 7, 10] 7 2
D:maj [2, 6, 9] 2 2
G:min [2, 7, 10] 7 4
C:min [0, 3, 7] 0 4
F:maj [0, 5, 9] 5 4
Bb:maj [2, 5, 10] 10 3
Bb:maj7 [2, 5, 8, 10] 10 1
A:dim [0, 3, 9] 9 2
D:maj [2, 6, 9] 2 2
G:min [2, 7, 10] 7 1
F:maj [0, 5, 9] 5 1
Eb:maj [3, 7, 10] 3 2
C:min [0, 3, 7] 0 4
D:maj [2, 6, 9] 2 4
G:min [2, 7, 10] 7 4
C:min [0, 3, 7] 0 4
D:min/b3 [2, 5, 9] 5 3
Bb:maj7 [2, 5, 8, 10] 10 5
A:dim [0, 3, 9] 9 2
D:maj [2, 6, 9] 2 1
G:minmaj7 [2, 6, 7, 10] 7 2
F:maj [0, 5, 9] 5 1
E:hdim7 [1, 4, 7, 10] 4 1
C:min [0, 3, 7] 0 3
D:maj [2, 6, 9] 2 3
Eb:maj [3, 7, 10] 3 3
D:min7 [0, 2, 5, 9] 2 4
Eb:maj [3, 7, 10] 3 4
G:sus4 [0, 2, 7] 7 4
C:min [0, 3, 7] 0 2
Bb:maj [2, 5, 10] 10 2
Ab:maj [0, 3, 8] 8 2
D:7 [0, 2, 6, 9] 2 2
D:maj [2, 6, 9] 2 8
G:min [2, 7, 10] 7 4
C:sus2 [0, 2, 7] 0 4
F:maj [0, 5, 9] 5 4
Bb:maj [2, 5, 10] 10 4
F:maj/3 [0, 5, 9] 9 2
D:7 [0, 2, 6, 9] 2 2
G:min [2, 7, 10] 7 2
Eb:maj [3, 7, 10] 3 2
C:min [0, 3, 7] 0 4
D:maj [2, 6, 9] 2 4
G:min [2, 7, 10] 7 4
C:min [0, 3, 7] 0 4
F:maj [0, 5, 9] 5 4
Bb:maj [2, 5, 10] 10 3
Bb:maj7 [2, 5, 8, 10] 10 1
A:dim [0, 3, 9] 9 2
D:maj [2, 6, 9] 2 2
G:min [2, 7, 10] 7 1
F:maj [0, 5, 9] 5 1
E:hdim7 [1, 4, 7, 10] 4 2
Eb:maj7 [1, 3, 7, 10] 3 2
D:maj [2, 6, 9] 2 2
C:min [0, 3, 7] 0 4
Eb:maj [3, 7, 10] 3 2
D:7 [0, 2, 6, 9] 2 6
G:sus2 [2, 7, 9] 7 4
G:min9 [2, 5, 7, 9, 10] 7 2
A:min7/b7 [0, 4, 7, 9] 7 1
