0 76
67 2
74 9
0 3
74 1
0 1
72 2
70 2
74 1
0 1
72 1
0 1
72 2
70 1
72 6
0 1
67 2
72 9
0 1
75 1
0 1
74 2
72 2
72 2
70 1
0 1
70 1
0 1
72 1
74 4
0 1
67 2
74 7
0 5
79 1
0 1
74 1
0 1
72 1
70 1
74 1
0 1
72 1
0 1
72 2
70 1
0 1
72 4
0 2
67 1
0 1
72 9
0 1
75 2
74 2
0 1
69 1
69 2
70 1
67 7
0 2
74 2
82 2
81 2
79 2
81 1
0 1
79 1
0 1
81 1
0 1
82 1
0 1
82 1
0 1
74 1
0 1
75 1
0 1
77 1
75 8
0 4
81 1
79 2
77 2
79 1
0 1
77 1
0 1
79 2
77 1
0 1
79 3
0 1
75 2
0 1
74 9
0 3
74 1
74 1
0 1
72 2
72 1
0 1
71 1
74 2
0 1
72 4
0 1
79 1
81 2
81 1
0 1
81 2
79 2
79 4
0 2
79 1
78 1
79 1
0 1
78 1
0 1
79 1
0 1
78 1
0 1
79 1
0 1
78 1
0 1
79 1
0 1
81 10
0 4
74 2
82 2
81 2
79 2
81 1
0 1
79 1
0 1
81 1
0 1
82 1
0 1
82 1
0 1
74 1
0 1
75 1
0 1
77 1
75 8
0 4
81 1
79 2
77 2
79 1
0 1
77 1
0 1
79 2
81 1
84 3
72 2
75 2
77 2
74 6
0 5
74 1
74 1
0 1
72 2
72 1
0 1
71 1
74 2
0 1
72 4
0 1
79 1
81 2
81 1
0 1
81 2
79 2
79 4
0 3
72 1
74 2
72 1
0 1
72 2
70 1
0 1
70 2
69 1
69 3
74 4
67 10
0 48
67 2
74 9
0 3
74 1
0 1
72 2
70 2
74 1
0 1
72 1
0 1
72 2
70 1
72 6
0 1
67 2
72 9
0 1
75 1
0 1
74 2
72 2
72 2
70 1
0 1
70 1
0 1
72 1
74 4
0 1
67 2
74 7
0 5
79 1
0 1
74 1
0 1
72 1
70 1
74 1
0 1
72 1
0 1
72 2
70 1
0 1
72 4
0 2
67 1
0 11
75 2
74 2
0 1
69 1
69 2
70 1
67 4
0 5
74 2
82 2
81 2
79 2
81 1
0 1
79 1
0 1
81 1
0 1
82 1
0 1
82 1
0 1
74 1
0 1
75 1
0 1
77 1
75 8
0 4
81 1
79 2
77 2
79 1
0 1
77 1
0 1
79 2
77 1
0 1
79 3
0 1
75 2
0 1
74 9
0 3
74 1
74 1
0 1
72 2
72 1
0 1
71 1
74 2
0 1
72 4
0 1
79 1
81 2
81 1
0 1
81 2
79 2
79 4
0 2
79 1
78 1
79 1
0 1
78 1
0 1
79 1
0 1
78 1
0 1
79 1
0 1
78 1
0 1
79 1
0 1
81 10
0 4
74 2
82 2
81 2
79 2
81 1
0 1
79 2
0 2
82 1
0 1
82 1
0 1
74 1
0 1
75 1
0 1
77 1
75 8
0 4
81 1
79 2
77 2
79 1
0 1
77 1
0 1
79 2
81 1
84 3
72 2
75 2
77 2
74 6
0 5
74 1
74 1
0 1
72 2
72 1
0 1
71 1
74 2
0 1
72 4
0 1
79 1
81 2
81 1
0 1
81 2
79 2
79 4
0 3
72 1
74 2
72 2
72 2
70 1
0 1
70 2
69 1
69 3
74 4
67 10
0 4
0 108
74 2
82 2
81 2
79 2
81 1
0 1
79 1
0 1
81 1
0 1
82 1
0 1
82 1
0 1
74 1
0 1
75 1
0 1
77 1
75 8
0 4
81 1
79 2
77 2
79 1
0 1
77 1
0 1
79 2
77 1
0 1
79 3
0 1
75 2
0 1
74 9
0 3
74 1
74 1
0 1
72 2
72 1
0 1
71 1
74 2
0 1
72 4
0 1
79 1
81 2
81 1
0 1
81 2
79 2
79 4
0 2
79 1
78 1
79 1
0 1
78 1
0 1
79 1
0 1
78 1
0 1
79 1
0 1
78 1
0 1
79 1
0 1
81 10
0 4
74 2
82 2
81 2
79 2
81 1
0 1
79 1
0 1
81 1
0 1
82 1
0 1
82 1
0 1
74 1
0 1
75 1
0 1
77 1
75 8
0 4
81 1
79 2
77 2
79 1
0 1
77 1
0 1
79 2
81 1
84 3
72 2
75 2
77 2
74 6
0 5
74 1
74 1
0 1
72 2
72 1
0 1
71 1
74 2
0 1
72 4
0 1
79 1
81 2
81 1
0 1
81 2
79 2
79 4
0 3
72 1
74 2
72 2
72 2
70 1
0 1
70 2
69 1
69 3
74 4
67 10
0 2
79 1
77 1
79 2
74 1
0 1
72 2
70 2
70 2
0 1
69 1
0 1
69 13
0 1
74 6
67 12
