F:maj [0, 5, 9] 5 2 
C:maj [0, 4, 7] 0 2 
D:min [2, 5, 9] 2 2 
A:maj [1, 4, 9] 9 2 
G:min [2, 7, 10] 7 2 
A:min [0, 4, 9] 9 2 
Bb:maj [2, 5, 10] 10 1 
A:7 [1, 4, 7, 9] 9 1 
F#:min/b3 [1, 6, 9] 9 2 
D:min [2, 5, 9] 2 2 
F:maj [0, 5, 9] 5 2 
C:maj [0, 4, 7] 0 4 
D:min [2, 5, 9] 2 3 
F:maj [0, 5, 9] 5 1 
C:maj [0, 4, 7] 0 4 
G:maj [2, 7, 11] 7 2 
A:min [0, 4, 9] 9 2 
Bb:maj [2, 5, 10] 10 1 
Bb:maj(9) [0, 2, 5, 8, 10] 10 1 
F:maj [0, 5, 9] 5 2 
G:min [2, 7, 10] 7 2 
A:min [0, 4, 9] 9 2 
D:min [2, 5, 9] 2 6 
F:maj [0, 5, 9] 5 2 
C:maj [0, 4, 7] 0 4 
D:min [2, 5, 9] 2 2 
F:maj [0, 5, 9] 5 2 
C:maj [0, 4, 7] 0 4 
G:min [2, 7, 10] 7 2 
A:min [0, 4, 9] 9 2 
Bb:maj [2, 5, 10] 10 1 
C:maj [0, 4, 7] 0 1 
F:maj [0, 5, 9] 5 2 
G:min [2, 7, 10] 7 2 
A:min [0, 4, 9] 9 2 
D:min [2, 5, 9] 2 4 
F:maj [0, 5, 9] 5 2 
C:maj [0, 4, 7] 0 2 
D:min [2, 5, 9] 2 2 
A:min [0, 4, 9] 9 2 
G:maj [2, 7, 11] 7 2 
A:min [0, 4, 9] 9 2 
Bb:maj [2, 5, 10] 10 1 
C:maj [0, 4, 7] 0 1 
F:maj [0, 5, 9] 5 1 
A:maj [1, 4, 9] 9 1 
F:maj [0, 5, 9] 5 2 
C:maj [0, 4, 7] 0 2 
D:min [2, 5, 9] 2 2 
A:min [0, 4, 9] 9 2 
G:maj [2, 7, 11] 7 2 
A:min [0, 4, 9] 9 2 
Bb:maj [2, 5, 10] 10 1 
C:maj [0, 4, 7] 0 1 
D:min [2, 5, 9] 2 4 
C:maj [0, 4, 7] 0 2 
D:min [2, 5, 9] 2 2 
A:maj [1, 4, 9] 9 2 
G:min [2, 7, 10] 7 2 
A:min [0, 4, 9] 9 2 
Bb:maj [2, 5, 10] 10 1 
C:maj [0, 4, 7] 0 1 
F:maj [0, 5, 9] 5 4 
C:maj [0, 4, 7] 0 2 
D:min [2, 5, 9] 2 2 
A:maj [1, 4, 9] 9 2 
G:min [2, 7, 10] 7 2 
A:min [0, 4, 9] 9 2 
D:min [2, 5, 9] 2 3 
A:maj [1, 4, 9] 9 1 
D:min [2, 5, 9] 2 2 
F:maj [0, 5, 9] 5 2 
C:maj [0, 4, 7] 0 4 
D:min [2, 5, 9] 2 2 
F:maj [0, 5, 9] 5 2 
C:maj [0, 4, 7] 0 4 
G:min [2, 7, 10] 7 2 
A:min [0, 4, 9] 9 2 
Bb:maj [2, 5, 10] 10 1 
C:maj [0, 4, 7] 0 1 
F:maj [0, 5, 9] 5 2 
G:min [2, 7, 10] 7 2 
A:min [0, 4, 9] 9 2 
D:min [2, 5, 9] 2 4 
F:maj [0, 5, 9] 5 2 
C:maj [0, 4, 7] 0 2 
D:min [2, 5, 9] 2 2 
A:min [0, 4, 9] 9 2 
G:maj [2, 7, 11] 7 2 
A:min [0, 4, 9] 9 2 
Bb:maj [2, 5, 10] 10 1 
C:maj [0, 4, 7] 0 1 
F:maj [0, 5, 9] 5 4 
C:maj [0, 4, 7] 0 2 
D:min [2, 5, 9] 2 2 
A:min [0, 4, 9] 9 2 
G:maj [2, 7, 11] 7 2 
A:min [0, 4, 9] 9 2 
Bb:maj [2, 5, 10] 10 1 
C:maj [0, 4, 7] 0 1 
D:min [2, 5, 9] 2 2 
Bb:maj [2, 5, 10] 10 2 
A:maj [1, 4, 9] 9 2 
Bb:maj [2, 5, 10] 10 1 
C:sus4 [0, 5, 7] 0 1 
D:min [2, 5, 9] 2 2 
G:maj [2, 7, 11] 7 2 
C:maj [0, 4, 7] 0 2 
F:maj [0, 5, 9] 5 2 
A:maj [1, 4, 9] 9 2 
Bb:maj [2, 5, 10] 10 2 
C:maj [0, 4, 7] 0 2 
F:maj [0, 5, 9] 5 2 
D:min [2, 5, 9] 2 2 
G:maj [2, 7, 11] 7 2 
C:maj [0, 4, 7] 0 2 
D:min [2, 5, 9] 2 4 
F:maj [0, 5, 9] 5 2 
C:maj [0, 4, 7] 0 2 
D:min [2, 5, 9] 2 2 
A:min [0, 4, 9] 9 2 
G:min [2, 7, 10] 7 2 
A:min [0, 4, 9] 9 2 
Bb:maj [2, 5, 10] 10 2 
F:maj [0, 5, 9] 5 4 
C:maj [0, 4, 7] 0 2 
D:min [2, 5, 9] 2 2 
A:min [0, 4, 9] 9 2 
G:maj [2, 7, 11] 7 2 
A:min [0, 4, 9] 9 10 
F:maj [0, 5, 9] 5 2 
C:maj [0, 4, 7] 0 2 
D:min [2, 5, 9] 2 2 
A:maj [1, 4, 9] 9 2 
G:min [2, 7, 10] 7 2 
A:min [0, 4, 9] 9 7 
D:maj [2, 6, 9] 2 4 
