0 66
74 1
72 1
74 3
72 1
74 2
72 1
69 3
65 1
65 1
67 5
0 13
74 1
72 1
74 3
72 1
74 2
72 3
0 1
65 1
67 1
69 2
67 7
0 9
67 1
69 1
67 2
69 1
67 2
69 1
72 2
69 4
74 2
72 1
0 1
72 1
65 1
65 1
72 3
69 6
0 2
67 1
69 1
67 2
69 1
67 2
69 1
72 2
69 3
60 1
65 2
62 9
0 7
74 1
72 1
74 3
72 1
74 2
72 1
72 1
0 1
69 2
65 1
69 2
67 1
67 4
0 11
74 1
72 1
74 3
72 1
74 2
72 3
0 1
65 1
67 1
69 2
67 1
67 6
0 9
67 1
69 1
67 2
69 1
72 2
0 1
69 3
0 1
69 1
69 1
74 2
72 1
0 1
65 2
67 1
69 6
0 5
67 1
69 1
67 2
69 1
72 2
69 4
0 1
60 1
60 1
65 2
62 9
0 1
62 1
64 1
65 1
62 1
69 2
69 1
69 3
0 2
67 2
69 1
67 2
0 1
69 1
72 1
74 2
74 1
74 1
74 3
77 1
76 2
72 4
0 2
67 1
69 1
67 1
69 1
67 2
69 1
72 3
69 3
0 1
69 1
69 1
74 1
0 1
74 1
74 1
72 1
0 1
72 2
69 4
0 3
67 1
69 1
0 1
69 1
69 3
0 2
67 1
0 1
69 1
67 2
0 1
69 1
72 1
74 1
74 1
74 1
74 1
74 1
77 2
76 1
74 2
72 4
0 2
67 1
69 1
67 1
69 1
67 2
69 1
72 3
69 3
0 2
60 1
65 3
62 12
0 131
74 1
72 1
74 3
72 1
74 2
72 1
72 1
0 1
69 2
65 1
69 2
67 1
67 4
0 11
74 1
72 1
74 3
72 1
74 2
72 3
0 1
65 1
67 1
69 2
67 1
67 6
0 9
67 1
69 1
67 2
69 1
72 2
0 1
69 3
0 1
69 1
69 1
74 2
72 1
0 1
65 2
67 1
69 6
0 5
67 1
69 1
67 2
69 1
72 2
69 4
0 1
60 1
60 1
65 2
62 9
0 1
62 1
64 1
65 1
62 1
69 2
69 1
69 3
0 2
67 2
69 1
67 2
0 1
69 1
72 1
74 2
74 1
74 1
74 3
77 1
76 2
72 4
0 2
67 1
69 1
67 1
69 1
67 2
69 1
72 3
69 3
0 1
69 1
69 1
74 1
0 1
74 1
74 1
72 1
0 1
72 2
69 4
0 3
67 1
69 1
0 1
69 1
69 3
0 2
67 1
0 1
69 1
67 2
0 1
69 1
72 1
74 1
74 1
74 1
74 1
74 1
77 2
76 1
74 2
72 4
0 2
67 1
69 1
67 1
69 1
67 2
69 1
72 3
69 3
0 2
60 1
65 3
62 12
0 1
77 5
0 1
76 1
74 1
76 2
69 3
0 1
69 1
69 1
70 1
0 1
77 1
0 1
76 1
74 1
72 2
74 5
0 1
77 1
77 1
79 5
0 1
77 1
76 3
72 2
79 1
0 1
79 1
79 3
81 13
0 1
86 6
89 1
86 3
84 5
0 1
81 2
84 2
81 2
79 2
77 5
0 1
76 1
77 1
79 5
0 1
77 1
76 3
72 2
76 1
0 1
77 1
0 1
76 3
74 9
62 1
64 1
65 1
62 1
69 2
69 1
69 3
0 2
67 2
69 1
67 2
0 1
69 1
72 1
74 2
74 1
74 1
74 3
77 1
76 2
72 4
0 2
67 1
69 1
67 1
69 1
67 2
69 1
72 3
69 3
0 1
69 1
69 1
74 1
0 1
74 1
74 1
72 1
0 1
72 2
69 4
0 3
67 1
69 1
0 1
69 1
69 3
0 2
67 1
0 1
69 1
67 2
0 1
69 1
72 1
74 1
74 1
74 1
74 1
74 1
77 2
76 1
74 2
72 4
0 2
67 1
69 1
67 1
69 1
67 2
69 1
72 3
69 14
0 8
60 4
0 1
65 4
62 11
