0 4
73 4
71 4
70 4
68 6
70 1
70 7
70 1
78 7
70 1
77 7
70 1
75 13
70 2
73 1
75 8
75 1
75 2
77 2
73 2
71 1
73 8
73 1
73 2
75 2
71 2
70 1
71 7
68 1
70 1
73 6
71 1
70 21
73 4
71 4
70 4
68 6
70 1
70 7
70 1
78 7
70 1
77 7
70 1
75 13
70 2
73 1
75 8
75 1
75 2
77 2
73 2
71 1
73 8
73 1
73 2
75 2
71 2
70 1
71 7
68 1
70 1
73 6
75 1
77 9
78 4
80 4
82 18
83 2
80 2
78 1
80 7
78 1
80 19
82 2
78 2
77 1
78 7
77 1
78 19
80 2
77 2
75 1
77 8
75 1
75 16
0 84
73 4
71 4
70 4
68 6
70 1
70 7
70 1
78 7
70 1
77 7
70 1
75 13
70 2
73 1
75 8
75 1
75 2
77 2
73 2
71 1
73 8
73 1
73 2
75 2
71 2
70 1
71 7
68 1
70 1
73 6
75 1
77 9
78 4
80 4
82 18
83 2
80 2
78 1
80 7
78 1
80 19
82 2
78 2
77 1
78 7
77 1
78 19
80 2
77 2
75 1
77 5
78 2
80 2
82 18
83 2
80 2
78 1
80 7
78 1
80 19
82 2
78 2
77 1
78 7
77 1
78 19
80 2
77 2
75 1
77 9
82 16
