C#:min [1, 4, 8] 1 4
Eb:min [3, 6, 10] 3 2
Ab:maj [0, 3, 8] 8 2
C#:min [1, 4, 8] 1 2
F#:min [1, 6, 9] 6 2
Ab:maj [0, 3, 8] 8 4
C#:min [1, 4, 8] 1 4
F#:min [1, 6, 9] 6 2
C#:min [1, 4, 8] 1 2
C#:maj/5 [1, 5, 8] 8 4
C#:min [1, 4, 8] 1 10
C#:min/5 [1, 4, 8] 8 2
C#:min [1, 4, 8] 1 2
F#:min [1, 6, 9] 6 2
C#:sus2 [1, 3, 8] 1 2
Ab:maj/3 [0, 3, 8] 0 2
C#:min [1, 4, 8] 1 6
C#:min/5 [1, 4, 8] 8 2
C#:maj [1, 5, 8] 1 2
D:maj/3 [2, 6, 9] 6 2
Ab:maj [0, 3, 8] 8 2
C#:min [1, 4, 8] 1 6
C#:min(2)/ [1, 3, 4, 8] 3 2
Ab:min [3, 8, 11] 8 2
C#:min [1, 4, 8] 1 4
Ab:min/5 [3, 8, 11] 3 2
Ab:min [3, 8, 11] 8 2
F#:min [1, 6, 9] 6 8
D:maj/3 [2, 6, 9] 6 2
E:maj [4, 8, 11] 4 2
Ab:sus4 [1, 3, 8] 8 2
C#:min [1, 4, 8] 1 6
Ab:min [3, 8, 11] 8 4
C#:min [1, 4, 8] 1 4
C#:min(2)/ [1, 3, 4, 8] 3 2
Ab:min [3, 8, 11] 8 2
F#:min [1, 6, 9] 6 10
A:maj [1, 4, 9] 9 2
B:maj6 [3, 6, 8, 11] 11 2
C#:min [1, 4, 8] 1 8
Ab:min [3, 8, 11] 8 2
Ab:maj [0, 3, 8] 8 2
C#:min [1, 4, 8] 1 2
F#:min [1, 6, 9] 6 2
Ab:maj [0, 3, 8] 8 4
C#:min [1, 4, 8] 1 4
F#:min [1, 6, 9] 6 2
C#:min [1, 4, 8] 1 2
C#:maj/5 [1, 5, 8] 8 2
C#:min [1, 4, 8] 1 14
F#:min [1, 6, 9] 6 2
C#:sus2 [1, 3, 8] 1 2
C#:min [1, 4, 8] 1 8
C#:min/5 [1, 4, 8] 8 2
C#:maj [1, 5, 8] 1 2
D:maj/3 [2, 6, 9] 6 2
Ab:maj [0, 3, 8] 8 2
C#:min [1, 4, 8] 1 6
Ab:min/5 [3, 8, 11] 3 2
Ab:min [3, 8, 11] 8 2
C#:min [1, 4, 8] 1 4
Ab:min/5 [3, 8, 11] 3 2
Ab:min [3, 8, 11] 8 2
F#:min [1, 6, 9] 6 8
D:maj/3 [2, 6, 9] 6 2
E:maj [4, 8, 11] 4 2
B:maj6 [3, 6, 8, 11] 11 2
C#:sus2 [1, 3, 8] 1 6
C#:min(2)/ [1, 3, 4, 8] 3 2
Ab:min [3, 8, 11] 8 2
C#:min [1, 4, 8] 1 4
Ab:min/5 [3, 8, 11] 3 2
Ab:min [3, 8, 11] 8 2
F#:min [1, 6, 9] 6 10
A:maj [1, 4, 9] 9 2
Ab:min7 [3, 6, 8, 11] 8 2
C#:min [1, 4, 8] 1 4
F#:min [1, 6, 9] 6 2
A:maj [1, 4, 9] 9 2
Ab:min [3, 8, 11] 8 2
C#:min [1, 4, 8] 1 2
D:maj/3 [2, 6, 9] 6 2
A:maj6 [1, 4, 6, 9] 9 2
Ab:min [3, 8, 11] 8 4
