0 128
61 2
61 2
64 2
63 2
61 8
61 2
61 2
68 2
66 2
68 8
68 2
68 2
71 2
68 2
66 2
66 1
0 1
66 2
64 1
63 1
61 6
59 2
56 8
61 2
61 2
64 2
63 2
61 8
61 2
61 2
68 2
66 2
68 8
68 2
68 2
71 2
68 2
66 2
66 2
66 2
64 2
63 2
61 2
61 2
59 2
61 8
75 2
73 4
68 2
75 2
73 4
68 2
71 2
73 2
73 2
70 2
68 8
75 2
73 4
68 2
75 2
73 4
68 2
71 2
73 2
73 2
70 2
68 8
66 2
66 4
61 2
66 2
66 4
69 2
68 2
66 2
66 2
64 2
66 8
66 2
66 4
61 2
64 2
64 4
66 2
63 2
61 2
61 2
59 2
61 8
75 2
73 4
68 2
75 2
73 4
68 2
71 2
73 2
73 2
70 2
68 8
75 2
73 4
68 2
75 2
73 4
68 2
71 2
73 2
73 2
70 2
68 8
66 2
66 4
61 2
66 2
66 4
69 2
68 2
66 2
66 2
64 2
66 8
66 2
66 4
61 2
64 2
64 4
66 2
63 2
61 2
61 2
59 2
61 4
0 116
0 16
61 2
61 2
64 2
63 2
61 8
61 2
61 2
68 2
66 2
68 8
68 2
68 2
71 2
68 2
66 2
66 1
0 1
66 2
64 1
63 1
61 6
59 2
56 8
61 2
61 2
64 2
63 2
61 8
61 2
61 2
68 2
66 2
68 8
68 2
68 2
71 2
68 2
66 2
66 2
66 2
64 2
63 2
61 2
61 2
59 2
61 8
75 2
73 4
68 2
75 2
73 4
68 2
71 2
73 2
73 2
70 2
68 8
75 2
73 4
68 2
75 2
73 4
68 2
71 2
73 2
73 2
70 2
68 8
66 2
66 4
61 2
66 2
66 4
69 2
68 2
66 2
66 2
64 2
66 8
66 2
66 4
61 2
64 2
64 4
66 2
63 2
61 2
61 2
59 2
61 8
75 2
73 4
68 2
75 2
73 4
68 2
71 2
73 2
73 2
70 2
68 8
75 2
73 4
68 2
75 2
73 4
68 2
71 2
73 2
73 2
70 2
68 8
66 2
66 4
61 2
66 2
66 4
69 2
68 2
66 2
66 2
64 2
66 8
66 2
66 4
61 2
64 2
64 4
66 2
63 2
61 2
61 2
59 2
61 4
