C:min [0, 3, 7] 0 12
F:sus2 [0, 5, 7] 5 4
C:min/5 [0, 3, 7] 7 4
C:min7 [0, 3, 7, 10] 0 8
C:min/5 [0, 3, 7] 7 3
F:sus2 [0, 5, 7] 5 1
C:maj/5 [0, 4, 7] 7 4
C:min [0, 3, 7] 0 4
C:min7 [0, 3, 7, 10] 0 8
G:min/5 [2, 7, 10] 2 4
Eb:sus4 [3, 8, 10] 3 4
G:7 [2, 5, 7, 11] 7 4
C:min7 [0, 3, 7, 10] 0 4
G:min7 [2, 5, 7, 10] 7 2
Bb:maj [2, 5, 10] 10 2
Eb:sus4 [3, 8, 10] 3 4
G:7 [2, 5, 7, 11] 7 3
C:sus2 [0, 2, 7] 0 1
C:min/5 [0, 3, 7] 7 4
Ab:maj7/7 [0, 3, 6, 8] 7 2
A:sus2 [4, 9, 11] 9 2
C:min/5 [0, 3, 7] 7 4
F:min/5 [0, 5, 8] 0 4
Ab:maj/5 [0, 3, 8] 3 4
G:7 [2, 5, 7, 11] 7 4
C:min/5 [0, 3, 7] 7 4
F:min/5 [0, 5, 8] 0 4
Ab:maj/5 [0, 3, 8] 3 4
G:7 [2, 5, 7, 11] 7 10
C:maj [0, 4, 7] 0 2
C:maj [0, 4, 7] 0 8
C:min [0, 3, 7] 0 2
F:min7 [0, 3, 5, 8] 5 4
F:min [0, 5, 8] 5 2
C:min [0, 3, 7] 0 4
F:min [0, 5, 8] 5 2
G:maj [2, 7, 11] 7 2
C:min [0, 3, 7] 0 8
Bb:maj [2, 5, 10] 10 4
Eb:sus4 [3, 8, 10] 3 4
G:7 [2, 5, 7, 11] 7 4
C:min7 [0, 3, 7, 10] 0 4
G:min7 [2, 5, 7, 10] 7 4
Eb:sus4 [3, 8, 10] 3 4
G:7 [2, 5, 7, 11] 7 3
C:sus2 [0, 2, 7] 0 1
C:min/5 [0, 3, 7] 7 4
Ab:maj7/7 [0, 3, 6, 8] 7 2
A:sus2 [4, 9, 11] 9 2
C:min/5 [0, 3, 7] 7 4
F:min/5 [0, 5, 8] 0 4
Ab:maj/5 [0, 3, 8] 3 4
G:7 [2, 5, 7, 11] 7 2
C:min [0, 3, 7] 0 2
C:min/5 [0, 3, 7] 7 4
F:min/5 [0, 5, 8] 0 4
Ab:maj/5 [0, 3, 8] 3 4
G:7 [2, 5, 7, 11] 7 10
C:maj [0, 4, 7] 0 2
Eb:maj [3, 7, 10] 3 4
Ab:maj [0, 3, 8] 8 4
F:min [0, 5, 8] 5 4
Ab:maj/5 [0, 3, 8] 3 2
G:maj [2, 7, 11] 7 8
G:7 [2, 5, 7, 11] 7 2
C:min/5 [0, 3, 7] 7 4
F:min7 [0, 3, 5, 8] 5 4
Ab:maj/5 [0, 3, 8] 3 4
G:7 [2, 5, 7, 11] 7 2
C:min [0, 3, 7] 0 2
C:min/5 [0, 3, 7] 7 4
F:min7 [0, 3, 5, 8] 5 4
Ab:maj/5 [0, 3, 8] 3 4
G:7 [2, 5, 7, 11] 7 4
C:min/5 [0, 3, 7] 7 4
F:min/5 [0, 5, 8] 0 1
D:min [2, 5, 9] 2 7
G:7 [2, 5, 7, 11] 7 2
G:maj/5 [2, 7, 11] 2 2
C:min/5 [0, 3, 7] 7 4
F:min7 [0, 3, 5, 8] 5 6
Ab:maj/5 [0, 3, 8] 3 2
G:7 [2, 5, 7, 11] 7 12
C:min7 [0, 3, 7, 10] 0 8
F:min [0, 5, 8] 5 8
C:min [0, 3, 7] 0 4
F:min [0, 5, 8] 5 2
G:maj [2, 7, 11] 7 2
C:min [0, 3, 7] 0 3
