0 160
74 1
0 1
74 1
0 1
74 1
0 1
74 1
0 1
74 1
0 1
79 2
77 1
0 1
79 1
0 1
77 2
74 6
0 3
74 3
77 2
82 2
81 1
0 1
81 2
79 1
0 1
77 2
72 2
74 2
75 2
75 1
0 1
74 7
0 8
79 1
0 1
79 1
0 1
79 1
0 1
77 2
75 2
74 2
77 3
0 1
77 2
77 2
74 2
72 2
70 6
0 2
75 1
0 1
75 1
0 1
74 1
0 1
75 1
0 1
74 1
0 1
75 1
0 1
77 2
0 2
79 1
0 1
79 1
0 1
79 1
0 1
79 1
0 1
76 1
78 1
0 1
79 1
0 2
78 4
79 3
0 2
81 20
0 6
71 1
0 1
76 1
0 1
83 1
0 1
83 8
0 2
71 1
0 1
76 1
0 1
83 1
0 1
83 3
0 1
81 1
0 1
81 3
0 1
79 2
78 1
0 1
79 1
0 1
81 9
0 1
83 2
81 1
0 1
83 1
0 1
81 2
0 1
79 4
0 1
79 2
76 1
0 1
76 1
0 1
78 1
0 1
79 9
0 1
76 1
0 1
83 2
0 1
81 5
0 2
79 2
78 1
0 1
79 1
0 1
81 1
0 1
84 1
0 1
84 3
0 1
83 2
0 4
83 2
81 1
0 1
84 2
0 2
83 4
71 1
0 1
76 2
0 2
83 3
0 1
83 8
0 2
71 2
76 1
0 1
83 1
0 1
83 3
0 1
84 1
0 1
81 2
0 2
79 2
78 1
0 1
79 1
0 1
81 8
0 2
74 2
78 1
0 1
81 1
84 3
83 1
0 1
83 1
0 1
81 1
0 1
81 1
0 1
79 1
0 1
78 1
0 1
76 1
0 1
79 5
0 5
76 1
0 1
81 1
0 1
79 1
0 1
78 7
0 1
79 3
0 1
78 3
0 2
79 16
0 87
74 1
0 1
74 1
0 1
74 1
0 1
74 1
0 1
74 1
0 1
79 1
0 1
77 1
0 1
79 1
0 1
77 1
0 1
74 2
0 8
74 2
77 1
0 1
82 1
0 1
81 1
0 1
81 1
0 1
79 1
0 1
77 1
0 1
72 1
0 1
74 1
0 1
75 1
0 1
75 2
0 1
74 5
0 10
79 1
0 1
79 1
0 1
79 1
0 1
77 2
72 2
0 2
77 3
77 1
0 2
77 1
0 1
74 1
0 1
72 1
0 1
70 6
0 2
75 1
0 1
75 1
0 1
74 1
0 1
75 1
0 1
74 1
0 1
75 1
0 1
77 3
0 1
79 1
0 1
79 1
0 1
79 1
0 1
79 1
0 1
76 1
0 1
78 1
0 1
79 1
0 1
78 3
0 1
79 3
0 1
81 19
0 7
71 1
0 1
76 1
0 1
83 1
0 1
83 8
0 2
71 1
76 1
0 2
83 1
0 1
83 3
0 1
81 1
0 1
81 3
0 1
79 2
78 1
0 1
79 1
0 1
81 9
0 1
83 2
81 1
0 1
83 1
0 1
81 2
0 1
79 4
0 1
79 2
76 1
0 1
76 1
0 1
78 1
0 1
79 9
0 1
76 1
0 1
83 2
0 1
81 5
0 2
79 2
78 1
0 1
79 1
0 1
81 1
0 1
84 1
0 1
84 3
0 1
83 2
0 4
83 2
81 1
0 1
84 2
0 2
83 4
71 1
0 1
76 2
0 2
83 3
0 1
83 8
0 2
71 2
76 1
0 1
83 1
0 1
83 3
0 1
84 1
0 1
81 2
0 2
79 2
78 1
0 1
79 1
0 1
81 8
0 2
74 2
78 1
0 1
81 1
84 3
83 1
0 1
83 1
0 1
81 1
0 1
81 1
0 1
79 1
0 1
78 1
0 1
76 1
0 1
79 5
0 5
76 1
0 1
81 1
0 1
79 1
0 1
78 7
0 1
79 3
0 1
78 3
0 1
79 17
0 85
71 1
0 1
76 2
0 2
83 3
0 1
83 8
0 2
71 2
76 1
0 1
83 1
0 1
83 3
0 1
84 1
0 1
81 2
0 2
79 2
78 1
0 1
79 1
0 1
81 8
0 2
74 2
78 1
0 1
81 1
84 3
83 1
0 1
83 1
0 1
81 1
0 1
81 1
0 1
79 1
0 1
78 1
0 1
76 1
0 1
79 5
0 5
76 1
0 1
81 1
0 1
79 1
0 1
78 7
0 1
79 4
81 2
0 2
83 17
0 7
79 5
0 1
78 2
0 2
76 30
