C:min [0, 3, 7] 0 2 
Bb:maj [2, 5, 10] 10 2 
Ab:maj [0, 3, 8] 8 2 
Eb:maj [3, 7, 10] 3 2 
C:min [0, 3, 7] 0 2 
Bb:maj [2, 5, 10] 10 2 
Ab:maj [0, 3, 8] 8 4 
C:min [0, 3, 7] 0 2 
Bb:maj [2, 5, 10] 10 2 
Ab:maj [0, 3, 8] 8 2 
Eb:maj [3, 7, 10] 3 2 
C:min [0, 3, 7] 0 2 
Bb:maj [2, 5, 10] 10 2 
G:sus4 [0, 2, 7] 7 4 
C:min [0, 3, 7] 0 2 
Bb:maj [2, 5, 10] 10 2 
Ab:maj [0, 3, 8] 8 2 
Eb:maj [3, 7, 10] 3 2 
C:min [0, 3, 7] 0 2 
Bb:maj [2, 5, 10] 10 2 
Ab:maj [0, 3, 8] 8 2 
Eb:maj [3, 7, 10] 3 2 
C:min [0, 3, 7] 0 2 
Bb:maj [2, 5, 10] 10 2 
Ab:maj [0, 3, 8] 8 2 
Eb:maj [3, 7, 10] 3 2 
C:min [0, 3, 7] 0 2 
Bb:maj [2, 5, 10] 10 2 
Ab:maj [0, 3, 8] 8 2 
G:maj [2, 7, 11] 7 2 
Ab:maj [0, 3, 8] 8 2 
G:min [2, 7, 10] 7 2 
Ab:maj [0, 3, 8] 8 2 
G:min [2, 7, 10] 7 2 
Ab:maj [0, 3, 8] 8 2 
G:min [2, 7, 10] 7 2 
F:min [0, 5, 8] 5 2 
G:maj [2, 7, 11] 7 2 
C:min [0, 3, 7] 0 2 
Bb:maj [2, 5, 10] 10 2 
Ab:maj [0, 3, 8] 8 2 
Eb:maj [3, 7, 10] 3 2 
C:min [0, 3, 7] 0 2 
Bb:maj [2, 5, 10] 10 2 
Ab:maj [0, 3, 8] 8 2 
G:maj [2, 7, 11] 7 2 
C:min [0, 3, 7] 0 2 
Bb:maj [2, 5, 10] 10 2 
Ab:maj [0, 3, 8] 8 2 
Eb:maj [3, 7, 10] 3 2 
C:min [0, 3, 7] 0 2 
Bb:maj [2, 5, 10] 10 2 
G:sus4(b7) [0, 2, 7] 7 2 
G:maj [2, 7, 11] 7 2 
C:min [0, 3, 7] 0 2 
Bb:maj [2, 5, 10] 10 2 
Ab:maj [0, 3, 8] 8 2 
Eb:maj [3, 7, 10] 3 2 
C:min [0, 3, 7] 0 2 
Bb:maj [2, 5, 10] 10 2 
Ab:maj [0, 3, 8] 8 4 
C:min [0, 3, 7] 0 2 
Bb:maj [2, 5, 10] 10 2 
Ab:maj [0, 3, 8] 8 2 
Eb:maj [3, 7, 10] 3 2 
C:min [0, 3, 7] 0 2 
Bb:maj [2, 5, 10] 10 2 
G:sus4 [0, 2, 7] 7 4 
C:min [0, 3, 7] 0 2 
Bb:maj [2, 5, 10] 10 2 
Ab:maj [0, 3, 8] 8 2 
Eb:maj [3, 7, 10] 3 2 
C:min [0, 3, 7] 0 2 
Bb:maj [2, 5, 10] 10 2 
Ab:maj [0, 3, 8] 8 2 
Eb:maj [3, 7, 10] 3 2 
C:min [0, 3, 7] 0 2 
Bb:maj [2, 5, 10] 10 2 
Ab:maj [0, 3, 8] 8 2 
Eb:maj [3, 7, 10] 3 2 
C:min [0, 3, 7] 0 2 
Bb:maj [2, 5, 10] 10 2 
Ab:maj [0, 3, 8] 8 2 
G:maj [2, 7, 11] 7 2 
Ab:maj [0, 3, 8] 8 2 
G:min [2, 7, 10] 7 2 
Ab:maj [0, 3, 8] 8 2 
G:min [2, 7, 10] 7 2 
Ab:maj [0, 3, 8] 8 2 
G:min [2, 7, 10] 7 2 
F:min [0, 5, 8] 5 2 
G:maj [2, 7, 11] 7 2 
C:min [0, 3, 7] 0 2 
Bb:maj [2, 5, 10] 10 2 
Ab:maj [0, 3, 8] 8 2 
Eb:maj [3, 7, 10] 3 2 
C:min [0, 3, 7] 0 2 
Bb:maj [2, 5, 10] 10 2 
Ab:maj [0, 3, 8] 8 2 
G:maj [2, 7, 11] 7 2 
C:min [0, 3, 7] 0 2 
Bb:maj [2, 5, 10] 10 2 
Ab:maj [0, 3, 8] 8 2 
Eb:maj [3, 7, 10] 3 2 
C:min [0, 3, 7] 0 2 
Bb:maj [2, 5, 10] 10 2 
G:7 [2, 5, 7, 11] 7 2 
G:maj [2, 7, 11] 7 2 
C:min [0, 3, 7] 0 2 
Bb:maj [2, 5, 10] 10 2 
Ab:maj [0, 3, 8] 8 2 
Eb:maj [3, 7, 10] 3 2 
C:min [0, 3, 7] 0 2 
Bb:maj [2, 5, 10] 10 2 
Ab:maj [0, 3, 8] 8 2 
G:maj [2, 7, 11] 7 2 
C:min [0, 3, 7] 0 2 
Bb:maj [2, 5, 10] 10 2 
Ab:maj [0, 3, 8] 8 2 
Eb:maj [3, 7, 10] 3 2 
C:min [0, 3, 7] 0 2 
Bb:maj [2, 5, 10] 10 2 
C:maj [0, 4, 7] 0 6 
Bb:maj [2, 5, 10] 10 2 
Ab:maj [0, 3, 8] 8 2 
Eb:maj [3, 7, 10] 3 2 
C:min [0, 3, 7] 0 2 
Bb:maj [2, 5, 10] 10 2 
Ab:maj [0, 3, 8] 8 4 
