E:min [4, 7, 11] 4 2
D:maj [2, 6, 9] 2 2
E:sus2 [4, 6, 11] 4 4
E:min [4, 7, 11] 4 2
D:sus2 [2, 4, 9] 2 2
E:min7 [2, 4, 7, 11] 4 4
E:min [4, 7, 11] 4 2
A:maj [1, 4, 9] 9 2
C:maj7 [0, 4, 7, 10] 0 2
A:maj [1, 4, 9] 9 2
C:maj [0, 4, 7] 0 2
D:sus2 [2, 4, 9] 2 2
E:sus2 [4, 6, 11] 4 6
D:sus4 [2, 7, 9] 2 2
A:min [0, 4, 9] 9 2
E:min [4, 7, 11] 4 2
C:maj [0, 4, 7] 0 2
D:sus4 [2, 7, 9] 2 2
B:sus4 [4, 6, 11] 11 4
E:maj [4, 8, 11] 4 2
D:maj [2, 6, 9] 2 2
A:min [0, 4, 9] 9 2
E:sus2 [4, 6, 11] 4 2
C:maj [0, 4, 7] 0 2
D:maj [2, 6, 9] 2 2
C:maj [0, 4, 7] 0 1
D:maj [2, 6, 9] 2 1
E:sus4 [4, 9, 11] 4 2
A:min [0, 4, 9] 9 2
G:maj [2, 7, 11] 7 2
B:maj [3, 6, 11] 11 2
E:min [4, 7, 11] 4 2
A:min7 [0, 4, 7, 9] 9 2
G:maj [2, 7, 11] 7 2
B:maj [3, 6, 11] 11 4
E:min [4, 7, 11] 4 2
D:maj [2, 6, 9] 2 2
B:min [2, 6, 11] 11 2
E:min [4, 7, 11] 4 2
A:min [0, 4, 9] 9 2
E:min [4, 7, 11] 4 2
C:maj [0, 4, 7] 0 2
D:maj [2, 6, 9] 2 2
E:min [4, 7, 11] 4 2
D:maj [2, 6, 9] 2 2
B:min [2, 6, 11] 11 2
E:min [4, 7, 11] 4 2
A:min7 [0, 4, 7, 9] 9 2
E:min [4, 7, 11] 4 2
C:maj [0, 4, 7] 0 1
E:min/5 [4, 7, 11] 11 3
E:min [4, 7, 11] 4 2
D:sus4 [2, 7, 9] 2 2
E:sus2 [4, 6, 11] 4 4
E:min [4, 7, 11] 4 2
D:sus2 [2, 4, 9] 2 2
E:min7 [2, 4, 7, 11] 4 4
E:min [4, 7, 11] 4 2
A:maj [1, 4, 9] 9 2
C:maj7 [0, 4, 7, 10] 0 2
A:maj [1, 4, 9] 9 2
C:maj [0, 4, 7] 0 2
D:sus2 [2, 4, 9] 2 2
E:sus2 [4, 6, 11] 4 5
D:maj [2, 6, 9] 2 2
A:min [0, 4, 9] 9 2
E:sus2 [4, 6, 11] 4 2
C:maj [0, 4, 7] 0 2
D:maj [2, 6, 9] 2 2
C:maj [0, 4, 7] 0 1
C:maj(9) [0, 2, 4, 7, 10] 0 1
E:sus4 [4, 9, 11] 4 2
A:min [0, 4, 9] 9 2
G:maj [2, 7, 11] 7 2
B:maj [3, 6, 11] 11 2
E:min [4, 7, 11] 4 2
A:min7 [0, 4, 7, 9] 9 2
G:maj [2, 7, 11] 7 2
B:maj [3, 6, 11] 11 4
E:min [4, 7, 11] 4 2
D:maj [2, 6, 9] 2 2
B:min [2, 6, 11] 11 2
E:min [4, 7, 11] 4 2
A:min [0, 4, 9] 9 2
E:min [4, 7, 11] 4 2
C:maj [0, 4, 7] 0 2
D:maj [2, 6, 9] 2 2
E:min [4, 7, 11] 4 2
D:maj [2, 6, 9] 2 2
B:min [2, 6, 11] 11 2
E:min [4, 7, 11] 4 2
A:min7 [0, 4, 7, 9] 9 2
E:min [4, 7, 11] 4 2
C:maj [0, 4, 7] 0 2
E:min [4, 7, 11] 4 4
D:maj [2, 6, 9] 2 2
B:min [2, 6, 11] 11 2
E:min [4, 7, 11] 4 2
A:min [0, 4, 9] 9 2
E:min [4, 7, 11] 4 2
C:maj [0, 4, 7] 0 2
D:maj [2, 6, 9] 2 2
E:min [4, 7, 11] 4 2
D:maj [2, 6, 9] 2 2
B:min [2, 6, 11] 11 2
E:min [4, 7, 11] 4 2
A:min7 [0, 4, 7, 9] 9 2
E:min [4, 7, 11] 4 2
C:maj [0, 4, 7] 0 1
E:sus4(b7) [4, 9, 11] 4 1
E:min/5 [4, 7, 11] 11 4
A:min [0, 4, 9] 9 2
E:min [4, 7, 11] 4 3
C:maj [0, 4, 7] 0 1
E:min [4, 7, 11] 4 6
D:sus4 [2, 7, 9] 2 2
E:sus2 [4, 6, 11] 4 4
E:min [4, 7, 11] 4 2
D:sus2 [2, 4, 9] 2 2
E:min7 [2, 4, 7, 11] 4 4
E:min [4, 7, 11] 4 2
A:maj [1, 4, 9] 9 2
C:maj7 [0, 4, 7, 10] 0 2
A:sus4 [2, 4, 9] 9 2
C:maj [0, 4, 7] 0 2
D:sus2 [2, 4, 9] 2 1
