0 128
70 1
68 1
70 1
73 1
68 1
0 1
70 1
0 1
66 4
66 1
0 1
68 1
0 1
70 1
68 1
70 1
73 1
68 1
0 1
70 1
0 1
66 3
0 1
68 1
0 1
70 1
0 1
71 1
70 1
71 1
75 1
70 1
0 1
71 1
0 1
68 3
0 1
63 1
0 1
66 1
0 1
70 1
0 1
68 1
0 1
68 1
0 1
66 1
0 1
68 6
0 2
70 1
68 1
70 1
73 1
68 1
0 1
70 1
0 1
66 4
66 1
0 1
68 1
0 1
70 1
68 1
70 1
73 1
68 1
0 1
70 1
0 1
66 3
0 1
68 1
0 1
70 1
0 1
71 1
70 1
71 1
75 1
70 1
0 1
71 1
0 1
68 3
0 1
63 1
0 1
66 1
0 1
70 1
0 1
68 1
0 1
68 1
0 1
66 1
0 1
68 5
0 1
66 1
68 1
70 1
0 1
68 1
0 1
70 1
0 1
75 1
0 1
73 4
0 2
63 1
65 1
66 1
0 1
63 1
0 1
66 1
0 1
71 1
0 1
70 4
0 2
68 1
70 1
68 1
0 1
68 1
66 1
68 1
0 1
66 1
68 1
70 1
0 1
73 1
0 1
70 1
0 1
68 1
70 1
68 1
0 1
66 1
70 1
68 1
0 1
68 1
0 1
66 10
0 4
70 1
73 1
75 1
0 1
78 1
0 1
75 1
0 1
73 1
0 1
70 5
0 1
70 1
73 1
68 1
68 1
0 1
70 1
68 1
0 1
66 1
68 1
70 4
0 2
68 1
70 1
68 1
0 1
70 1
0 1
68 1
0 1
66 1
68 1
70 1
0 1
73 1
0 1
70 1
0 1
70 1
73 1
75 1
0 1
78 1
0 1
75 1
0 1
70 1
0 1
73 5
0 1
70 1
73 1
75 1
0 1
78 1
0 1
75 1
0 1
73 1
0 1
70 5
0 1
70 1
73 1
68 1
68 1
0 1
70 1
68 1
0 1
66 1
68 1
70 4
0 2
68 1
70 1
68 1
0 1
70 1
0 1
68 1
0 1
66 1
68 1
70 1
0 1
73 1
0 1
70 1
0 1
70 1
73 1
75 1
0 1
78 1
0 1
75 1
0 1
70 1
0 1
73 5
0 7
70 1
73 1
75 1
78 1
78 1
0 1
73 1
0 1
70 1
73 1
75 1
78 1
78 1
0 1
75 2
0 2
70 1
68 1
70 1
73 1
0 1
73 1
73 1
0 1
70 1
0 1
75 3
0 1
70 1
73 1
75 1
78 1
78 1
0 1
73 1
0 1
70 1
73 1
75 1
78 1
78 1
0 1
75 2
0 2
70 1
68 1
70 1
73 1
0 1
73 1
73 1
0 1
70 1
0 1
75 3
0 3
70 1
73 1
75 1
0 1
78 1
0 1
80 2
78 1
0 1
77 3
0 1
75 1
0 1
73 2
75 13
0 67
70 1
68 1
70 1
73 1
68 1
0 1
70 1
0 1
66 4
66 1
0 1
68 1
0 1
70 1
68 1
70 1
73 1
68 1
0 1
70 1
0 1
66 3
0 1
68 1
0 1
70 1
0 1
71 1
70 1
71 1
75 1
70 1
0 1
71 1
0 1
68 3
0 1
63 1
0 1
66 1
0 1
70 1
0 1
68 1
0 1
68 1
0 1
66 1
0 1
68 5
0 1
66 1
68 1
70 1
0 1
68 1
0 1
70 1
0 1
75 1
0 1
73 4
0 2
63 1
65 1
66 1
0 1
63 1
0 1
66 1
0 1
71 1
0 1
70 4
0 2
68 1
70 1
68 1
0 1
68 1
66 1
68 1
0 1
66 1
68 1
70 1
0 1
73 1
0 1
70 1
0 1
68 1
70 1
68 1
0 1
66 1
70 1
68 1
0 1
68 1
0 1
66 10
0 4
70 1
73 1
75 1
0 1
78 1
0 1
75 1
0 1
73 1
0 1
70 5
0 1
70 1
73 1
68 1
68 1
0 1
70 1
68 1
0 1
66 1
68 1
70 4
0 2
68 1
70 1
68 1
0 1
70 1
0 1
68 1
0 1
66 1
68 1
70 1
0 1
73 1
0 1
70 1
0 1
70 1
73 1
75 1
0 1
78 1
0 1
75 1
0 1
70 1
0 1
73 5
0 7
70 1
73 1
75 1
78 1
78 1
0 1
73 1
0 1
70 1
73 1
75 1
78 1
78 1
0 1
75 2
0 2
70 1
68 1
70 1
73 1
0 1
73 1
73 1
0 1
70 1
0 1
75 3
0 1
70 1
73 1
75 1
78 1
78 1
0 1
73 1
0 1
70 1
73 1
75 1
78 1
78 1
0 1
75 2
0 2
70 1
68 1
70 1
73 1
0 1
73 1
73 1
0 1
70 1
0 1
75 3
0 3
70 1
73 1
75 1
0 1
78 1
0 1
80 2
78 1
0 1
77 3
0 1
75 1
0 1
73 2
75 13
0 127
70 1
73 1
75 1
78 1
78 1
0 1
73 1
0 1
70 1
73 1
75 1
78 1
78 1
0 1
75 2
0 2
70 1
68 1
70 1
73 1
0 1
73 1
73 1
0 1
70 1
0 1
75 3
0 1
70 1
73 1
75 1
78 1
78 1
0 1
73 1
0 1
70 1
73 1
75 1
78 1
78 1
0 1
75 2
0 2
70 1
68 1
70 1
73 1
0 1
73 1
73 1
0 1
70 1
0 1
75 3
0 3
70 1
73 1
75 1
0 1
78 1
0 1
80 2
78 1
0 1
77 3
0 1
75 1
0 1
73 2
75 13
0 1
70 1
73 1
75 1
0 1
78 1
0 1
80 2
78 1
0 1
77 3
0 1
75 1
0 1
73 2
75 13
