E:min [4, 7, 11] 4 2 
C:maj [0, 4, 7] 0 2 
D:maj [2, 6, 9] 2 2 
E:min [4, 7, 11] 4 4 
C:maj [0, 4, 7] 0 2 
D:maj [2, 6, 9] 2 4 
E:min [4, 7, 11] 4 2 
C:maj [0, 4, 7] 0 2 
D:maj [2, 6, 9] 2 2 
E:min [4, 7, 11] 4 4 
C:maj [0, 4, 7] 0 2 
D:maj [2, 6, 9] 2 2 
E:min [4, 7, 11] 4 4 
C:maj7 [0, 4, 7, 10] 0 2 
D:maj [2, 6, 9] 2 2 
E:min [4, 7, 11] 4 4 
C:maj7 [0, 4, 7, 10] 0 2 
D:maj [2, 6, 9] 2 2 
E:min [4, 7, 11] 4 2 
C:maj [0, 4, 7] 0 2 
D:maj [2, 6, 9] 2 2 
B:min [2, 6, 11] 11 2 
E:min [4, 7, 11] 4 2 
A:min [0, 4, 9] 9 2 
C:maj [0, 4, 7] 0 2 
D:maj [2, 6, 9] 2 4 
E:min [4, 7, 11] 4 2 
C:maj [0, 4, 7] 0 2 
D:maj [2, 6, 9] 2 2 
G:maj [2, 7, 11] 7 1 
D:maj/3 [2, 6, 9] 6 1 
E:min [4, 7, 11] 4 2 
B:min [2, 6, 11] 11 2 
C:maj [0, 4, 7] 0 2 
B:maj [3, 6, 11] 11 2 
E:min [4, 7, 11] 4 2 
A:min [0, 4, 9] 9 2 
D:maj [2, 6, 9] 2 2 
G:maj [2, 7, 11] 7 1 
D:maj/3 [2, 6, 9] 6 1 
E:min [4, 7, 11] 4 3 
B:min [2, 6, 11] 11 1 
C:maj [0, 4, 7] 0 2 
B:maj [3, 6, 11] 11 2 
E:min [4, 7, 11] 4 2 
C:maj [0, 4, 7] 0 2 
D:maj [2, 6, 9] 2 2 
E:min [4, 7, 11] 4 4 
C:maj [0, 4, 7] 0 2 
D:maj [2, 6, 9] 2 2 
E:min [4, 7, 11] 4 4 
C:maj7 [0, 4, 7, 10] 0 2 
D:maj [2, 6, 9] 2 2 
E:min [4, 7, 11] 4 4 
C:maj7 [0, 4, 7, 10] 0 2 
D:maj [2, 6, 9] 2 2 
E:min [4, 7, 11] 4 2 
C:maj [0, 4, 7] 0 2 
D:maj [2, 6, 9] 2 2 
B:min [2, 6, 11] 11 2 
E:min [4, 7, 11] 4 2 
A:min [0, 4, 9] 9 2 
C:maj [0, 4, 7] 0 2 
D:maj [2, 6, 9] 2 4 
E:min [4, 7, 11] 4 2 
C:maj [0, 4, 7] 0 2 
D:maj [2, 6, 9] 2 2 
G:maj [2, 7, 11] 7 1 
D:maj/3 [2, 6, 9] 6 1 
E:min [4, 7, 11] 4 3 
B:min [2, 6, 11] 11 1 
C:maj [0, 4, 7] 0 2 
B:maj [3, 6, 11] 11 2 
E:min [4, 7, 11] 4 2 
A:min [0, 4, 9] 9 2 
D:maj [2, 6, 9] 2 2 
G:maj [2, 7, 11] 7 1 
D:maj/3 [2, 6, 9] 6 1 
E:min [4, 7, 11] 4 3 
B:min [2, 6, 11] 11 1 
C:maj [0, 4, 7] 0 2 
B:maj [3, 6, 11] 11 2 
E:min [4, 7, 11] 4 16 
D:maj [2, 6, 9] 2 4 
B:min [2, 6, 11] 11 2 
E:min [4, 7, 11] 4 2 
A:min [0, 4, 9] 9 2 
C:maj [0, 4, 7] 0 2 
D:maj [2, 6, 9] 2 4 
E:min [4, 7, 11] 4 2 
C:maj [0, 4, 7] 0 2 
D:maj [2, 6, 9] 2 2 
G:maj [2, 7, 11] 7 1 
D:maj/3 [2, 6, 9] 6 1 
E:min [4, 7, 11] 4 3 
B:min [2, 6, 11] 11 1 
C:maj [0, 4, 7] 0 2 
B:maj [3, 6, 11] 11 2 
E:min [4, 7, 11] 4 2 
A:min [0, 4, 9] 9 2 
D:maj [2, 6, 9] 2 2 
G:maj [2, 7, 11] 7 1 
D:maj/3 [2, 6, 9] 6 1 
E:min [4, 7, 11] 4 3 
B:min [2, 6, 11] 11 1 
C:maj [0, 4, 7] 0 2 
B:maj [3, 6, 11] 11 2 
E:min [4, 7, 11] 4 2 
A:min [0, 4, 9] 9 2 
D:maj [2, 6, 9] 2 2 
E:min [4, 7, 11] 4 5 
C:maj [0, 4, 7] 0 3 
E:min [4, 7, 11] 4 4 
C:maj [0, 4, 7] 0 2 
D:maj [2, 6, 9] 2 2 
E:min [4, 7, 11] 4 5 
C:maj [0, 4, 7] 0 1 
D:maj [2, 6, 9] 2 2 
E:min [4, 7, 11] 4 4 
C:maj [0, 4, 7] 0 2 
D:maj [2, 6, 9] 2 2 
E:min [4, 7, 11] 4 4 
D:maj [2, 6, 9] 2 4 
E:min [4, 7, 11] 4 1 
