E:min [4, 7, 11] 4 24 
G:maj [2, 7, 11] 7 8 
A:min [0, 4, 9] 9 8 
B:maj [3, 6, 11] 11 8 
E:min [4, 7, 11] 4 8 
G:maj [2, 7, 11] 7 8 
A:min [0, 4, 9] 9 8 
B:maj [3, 6, 11] 11 4 
A:7/5 [1, 4, 7, 9] 4 2 
E:min [4, 7, 11] 4 2 
E:sus4 [4, 9, 11] 4 4 
A:min [0, 4, 9] 9 2 
D:sus2 [2, 4, 9] 2 2 
D:maj [2, 6, 9] 2 4 
G:maj [2, 7, 11] 7 4 
E:min [4, 7, 11] 4 4 
A:min [0, 4, 9] 9 8 
B:maj [3, 6, 11] 11 8 
A:min [0, 4, 9] 9 4 
D:maj [2, 6, 9] 2 4 
G:maj [2, 7, 11] 7 2 
E:min7 [2, 4, 7, 11] 4 2 
E:min [4, 7, 11] 4 4 
A:min [0, 4, 9] 9 8 
B:maj [3, 6, 11] 11 8 
E:min [4, 7, 11] 4 8 
G:maj [2, 7, 11] 7 8 
A:min [0, 4, 9] 9 8 
B:maj [3, 6, 11] 11 4 
E:min [4, 7, 11] 4 12 
A:7/5 [1, 4, 7, 9] 4 2 
E:min [4, 7, 11] 4 2 
A:7/5 [1, 4, 7, 9] 4 2 
E:min [4, 7, 11] 4 2 
A:7/5 [1, 4, 7, 9] 4 2 
E:min [4, 7, 11] 4 2 
A:7/5 [1, 4, 7, 9] 4 2 
E:min [4, 7, 11] 4 2 
A:7/5 [1, 4, 7, 9] 4 2 
E:min [4, 7, 11] 4 2 
A:7/5 [1, 4, 7, 9] 4 2 
A:min/5 [0, 4, 9] 4 2 
A:7/5 [1, 4, 7, 9] 4 2 
E:min [4, 7, 11] 4 2 
A:7/5 [1, 4, 7, 9] 4 2 
E:min [4, 7, 11] 4 2 
A:7/5 [1, 4, 7, 9] 4 2 
E:min [4, 7, 11] 4 2 
A:7/5 [1, 4, 7, 9] 4 2 
E:min [4, 7, 11] 4 2 
A:7/5 [1, 4, 7, 9] 4 2 
E:min [4, 7, 11] 4 10 
G:maj [2, 7, 11] 7 8 
A:min [0, 4, 9] 9 8 
B:maj [3, 6, 11] 11 8 
E:min [4, 7, 11] 4 8 
G:maj [2, 7, 11] 7 8 
A:min [0, 4, 9] 9 8 
B:min [2, 6, 11] 11 4 
A:7/5 [1, 4, 7, 9] 4 2 
E:min [4, 7, 11] 4 2 
C:maj/3 [0, 4, 7] 4 4 
A:min [0, 4, 9] 9 2 
D:sus2 [2, 4, 9] 2 2 
D:maj [2, 6, 9] 2 4 
G:maj [2, 7, 11] 7 4 
E:min [4, 7, 11] 4 4 
A:min [0, 4, 9] 9 8 
B:maj [3, 6, 11] 11 8 
A:min [0, 4, 9] 9 4 
D:maj [2, 6, 9] 2 4 
G:maj [2, 7, 11] 7 2 
E:min7 [2, 4, 7, 11] 4 2 
E:min [4, 7, 11] 4 4 
A:min [0, 4, 9] 9 8 
B:maj [3, 6, 11] 11 6 
A:min [0, 4, 9] 9 8 
D:sus2 [2, 4, 9] 2 2 
D:maj [2, 6, 9] 2 4 
G:maj [2, 7, 11] 7 4 
E:min [4, 7, 11] 4 4 
A:min [0, 4, 9] 9 8 
B:maj [3, 6, 11] 11 8 
A:min [0, 4, 9] 9 4 
D:maj [2, 6, 9] 2 4 
G:maj [2, 7, 11] 7 2 
E:min7 [2, 4, 7, 11] 4 2 
E:min [4, 7, 11] 4 4 
A:min [0, 4, 9] 9 8 
B:maj [3, 6, 11] 11 8 
E:min [4, 7, 11] 4 8 
G:maj [2, 7, 11] 7 8 
A:min [0, 4, 9] 9 8 
B:maj [3, 6, 11] 11 2 
G:maj7/7 [2, 5, 7, 11] 6 2 
E:min [4, 7, 11] 4 12 
A:7/5 [1, 4, 7, 9] 4 2 
E:min [4, 7, 11] 4 2 
A:7/5 [1, 4, 7, 9] 4 2 
E:min [4, 7, 11] 4 2 
A:7/5 [1, 4, 7, 9] 4 2 
E:min [4, 7, 11] 4 2 
A:7/5 [1, 4, 7, 9] 4 2 
A:min/5 [0, 4, 9] 4 2 
A:7/5 [1, 4, 7, 9] 4 2 
E:maj/5 [4, 8, 11] 11 1 
E:maj [4, 8, 11] 4 1 
E:sus4(b7) [4, 9, 11] 4 2 
