0 64
64 1
0 1
64 1
0 1
67 1
0 1
69 1
0 1
71 1
0 1
71 1
0 1
69 1
0 1
67 1
0 1
71 1
0 1
71 1
0 1
69 1
0 1
67 1
0 1
71 2
0 2
64 2
0 2
71 1
0 1
71 1
0 1
74 1
0 1
76 1
0 1
74 1
0 1
71 1
0 1
71 1
0 1
71 1
0 1
71 1
0 1
71 1
0 1
69 1
0 1
67 1
0 1
71 2
0 6
69 1
0 1
69 1
0 1
69 1
0 1
67 1
0 1
69 1
0 7
69 1
0 1
69 1
0 1
69 1
0 1
67 1
0 1
69 1
0 7
71 1
0 1
71 1
0 1
71 1
0 1
69 1
0 1
71 1
0 1
71 1
0 1
71 1
0 1
69 1
0 1
71 1
0 1
71 1
0 1
75 1
0 1
76 1
0 1
78 2
0 6
64 1
0 1
64 1
0 1
67 1
0 1
69 1
0 1
71 1
0 1
71 1
0 1
69 1
0 1
67 1
0 1
71 1
0 1
71 1
0 1
69 1
0 1
67 1
0 1
71 2
0 2
64 2
0 2
71 1
0 1
71 1
0 1
74 1
0 1
76 1
0 1
74 1
0 1
71 1
0 1
71 1
0 1
71 1
0 1
71 1
0 1
71 1
0 1
69 1
0 1
67 1
0 1
71 2
0 6
69 1
0 1
69 1
0 1
69 1
0 1
67 1
0 1
69 1
0 7
69 1
0 1
69 1
0 1
69 1
0 1
67 1
0 1
69 1
0 5
59 1
0 1
71 1
0 2
71 2
0 1
69 1
0 1
67 2
0 2
66 2
0 2
64 10
0 8
79 2
0 2
78 1
0 1
76 1
0 1
71 2
0 2
74 4
0 4
72 10
0 2
78 3
0 1
76 1
0 1
74 2
69 2
0 1
72 1
0 2
71 2
0 2
69 2
71 7
0 5
76 2
0 2
74 1
0 1
72 2
67 3
0 1
71 1
0 1
71 2
69 1
0 3
67 1
0 1
69 5
0 1
67 1
0 1
69 2
71 1
0 1
72 1
0 1
76 1
0 1
78 2
0 2
78 1
0 1
76 2
0 2
78 11
0 5
79 2
0 1
78 1
0 2
76 2
0 1
71 2
0 1
74 6
0 2
72 7
0 5
69 1
0 1
78 2
76 1
0 1
74 2
0 1
69 1
0 2
72 2
0 2
71 8
0 8
76 2
0 2
74 2
72 1
0 1
67 2
0 2
71 1
0 1
69 1
0 2
69 1
0 2
67 1
0 1
69 4
0 2
69 1
0 1
69 1
0 1
71 1
0 1
72 1
0 1
76 1
0 1
78 3
0 1
76 1
0 1
76 1
0 1
78 1
0 1
78 1
0 3
76 1
0 1
78 1
0 2
78 1
0 2
76 1
0 1
78 1
0 2
78 1
0 1
76 1
0 2
78 1
0 7
64 1
0 1
64 1
0 1
67 1
0 1
69 1
0 1
71 1
0 1
71 1
0 1
69 1
0 1
67 1
0 1
71 1
0 1
71 1
0 1
69 1
0 1
67 1
0 1
71 2
0 2
64 2
0 2
71 1
0 1
71 1
0 1
74 1
0 1
76 1
0 1
74 1
0 1
71 1
0 1
71 1
0 1
71 1
0 1
71 1
0 1
71 1
0 1
69 1
0 1
67 1
0 1
71 2
0 6
69 1
0 1
69 1
0 1
69 1
0 1
67 1
0 1
69 1
0 7
69 1
0 1
69 1
0 1
69 1
0 1
67 1
0 1
69 1
0 5
59 1
0 1
71 1
0 2
71 2
0 1
69 1
0 1
67 2
0 2
66 2
0 2
64 10
0 214
64 1
0 1
64 1
0 1
67 1
0 1
69 1
0 1
71 1
0 1
71 1
0 1
69 1
0 1
67 1
0 1
71 1
0 1
71 1
0 1
69 1
0 1
67 1
0 1
71 2
0 2
64 2
0 2
71 1
0 1
71 1
0 1
74 1
0 1
76 1
0 1
74 1
0 1
71 1
0 1
71 1
0 1
71 1
0 1
71 1
0 1
71 1
0 1
69 1
0 1
67 1
0 1
71 2
0 6
69 1
0 1
69 1
0 1
69 1
0 1
67 1
0 1
69 1
0 7
69 1
0 1
69 1
0 1
69 1
0 1
67 1
0 1
69 1
0 7
71 1
0 1
71 1
0 1
71 1
0 1
69 1
0 1
71 1
0 1
71 1
0 1
71 1
0 1
69 1
0 1
71 1
0 1
71 1
0 1
75 1
0 1
76 1
0 1
78 2
0 6
64 1
0 1
64 1
0 1
67 1
0 1
69 1
0 1
71 1
0 1
71 1
0 1
69 1
0 1
67 1
0 1
71 1
0 1
71 1
0 1
69 1
0 1
67 1
0 1
71 2
0 2
64 2
0 2
71 1
0 1
71 1
0 1
74 1
0 1
76 1
0 1
74 1
0 1
71 1
0 1
71 1
0 1
71 1
0 1
71 1
0 1
71 1
0 1
69 1
0 1
67 1
0 1
71 2
0 6
69 1
0 1
69 1
0 1
69 1
0 1
67 1
0 1
69 1
0 7
69 1
0 1
69 1
0 1
69 1
0 1
67 1
0 1
69 1
0 5
59 1
0 1
71 1
0 2
71 2
0 1
69 1
0 1
67 2
0 2
66 2
0 2
64 10
0 8
79 2
0 2
78 1
0 1
76 1
0 1
71 2
0 2
74 4
0 4
72 10
0 2
78 3
0 1
76 1
0 1
74 2
69 2
0 1
72 1
0 2
71 2
0 2
69 2
71 7
0 5
76 2
0 2
74 1
0 1
72 2
67 3
0 1
71 1
0 1
71 2
69 1
0 3
67 1
0 1
69 5
0 1
67 1
0 1
69 2
71 1
0 1
72 1
0 1
76 1
0 1
78 2
0 2
78 1
0 1
76 2
0 2
78 11
0 5
79 2
0 1
78 1
0 2
76 2
0 1
71 2
0 1
74 6
0 2
72 7
0 5
69 1
0 1
78 2
76 1
0 1
74 2
0 1
69 1
0 2
72 2
0 2
71 8
0 8
76 2
0 2
74 2
72 1
0 1
67 2
0 2
71 1
0 1
69 1
0 2
69 1
0 2
67 1
0 1
69 4
0 2
69 1
0 1
69 1
0 1
71 1
0 1
72 1
0 1
76 1
0 1
78 3
0 1
76 1
0 1
76 1
0 1
78 1
0 1
78 1
0 3
76 1
0 1
78 1
0 2
78 1
0 2
76 1
0 1
78 1
0 2
78 1
0 1
76 1
0 2
78 1
0 9
79 2
0 2
78 1
0 1
76 1
0 1
71 2
0 2
74 4
0 4
72 10
0 2
78 3
0 1
76 1
0 1
74 2
69 2
0 1
72 1
0 2
71 2
0 2
69 2
71 7
0 5
76 2
0 2
74 1
0 1
72 2
67 3
0 1
71 1
0 1
71 2
69 1
0 3
67 1
0 1
69 5
0 1
67 1
0 1
69 2
71 1
0 1
72 1
0 1
76 1
0 1
78 2
0 2
78 1
0 1
76 2
0 2
78 11
0 5
79 2
0 1
78 1
0 2
76 2
0 1
71 2
0 1
74 6
0 2
72 7
0 5
69 1
0 1
78 2
76 1
0 1
74 2
0 1
69 1
0 2
72 2
0 2
71 8
0 8
76 2
0 2
74 2
72 1
0 1
67 2
0 2
71 1
0 1
69 1
0 2
69 1
0 2
67 1
0 1
69 4
0 2
69 1
0 1
69 1
0 1
71 1
0 1
72 1
0 1
76 1
0 1
78 3
0 1
76 1
0 1
76 1
0 1
78 1
0 2
78 1
0 2
76 1
0 1
78 1
0 2
78 1
0 2
76 1
0 1
78 1
0 2
78 1
0 2
76 1
0 1
78 1
0 7
64 1
0 1
64 1
0 1
67 1
0 1
69 1
0 1
71 1
0 1
71 1
0 1
69 1
0 1
67 1
0 1
71 1
0 1
71 1
0 1
69 1
0 1
67 1
0 1
71 2
0 2
64 2
0 2
71 1
0 1
71 1
0 1
74 1
0 1
76 1
0 1
74 1
0 1
71 1
0 1
71 1
0 1
71 1
0 1
71 1
0 1
71 1
0 1
69 1
0 1
67 1
0 1
71 2
0 6
69 1
0 1
69 1
0 1
69 1
0 1
67 1
0 1
69 1
0 7
69 1
0 1
69 1
0 1
69 1
0 1
67 1
0 1
69 1
0 5
59 1
0 1
71 1
0 2
71 2
0 1
69 1
0 1
67 2
0 2
66 8
64 10
