0 124
67 2
70 2
74 4
72 2
70 2
72 4
70 2
67 2
70 4
70 2
67 2
62 8
67 2
67 2
67 2
70 2
69 2
67 2
65 2
67 4
65 2
62 8
67 2
70 2
74 4
72 2
70 2
72 4
70 2
67 2
70 4
69 2
67 2
62 8
67 2
67 2
67 2
70 2
70 2
67 2
65 4
67 12
67 2
70 2
74 4
72 2
70 2
72 4
70 2
67 2
70 4
70 2
67 2
62 8
67 2
67 2
67 2
70 2
69 2
67 2
65 2
67 4
62 4
62 6
67 2
70 2
74 4
72 2
70 2
72 4
70 2
67 2
70 4
67 2
70 2
62 6
62 2
67 2
67 2
67 2
70 2
70 2
65 2
65 2
62 2
67 11
0 1
74 2
77 1
0 1
79 2
79 2
79 2
79 2
79 2
77 2
77 2
74 2
77 2
74 2
72 4
74 4
67 2
70 2
72 2
74 2
72 2
74 2
77 4
72 4
74 12
74 2
77 2
79 2
79 2
79 2
79 2
79 2
77 2
77 2
74 2
77 2
74 2
72 4
74 4
67 2
70 2
72 2
74 2
72 2
70 2
67 2
70 1
67 1
65 4
67 12
74 2
77 2
79 2
79 2
79 2
79 2
79 2
77 2
77 2
74 2
77 2
74 2
72 4
74 4
67 2
70 2
72 2
74 2
72 2
74 2
77 4
72 4
74 12
74 2
77 2
79 4
79 4
79 2
77 2
77 2
74 2
77 2
74 2
74 2
74 2
67 4
67 2
70 2
72 2
74 2
72 2
70 2
67 2
70 1
67 1
65 4
67 10
0 8
74 1
0 1
74 1
0 1
74 1
0 1
74 1
0 3
72 2
70 2
72 2
70 2
72 2
70 2
72 1
0 3
72 1
74 3
0 2
74 1
0 1
74 1
0 1
74 1
0 1
72 2
0 4
69 2
70 2
69 2
70 2
65 2
62 2
0 8
74 1
0 1
74 1
0 1
74 1
0 1
74 1
0 1
74 1
0 1
74 1
0 1
70 1
72 2
72 1
70 1
0 1
72 1
0 1
70 1
0 1
72 1
0 3
74 1
0 6
74 1
0 1
74 1
74 1
0 1
72 1
0 1
70 2
69 4
67 7
0 5
67 2
70 2
74 4
72 2
70 2
72 4
70 2
67 2
70 4
70 2
67 2
62 8
67 2
67 2
67 2
70 2
69 2
67 2
65 2
67 4
62 4
62 6
67 2
70 2
74 4
72 2
70 2
72 4
70 2
67 2
70 4
70 2
67 2
62 6
62 2
67 2
67 2
67 2
70 2
69 1
70 1
67 2
65 2
62 4
67 10
74 2
77 1
0 1
79 2
79 2
79 2
79 2
79 2
77 2
77 2
74 2
77 2
74 2
72 4
74 4
67 2
70 2
72 2
74 2
72 2
74 2
77 4
72 4
74 12
74 2
77 2
79 2
79 2
79 2
79 2
79 2
77 2
77 2
74 2
77 2
74 2
72 4
74 4
67 2
70 2
72 2
74 2
72 2
70 2
0 2
70 1
67 1
65 4
67 12
74 2
77 2
79 2
79 2
79 2
79 2
79 2
77 2
77 2
74 2
77 2
74 2
72 4
74 4
67 2
70 2
72 2
74 2
72 2
74 2
77 6
72 4
74 10
74 2
77 2
79 4
79 4
79 2
77 2
77 2
74 2
77 2
74 2
74 2
72 1
74 1
67 4
67 2
70 2
72 2
74 2
72 2
70 2
67 6
0 2
65 3
67 11
0 30
75 2
78 1
0 1
80 2
80 2
80 2
80 2
80 2
78 2
78 2
75 2
78 2
75 2
73 4
75 4
68 2
71 2
73 2
75 2
73 2
75 2
78 4
73 4
75 12
75 2
78 2
80 2
80 2
80 2
80 2
80 2
78 2
78 2
75 2
78 2
75 2
73 4
75 4
68 2
71 2
73 2
75 2
73 2
71 2
68 2
71 1
68 1
66 4
68 12
75 2
78 2
80 2
80 2
80 2
80 2
80 2
78 2
78 2
75 2
78 2
75 2
73 4
75 4
68 2
71 2
73 2
75 2
73 2
75 2
78 4
73 4
75 12
75 2
78 2
80 4
80 4
80 2
78 2
78 2
75 2
78 2
75 2
75 2
73 1
75 1
68 4
68 2
71 2
73 2
75 2
73 2
71 2
68 2
0 2
66 4
68 11
0 7
75 1
0 1
75 1
0 1
75 1
0 1
75 1
0 3
73 2
71 2
73 2
71 2
73 2
71 2
73 1
0 3
73 1
75 3
0 2
75 1
0 1
75 1
0 1
75 1
0 1
73 2
0 4
70 2
71 2
70 2
71 2
66 2
63 2
0 8
75 1
0 1
75 1
0 1
75 1
0 1
75 1
0 1
75 1
0 1
75 1
0 1
71 1
73 2
73 1
71 1
0 1
73 1
0 1
71 1
0 1
73 1
0 3
75 1
0 6
75 1
0 1
75 1
75 1
0 1
73 1
0 1
71 2
70 4
68 7
0 5
68 2
71 2
0 2
75 1
0 1
75 1
0 1
75 1
0 1
75 1
0 3
73 2
71 2
73 2
71 2
73 2
71 2
73 1
0 3
73 1
75 3
0 2
75 1
0 1
75 1
0 1
75 1
0 1
73 2
0 4
70 2
71 2
70 2
71 2
66 2
63 2
0 8
75 1
0 1
75 1
0 1
75 1
0 1
75 1
0 1
75 1
0 1
75 1
0 1
71 1
73 2
73 1
71 1
0 1
73 1
0 1
71 1
0 1
73 1
0 3
75 1
0 6
75 1
0 1
75 1
75 1
0 1
73 1
0 1
71 2
70 4
68 7
0 5
68 2
71 2
