0 122
72 2
70 2
68 2
72 5
0 1
72 2
70 2
68 2
67 2
68 3
0 1
75 6
0 2
75 1
0 1
75 2
67 1
0 1
70 2
68 3
0 1
70 2
72 1
0 1
72 2
70 2
68 3
0 1
67 6
0 2
68 2
75 2
72 2
73 5
0 1
73 2
75 2
73 2
72 2
70 2
73 5
0 1
73 2
75 2
73 2
72 2
70 2
73 4
0 4
75 2
73 2
72 2
0 2
68 2
70 6
0 2
72 2
70 2
68 2
72 5
0 1
72 2
70 2
68 2
67 2
68 3
0 1
75 6
0 2
75 1
0 1
75 2
67 1
0 1
70 2
68 3
0 1
70 2
72 1
0 1
72 2
70 2
68 3
0 1
67 6
0 2
68 2
75 2
72 2
73 5
0 1
73 2
75 2
73 2
72 2
70 2
73 5
0 1
73 2
75 2
73 2
72 2
70 2
73 4
0 2
73 2
75 2
73 2
72 1
0 1
73 3
0 1
75 6
0 2
75 2
77 1
0 1
79 1
0 1
80 2
75 1
75 6
0 1
84 2
82 1
0 1
80 1
0 1
82 3
0 1
75 4
0 2
72 2
82 2
79 1
0 1
80 2
79 1
80 3
84 2
79 1
0 1
77 1
79 4
75 1
77 8
0 2
75 1
0 1
73 2
72 2
73 3
0 1
84 3
82 3
82 2
84 1
0 1
85 2
87 6
85 2
84 4
0 2
82 1
80 1
85 2
84 2
82 2
80 1
0 1
80 2
77 2
79 2
80 1
0 1
82 8
0 2
75 2
77 1
0 1
79 1
0 1
80 2
75 1
75 6
0 1
84 2
82 1
0 1
80 1
0 1
82 3
0 1
75 4
0 2
72 2
82 2
79 1
0 1
80 2
79 1
80 3
84 2
79 1
0 1
77 1
79 4
75 1
77 8
0 2
75 1
0 1
73 2
72 2
73 3
0 1
84 3
82 3
82 2
84 1
0 1
85 2
87 6
85 2
84 4
0 2
82 1
80 1
85 2
84 2
82 1
80 2
0 2
84 2
82 2
80 5
79 2
80 12
0 74
72 2
70 2
68 2
72 5
0 1
72 2
70 2
68 2
67 2
68 3
0 1
75 6
0 2
75 1
0 1
75 2
67 1
0 1
70 2
68 3
0 1
70 2
72 1
0 1
72 2
70 2
68 3
0 1
67 6
0 2
68 2
75 2
72 2
73 5
0 1
73 2
75 2
73 2
72 2
70 2
73 5
0 1
73 2
75 2
73 2
72 2
70 2
73 4
0 4
75 2
73 2
72 2
0 2
68 2
70 6
0 2
72 2
70 2
68 2
72 5
0 1
72 2
70 2
68 2
67 2
68 3
0 1
75 6
0 2
75 1
0 1
75 2
67 1
0 1
70 2
68 3
0 1
70 2
72 1
0 1
72 2
70 2
68 3
0 1
67 6
0 2
68 2
75 2
72 2
73 5
0 1
73 2
75 2
73 2
72 2
70 2
73 5
0 1
73 2
75 2
73 2
72 2
70 2
73 4
0 2
73 2
75 2
73 2
72 1
0 1
73 3
0 1
75 6
0 2
75 2
77 1
0 1
79 1
0 1
80 2
75 1
75 6
0 1
84 2
82 1
0 1
80 1
0 1
82 3
0 1
75 4
0 2
72 2
82 2
79 1
0 1
80 2
79 1
80 3
84 2
79 1
0 1
77 1
79 4
75 1
77 8
0 2
75 1
0 1
73 2
72 2
73 3
0 1
84 3
82 3
82 2
84 1
0 1
85 2
87 6
85 2
84 4
0 2
82 1
80 1
85 2
84 2
82 2
80 1
0 1
80 2
77 2
79 2
80 1
0 1
82 8
0 2
75 2
77 1
0 1
79 1
0 1
80 2
75 1
75 6
0 1
84 2
82 1
0 1
80 1
0 1
82 3
0 1
75 4
0 2
72 2
82 2
79 1
0 1
80 2
79 1
80 3
84 2
79 1
0 1
77 1
79 4
75 1
77 8
0 2
75 1
0 1
73 2
72 2
73 3
0 1
84 3
82 3
82 2
84 1
0 1
85 2
87 6
85 2
84 4
0 2
82 1
80 1
85 2
84 2
82 1
80 2
0 1
84 2
82 2
80 2
79 2
80 16
0 2
80 1
79 1
80 1
0 1
80 1
79 1
80 1
0 1
80 1
80 1
0 1
82 2
80 2
0 1
80 1
79 1
80 3
79 1
80 2
0 1
80 2
77 2
75 2
80 1
80 1
80 1
80 1
0 1
80 1
80 3
77 2
79 2
80 2
84 5
87 1
84 1
82 6
80 1
82 1
83 10
0 1
76 2
78 1
0 1
80 1
0 1
81 2
76 1
76 6
0 1
85 2
83 1
0 1
81 1
0 1
83 3
0 1
76 4
0 2
73 2
83 2
80 1
0 1
81 2
80 1
81 3
85 2
80 1
0 1
78 1
80 4
76 1
78 8
0 2
76 1
0 1
74 2
73 2
74 3
0 1
85 3
83 3
83 2
85 1
0 1
86 2
88 6
86 2
85 4
0 2
83 1
81 1
86 2
85 2
83 1
81 2
0 1
85 2
83 2
81 2
80 2
81 12
0 2
71 1
69 1
74 2
73 3
71 2
69 3
73 3
71 2
69 7
0 5
68 9
69 30
