0 66
57 2
57 2
66 2
64 2
66 1
64 2
62 5
57 2
57 2
66 2
64 2
66 1
64 2
62 5
67 2
67 2
66 2
64 2
66 1
64 3
62 2
64 18
57 2
57 2
66 2
64 2
66 1
64 2
62 5
57 2
57 2
66 2
69 2
66 1
64 2
62 5
67 2
67 2
66 2
64 2
66 1
64 2
62 3
69 13
74 2
73 1
71 2
71 2
73 2
71 1
71 2
66 4
66 2
69 1
71 2
71 2
62 2
64 2
66 5
66 1
66 1
69 1
71 1
69 1
71 1
69 1
71 2
69 1
71 6
71 2
74 1
76 1
74 1
76 1
74 1
78 2
74 1
76 11
74 2
74 2
69 2
76 2
74 1
73 2
74 2
71 4
74 1
74 1
69 3
76 2
74 1
73 2
74 2
71 4
74 1
74 1
69 3
76 2
74 1
76 2
78 3
79 2
78 1
74 2
76 3
79 2
78 1
74 2
76 5
74 2
74 2
69 2
76 2
74 1
73 2
74 2
71 4
74 1
74 1
69 3
76 2
74 1
76 2
78 3
79 1
78 2
74 5
79 1
78 2
74 4
69 1
79 1
78 2
74 2
76 2
74 1
76 2
78 2
74 2
73 2
74 9
0 57
57 2
57 2
66 2
64 2
66 1
64 2
62 5
57 2
57 2
66 2
64 2
66 1
64 2
62 5
67 2
67 2
66 2
64 2
66 1
64 3
62 2
64 18
57 2
57 2
66 2
64 2
66 1
64 2
62 5
57 2
57 2
66 2
69 2
66 1
64 2
62 5
67 2
67 2
66 2
64 2
66 1
64 2
62 3
69 13
74 2
73 1
71 2
71 2
73 2
71 1
71 2
66 4
66 2
69 1
71 2
71 2
62 2
64 2
66 5
66 1
66 1
69 1
71 1
69 1
71 1
69 1
71 2
69 1
71 6
71 2
74 1
76 1
74 1
76 1
74 1
78 2
74 1
76 11
74 2
74 2
69 2
76 2
74 1
73 2
74 2
71 4
74 1
74 1
69 3
76 2
74 1
73 2
74 2
71 4
74 1
74 1
69 3
76 2
74 1
76 2
78 3
79 2
78 1
74 2
76 3
79 2
78 1
74 2
76 5
74 2
74 2
69 2
76 2
74 1
73 2
74 2
71 4
74 1
74 1
69 3
76 2
74 1
76 2
78 3
79 1
78 2
74 5
79 1
78 2
74 4
69 1
79 1
78 2
74 2
76 2
74 1
76 2
78 2
74 2
73 2
74 8
0 60
74 2
74 2
69 2
76 2
74 1
73 2
74 2
71 4
74 1
74 1
69 3
76 2
74 1
73 2
74 2
71 4
74 1
74 1
69 3
76 2
74 1
76 2
78 3
79 2
78 1
74 2
76 3
79 2
78 1
74 2
76 5
74 2
74 2
69 2
76 2
74 1
73 2
74 2
71 4
74 1
74 1
69 3
76 2
74 1
76 2
78 3
79 1
78 2
74 5
79 1
78 2
74 4
69 1
79 1
78 2
74 2
76 2
74 1
76 2
78 2
74 2
73 2
74 7
0 11
74 2
74 2
69 2
76 2
74 1
73 2
74 2
71 4
74 1
74 1
69 3
76 2
74 1
73 2
74 2
71 4
74 1
74 1
69 3
76 2
74 1
76 2
78 3
79 2
78 1
74 2
76 3
79 2
78 1
74 2
76 5
74 2
74 2
69 2
76 2
74 1
73 2
74 2
71 4
74 1
74 1
69 3
76 2
74 1
76 2
78 3
79 1
78 2
74 5
79 1
78 2
74 4
69 1
79 1
78 2
74 2
76 2
74 1
76 2
78 2
74 2
73 2
74 12
