C:min/5 [0, 3, 7] 7 42 
C#:maj/3 [1, 5, 8] 5 1 
D:dim [2, 5, 8] 2 2 
F:min7(13) [0, 3, 5, 8, 9] 5 1 
D:dim [2, 5, 8] 2 2 
G:maj [2, 7, 11] 7 6 
C:min/5 [0, 3, 7] 7 36 
C#:maj/3 [1, 5, 8] 5 1 
D:dim [2, 5, 8] 2 2 
F:min6 [0, 2, 5, 8] 5 1 
D:dim [2, 5, 8] 2 2 
G:maj [2, 7, 11] 7 6 
C:min [0, 3, 7] 0 12 
Eb:maj7 [1, 3, 7, 10] 3 6 
C:min [0, 3, 7] 0 6 
Eb:maj [3, 7, 10] 3 3 
G:maj [2, 7, 11] 7 3 
C:min [0, 3, 7] 0 6 
Eb:maj7 [1, 3, 7, 10] 3 6 
C:min [0, 3, 7] 0 3 
D:dim [2, 5, 8] 2 3 
G:maj [2, 7, 11] 7 12 
C:min [0, 3, 7] 0 3 
Bb:aug [2, 6, 10] 10 2 
C:min7/b7 [0, 3, 7, 10] 10 1 
Ab:maj [0, 3, 8] 8 3 
Eb:maj [3, 7, 10] 3 3 
D:dim [2, 5, 8] 2 3 
G:maj [2, 7, 11] 7 3 
F:min [0, 5, 8] 5 3 
G:maj [2, 7, 11] 7 3 
C:min [0, 3, 7] 0 3 
Bb:maj [2, 5, 10] 10 3 
Ab:maj [0, 3, 8] 8 3 
Eb:maj [3, 7, 10] 3 3 
D:dim [2, 5, 8] 2 3 
G:maj [2, 7, 11] 7 3 
G:7 [2, 5, 7, 11] 7 3 
G:maj [2, 7, 11] 7 6 
C:min [0, 3, 7] 0 6 
Eb:maj7 [1, 3, 7, 10] 3 6 
C:min [0, 3, 7] 0 6 
Eb:maj7 [1, 3, 7, 10] 3 3 
G:maj [2, 7, 11] 7 3 
C:min [0, 3, 7] 0 6 
Eb:maj7 [1, 3, 7, 10] 3 6 
C:min [0, 3, 7] 0 3 
D:dim [2, 5, 8] 2 3 
G:maj [2, 7, 11] 7 6 
C:maj [0, 4, 7] 0 3 
Bb:maj [2, 5, 10] 10 3 
Ab:maj [0, 3, 8] 8 3 
C:min/b3 [0, 3, 7] 3 3 
Eb:maj7 [1, 3, 7, 10] 3 3 
G:maj [2, 7, 11] 7 3 
F:maj [0, 5, 9] 5 3 
G:maj [2, 7, 11] 7 3 
C:min [0, 3, 7] 0 3 
Bb:maj [2, 5, 10] 10 3 
Ab:maj [0, 3, 8] 8 3 
Eb:maj [3, 7, 10] 3 3 
G:min7 [2, 5, 7, 10] 7 3 
G:maj [2, 7, 11] 7 3 
Ab:maj [0, 3, 8] 8 3 
G:maj [2, 7, 11] 7 5 
C:min [0, 3, 7] 0 3 
Bb:maj [2, 5, 10] 10 3 
Ab:maj [0, 3, 8] 8 3 
Eb:maj [3, 7, 10] 3 3 
D:dim [2, 5, 8] 2 3 
G:maj [2, 7, 11] 7 3 
F:min [0, 5, 8] 5 3 
G:maj [2, 7, 11] 7 3 
C:min [0, 3, 7] 0 3 
Bb:maj [2, 5, 10] 10 3 
Ab:maj [0, 3, 8] 8 3 
Eb:maj [3, 7, 10] 3 3 
D:dim [2, 5, 8] 2 3 
G:maj [2, 7, 11] 7 3 
F:min [0, 5, 8] 5 3 
G:maj [2, 7, 11] 7 6 
C:min [0, 3, 7] 0 3 
Bb:maj [2, 5, 10] 10 3 
Ab:maj [0, 3, 8] 8 3 
Eb:maj [3, 7, 10] 3 3 
D:dim [2, 5, 8] 2 3 
G:maj [2, 7, 11] 7 3 
Ab:maj [0, 3, 8] 8 3 
G:maj [2, 7, 11] 7 7 
