0 48
63 1
0 1
62 1
0 1
63 1
0 1
62 1
0 1
63 1
0 1
55 1
0 1
63 3
0 1
67 3
0 5
65 2
62 9
0 13
62 1
0 1
60 1
0 1
62 1
0 1
60 1
0 1
62 1
0 1
55 1
0 1
65 3
0 1
63 6
0 2
62 2
60 11
0 11
60 1
0 2
62 1
63 1
0 1
62 1
0 1
63 3
0 3
62 1
0 1
63 2
60 1
0 1
62 2
63 2
67 2
65 15
0 7
62 1
0 1
61 1
0 1
62 1
0 1
61 1
0 1
62 1
0 1
55 1
0 1
65 3
0 1
63 4
0 4
62 2
60 14
0 8
60 2
62 1
0 1
63 1
0 1
62 1
0 1
63 1
0 1
55 1
0 1
63 3
0 1
67 4
0 4
65 2
62 15
0 7
62 2
61 1
0 1
62 1
0 1
61 1
0 1
62 2
55 1
0 1
65 3
0 1
63 4
0 2
62 1
0 1
62 2
60 11
0 11
60 1
0 1
62 1
0 1
63 1
0 1
62 1
0 1
63 4
0 2
62 1
0 1
63 2
60 1
0 1
62 2
63 1
0 1
67 3
0 1
65 6
0 14
62 1
0 1
61 1
0 1
62 1
0 1
61 1
0 1
62 2
55 1
0 1
65 3
0 1
63 4
0 4
62 2
60 9
0 13
63 10
0 2
60 10
0 2
62 11
0 1
58 11
0 1
63 10
0 2
60 10
0 2
62 5
0 1
62 2
58 3
0 1
55 10
0 2
63 11
0 1
60 11
0 1
62 9
0 1
58 1
0 1
58 6
0 6
63 10
60 6
0 2
62 2
0 1
63 2
0 1
62 2
67 18
0 28
67 1
0 1
72 1
0 1
72 2
70 1
0 1
70 2
65 1
0 1
67 5
0 7
67 1
0 1
72 1
0 1
72 1
0 1
70 1
0 1
70 1
0 1
65 1
0 1
67 8
0 2
55 1
0 1
68 1
0 1
68 1
0 1
68 1
0 1
67 1
0 1
65 1
0 1
63 2
62 8
60 2
62 1
0 1
63 6
0 1
65 3
0 2
67 9
0 3
67 1
0 1
72 1
0 1
72 2
70 1
0 1
70 2
65 1
0 1
67 5
0 7
67 1
0 1
72 1
0 1
72 1
0 1
70 1
0 1
70 1
0 1
65 1
0 1
67 8
0 2
55 1
0 1
68 1
0 1
68 1
0 1
68 1
0 1
67 1
0 1
65 1
0 1
63 2
62 8
60 2
62 1
0 1
63 6
0 1
65 3
0 2
62 9
0 15
63 10
0 2
60 10
0 2
62 11
0 1
58 11
0 1
63 10
0 2
60 10
0 2
62 5
0 1
62 2
58 3
0 1
55 10
0 2
63 11
0 1
60 11
0 1
62 9
0 1
58 1
0 1
58 6
0 6
63 10
60 6
0 2
62 2
0 1
63 2
65 2
0 1
67 18
