D:maj [2, 6, 9] 2 4 
A:7/3 [1, 4, 7, 9] 1 2 
F#:maj [1, 6, 10] 6 2 
B:min [2, 6, 11] 11 2 
A:sus4 [2, 4, 9] 9 2 
G:min [2, 7, 10] 7 2 
A:sus4 [2, 4, 9] 9 2 
D:sus2 [2, 4, 9] 2 2 
A:maj/3 [1, 4, 9] 1 2 
B:min [2, 6, 11] 11 2 
B:min7 [2, 6, 9, 11] 11 2 
G:maj [2, 7, 11] 7 2 
F#:min [1, 6, 9] 6 2 
E:sus4 [4, 9, 11] 4 4 
G:maj [2, 7, 11] 7 2 
A:maj [1, 4, 9] 9 2 
F#:min [1, 6, 9] 6 2 
B:min [2, 6, 11] 11 2 
E:min [4, 7, 11] 4 2 
A:maj [1, 4, 9] 9 2 
G:maj6 [2, 4, 7, 11] 7 2 
D:maj [2, 6, 9] 2 4 
A:7 [1, 4, 7, 9] 9 2 
B:min [2, 6, 11] 11 2 
B:min7 [2, 6, 9, 11] 11 2 
G:maj [2, 7, 11] 7 2 
D:maj [2, 6, 9] 2 2 
E:sus4 [4, 9, 11] 4 2 
A:7 [1, 4, 7, 9] 9 2 
G:maj [2, 7, 11] 7 2 
A:maj [1, 4, 9] 9 4 
D:maj [2, 6, 9] 2 2 
E:min [4, 7, 11] 4 2 
A:maj [1, 4, 9] 9 2 
D:maj [2, 6, 9] 2 2 
D:sus4 [2, 7, 9] 2 2 
G:maj [2, 7, 11] 7 4 
F#:min [1, 6, 9] 6 2 
B:min [2, 6, 11] 11 2 
E:min [4, 7, 11] 4 2 
A:maj [1, 4, 9] 9 2 
D:maj [2, 6, 9] 2 4 
G:maj [2, 7, 11] 7 4 
F#:min [1, 6, 9] 6 2 
B:min [2, 6, 11] 11 2 
E:min [4, 7, 11] 4 2 
A:maj [1, 4, 9] 9 2 
G:min [2, 7, 10] 7 2 
D:maj [2, 6, 9] 2 4 
A:maj/3 [1, 4, 9] 1 2 
B:min [2, 6, 11] 11 2 
A:maj [1, 4, 9] 9 2 
G:maj [2, 7, 11] 7 2 
F#:min [1, 6, 9] 6 2 
E:sus4 [4, 9, 11] 4 2 
A:7 [1, 4, 7, 9] 9 2 
G:maj [2, 7, 11] 7 2 
A:maj [1, 4, 9] 9 2 
F#:min [1, 6, 9] 6 2 
B:min [2, 6, 11] 11 2 
E:min [4, 7, 11] 4 2 
A:maj [1, 4, 9] 9 2 
D:maj [2, 6, 9] 2 4 
C:maj [0, 4, 7] 0 4 
B:min [2, 6, 11] 11 4 
A:min7 [0, 4, 7, 9] 9 2 
D:7 [0, 2, 6, 9] 2 2 
G:maj [2, 7, 11] 7 4 
G:min7 [2, 5, 7, 10] 7 2 
C:maj [0, 4, 7] 0 2 
F:maj [0, 5, 9] 5 4 
E:min [4, 7, 11] 4 4 
A:maj [1, 4, 9] 9 4 
B:min [2, 6, 11] 11 4 
F#:min [1, 6, 9] 6 4 
G:maj [2, 7, 11] 7 2 
G:min [2, 7, 10] 7 1 
E:hdim7 [1, 4, 7, 10] 4 1 
A:maj [1, 4, 9] 9 8 
G:maj [2, 7, 11] 7 4 
F#:min [1, 6, 9] 6 2 
B:min [2, 6, 11] 11 2 
E:min [4, 7, 11] 4 2 
A:maj [1, 4, 9] 9 2 
D:maj [2, 6, 9] 2 2 
D:7 [0, 2, 6, 9] 2 2 
G:maj [2, 7, 11] 7 4 
F#:min [1, 6, 9] 6 2 
B:min [2, 6, 11] 11 2 
E:min [4, 7, 11] 4 2 
A:7 [1, 4, 7, 9] 9 2 
D:sus4 [2, 7, 9] 2 2 
D:maj [2, 6, 9] 2 5 
F#:min7 [1, 4, 6, 9] 6 1 
B:min [2, 6, 11] 11 2 
A:maj [1, 4, 9] 9 2 
G:maj [2, 7, 11] 7 2 
D:maj [2, 6, 9] 2 2 
E:sus4 [4, 9, 11] 4 2 
A:7 [1, 4, 7, 9] 9 2 
G:maj [2, 7, 11] 7 2 
A:maj [1, 4, 9] 9 2 
F#:min [1, 6, 9] 6 2 
B:min [2, 6, 11] 11 2 
E:min [4, 7, 11] 4 2 
A:maj [1, 4, 9] 9 2 
D:sus2 [2, 4, 9] 2 4 
G:maj [2, 7, 11] 7 4 
F#:min [1, 6, 9] 6 2 
B:min [2, 6, 11] 11 2 
E:min [4, 7, 11] 4 2 
A:maj [1, 4, 9] 9 7 
D:maj [2, 6, 9] 2 4 
A:7/3 [1, 4, 7, 9] 1 2 
F#:maj [1, 6, 10] 6 2 
B:min [2, 6, 11] 11 2 
A:sus4 [2, 4, 9] 9 2 
G:min [2, 7, 10] 7 4 
D:maj [2, 6, 9] 2 2 
D:sus2 [2, 4, 9] 2 3 
