0 119
70 3
0 1
73 1
0 1
73 2
70 1
0 1
75 3
0 1
75 3
0 1
75 2
0 2
73 1
0 1
77 3
0 1
75 3
0 1
70 3
0 1
73 1
0 1
73 2
70 1
0 1
73 3
0 1
73 3
0 1
73 1
0 1
73 2
0 2
70 6
0 2
70 3
0 1
73 1
0 1
73 2
70 2
75 3
0 1
75 3
0 1
75 3
0 1
73 1
0 1
77 3
0 1
75 3
0 1
70 1
0 1
70 2
73 1
0 1
73 1
0 1
70 1
0 1
73 6
0 16
70 3
0 1
73 1
0 1
73 2
70 1
0 1
75 3
0 1
75 3
0 1
75 2
0 2
73 1
0 1
77 3
0 1
75 3
0 1
70 3
0 1
73 1
0 1
73 2
70 1
0 1
73 3
0 1
73 3
0 1
73 1
0 1
73 2
0 2
70 6
0 2
70 3
0 1
73 1
0 1
73 2
70 2
75 3
0 1
75 3
0 1
75 3
0 1
73 1
0 1
77 3
0 1
75 3
0 1
70 1
0 1
70 2
73 1
0 1
73 1
0 1
70 1
0 1
73 6
0 16
77 3
0 1
80 1
0 1
80 1
0 1
77 1
0 1
82 3
0 1
82 3
0 1
82 3
0 1
82 1
0 1
82 3
0 1
80 3
0 1
80 3
0 1
80 1
0 1
80 1
0 1
77 1
0 1
80 3
0 1
80 3
0 1
80 3
0 1
80 2
77 7
0 1
77 3
0 1
80 1
0 1
80 1
0 1
77 1
0 1
82 3
0 1
82 3
0 1
82 3
0 1
82 1
0 1
82 3
0 1
80 3
0 1
80 3
0 1
80 1
0 1
80 1
0 1
77 1
0 1
80 3
0 1
80 3
0 1
80 3
0 1
80 2
82 7
0 1
77 3
0 1
75 1
0 1
75 1
0 1
73 1
0 1
75 5
0 1
77 3
0 1
75 1
0 1
75 1
0 1
73 1
0 1
75 4
0 2
77 3
0 1
75 1
0 1
75 1
0 1
73 1
0 1
73 10
0 12
77 3
0 1
75 1
0 1
75 1
0 1
73 1
0 1
75 5
0 1
77 3
0 1
75 1
0 1
75 1
0 1
73 1
0 1
75 5
0 1
77 3
0 1
75 1
0 1
75 1
0 1
73 1
0 1
73 15
0 7
70 3
0 1
73 1
0 1
73 2
70 1
0 1
75 3
0 1
75 3
0 1
75 2
0 2
73 1
0 1
77 3
0 1
75 3
0 1
70 3
0 1
73 1
0 1
73 2
70 1
0 1
73 3
0 1
73 3
0 1
73 1
0 1
73 2
0 2
70 6
0 2
70 3
0 1
73 1
0 1
73 2
70 2
75 3
0 1
75 3
0 1
75 3
0 1
73 1
0 1
77 3
0 1
75 3
0 1
70 1
0 1
70 2
73 1
0 1
73 1
0 1
70 1
0 1
73 6
0 16
77 3
0 1
80 1
0 1
80 1
0 1
77 1
0 1
82 3
0 1
82 3
0 1
82 3
0 1
82 1
0 1
82 3
0 1
80 3
0 1
80 3
0 1
80 1
0 1
80 1
0 1
77 1
0 1
80 3
0 1
80 3
0 1
80 3
0 1
80 2
77 7
0 1
77 3
0 1
80 1
0 1
80 1
0 1
77 1
0 1
82 3
0 1
82 3
0 1
82 3
0 1
82 1
0 1
82 3
0 1
80 3
0 1
80 3
0 1
80 1
0 1
80 1
0 1
77 1
0 1
80 3
0 1
80 3
0 1
80 3
0 1
80 2
82 7
0 1
77 3
0 1
75 1
0 1
75 1
0 1
73 1
0 1
75 5
0 1
77 3
0 1
75 1
0 1
75 1
0 1
73 1
0 1
75 4
0 2
77 3
0 1
75 1
0 1
75 1
0 1
73 1
0 1
73 10
0 12
77 3
0 1
75 1
0 1
75 1
0 1
73 1
0 1
75 5
0 1
77 3
0 1
75 1
0 1
75 1
0 1
73 1
0 1
75 5
0 1
77 3
0 1
75 1
0 1
75 1
0 1
73 1
0 1
73 15
0 135
70 3
0 1
73 1
0 1
73 2
70 1
0 1
75 3
0 1
75 3
0 1
75 2
0 2
73 1
0 1
77 3
0 1
75 3
0 1
70 3
0 1
73 1
0 1
73 2
70 1
0 1
73 3
0 1
73 3
0 1
73 1
0 1
73 2
0 2
70 6
0 2
70 3
0 1
73 1
0 1
73 2
70 2
75 3
0 1
75 3
0 1
75 3
0 1
73 1
0 1
77 3
0 1
75 3
0 1
70 1
0 1
70 2
73 1
0 1
73 1
0 1
70 1
0 1
73 6
0 16
77 3
0 1
80 1
0 1
80 1
0 1
77 1
0 1
82 3
0 1
82 3
0 1
82 3
0 1
82 1
0 1
82 3
0 1
80 3
0 1
80 3
0 1
80 1
0 1
80 1
0 1
77 1
0 1
80 3
0 1
80 3
0 1
80 3
0 1
80 2
77 7
0 1
77 3
0 1
80 1
0 1
80 1
0 1
77 1
0 1
82 3
0 1
82 3
0 1
82 3
0 1
82 1
0 1
82 3
0 1
80 3
0 1
80 3
0 1
80 1
0 1
80 1
0 1
77 1
0 1
80 3
0 1
80 3
0 1
80 3
0 1
80 2
82 7
0 1
77 3
0 1
75 1
0 1
75 1
0 1
73 1
0 1
75 5
0 1
77 3
0 1
75 1
0 1
75 1
0 1
73 1
0 1
75 4
0 2
77 3
0 1
75 1
0 1
75 1
0 1
73 1
0 1
73 10
0 12
77 3
0 1
75 1
0 1
75 1
0 1
73 1
0 1
75 5
0 1
77 3
0 1
75 1
0 1
75 1
0 1
73 1
0 1
75 5
0 1
77 3
0 1
75 1
0 1
75 1
0 1
73 1
0 1
73 15
0 7
77 3
0 1
80 1
0 1
80 1
0 1
77 1
0 1
82 3
0 1
82 3
0 1
82 3
0 1
82 1
0 1
82 3
0 1
80 3
0 1
80 3
0 1
80 1
0 1
80 1
0 1
77 1
0 1
80 3
0 1
80 3
0 1
80 3
0 1
80 2
77 7
0 1
77 3
0 1
80 1
0 1
80 1
0 1
77 1
0 1
82 3
0 1
82 3
0 1
82 3
0 1
82 1
0 1
82 3
0 1
80 3
0 1
80 3
0 1
80 1
0 1
80 1
0 1
77 1
0 1
80 3
0 1
80 3
0 1
80 3
0 1
80 2
82 7
0 1
77 3
0 1
75 1
0 1
75 1
0 1
73 1
0 1
75 5
0 1
77 3
0 1
75 1
0 1
75 1
0 1
73 1
0 1
75 4
0 2
77 3
0 1
75 1
0 1
75 1
0 1
73 1
0 1
73 10
0 12
77 3
0 1
75 1
0 1
75 1
0 1
73 1
0 1
75 5
0 1
77 3
0 1
75 1
0 1
75 1
0 1
73 1
0 1
75 5
0 1
77 3
0 1
75 1
0 1
75 1
0 1
73 1
0 1
73 15
