0 151
68 2
68 2
67 4
0 2
65 4
68 4
67 3
0 1
63 2
65 14
0 26
72 1
0 1
70 1
0 1
68 5
0 1
67 3
0 1
70 3
0 1
70 3
0 1
67 2
68 22
0 8
68 3
0 1
72 11
0 1
70 1
0 1
68 1
0 1
67 1
0 1
65 2
63 2
67 5
0 1
63 2
65 16
0 24
58 2
60 2
61 3
0 1
61 2
60 7
0 1
60 1
0 1
67 3
0 1
63 2
65 20
0 12
67 3
0 1
67 1
0 1
67 3
0 1
70 1
0 1
68 2
67 1
0 1
68 2
65 6
0 2
65 3
0 1
68 1
0 1
67 6
65 4
63 2
60 2
65 16
0 6
70 1
0 1
70 1
0 1
70 1
0 1
70 4
68 2
65 2
68 8
68 1
0 1
68 1
0 1
68 1
0 1
68 2
63 7
0 1
63 2
65 1
0 1
63 2
58 6
63 6
60 2
65 17
0 13
68 1
0 1
70 1
0 1
72 5
0 1
70 6
68 4
70 2
68 2
65 6
68 1
0 1
68 1
0 1
67 2
65 3
0 1
68 4
67 4
63 2
65 14
0 6
65 1
0 1
65 1
0 1
63 2
65 3
0 1
68 2
65 10
0 2
65 3
0 1
67 2
68 5
0 1
68 1
0 1
72 1
0 1
70 2
68 2
68 2
70 8
0 4
68 1
0 1
70 1
0 1
72 5
0 1
70 6
68 4
70 2
68 2
65 6
68 1
0 1
68 1
0 1
67 2
65 3
0 1
68 4
67 4
63 2
65 12
0 2
68 1
0 1
70 1
0 1
72 5
0 1
70 6
65 4
70 2
72 2
65 6
68 1
0 1
68 1
0 1
67 2
65 3
0 1
68 4
67 4
63 2
65 14
0 154
68 2
68 2
67 4
0 2
65 4
68 4
67 3
0 1
63 2
65 14
0 26
72 1
0 1
70 1
0 1
68 5
0 1
67 3
0 1
70 3
0 1
70 3
0 1
67 2
68 22
0 8
68 3
0 1
72 11
0 1
70 1
0 1
68 1
0 1
67 1
0 1
65 2
63 2
67 5
0 1
63 2
65 16
0 24
60 2
60 2
63 3
0 3
65 4
68 4
67 4
63 2
65 20
0 14
67 3
0 1
67 1
0 1
67 3
0 1
70 1
0 1
68 2
67 1
0 1
68 2
65 6
0 2
65 3
0 1
68 1
0 1
67 6
65 4
63 2
60 2
65 16
0 6
70 1
0 1
70 1
0 1
70 1
0 1
70 4
68 2
65 2
68 8
68 1
0 1
68 1
0 1
68 1
0 1
68 2
63 7
0 1
63 2
65 1
0 1
63 2
58 6
63 6
60 2
65 17
0 13
68 1
0 1
70 1
0 1
72 5
0 1
70 6
68 4
70 2
68 2
65 6
68 1
0 1
68 1
0 1
67 2
65 3
0 1
68 4
67 4
63 2
65 14
0 6
65 1
0 1
65 1
0 1
63 2
65 3
0 1
68 2
65 10
0 2
65 3
0 1
67 2
68 5
0 1
68 1
0 1
72 1
0 1
70 2
68 2
68 2
70 8
0 4
68 1
0 1
70 1
0 1
72 5
0 1
70 6
68 4
70 2
68 2
65 6
68 1
0 1
68 1
0 1
67 2
65 3
0 1
68 4
67 4
63 2
65 12
0 2
68 1
0 1
70 1
0 1
72 5
0 1
70 6
65 4
70 2
72 2
65 6
68 1
0 1
68 1
0 1
67 2
65 3
0 1
68 4
67 4
63 2
65 14
68 1
0 1
70 1
0 1
72 5
0 1
70 6
68 4
70 2
68 2
65 6
68 1
0 1
68 1
0 1
67 2
65 3
0 1
68 4
67 4
63 2
65 14
0 6
65 1
0 1
65 1
0 1
63 2
65 3
0 1
68 2
65 10
0 2
65 3
0 1
67 2
68 5
0 1
68 1
0 1
72 1
0 1
70 2
68 2
68 2
70 8
0 4
68 1
0 1
70 1
0 1
72 5
0 1
70 6
68 4
70 2
68 2
65 6
68 1
0 1
68 1
0 1
67 2
65 3
0 1
68 4
67 4
63 2
65 12
0 2
68 1
0 1
70 1
0 1
72 5
0 1
70 6
65 4
70 2
72 2
65 6
68 1
0 1
68 1
0 1
67 2
65 3
0 1
68 4
67 4
63 2
65 14
