F#:maj [1, 6, 10] 6 4
Eb:min [3, 6, 10] 3 4
B:maj [3, 6, 11] 11 4
E:maj6 [1, 4, 8, 11] 4 1
Eb:min7 [1, 3, 6, 10] 3 1
C#:maj [1, 5, 8] 1 2
F#:maj [1, 6, 10] 6 2
Ab:min [3, 8, 11] 8 2
C#:maj [1, 5, 8] 1 2
F#:maj7 [1, 4, 6, 10] 6 2
Eb:min [3, 6, 10] 3 2
Bb:min7 [1, 5, 8, 10] 10 2
Ab:min [3, 8, 11] 8 2
C#:maj [1, 5, 8] 1 2
F#:maj [1, 6, 10] 6 2
Ab:min [3, 8, 11] 8 2
C#:maj [1, 5, 8] 1 2
F#:maj [1, 6, 10] 6 1
C#:maj/3 [1, 5, 8] 5 1
Eb:min [3, 6, 10] 3 2
Bb:min [1, 5, 10] 10 2
B:maj [3, 6, 11] 11 2
Ab:min [3, 8, 11] 8 2
C#:maj [1, 5, 8] 1 2
C#:maj [1, 5, 8] 1 2
B:maj [3, 6, 11] 11 2
C#:maj [1, 5, 8] 1 2
Bb:min [1, 5, 10] 10 2
Eb:sus2 [3, 5, 10] 3 2
Ab:min [3, 8, 11] 8 2
C#:maj [1, 5, 8] 1 2
F#:maj [1, 6, 10] 6 4
B:maj [3, 6, 11] 11 2
C#:maj [1, 5, 8] 1 2
Bb:min [1, 5, 10] 10 2
Eb:min [3, 6, 10] 3 2
Ab:min [3, 8, 11] 8 2
C#:maj [1, 5, 8] 1 2
F#:maj [1, 6, 10] 6 4
Eb:min [3, 6, 10] 3 4
B:maj [3, 6, 11] 11 5
Eb:min [3, 6, 10] 3 1
C#:maj [1, 5, 8] 1 2
F#:maj [1, 6, 10] 6 2
Ab:min [3, 8, 11] 8 2
C#:maj [1, 5, 8] 1 2
F#:maj7 [1, 4, 6, 10] 6 2
Eb:min [3, 6, 10] 3 2
Bb:min7 [1, 5, 8, 10] 10 2
Ab:min [3, 8, 11] 8 2
C#:maj [1, 5, 8] 1 2
F#:maj [1, 6, 10] 6 2
Ab:min [3, 8, 11] 8 2
C#:maj [1, 5, 8] 1 2
F#:maj [1, 6, 10] 6 1
C#:maj/3 [1, 5, 8] 5 1
Eb:min [3, 6, 10] 3 2
Bb:min [1, 5, 10] 10 2
B:maj [3, 6, 11] 11 2
Ab:min [3, 8, 11] 8 2
C#:maj [1, 5, 8] 1 4
B:maj [3, 6, 11] 11 2
C#:maj [1, 5, 8] 1 2
Bb:min [1, 5, 10] 10 2
Eb:sus2 [3, 5, 10] 3 2
Ab:min [3, 8, 11] 8 2
C#:maj [1, 5, 8] 1 2
F#:maj [1, 6, 10] 6 4
B:maj [3, 6, 11] 11 2
C#:maj [1, 5, 8] 1 2
Bb:min [1, 5, 10] 10 2
Eb:min [3, 6, 10] 3 2
Ab:min [3, 8, 11] 8 2
C#:maj [1, 5, 8] 1 2
F#:maj [1, 6, 10] 6 4
B:maj [3, 6, 11] 11 2
Eb:min [3, 6, 10] 3 2
C#:sus2 [1, 3, 8] 1 4
Ab:min [3, 8, 11] 8 2
C#:maj [1, 5, 8] 1 2
F#:maj [1, 6, 10] 6 4
B:maj [3, 6, 11] 11 2
C#:maj [1, 5, 8] 1 2
Bb:min [1, 5, 10] 10 2
A:dim [0, 3, 9] 9 2
E:maj [4, 8, 11] 4 4
C#:maj [1, 5, 8] 1 4
B:maj [3, 6, 11] 11 2
C#:maj [1, 5, 8] 1 2
Bb:min [1, 5, 10] 10 2
Eb:min [3, 6, 10] 3 2
Ab:min [3, 8, 11] 8 2
C#:maj [1, 5, 8] 1 2
F#:maj [1, 6, 10] 6 4
B:maj [3, 6, 11] 11 2
C#:maj [1, 5, 8] 1 2
Bb:min [1, 5, 10] 10 2
Eb:min [3, 6, 10] 3 2
Ab:min [3, 8, 11] 8 2
C#:maj [1, 5, 8] 1 2
F#:maj [1, 6, 10] 6 4
B:maj [3, 6, 11] 11 2
C#:maj [1, 5, 8] 1 2
Bb:min [1, 5, 10] 10 2
Eb:min [3, 6, 10] 3 2
Ab:min [3, 8, 11] 8 2
C#:maj [1, 5, 8] 1 2
F#:maj [1, 6, 10] 6 8
Eb:min [3, 6, 10] 3 4
B:maj [3, 6, 11] 11 4
Ab:min [3, 8, 11] 8 2
C#:maj [1, 5, 8] 1 5
F#:maj [1, 6, 10] 6 5
