0 66
70 1
70 1
70 2
68 1
70 1
71 7
0 3
68 1
68 1
68 1
0 1
73 1
68 1
70 6
0 4
66 1
65 1
66 1
0 1
73 1
0 1
75 1
0 1
70 1
68 2
66 3
71 2
70 2
66 1
68 2
0 1
68 7
0 3
70 1
70 1
70 2
73 2
71 5
0 1
75 2
73 2
77 1
0 1
73 2
71 2
70 4
0 2
66 1
65 1
66 2
75 1
75 1
75 1
0 1
66 1
66 1
65 2
73 1
73 1
73 1
0 1
66 1
68 2
70 5
70 1
68 1
70 2
75 1
73 2
70 3
68 8
0 2
66 1
78 1
77 1
73 1
0 1
70 1
75 7
0 3
66 1
78 1
77 1
73 1
0 1
70 1
73 7
0 5
70 1
71 1
0 1
73 1
75 2
66 1
0 1
70 1
71 1
0 1
73 1
75 2
66 2
75 2
73 1
75 3
70 7
0 1
66 1
78 1
77 1
73 1
0 1
70 1
75 7
0 3
77 1
78 1
77 1
0 1
78 1
0 1
80 1
77 1
0 1
73 1
80 1
77 1
0 1
73 1
78 4
70 1
71 1
0 1
73 1
75 2
0 2
75 1
73 1
0 1
70 1
70 2
0 2
71 1
70 1
0 1
66 1
68 2
66 13
0 51
70 1
70 1
70 2
68 1
70 1
71 7
0 3
68 1
68 1
68 1
0 1
73 1
68 1
70 6
0 4
66 1
65 1
66 1
0 1
73 1
0 1
75 1
0 1
70 1
68 2
66 3
71 2
70 2
66 1
68 2
0 1
68 7
0 3
70 1
70 1
70 2
73 2
71 5
0 1
75 2
73 2
77 1
0 1
73 2
71 2
70 4
0 2
66 1
65 1
66 2
75 1
75 1
75 1
0 1
66 1
66 1
65 2
73 1
73 1
73 1
0 1
66 1
68 2
70 5
70 1
68 1
70 2
75 1
73 2
70 3
68 9
0 1
66 1
78 1
77 1
73 1
0 1
70 1
75 7
0 3
66 1
78 1
77 1
73 1
0 1
70 1
73 7
0 5
70 1
71 1
0 1
73 1
75 2
66 1
0 1
70 1
71 1
0 1
73 1
75 2
66 2
75 2
73 1
75 3
70 7
0 1
66 1
78 1
77 1
73 1
0 1
70 1
75 7
0 3
77 1
78 1
77 1
0 1
78 1
0 1
80 1
77 1
0 1
73 1
80 1
77 1
0 1
73 1
78 4
70 1
71 1
0 1
73 1
75 2
0 2
75 1
73 1
0 1
70 1
70 2
0 2
71 1
70 1
0 1
66 1
68 2
66 13
0 3
75 1
0 1
75 1
0 1
73 1
70 1
73 1
0 1
75 2
75 1
0 1
73 1
70 1
73 2
75 2
75 1
0 1
73 1
70 1
73 2
75 2
75 4
0 2
71 1
0 1
71 2
70 1
68 1
70 2
71 1
0 1
71 1
70 1
0 1
68 1
73 5
0 4
75 3
73 4
0 2
75 1
0 1
75 2
73 1
70 1
73 2
75 1
0 1
75 1
0 1
73 1
70 1
73 1
75 1
0 1
77 1
75 2
0 1
77 1
78 1
0 1
77 1
75 4
0 3
76 2
76 2
75 1
73 1
75 2
76 2
75 2
73 2
77 9
0 1
66 1
78 1
77 1
73 1
0 1
70 1
75 7
0 3
66 1
78 1
77 1
73 1
0 1
70 1
73 7
0 5
70 1
71 1
0 1
73 1
75 2
66 1
0 1
70 1
71 1
0 1
73 1
75 2
66 2
75 2
73 1
75 3
70 7
0 1
66 1
78 1
77 1
73 1
0 1
70 1
75 7
0 3
77 1
78 1
77 1
0 1
78 1
0 1
80 1
77 1
0 1
73 1
80 1
77 1
0 1
73 1
78 4
70 1
71 1
0 1
73 1
75 2
0 2
75 1
73 1
0 1
70 1
70 2
0 2
71 1
70 1
0 1
66 1
68 2
66 13
