A:maj [1, 4, 9] 9 4 
C#:min [1, 4, 8] 1 4 
F#:min [1, 6, 9] 6 4 
B:min [2, 6, 11] 11 2 
E:maj [4, 8, 11] 4 2 
A:maj [1, 4, 9] 9 4 
D:maj [2, 6, 9] 2 4 
B:maj [3, 6, 11] 11 3 
B:7 [3, 6, 9, 11] 11 1 
E:maj [4, 8, 11] 4 4 
A:maj [1, 4, 9] 9 4 
C#:min [1, 4, 8] 1 4 
F#:min [1, 6, 9] 6 4 
C#:min [1, 4, 8] 1 4 
D:maj [2, 6, 9] 2 4 
A:maj [1, 4, 9] 9 2 
F#:min [1, 6, 9] 6 2 
B:min [2, 6, 11] 11 4 
E:maj [4, 8, 11] 4 4 
A:maj [1, 4, 9] 9 4 
C#:min [1, 4, 8] 1 4 
F#:min [1, 6, 9] 6 4 
C#:min [1, 4, 8] 1 4 
D:maj [2, 6, 9] 2 4 
A:maj [1, 4, 9] 9 2 
F#:min [1, 6, 9] 6 2 
B:min [2, 6, 11] 11 2 
E:maj [4, 8, 11] 4 2 
A:maj [1, 4, 9] 9 4 
F#:min [1, 6, 9] 6 2 
C#:min [1, 4, 8] 1 2 
A:maj [1, 4, 9] 9 2 
C#:min [1, 4, 8] 1 2 
F#:min/5 [1, 6, 9] 1 2 
C#:min [1, 4, 8] 1 2 
B:min [2, 6, 11] 11 2 
D:maj [2, 6, 9] 2 2 
E:maj [4, 8, 11] 4 4 
F#:min [1, 6, 9] 6 2 
C#:min [1, 4, 8] 1 2 
A:maj [1, 4, 9] 9 2 
C#:min [1, 4, 8] 1 2 
F#:min [1, 6, 9] 6 2 
C#:min [1, 4, 8] 1 2 
B:min [2, 6, 11] 11 2 
D:maj [2, 6, 9] 2 2 
E:maj [4, 8, 11] 4 4 
A:maj [1, 4, 9] 9 4 
C#:min [1, 4, 8] 1 4 
F#:min [1, 6, 9] 6 4 
C#:min [1, 4, 8] 1 4 
D:maj [2, 6, 9] 2 4 
A:maj [1, 4, 9] 9 2 
F#:min [1, 6, 9] 6 2 
B:min [2, 6, 11] 11 2 
E:maj [4, 8, 11] 4 2 
A:maj [1, 4, 9] 9 4 
D:maj [2, 6, 9] 2 4 
D:maj/b3 [2, 6, 9] 6 4 
A:maj7 [1, 4, 7, 9] 9 2 
F#:min [1, 6, 9] 6 2 
B:min [2, 6, 11] 11 2 
E:maj [4, 8, 11] 4 2 
A:maj7 [1, 4, 7, 9] 9 4 
F#:min [1, 6, 9] 6 4 
B:min [2, 6, 11] 11 2 
E:maj [4, 8, 11] 4 2 
A:maj [1, 4, 9] 9 4 
F#:min [1, 6, 9] 6 2 
C#:min [1, 4, 8] 1 2 
A:maj [1, 4, 9] 9 2 
C#:min [1, 4, 8] 1 2 
F#:min/5 [1, 6, 9] 1 2 
C#:min [1, 4, 8] 1 2 
B:min [2, 6, 11] 11 2 
D:maj [2, 6, 9] 2 2 
E:maj [4, 8, 11] 4 4 
F#:min [1, 6, 9] 6 2 
C#:min [1, 4, 8] 1 2 
A:maj [1, 4, 9] 9 2 
C#:min [1, 4, 8] 1 2 
F#:min [1, 6, 9] 6 2 
C#:min [1, 4, 8] 1 2 
B:min [2, 6, 11] 11 2 
D:maj [2, 6, 9] 2 2 
E:maj [4, 8, 11] 4 4 
A:maj [1, 4, 9] 9 4 
C#:min [1, 4, 8] 1 4 
F#:min [1, 6, 9] 6 4 
C#:min [1, 4, 8] 1 4 
D:maj [2, 6, 9] 2 4 
A:maj [1, 4, 9] 9 2 
F#:min [1, 6, 9] 6 2 
B:min [2, 6, 11] 11 2 
E:maj [4, 8, 11] 4 2 
A:maj [1, 4, 9] 9 4 
C#:min [1, 4, 8] 1 4 
D:maj [2, 6, 9] 2 2 
E:maj [4, 8, 11] 4 3 
A:maj [1, 4, 9] 9 2 
