F#:maj [1, 6, 10] 6 8 
B:maj7 [3, 6, 9, 11] 11 4 
C#:maj [1, 5, 8] 1 2 
C#:7/b7 [1, 5, 8, 11] 11 2 
F#:maj [1, 6, 10] 6 8 
B:maj [3, 6, 11] 11 4 
C#:sus4 [1, 6, 8] 1 8 
F#:maj [1, 6, 10] 6 4 
Bb:min7 [1, 5, 8, 10] 10 4 
B:maj [3, 6, 11] 11 2 
C#:maj [1, 5, 8] 1 2 
F#:maj [1, 6, 10] 6 8 
Bb:min7 [1, 5, 8, 10] 10 4 
B:maj [3, 6, 11] 11 2 
C#:maj [1, 5, 8] 1 2 
F#:maj [1, 6, 10] 6 4 
Eb:min/5 [3, 6, 10] 10 3 
Bb:min [1, 5, 10] 10 5 
B:maj7 [3, 6, 9, 11] 11 2 
B:maj(9) [1, 3, 6, 9, 11] 11 2 
F#:maj [1, 6, 10] 6 4 
Eb:min [3, 6, 10] 3 4 
Bb:min7 [1, 5, 8, 10] 10 4 
B:maj [3, 6, 11] 11 4 
C#:maj [1, 5, 8] 1 4 
B:maj7 [3, 6, 9, 11] 11 4 
C#:maj [1, 5, 8] 1 4 
Bb:min7 [1, 5, 8, 10] 10 4 
Eb:min [3, 6, 10] 3 4 
B:maj [3, 6, 11] 11 4 
C#:maj [1, 5, 8] 1 4 
B:maj [3, 6, 11] 11 4 
C#:maj [1, 5, 8] 1 4 
Bb:min7 [1, 5, 8, 10] 10 4 
Eb:sus2 [3, 5, 10] 3 4 
B:maj7 [3, 6, 9, 11] 11 4 
C#:maj [1, 5, 8] 1 4 
F#:maj [1, 6, 10] 6 4 
Bb:min [1, 5, 10] 10 4 
B:maj7 [3, 6, 9, 11] 11 2 
C#:maj [1, 5, 8] 1 2 
F#:maj [1, 6, 10] 6 8 
Bb:min7 [1, 5, 8, 10] 10 4 
B:maj7 [3, 6, 9, 11] 11 2 
B:maj(9) [1, 3, 6, 9, 11] 11 2 
F#:maj [1, 6, 10] 6 4 
Eb:min [3, 6, 10] 3 3 
Bb:sus4 [3, 5, 10] 10 4 
Bb:min7 [1, 5, 8, 10] 10 1 
B:maj [3, 6, 11] 11 2 
B:maj(9) [1, 3, 6, 9, 11] 11 2 
F#:maj [1, 6, 10] 6 4 
Eb:min [3, 6, 10] 3 4 
Bb:min [1, 5, 10] 10 3 
Bb:min7 [1, 5, 8, 10] 10 1 
B:maj [3, 6, 11] 11 4 
C#:maj [1, 5, 8] 1 4 
B:maj [3, 6, 11] 11 4 
C#:maj [1, 5, 8] 1 4 
Bb:min7 [1, 5, 8, 10] 10 4 
Eb:min [3, 6, 10] 3 4 
B:maj [3, 6, 11] 11 4 
C#:maj [1, 5, 8] 1 4 
B:maj [3, 6, 11] 11 4 
C#:maj [1, 5, 8] 1 4 
Bb:min [1, 5, 10] 10 4 
Eb:min [3, 6, 10] 3 4 
B:maj [3, 6, 11] 11 4 
C#:maj [1, 5, 8] 1 4 
F#:maj [1, 6, 10] 6 8 
E:maj [4, 8, 11] 4 4 
B:maj [3, 6, 11] 11 4 
F#:maj [1, 6, 10] 6 8 
E:maj [4, 8, 11] 4 3 
B:maj [3, 6, 11] 11 3 
F#:maj [1, 6, 10] 6 10 
E:maj [4, 8, 11] 4 4 
B:maj [3, 6, 11] 11 4 
F#:maj [1, 6, 10] 6 8 
G:maj [2, 7, 11] 7 4 
E:maj [4, 8, 11] 4 8 
F#:maj [1, 6, 10] 6 4 
C#:maj [1, 5, 8] 1 3 
C#:7 [1, 5, 8, 11] 1 1 
Bb:min7 [1, 5, 8, 10] 10 4 
Eb:min [3, 6, 10] 3 4 
B:maj [3, 6, 11] 11 4 
C#:maj [1, 5, 8] 1 8 
Eb:maj [3, 7, 10] 3 4 
C:min [0, 3, 7] 0 4 
F:min [0, 5, 8] 5 3 
F:min7 [0, 3, 5, 8] 5 1 
C#:maj [1, 5, 8] 1 4 
Eb:maj [3, 7, 10] 3 4 
C#:maj [1, 5, 8] 1 4 
Eb:maj [3, 7, 10] 3 4 
C:min [0, 3, 7] 0 4 
F:min [0, 5, 8] 5 3 
F:min7 [0, 3, 5, 8] 5 1 
C#:maj [1, 5, 8] 1 4 
Eb:maj [3, 7, 10] 3 4 
C#:maj [1, 5, 8] 1 4 
Eb:maj [3, 7, 10] 3 4 
C:min [0, 3, 7] 0 4 
F:min [0, 5, 8] 5 3 
F:min7 [0, 3, 5, 8] 5 1 
C#:maj [1, 5, 8] 1 4 
Eb:maj [3, 7, 10] 3 4 
C#:maj [1, 5, 8] 1 4 
Eb:maj [3, 7, 10] 3 4 
C:min [0, 3, 7] 0 4 
F:min [0, 5, 8] 5 3 
Ab:maj7/7 [0, 3, 6, 8] 7 1 
C#:maj [1, 5, 8] 1 4 
Eb:maj [3, 7, 10] 3 4 
C#:maj [1, 5, 8] 1 4 
Eb:maj [3, 7, 10] 3 4 
C:min [0, 3, 7] 0 4 
F:min [0, 5, 8] 5 3 
F:min7 [0, 3, 5, 8] 5 1 
C#:maj [1, 5, 8] 1 4 
Eb:maj [3, 7, 10] 3 4 
C#:maj [1, 5, 8] 1 3 
