C#:min [1, 4, 8] 1 4 
Ab:maj [0, 3, 8] 8 4 
F#:min [1, 6, 9] 6 2 
A:maj [1, 4, 9] 9 2 
Ab:maj [0, 3, 8] 8 4 
C#:min [1, 4, 8] 1 2 
Ab:min [3, 8, 11] 8 2 
A:maj [1, 4, 9] 9 1 
B:maj [3, 6, 11] 11 1 
E:maj [4, 8, 11] 4 2 
F#:min [1, 6, 9] 6 2 
C#:min [1, 4, 8] 1 2 
A:maj [1, 4, 9] 9 2 
Ab:maj [0, 3, 8] 8 2 
C#:min [1, 4, 8] 1 2 
Ab:min [3, 8, 11] 8 2 
A:maj [1, 4, 9] 9 1 
B:maj [3, 6, 11] 11 1 
E:maj [4, 8, 11] 4 2 
F#:min [1, 6, 9] 6 2 
C#:min [1, 4, 8] 1 2 
A:maj [1, 4, 9] 9 2 
Ab:maj [0, 3, 8] 8 2 
C#:min [1, 4, 8] 1 4 
A:maj [1, 4, 9] 9 2 
B:maj [3, 6, 11] 11 2 
Ab:min [3, 8, 11] 8 2 
C#:min [1, 4, 8] 1 2 
A:maj [1, 4, 9] 9 2 
B:maj [3, 6, 11] 11 2 
E:maj [4, 8, 11] 4 2 
Ab:maj [0, 3, 8] 8 2 
F#:min [1, 6, 9] 6 4 
C#:min [1, 4, 8] 1 4 
A:maj [1, 4, 9] 9 4 
Ab:maj [0, 3, 8] 8 4 
A:maj [1, 4, 9] 9 2 
B:maj [3, 6, 11] 11 2 
Ab:maj [0, 3, 8] 8 2 
C#:min [1, 4, 8] 1 2 
A:maj [1, 4, 9] 9 2 
B:maj [3, 6, 11] 11 2 
E:maj [4, 8, 11] 4 2 
Ab:maj [0, 3, 8] 8 2 
F#:min [1, 6, 9] 6 4 
C#:min [1, 4, 8] 1 4 
A:maj [1, 4, 9] 9 4 
Ab:maj [0, 3, 8] 8 4 
C#:min [1, 4, 8] 1 2 
Ab:min [3, 8, 11] 8 2 
A:maj [1, 4, 9] 9 1 
B:maj [3, 6, 11] 11 1 
E:maj [4, 8, 11] 4 2 
F#:min [1, 6, 9] 6 2 
C#:min [1, 4, 8] 1 2 
A:maj [1, 4, 9] 9 2 
Ab:maj [0, 3, 8] 8 2 
C#:min [1, 4, 8] 1 2 
Ab:min [3, 8, 11] 8 2 
A:maj [1, 4, 9] 9 1 
B:maj [3, 6, 11] 11 1 
E:maj [4, 8, 11] 4 2 
F#:min [1, 6, 9] 6 2 
C#:min [1, 4, 8] 1 2 
A:maj [1, 4, 9] 9 2 
Ab:maj [0, 3, 8] 8 2 
C#:min [1, 4, 8] 1 6 
Ab:min [3, 8, 11] 8 2 
A:maj [1, 4, 9] 9 1 
B:maj [3, 6, 11] 11 1 
C#:min [1, 4, 8] 1 4 
Ab:min [3, 8, 11] 8 2 
A:maj [1, 4, 9] 9 1 
B:maj [3, 6, 11] 11 1 
E:maj [4, 8, 11] 4 2 
F#:min [1, 6, 9] 6 2 
C#:min [1, 4, 8] 1 2 
A:maj [1, 4, 9] 9 2 
Ab:maj [0, 3, 8] 8 2 
C#:min [1, 4, 8] 1 2 
Ab:min [3, 8, 11] 8 2 
A:maj [1, 4, 9] 9 1 
B:maj [3, 6, 11] 11 1 
E:maj [4, 8, 11] 4 2 
F#:min [1, 6, 9] 6 2 
C#:min [1, 4, 8] 1 2 
A:maj [1, 4, 9] 9 2 
Ab:maj [0, 3, 8] 8 2 
C#:min [1, 4, 8] 1 4 
A:maj [1, 4, 9] 9 2 
B:maj [3, 6, 11] 11 2 
Ab:maj [0, 3, 8] 8 2 
C#:min [1, 4, 8] 1 2 
A:maj [1, 4, 9] 9 2 
B:maj [3, 6, 11] 11 2 
E:maj [4, 8, 11] 4 2 
Ab:maj [0, 3, 8] 8 2 
F#:min [1, 6, 9] 6 4 
C#:min [1, 4, 8] 1 4 
A:maj [1, 4, 9] 9 4 
Ab:maj [0, 3, 8] 8 4 
C#:min [1, 4, 8] 1 2 
Ab:min [3, 8, 11] 8 2 
A:maj [1, 4, 9] 9 1 
B:maj [3, 6, 11] 11 1 
E:maj [4, 8, 11] 4 2 
F#:min [1, 6, 9] 6 2 
C#:min [1, 4, 8] 1 2 
A:maj [1, 4, 9] 9 2 
Ab:maj [0, 3, 8] 8 2 
C#:min [1, 4, 8] 1 2 
Ab:min [3, 8, 11] 8 2 
A:maj [1, 4, 9] 9 1 
B:maj [3, 6, 11] 11 1 
E:maj [4, 8, 11] 4 2 
F#:min [1, 6, 9] 6 2 
C#:min [1, 4, 8] 1 2 
A:maj [1, 4, 9] 9 2 
Ab:maj [0, 3, 8] 8 2 
C#:min [1, 4, 8] 1 6 
Ab:min [3, 8, 11] 8 2 
F#:min/b3 [1, 6, 9] 9 1 
B:sus2 [1, 6, 11] 11 1 
E:maj [4, 8, 11] 4 2 
F#:min [1, 6, 9] 6 2 
C#:min [1, 4, 8] 1 2 
A:maj [1, 4, 9] 9 2 
Ab:maj [0, 3, 8] 8 2 
C#:min [1, 4, 8] 1 2 
Ab:min [3, 8, 11] 8 2 
A:maj [1, 4, 9] 9 1 
A:maj7 [1, 4, 7, 9] 9 1 
E:maj [4, 8, 11] 4 2 
F#:min [1, 6, 9] 6 2 
C#:min [1, 4, 8] 1 2 
A:maj [1, 4, 9] 9 2 
Ab:maj [0, 3, 8] 8 2 
C#:min [1, 4, 8] 1 7 
Ab:min [3, 8, 11] 8 2 
A:sus2 [4, 9, 11] 9 2 
C#:min [1, 4, 8] 1 6 
