0 136
70 2
68 2
70 2
71 3
0 1
70 2
0 2
68 4
0 4
66 1
0 1
66 4
65 2
66 4
68 2
70 2
68 2
70 9
0 15
70 1
0 1
68 1
0 1
70 2
71 2
0 2
70 2
0 3
68 7
66 1
0 1
66 4
65 2
70 2
0 2
68 2
66 16
0 12
73 6
0 2
63 2
0 2
68 1
0 1
68 6
0 2
66 1
0 1
66 3
0 1
63 1
0 1
63 3
0 1
66 2
70 1
0 1
70 4
0 22
73 7
0 1
63 4
68 1
0 1
68 8
0 2
63 3
0 1
66 2
70 6
68 2
66 10
70 2
71 1
0 1
73 1
0 1
73 8
0 2
70 2
71 2
73 1
0 1
73 3
0 1
75 2
77 2
73 7
0 1
73 2
73 4
71 1
0 1
71 4
70 2
68 2
71 7
0 3
70 1
0 1
71 2
73 1
0 1
73 9
0 1
70 2
71 2
73 1
0 1
73 3
0 1
77 2
0 2
73 7
0 1
73 2
77 3
0 1
78 2
73 4
71 2
70 1
70 3
68 10
0 6
70 4
73 1
68 7
70 2
66 9
0 9
63 3
0 1
70 2
0 1
68 7
0 2
66 1
0 2
66 13
0 136
70 2
68 2
70 2
71 3
0 1
70 2
0 2
68 4
0 4
66 1
0 1
66 4
65 2
66 4
68 2
70 2
68 2
70 9
0 15
70 1
0 1
68 1
0 1
70 2
71 2
0 2
70 2
0 2
68 7
0 1
66 1
0 1
66 4
65 2
70 2
0 2
68 2
0 2
66 16
0 11
73 6
0 1
63 2
0 2
68 1
0 1
68 6
0 2
66 1
0 1
66 3
0 1
63 1
0 1
63 3
0 1
66 2
70 1
0 1
70 4
0 22
73 5
0 3
63 4
68 1
0 1
68 8
0 2
63 3
0 1
66 2
70 6
68 2
66 10
70 2
71 1
0 1
73 1
0 1
73 8
0 2
70 2
71 2
73 1
0 1
73 3
0 1
75 2
77 2
73 7
0 1
73 2
73 4
71 1
0 1
71 4
70 2
68 2
71 7
0 3
70 1
0 1
71 2
73 1
0 1
73 9
0 1
70 2
71 2
73 1
0 1
73 3
0 1
77 2
0 2
73 7
0 1
73 2
77 3
0 1
78 2
73 4
71 2
70 1
70 3
68 9
75 1
75 1
0 1
73 1
71 1
73 3
0 7
70 1
0 1
71 2
73 1
0 1
73 4
77 2
0 2
73 8
73 1
0 1
73 3
0 1
71 2
71 3
0 1
70 2
68 1
0 1
71 8
0 2
70 2
71 1
0 1
73 1
0 1
73 8
0 2
70 2
71 2
73 1
0 1
73 3
0 1
75 2
77 2
73 7
0 1
73 2
77 3
0 1
78 2
73 4
71 2
70 1
70 3
68 10
0 7
70 3
73 2
68 6
70 1
66 11
0 4
63 4
70 3
68 8
0 1
66 3
0 1
66 12
