0 150
69 4
70 5
0 1
69 3
0 1
69 2
70 2
69 4
65 2
0 2
67 6
62 6
60 4
62 8
0 14
69 1
0 1
69 2
70 5
0 1
69 3
0 1
69 2
70 2
69 4
65 2
0 2
67 6
70 12
0 12
74 1
0 1
74 2
72 1
0 1
72 2
70 1
0 1
72 4
70 1
0 1
70 4
67 11
0 1
74 1
0 1
74 1
0 1
72 1
0 1
72 1
0 1
70 1
0 1
72 4
70 1
0 1
70 4
65 11
0 1
74 1
0 1
74 1
0 1
72 1
0 1
72 1
0 1
70 4
67 6
74 3
72 2
0 1
70 4
67 6
62 4
65 8
0 26
70 1
0 1
70 1
0 1
70 5
0 1
69 3
0 1
70 4
69 4
65 4
67 6
62 6
60 2
62 15
0 9
70 1
0 1
70 1
0 1
70 5
0 1
69 2
0 2
69 2
70 1
0 1
69 4
65 4
67 4
70 11
0 15
74 1
0 1
74 2
72 1
0 1
72 1
0 1
70 2
72 4
70 1
0 1
70 4
67 10
0 2
74 1
0 1
74 2
72 1
0 1
72 1
0 1
70 1
0 1
72 3
0 1
70 1
0 1
70 4
65 9
0 3
74 1
0 1
74 2
72 1
0 1
72 1
0 1
70 2
67 5
0 1
74 1
0 1
74 1
0 1
72 1
0 1
72 1
0 1
70 2
67 4
70 4
77 6
0 24
77 1
0 1
77 2
74 1
0 1
74 1
0 1
72 1
0 1
72 1
0 1
70 1
0 1
72 1
0 1
70 1
0 1
72 4
74 2
77 4
74 2
0 2
77 1
0 1
77 1
0 1
74 1
0 1
74 2
72 1
0 1
72 1
0 1
70 1
0 1
72 2
74 13
0 3
77 1
0 1
77 1
0 1
74 1
0 1
74 2
72 2
70 4
0 2
77 1
0 1
77 2
79 2
74 2
72 4
70 4
65 2
77 1
0 1
77 1
0 1
77 1
0 1
77 1
0 1
77 3
79 3
0 2
70 3
72 11
77 1
0 1
77 2
74 1
0 1
74 1
0 1
72 1
0 1
72 1
0 1
70 1
0 1
72 1
0 1
70 1
0 1
72 4
74 2
77 4
74 2
0 2
77 1
0 1
77 1
0 1
74 1
0 1
74 2
72 1
0 1
72 1
0 1
70 1
0 1
72 2
74 10
0 6
77 1
0 1
77 1
0 1
74 1
0 1
74 2
72 2
70 4
0 2
77 1
0 1
77 2
79 2
74 2
72 4
70 4
0 2
77 1
0 1
77 1
0 1
77 1
0 1
77 1
0 1
77 3
79 3
0 2
70 3
72 6
74 6
72 3
72 8
70 13
0 159
69 2
69 2
70 5
0 1
69 3
0 1
69 2
70 2
69 4
65 2
0 1
67 6
62 6
0 1
60 2
62 8
0 16
69 1
0 1
69 2
70 5
0 1
69 3
0 1
69 2
70 2
69 4
65 2
67 6
70 12
0 14
74 1
0 1
74 2
72 1
0 1
72 2
70 1
0 1
72 4
70 1
0 1
70 4
67 11
0 1
74 1
0 1
74 1
0 1
72 1
0 1
72 1
0 1
70 1
0 1
72 4
70 1
0 1
70 4
65 11
0 1
74 1
0 1
74 1
0 1
72 1
0 1
72 1
70 3
67 5
0 1
74 2
74 2
72 1
72 2
0 1
70 2
67 4
70 4
77 11
0 19
77 1
0 1
77 2
74 1
0 1
74 1
0 1
72 1
0 1
72 1
0 1
70 1
0 1
72 1
0 1
70 1
0 1
72 4
74 2
77 4
74 2
0 2
77 1
0 1
77 1
0 1
74 1
0 1
74 2
72 1
0 1
72 1
0 1
70 1
0 1
72 2
74 10
0 6
77 1
0 1
77 1
0 1
74 1
0 1
74 2
72 3
70 4
0 1
77 1
0 1
77 2
79 2
74 2
72 4
70 4
65 2
77 1
0 1
77 1
0 1
77 1
0 1
77 1
0 1
77 3
79 3
0 2
70 3
72 5
0 6
77 1
0 1
77 2
74 1
0 1
74 1
0 1
72 1
0 1
72 1
0 1
70 1
0 1
72 1
0 1
70 1
0 1
72 4
74 2
77 4
74 2
0 2
77 1
0 1
77 1
0 1
74 1
0 1
74 2
72 1
0 1
72 1
0 1
70 1
0 1
72 2
74 10
0 6
77 1
0 1
77 1
0 1
74 1
0 1
74 2
72 3
70 4
0 1
77 1
0 1
77 2
79 2
74 2
72 4
70 4
0 2
77 1
0 1
77 1
0 1
77 1
0 1
77 1
0 1
77 3
79 3
0 2
70 3
72 6
74 6
72 3
72 8
70 13
0 13
69 2
0 2
69 2
0 1
69 3
74 2
0 2
74 3
0 1
74 2
75 4
72 5
0 3
72 2
70 2
72 3
74 5
0 2
67 2
70 8
0 8
69 1
0 1
69 1
0 1
69 1
0 2
69 1
0 2
69 1
0 1
74 2
0 2
74 2
75 2
74 4
72 4
70 8
0 6
67 2
70 3
0 1
67 2
70 2
0 2
79 6
0 2
77 28
0 32
78 1
0 1
78 2
75 1
0 1
75 1
0 1
73 1
0 1
73 2
71 2
73 1
0 1
71 2
73 2
75 4
78 4
75 3
0 1
78 1
0 1
78 1
0 1
75 1
0 1
75 1
0 1
73 1
0 1
73 1
0 1
71 2
73 2
75 11
0 5
78 1
0 1
78 1
0 1
75 1
0 1
75 1
0 1
73 4
0 1
71 2
0 1
78 1
0 1
78 1
0 1
80 2
75 2
73 3
0 1
71 2
0 2
66 2
78 1
0 1
78 1
0 1
78 1
0 1
78 1
0 1
78 2
80 6
71 2
73 10
0 2
78 1
0 1
78 2
75 1
0 1
75 1
0 1
73 1
0 1
73 2
71 2
73 1
0 1
71 2
73 2
75 4
78 4
75 3
0 1
78 1
0 1
78 1
0 1
75 1
0 1
75 1
0 1
73 1
0 1
73 1
0 1
71 2
73 2
75 11
0 5
78 1
0 1
78 1
0 1
75 1
0 1
75 1
0 1
73 4
0 1
71 2
0 1
78 1
0 1
78 1
0 1
80 2
75 2
73 3
0 1
71 2
0 4
78 1
0 1
78 1
0 1
78 1
0 1
78 1
0 1
78 2
80 6
71 2
73 8
75 5
73 4
73 4
0 1
71 21
