C:min [0, 3, 7] 0 2 
G:min [2, 7, 10] 7 2 
Ab:maj [0, 3, 8] 8 2 
Bb:maj [2, 5, 10] 10 2 
C:min [0, 3, 7] 0 2 
G:min [2, 7, 10] 7 2 
Ab:maj [0, 3, 8] 8 2 
Bb:maj [2, 5, 10] 10 2 
C:min [0, 3, 7] 0 2 
G:min [2, 7, 10] 7 2 
Ab:maj [0, 3, 8] 8 8 
Eb:maj [3, 7, 10] 3 4 
C:min [0, 3, 7] 0 4 
Ab:maj [0, 3, 8] 8 4 
Bb:maj [2, 5, 10] 10 4 
Eb:maj [3, 7, 10] 3 4 
C:min [0, 3, 7] 0 4 
Ab:maj [0, 3, 8] 8 4 
Bb:maj [2, 5, 10] 10 4 
G:maj [2, 7, 11] 7 4 
C:min [0, 3, 7] 0 4 
G:maj [2, 7, 11] 7 4 
C:min [0, 3, 7] 0 2 
Eb:maj/5 [3, 7, 10] 10 2 
Ab:maj [0, 3, 8] 8 4 
Bb:maj [2, 5, 10] 10 4 
Eb:maj/5 [3, 7, 10] 10 4 
C:min [0, 3, 7] 0 4 
Ab:maj [0, 3, 8] 8 4 
Bb:maj [2, 5, 10] 10 4 
Eb:maj [3, 7, 10] 3 4 
C:min [0, 3, 7] 0 4 
Ab:maj [0, 3, 8] 8 2 
Bb:maj [2, 5, 10] 10 2 
Eb:maj [3, 7, 10] 3 4 
Ab:maj [0, 3, 8] 8 2 
Eb:maj [3, 7, 10] 3 2 
C:min [0, 3, 7] 0 2 
F:min [0, 5, 8] 5 2 
Bb:maj [2, 5, 10] 10 3 
E:maj/5 [4, 8, 11] 11 1 
C:min [0, 3, 7] 0 4 
Ab:maj [0, 3, 8] 8 7 
Bb:maj [2, 5, 10] 10 1 
Ab:maj [0, 3, 8] 8 4 
Eb:maj [3, 7, 10] 3 4 
C:min [0, 3, 7] 0 4 
Ab:maj [0, 3, 8] 8 4 
Bb:maj [2, 5, 10] 10 4 
Eb:maj [3, 7, 10] 3 4 
C:min [0, 3, 7] 0 4 
Ab:maj [0, 3, 8] 8 4 
Bb:maj [2, 5, 10] 10 4 
G:maj [2, 7, 11] 7 4 
C:min [0, 3, 7] 0 4 
G:maj [2, 7, 11] 7 4 
C:min [0, 3, 7] 0 2 
Eb:maj/5 [3, 7, 10] 10 2 
Ab:maj [0, 3, 8] 8 4 
Bb:maj [2, 5, 10] 10 4 
Eb:maj/5 [3, 7, 10] 10 4 
C:min [0, 3, 7] 0 4 
Ab:maj [0, 3, 8] 8 4 
Bb:maj [2, 5, 10] 10 4 
Eb:maj [3, 7, 10] 3 4 
C:min [0, 3, 7] 0 4 
Ab:maj [0, 3, 8] 8 2 
Bb:maj [2, 5, 10] 10 2 
Eb:maj [3, 7, 10] 3 2 
Bb:maj [2, 5, 10] 10 2 
Eb:maj/5 [3, 7, 10] 10 4 
C:min [0, 3, 7] 0 4 
Ab:maj [0, 3, 8] 8 4 
Bb:maj [2, 5, 10] 10 4 
Eb:maj [3, 7, 10] 3 4 
C:min [0, 3, 7] 0 4 
Ab:maj [0, 3, 8] 8 2 
Bb:maj [2, 5, 10] 10 2 
Eb:maj [3, 7, 10] 3 4 
Ab:maj [0, 3, 8] 8 2 
Bb:7 [2, 5, 8, 10] 10 4 
Eb:sus2 [3, 5, 10] 3 4 
