0 146
67 1
67 1
67 1
74 1
0 1
74 1
72 1
72 3
0 2
70 1
72 1
74 1
67 1
0 1
67 1
65 1
67 1
0 1
67 5
0 6
67 1
67 1
67 1
67 2
70 1
69 1
69 3
0 1
70 1
70 1
67 1
70 2
72 1
70 2
72 1
0 1
74 6
0 5
67 1
67 1
67 1
74 1
0 1
74 1
72 1
72 3
0 1
70 1
70 1
72 1
74 2
67 1
65 2
67 1
0 1
67 4
0 3
67 1
69 1
70 3
0 1
67 1
70 1
74 2
72 3
65 1
65 1
67 1
69 2
67 8
0 6
74 1
72 1
67 5
0 1
74 1
72 5
0 4
69 2
69 1
69 2
65 2
70 4
0 3
67 1
67 1
70 5
0 2
67 1
69 2
67 1
65 2
67 2
62 9
0 6
74 1
72 1
74 4
0 1
74 1
77 1
72 5
0 2
65 1
65 1
77 1
79 2
0 1
72 1
77 2
74 4
0 2
67 1
69 1
70 4
0 1
74 2
72 1
69 4
65 1
65 1
0 1
67 1
67 10
0 5
74 1
77 1
79 1
0 1
79 6
0 3
79 2
77 1
77 1
74 1
77 2
77 1
79 1
0 1
72 1
77 1
74 4
0 3
72 1
70 1
72 1
74 1
67 4
0 2
72 2
70 1
72 1
0 1
77 1
0 1
74 13
0 2
74 1
77 1
79 1
0 1
79 6
0 3
79 2
77 1
77 1
74 1
81 2
81 1
81 1
0 1
77 1
77 1
74 4
0 3
72 1
70 1
72 1
74 1
67 4
0 2
72 2
74 1
65 2
70 2
67 10
0 9
67 1
67 1
67 1
74 1
0 1
74 1
72 1
72 3
0 2
70 1
72 1
74 1
67 1
0 1
67 1
65 1
67 1
0 1
67 5
0 6
67 1
67 1
67 1
67 2
70 1
69 1
69 3
0 1
70 1
70 1
67 1
70 2
72 1
70 2
72 1
0 1
74 6
0 5
67 1
67 1
67 1
74 1
0 1
74 1
72 1
72 3
0 1
70 1
70 1
72 1
74 2
67 1
65 2
67 1
0 1
67 4
0 3
67 1
69 1
70 3
0 1
67 1
70 1
74 2
72 3
65 1
65 1
67 1
69 2
67 8
0 6
74 1
72 1
67 5
0 1
74 1
72 5
0 4
69 2
69 1
69 2
65 2
70 4
0 3
67 1
67 1
70 5
0 2
67 1
69 2
67 1
65 2
67 2
62 9
0 6
74 1
72 1
74 4
0 1
74 1
77 1
72 5
0 2
65 1
65 1
77 1
79 2
0 1
72 1
77 2
74 4
0 2
67 1
69 1
70 4
0 1
74 2
72 1
69 4
65 1
65 1
0 1
67 1
67 10
0 5
74 1
77 1
79 1
0 1
79 6
0 3
79 2
77 1
77 1
74 1
77 2
77 1
79 1
0 1
72 1
77 1
74 4
0 3
72 1
70 1
72 1
74 1
67 4
0 2
72 2
70 1
72 1
0 1
77 1
0 1
74 13
0 2
74 1
77 1
79 1
0 1
79 6
0 3
79 2
77 1
77 1
74 1
81 2
81 1
81 1
0 1
77 1
77 1
74 4
0 3
72 1
70 1
72 1
74 1
67 4
0 2
72 2
74 1
65 2
70 2
67 10
0 67
0 2
74 1
77 1
79 1
0 1
79 6
0 3
79 2
77 1
77 1
74 1
77 2
77 1
79 1
0 1
72 1
77 1
74 4
0 3
72 1
70 1
72 1
74 1
67 4
0 2
72 2
70 1
72 1
0 1
77 1
0 1
74 13
0 2
74 1
77 1
79 1
0 1
79 6
0 3
79 2
77 1
77 1
74 1
81 2
81 1
81 1
0 1
77 1
77 1
74 4
0 3
72 1
70 1
72 1
74 1
67 4
0 2
72 2
74 1
65 2
70 2
67 10
0 5
74 1
77 1
79 1
0 1
79 6
0 3
79 2
77 1
77 1
74 1
81 2
81 1
81 1
0 1
77 1
77 1
74 4
0 3
72 1
70 1
72 1
74 1
67 4
0 2
72 2
74 1
65 2
70 2
67 10
0 5
72 1
70 1
72 1
74 1
67 4
0 2
72 2
74 1
65 2
70 2
67 10
