F:maj [0, 5, 9] 5 4 
A:min [0, 4, 9] 9 4 
Bb:maj [2, 5, 10] 10 12 
F:maj [0, 5, 9] 5 4 
A:min/5 [0, 4, 9] 4 2 
F:maj [0, 5, 9] 5 2 
Bb:maj [2, 5, 10] 10 8 
F:maj [0, 5, 9] 5 4 
A:min/5 [0, 4, 9] 4 2 
F:maj [0, 5, 9] 5 2 
Bb:maj [2, 5, 10] 10 8 
A:min [0, 4, 9] 9 4 
D:min [2, 5, 9] 2 4 
G:min [2, 7, 10] 7 4 
C:maj [0, 4, 7] 0 4 
F:maj [0, 5, 9] 5 8 
Bb:maj [2, 5, 10] 10 8 
F:maj [0, 5, 9] 5 8 
Bb:maj [2, 5, 10] 10 8 
F:maj [0, 5, 9] 5 20 
F:maj7 [0, 3, 5, 9] 5 4 
Bb:maj [2, 5, 10] 10 8 
F:maj [0, 5, 9] 5 4 
F:maj7 [0, 3, 5, 9] 5 4 
Bb:maj [2, 5, 10] 10 8 
A:min [0, 4, 9] 9 4 
D:min [2, 5, 9] 2 4 
G:min [2, 7, 10] 7 4 
C:maj [0, 4, 7] 0 4 
F:maj [0, 5, 9] 5 8 
Bb:maj [2, 5, 10] 10 8 
F:maj [0, 5, 9] 5 8 
Bb:maj [2, 5, 10] 10 8 
F:maj [0, 5, 9] 5 24 
Bb:maj [2, 5, 10] 10 8 
F:maj [0, 5, 9] 5 8 
Bb:maj [2, 5, 10] 10 8 
F:maj [0, 5, 9] 5 8 
Bb:maj [2, 5, 10] 10 8 
F:maj [0, 5, 9] 5 8 
Bb:maj [2, 5, 10] 10 4 
Bb:min [1, 5, 10] 10 4 
