0 82
55 1
0 1
55 2
57 1
0 1
58 2
57 1
55 1
0 1
57 3
0 2
55 1
0 1
55 1
0 1
57 1
0 1
58 2
57 1
0 1
55 2
53 2
0 2
60 1
0 1
60 1
0 1
60 1
0 1
58 1
0 1
57 1
0 1
55 1
0 1
53 2
0 2
60 1
0 1
60 1
0 1
61 2
60 2
58 1
0 1
58 2
57 3
0 1
55 1
0 1
55 1
0 1
57 1
0 1
58 1
0 1
57 1
55 1
0 1
57 3
0 2
55 1
0 1
55 1
0 1
57 1
0 1
58 1
0 1
57 1
55 1
0 1
53 3
0 2
60 1
0 1
60 1
0 1
60 1
0 1
58 2
57 2
55 2
53 2
0 2
60 1
0 1
60 1
0 1
61 1
0 1
60 2
58 1
0 1
58 3
60 4
0 7
53 2
60 2
64 2
65 2
65 1
0 1
64 1
0 1
62 2
0 2
62 1
0 1
62 1
0 1
64 1
0 1
65 2
65 1
0 1
64 1
0 1
65 2
0 2
62 1
0 1
62 1
0 1
65 1
0 1
67 1
0 1
67 1
0 1
65 1
0 1
67 4
0 2
60 1
0 1
67 1
0 1
67 1
0 1
65 1
0 1
67 1
0 1
67 1
65 1
67 2
69 2
0 2
60 1
65 1
67 1
0 1
65 1
0 1
67 1
67 1
0 1
65 1
69 1
0 3
69 1
0 1
70 1
0 1
72 2
70 1
0 1
70 2
0 1
65 2
0 3
62 2
65 2
72 2
70 2
69 1
0 1
70 1
69 2
0 1
70 1
69 1
0 1
65 2
65 1
67 1
0 1
65 1
0 1
67 1
0 1
65 1
0 1
67 1
65 1
0 1
69 2
0 1
60 1
65 1
67 1
0 1
65 1
0 1
67 1
67 1
0 1
65 1
67 1
0 1
69 2
0 2
69 1
70 1
72 1
0 1
70 1
0 1
69 1
0 1
65 1
0 5
62 2
65 1
0 1
72 2
70 1
0 1
69 1
0 1
70 1
69 2
0 1
65 1
0 1
67 1
0 1
67 2
65 9
0 57
55 1
0 1
55 2
57 1
0 1
58 2
57 1
55 1
0 1
57 3
0 2
55 1
0 1
55 1
0 1
57 1
0 1
58 2
57 1
0 1
55 2
53 2
0 2
60 1
0 1
60 1
0 1
60 1
0 1
58 1
0 1
57 1
0 1
55 1
0 1
53 2
0 2
60 1
0 1
60 1
0 1
61 2
60 2
58 1
0 1
58 2
57 3
0 1
55 1
0 1
55 1
0 1
57 1
0 1
58 1
0 1
57 1
55 1
0 1
57 3
0 2
55 1
0 1
55 1
0 1
57 1
0 1
58 1
0 1
57 1
55 1
0 1
53 3
0 2
60 1
0 1
60 1
0 1
60 1
0 1
58 2
57 2
55 2
53 2
0 2
60 1
0 1
60 1
0 1
61 1
0 1
60 2
58 1
0 1
58 3
60 4
0 7
53 2
60 2
64 2
65 2
65 1
0 1
64 1
0 1
62 2
0 2
62 1
0 1
62 1
0 1
64 1
0 1
65 2
65 1
0 1
64 1
0 1
65 2
0 2
62 1
0 1
62 1
0 1
65 1
0 1
67 1
0 1
67 1
0 1
65 1
0 1
67 4
0 2
60 1
0 1
67 1
0 1
67 1
0 1
65 1
0 1
67 1
0 1
67 1
65 1
67 2
69 2
0 2
60 1
65 1
67 1
0 1
65 1
0 1
67 1
67 1
0 1
65 1
69 1
0 3
69 1
0 1
70 1
0 1
72 2
70 1
0 1
70 2
0 1
65 2
0 3
62 2
65 2
72 2
70 2
69 1
0 1
70 1
69 2
0 1
70 1
69 1
0 1
65 2
65 1
67 1
0 1
65 1
0 1
67 1
0 1
65 1
0 1
67 1
65 1
0 1
69 2
0 1
60 1
65 1
67 1
0 1
65 1
0 1
67 1
67 1
0 1
65 1
67 1
0 1
69 2
0 2
69 1
70 1
72 1
0 1
70 1
0 1
69 1
0 1
65 1
0 5
62 2
65 1
0 1
72 2
70 1
0 1
69 1
0 1
70 1
69 2
0 1
65 1
0 1
67 1
0 1
67 2
65 9
0 17
69 1
0 1
65 2
67 1
69 7
0 10
72 11
0 1
60 1
0 1
65 1
0 1
67 1
0 1
65 1
0 1
67 1
67 1
0 1
65 1
67 2
69 2
0 2
60 1
65 1
67 1
0 1
65 1
0 1
67 1
67 1
0 1
65 1
69 1
0 3
69 1
0 1
70 1
0 1
72 2
70 1
0 1
70 2
65 2
0 4
62 2
65 2
72 2
70 2
69 1
0 1
70 1
69 2
0 1
70 1
69 1
0 1
65 2
65 1
67 1
0 1
65 1
0 1
67 1
0 1
65 1
0 1
67 1
65 1
0 1
69 2
0 1
60 1
65 1
67 1
0 1
65 1
0 1
67 1
67 1
0 1
65 1
67 1
0 1
69 2
0 2
69 1
70 1
72 1
0 1
70 1
0 1
69 1
0 1
65 1
0 5
62 2
65 1
0 1
72 2
70 1
0 1
69 1
0 1
70 1
69 2
0 1
65 1
0 1
67 1
0 1
67 2
65 9
0 53
60 2
67 2
65 1
0 1
67 2
65 1
0 1
67 1
65 1
0 1
69 3
60 1
65 1
67 2
65 1
0 1
67 1
0 1
67 1
65 1
65 1
0 1
67 1
0 1
69 11
