G:min [2, 7, 10] 7 6 
Eb:maj [3, 7, 10] 3 2 
C:min7 [0, 3, 7, 10] 0 1 
F:maj [0, 5, 9] 5 1 
Bb:maj7 [2, 5, 8, 10] 10 2 
G:min7 [2, 5, 7, 10] 7 2 
C:min7 [0, 3, 7, 10] 0 2 
F:maj [0, 5, 9] 5 2 
Bb:maj [2, 5, 10] 10 2 
G:min7 [2, 5, 7, 10] 7 2 
Eb:maj [3, 7, 10] 3 2 
C:7 [0, 4, 7, 10] 0 1 
F:maj [0, 5, 9] 5 1 
Bb:maj [2, 5, 10] 10 2 
G:min [2, 7, 10] 7 2 
C:min7 [0, 3, 7, 10] 0 2 
D:min7 [0, 2, 5, 9] 2 2 
G:min [2, 7, 10] 7 6 
C:min [0, 3, 7] 0 4 
G:min [2, 7, 10] 7 2 
C:min [0, 3, 7] 0 2 
F:maj [0, 5, 9] 5 2 
Bb:maj [2, 5, 10] 10 2 
G:min7 [2, 5, 7, 10] 7 4 
C:min [0, 3, 7] 0 2 
G:min [2, 7, 10] 7 4 
C:min7 [0, 3, 7, 10] 0 2 
D:min7 [0, 2, 5, 9] 2 2 
G:min7 [2, 5, 7, 10] 7 4 
Eb:maj [3, 7, 10] 3 2 
F:maj/5 [0, 5, 9] 0 2 
Bb:sus2 [0, 5, 10] 10 2 
G:min [2, 7, 10] 7 2 
C:min7 [0, 3, 7, 10] 0 2 
F:maj [0, 5, 9] 5 2 
D:min7 [0, 2, 5, 9] 2 1 
D:sus4(b7) [2, 7, 9] 2 1 
G:min [2, 7, 10] 7 2 
Eb:maj [3, 7, 10] 3 2 
F:maj [0, 5, 9] 5 2 
G:min7 [2, 5, 7, 10] 7 4 
C:min7 [0, 3, 7, 10] 0 2 
D:min7 [0, 2, 5, 9] 2 2 
G:sus4 [0, 2, 7] 7 4 
Eb:maj [3, 7, 10] 3 2 
C:min7 [0, 3, 7, 10] 0 1 
F:maj [0, 5, 9] 5 1 
Bb:maj [2, 5, 10] 10 2 
G:min7 [2, 5, 7, 10] 7 2 
C:min7 [0, 3, 7, 10] 0 2 
F:maj [0, 5, 9] 5 2 
D:min7 [0, 2, 5, 9] 2 2 
G:min7 [2, 5, 7, 10] 7 2 
Eb:maj7 [1, 3, 7, 10] 3 2 
F:maj [0, 5, 9] 5 2 
Bb:sus2 [0, 5, 10] 10 2 
G:sus2 [2, 7, 9] 7 2 
C:min7 [0, 3, 7, 10] 0 2 
D:min7 [0, 2, 5, 9] 2 2 
G:min [2, 7, 10] 7 6 
C:min [0, 3, 7] 0 4 
G:min [2, 7, 10] 7 2 
C:min [0, 3, 7] 0 2 
F:maj [0, 5, 9] 5 2 
Bb:maj [2, 5, 10] 10 2 
G:min7 [2, 5, 7, 10] 7 4 
C:min [0, 3, 7] 0 2 
G:min [2, 7, 10] 7 4 
C:min7 [0, 3, 7, 10] 0 2 
D:min7 [0, 2, 5, 9] 2 2 
G:min7 [2, 5, 7, 10] 7 4 
Eb:maj [3, 7, 10] 3 2 
F:maj/5 [0, 5, 9] 0 2 
Bb:sus2 [0, 5, 10] 10 2 
G:min [2, 7, 10] 7 2 
C:min7 [0, 3, 7, 10] 0 2 
F:maj [0, 5, 9] 5 2 
D:min7 [0, 2, 5, 9] 2 1 
D:sus4(b7) [2, 7, 9] 2 1 
G:min [2, 7, 10] 7 2 
Eb:maj [3, 7, 10] 3 2 
F:maj/5 [0, 5, 9] 0 2 
G:min7 [2, 5, 7, 10] 7 4 
C:min7 [0, 3, 7, 10] 0 2 
D:min7 [0, 2, 5, 9] 2 2 
G:sus4 [0, 2, 7] 7 4 
Eb:maj [3, 7, 10] 3 2 
C:min [0, 3, 7] 0 1 
F:sus4 [0, 5, 10] 5 1 
Bb:maj [2, 5, 10] 10 2 
G:min7 [2, 5, 7, 10] 7 2 
C:min7 [0, 3, 7, 10] 0 2 
F:sus4 [0, 5, 10] 5 2 
D:min7 [0, 2, 5, 9] 2 2 
G:min [2, 7, 10] 7 2 
Eb:maj [3, 7, 10] 3 2 
C:maj [0, 4, 7] 0 1 
F:maj [0, 5, 9] 5 1 
Bb:maj [2, 5, 10] 10 2 
G:min7 [2, 5, 7, 10] 7 2 
C:min7 [0, 3, 7, 10] 0 2 
F:maj [0, 5, 9] 5 2 
G:min [2, 7, 10] 7 4 
Eb:maj [3, 7, 10] 3 2 
C:min7 [0, 3, 7, 10] 0 1 
F:maj [0, 5, 9] 5 1 
Bb:maj [2, 5, 10] 10 2 
G:sus2 [2, 7, 9] 7 2 
C:min7 [0, 3, 7, 10] 0 2 
F:maj [0, 5, 9] 5 2 
D:min7 [0, 2, 5, 9] 2 2 
G:min [2, 7, 10] 7 2 
Eb:maj [3, 7, 10] 3 2 
F:maj [0, 5, 9] 5 1 
F:sus4(b7) [0, 5, 10] 5 1 
Bb:maj7/7 [2, 5, 8, 10] 9 2 
G:min7 [2, 5, 7, 10] 7 2 
C:min7 [0, 3, 7, 10] 0 2 
D:min7 [0, 2, 5, 9] 2 2 
G:min [2, 7, 10] 7 2 
