0 136
62 6
57 2
62 4
65 4
67 2
69 1
67 1
65 2
67 2
69 8
74 2
74 1
72 1
69 2
67 2
65 2
62 2
65 2
67 2
69 16
69 2
69 4
74 2
74 2
72 2
69 2
69 1
72 1
65 2
62 4
69 2
69 2
67 6
67 2
67 1
67 1
69 2
72 2
65 4
65 2
67 1
65 3
62 14
62 6
57 2
62 2
62 2
69 4
67 2
69 1
67 1
65 2
67 2
69 8
74 2
74 1
72 1
69 2
67 2
65 2
62 2
65 2
67 2
69 16
69 2
69 4
74 2
74 2
72 2
69 4
65 2
62 4
69 2
69 2
67 6
67 2
67 1
67 1
69 2
72 2
65 4
65 2
67 1
65 3
62 14
74 2
74 4
72 2
74 2
72 2
69 4
72 2
69 2
67 2
65 1
67 1
69 8
74 3
72 1
74 2
72 2
70 2
62 4
67 1
69 1
67 16
67 2
67 1
69 1
67 2
65 2
67 8
62 2
62 1
65 1
62 2
60 2
57 8
57 2
67 2
67 2
69 2
65 4
62 1
65 1
62 1
60 1
62 16
74 2
74 4
72 2
74 2
72 2
69 4
72 2
69 2
67 2
65 1
67 1
69 8
74 3
72 1
74 2
72 2
70 2
62 4
67 1
69 1
67 16
67 2
67 1
69 1
67 2
65 2
67 8
62 2
62 1
65 1
62 2
60 2
57 8
57 2
67 2
67 2
69 2
65 4
62 1
65 1
62 1
60 1
62 19
0 125
62 6
57 2
62 4
65 4
67 2
69 1
67 1
65 2
67 2
69 8
74 2
74 1
72 1
69 2
67 2
65 2
62 2
65 2
67 2
69 16
69 2
69 4
74 2
74 2
72 2
69 2
69 1
72 1
65 2
62 4
69 2
69 2
67 6
67 2
67 1
67 1
69 2
72 2
65 4
65 2
67 1
65 3
62 14
62 6
57 2
62 2
62 2
69 4
67 2
69 1
67 1
65 2
67 2
69 8
74 2
74 1
72 1
69 2
67 2
65 2
62 2
65 2
67 2
69 16
69 2
69 4
74 2
74 2
72 2
69 4
65 2
62 4
69 2
69 2
67 6
67 2
67 1
67 1
69 2
72 2
65 4
65 2
67 1
65 3
62 14
74 2
74 4
72 2
74 2
72 2
69 4
72 2
69 2
67 2
65 1
67 1
69 8
74 3
72 1
74 2
72 2
70 2
62 4
67 1
69 1
67 16
67 2
67 1
69 1
67 2
65 2
67 8
62 2
62 1
65 1
62 2
60 2
57 8
57 2
67 2
67 2
69 2
65 4
62 1
65 1
62 1
60 1
62 16
74 2
74 4
72 2
74 2
72 2
69 4
72 2
69 2
67 2
65 1
67 1
69 8
74 3
72 1
74 2
72 2
70 2
62 4
67 1
69 1
67 16
67 2
67 1
69 1
67 2
65 2
67 8
62 2
62 1
65 1
62 2
60 2
57 8
57 2
67 2
67 2
69 2
65 4
62 1
65 1
62 1
60 1
62 19
