C#:maj [1, 5, 8] 1 2 
Eb:maj [3, 7, 10] 3 2 
F:min [0, 5, 8] 5 2 
F#:maj [1, 6, 10] 6 2 
C#:maj [1, 5, 8] 1 2 
Bb:min [1, 5, 10] 10 2 
Ab:maj [0, 3, 8] 8 4 
C#:sus2 [1, 3, 8] 1 3 
Eb:maj [3, 7, 10] 3 1 
F:min [0, 5, 8] 5 2 
F#:maj [1, 6, 10] 6 2 
C#:maj [1, 5, 8] 1 2 
Bb:min [1, 5, 10] 10 2 
Ab:maj [0, 3, 8] 8 4 
C#:maj [1, 5, 8] 1 4 
F#:maj [1, 6, 10] 6 4 
Eb:min [3, 6, 10] 3 4 
Ab:maj [0, 3, 8] 8 4 
C#:maj [1, 5, 8] 1 4 
F#:maj [1, 6, 10] 6 4 
C#:maj [1, 5, 8] 1 4 
Ab:maj [0, 3, 8] 8 4 
C#:7 [1, 5, 8, 11] 1 4 
F#:maj [1, 6, 10] 6 4 
Eb:maj [3, 7, 10] 3 2 
Ab:maj [0, 3, 8] 8 2 
C#:maj [1, 5, 8] 1 4 
F#:maj [1, 6, 10] 6 2 
Ab:maj [0, 3, 8] 8 2 
F:min [0, 5, 8] 5 2 
Bb:min [1, 5, 10] 10 2 
Eb:min [3, 6, 10] 3 2 
F:7 [0, 3, 5, 9] 5 2 
Bb:min [1, 5, 10] 10 4 
Eb:min [3, 6, 10] 3 2 
Ab:maj [0, 3, 8] 8 2 
F:min [0, 5, 8] 5 2 
Bb:min [1, 5, 10] 10 2 
Eb:maj [3, 7, 10] 3 4 
Ab:maj [0, 3, 8] 8 4 
Bb:min [1, 5, 10] 10 2 
F#:maj [1, 6, 10] 6 2 
F:min [0, 5, 8] 5 2 
Bb:min [1, 5, 10] 10 2 
Eb:min [3, 6, 10] 3 2 
Ab:maj [0, 3, 8] 8 2 
C#:maj [1, 5, 8] 1 13 
C#:maj6 [1, 5, 8, 10] 1 3 
C#:maj [1, 5, 8] 1 4 
F#:maj [1, 6, 10] 6 4 
C#:maj [1, 5, 8] 1 4 
Ab:maj [0, 3, 8] 8 4 
C#:7 [1, 5, 8, 11] 1 4 
F#:maj [1, 6, 10] 6 4 
Eb:maj [3, 7, 10] 3 2 
Ab:maj [0, 3, 8] 8 2 
C#:maj [1, 5, 8] 1 4 
F#:maj [1, 6, 10] 6 2 
Ab:7/b7 [0, 3, 6, 8] 6 2 
F:min [0, 5, 8] 5 2 
Bb:min [1, 5, 10] 10 2 
Eb:min [3, 6, 10] 3 2 
F:7 [0, 3, 5, 9] 5 2 
Bb:min [1, 5, 10] 10 4 
Eb:min [3, 6, 10] 3 2 
Ab:maj [0, 3, 8] 8 2 
F:min [0, 5, 8] 5 2 
Bb:min [1, 5, 10] 10 2 
Eb:maj [3, 7, 10] 3 4 
Ab:maj [0, 3, 8] 8 4 
Bb:min [1, 5, 10] 10 2 
F#:maj [1, 6, 10] 6 2 
F:min [0, 5, 8] 5 2 
Bb:min [1, 5, 10] 10 2 
Eb:min [3, 6, 10] 3 2 
Ab:maj [0, 3, 8] 8 2 
C#:maj [1, 5, 8] 1 6 
F#:maj [1, 6, 10] 6 2 
F:min [0, 5, 8] 5 2 
F#:maj [1, 6, 10] 6 2 
C#:maj [1, 5, 8] 1 2 
Bb:min [1, 5, 10] 10 2 
F:min [0, 5, 8] 5 4 
C#:maj [1, 5, 8] 1 4 
F#:maj [1, 6, 10] 6 4 
Eb:min [3, 6, 10] 3 2 
Ab:maj [0, 3, 8] 8 2 
C#:maj [1, 5, 8] 1 4 
C#:7/5 [1, 5, 8, 11] 8 2 
C#:maj [1, 5, 8] 1 2 
F#:maj [1, 6, 10] 6 2 
Ab:7 [0, 3, 6, 8] 8 1 
Ab:maj [0, 3, 8] 8 1 
F:min [0, 5, 8] 5 2 
Bb:min [1, 5, 10] 10 2 
Eb:min [3, 6, 10] 3 2 
F:7 [0, 3, 5, 9] 5 2 
Bb:min [1, 5, 10] 10 4 
Eb:min [3, 6, 10] 3 2 
Ab:maj [0, 3, 8] 8 2 
F:min [0, 5, 8] 5 2 
Bb:min [1, 5, 10] 10 2 
Eb:maj [3, 7, 10] 3 4 
Ab:maj [0, 3, 8] 8 4 
Bb:min [1, 5, 10] 10 2 
F#:maj [1, 6, 10] 6 2 
F:min [0, 5, 8] 5 2 
Bb:min [1, 5, 10] 10 2 
Eb:min [3, 6, 10] 3 2 
Ab:sus4(b7) [1, 3, 8] 8 4 
C#:maj [1, 5, 8] 1 4 
Bb:min [1, 5, 10] 10 4 
Eb:sus2 [3, 5, 10] 3 5 
Ab:sus2 [3, 8, 10] 8 7 
C#:maj [1, 5, 8] 1 9 
