0 60
56 2
58 2
61 5
0 1
61 1
0 1
61 3
0 1
63 1
0 1
65 1
0 1
63 3
0 1
61 5
0 3
61 1
0 1
63 1
0 1
65 4
0 2
63 1
0 1
61 2
65 1
0 1
68 1
0 1
68 6
0 8
65 1
0 1
68 1
0 1
68 4
0 2
65 1
0 1
65 3
0 1
63 2
61 2
63 2
65 1
0 1
58 5
0 3
58 2
61 1
0 1
63 5
0 1
65 1
0 1
63 2
61 1
0 3
58 2
63 8
0 4
56 2
58 2
61 5
0 1
61 1
0 1
61 2
61 1
0 1
63 1
0 1
65 1
0 1
63 3
0 1
61 5
0 3
61 1
0 1
63 1
0 1
65 4
0 2
63 1
0 1
61 2
65 1
0 1
68 1
0 2
68 6
0 7
65 1
0 1
68 1
0 1
68 4
0 2
65 1
0 1
65 3
0 1
63 2
61 2
63 2
65 1
0 1
58 5
0 3
58 2
61 1
0 1
63 5
0 1
65 1
0 1
63 2
61 1
0 3
63 2
61 8
0 4
61 1
0 1
61 1
0 1
70 4
0 2
61 2
60 2
61 2
70 1
0 1
72 2
0 2
68 5
0 5
66 2
65 1
0 1
66 4
0 2
66 1
0 1
65 2
69 1
0 3
63 1
0 1
63 2
61 5
0 3
61 1
0 1
63 1
0 1
65 1
0 1
63 4
0 2
63 1
0 1
63 1
0 1
65 1
0 1
66 1
0 1
63 1
0 1
65 2
68 1
0 1
68 2
65 1
0 1
73 5
0 1
73 1
72 1
70 3
0 3
70 1
0 1
70 1
0 1
72 1
0 1
70 1
0 1
72 1
0 1
68 4
70 3
0 1
72 2
68 1
0 1
73 2
72 2
70 2
0 4
65 1
0 1
66 1
0 1
68 2
0 2
70 1
0 1
68 3
0 1
65 1
0 1
63 1
0 1
61 2
0 2
58 2
61 1
0 1
66 3
0 3
68 1
65 3
63 2
61 1
0 3
63 2
61 8
0 50
56 2
58 2
61 5
0 1
61 1
0 1
61 2
61 1
0 1
63 1
0 1
65 1
0 1
63 3
0 1
61 5
0 3
61 1
0 1
63 1
0 1
65 4
0 2
63 1
0 1
61 2
65 1
0 2
68 1
68 6
0 8
65 1
0 1
68 1
0 1
68 4
0 2
65 1
0 1
65 3
0 1
63 2
61 2
63 2
65 1
0 1
58 5
0 3
58 2
61 1
0 1
63 5
0 1
65 1
0 1
63 2
61 1
0 3
63 2
61 8
0 4
61 1
0 1
61 1
0 1
70 4
0 2
61 2
60 2
61 2
70 1
0 1
72 2
0 2
68 5
0 5
66 2
65 1
0 1
66 4
0 2
66 1
0 1
65 2
69 1
0 3
63 1
0 1
63 2
61 5
0 3
61 1
0 1
63 1
0 1
65 1
0 1
63 4
0 2
63 1
0 1
63 1
0 1
65 1
0 1
66 1
0 1
63 1
0 1
65 2
68 1
0 1
68 2
65 1
0 1
73 5
0 1
73 1
72 1
70 3
0 3
70 1
0 1
70 1
0 1
72 1
0 1
70 1
0 1
72 1
0 1
68 4
70 3
0 1
72 2
68 1
0 1
73 2
72 2
70 2
0 4
65 1
0 1
66 1
0 1
68 2
0 2
70 1
0 1
68 3
0 1
65 1
0 1
63 1
0 1
61 2
0 2
58 2
61 1
0 1
66 3
0 3
68 1
65 3
63 2
0 8
63 2
61 8
0 142
61 1
0 1
61 1
0 1
70 4
0 2
61 2
60 2
61 2
70 1
0 1
72 2
0 2
68 5
0 5
66 2
65 1
0 1
66 4
0 2
66 1
0 1
65 2
69 1
0 3
63 1
0 1
63 2
61 5
0 3
61 1
0 1
63 1
0 1
65 1
0 1
63 4
0 2
63 1
0 1
63 1
0 1
65 1
0 1
66 1
0 1
63 1
0 1
65 2
68 1
0 1
68 2
65 1
0 1
73 5
0 1
73 1
72 1
70 3
0 3
70 1
0 1
70 1
0 1
72 1
0 1
70 1
0 1
72 1
0 1
68 4
70 3
0 1
72 2
68 1
0 1
73 2
72 2
70 2
0 4
65 1
0 1
66 1
0 1
68 2
0 2
70 1
0 1
68 3
0 1
65 1
0 1
63 1
0 1
61 2
0 2
58 2
61 1
0 1
66 3
0 3
68 1
65 3
63 2
61 1
0 10
63 5
0 2
61 11
