0 128
64 3
0 1
72 3
0 1
74 3
0 1
72 1
0 1
76 3
0 1
72 2
0 2
74 3
0 1
72 4
0 6
72 3
0 1
74 3
0 1
72 1
0 1
76 3
0 1
72 2
0 1
72 3
74 2
76 4
0 2
76 10
74 2
72 2
74 3
67 5
67 2
69 2
72 4
0 2
77 3
0 1
76 3
0 1
74 4
72 2
74 4
76 2
72 2
74 4
76 4
0 2
64 4
72 4
74 4
72 2
76 4
72 3
72 3
74 2
72 4
0 2
64 3
0 1
72 2
0 2
74 3
0 1
72 1
0 1
76 2
0 2
72 2
0 2
72 1
0 1
74 1
0 1
76 4
0 2
76 8
0 2
74 2
72 2
74 3
0 1
67 2
0 2
67 1
0 1
69 1
0 1
72 3
0 3
77 3
0 1
76 3
0 1
74 4
72 1
0 1
76 3
74 3
72 2
76 4
74 4
0 6
79 3
0 1
79 3
0 1
72 2
76 4
74 4
76 3
0 3
72 2
74 2
76 4
77 2
76 2
74 4
76 4
72 8
0 8
76 4
72 2
0 2
72 4
69 2
76 4
74 8
0 1
72 3
74 7
72 14
0 12
76 2
72 1
0 1
72 1
0 1
74 3
0 1
72 3
0 1
76 3
0 1
72 1
0 1
72 1
0 1
74 1
0 1
74 2
72 2
74 2
0 3
76 1
72 1
0 1
72 1
0 1
74 3
0 1
72 2
0 2
76 2
0 2
72 1
0 1
72 1
0 1
74 1
0 1
74 2
72 2
74 2
0 2
79 10
77 2
76 2
72 3
0 1
72 6
0 2
67 2
69 2
72 1
0 1
72 2
67 2
69 2
72 1
0 1
72 2
67 2
69 2
72 1
0 1
76 3
0 1
77 2
72 3
0 1
74 5
0 1
76 2
72 1
0 1
72 1
0 1
74 2
0 2
72 3
0 1
76 3
0 1
72 1
0 1
72 1
0 1
74 1
0 1
74 2
72 1
0 1
74 2
0 2
76 1
0 1
72 1
0 1
72 1
0 1
74 2
0 2
72 2
0 2
76 2
0 2
72 1
0 1
72 1
0 1
74 1
0 1
74 2
72 1
0 1
74 1
0 3
79 9
77 3
76 2
74 4
72 5
0 3
67 2
69 2
72 1
0 1
72 2
67 2
69 2
72 1
0 1
72 2
67 2
69 2
72 1
0 1
76 4
74 2
72 3
0 1
67 2
69 2
72 1
0 1
72 2
67 2
69 2
72 1
0 1
72 2
67 2
69 2
72 2
76 4
77 2
74 3
0 3
74 2
74 3
0 1
72 11
0 276
64 3
0 1
72 3
0 1
74 3
0 1
72 1
0 1
76 3
0 1
72 2
0 2
74 2
0 2
72 4
0 6
72 3
0 1
74 3
0 1
72 1
0 1
76 3
0 1
72 2
0 1
72 3
74 2
76 4
0 2
76 10
74 2
72 2
74 3
67 5
67 2
69 2
72 4
0 2
77 3
0 1
76 3
0 1
74 4
72 2
74 4
76 2
72 2
74 4
76 4
0 2
64 4
72 4
74 4
72 2
76 4
72 3
72 3
74 2
72 4
0 2
64 3
0 1
72 2
0 2
74 3
0 1
72 1
0 1
76 2
0 2
72 2
0 2
72 1
0 1
74 1
0 1
76 4
0 2
76 8
0 2
74 2
72 2
74 3
0 1
67 2
0 2
67 1
0 1
69 1
0 1
72 3
0 3
77 3
0 1
76 3
0 1
74 4
72 1
0 1
76 3
74 3
72 2
76 4
74 4
0 6
79 3
0 1
79 3
0 1
72 2
76 4
74 4
76 3
0 3
72 2
74 2
76 4
77 2
76 2
74 4
76 4
72 8
0 8
76 4
72 2
0 2
72 4
69 2
76 4
74 8
0 1
72 3
74 7
72 14
0 13
76 2
72 1
0 1
72 1
0 1
74 3
0 1
72 3
0 1
76 3
0 1
72 1
0 1
72 1
0 1
74 1
0 1
74 2
72 2
74 2
0 2
76 1
0 1
72 1
0 1
72 1
0 1
74 3
0 1
72 2
0 2
76 2
0 2
72 1
0 1
72 1
0 1
74 1
0 1
74 2
72 2
74 2
0 2
79 10
77 2
76 2
71 3
0 1
72 6
0 2
67 2
69 2
72 1
0 1
72 2
67 2
69 2
72 1
0 1
72 2
67 2
69 2
72 1
0 1
76 3
0 1
77 2
72 3
0 1
74 5
0 1
76 2
72 1
0 1
72 1
0 1
74 2
0 2
72 3
0 1
76 3
0 1
72 1
0 1
72 1
0 1
74 1
0 1
74 2
72 1
0 1
74 2
0 2
76 1
0 1
72 1
0 1
72 1
0 1
74 2
0 2
72 2
0 2
76 2
0 2
72 1
0 1
72 1
0 1
74 1
0 1
74 2
72 1
0 1
74 1
0 3
79 9
77 3
76 2
74 4
72 5
0 3
67 2
69 2
72 1
0 1
72 2
67 2
69 2
72 1
0 1
72 2
67 2
69 2
72 1
0 1
76 4
74 2
72 3
0 1
67 2
69 2
72 1
0 1
72 2
67 2
69 2
72 1
0 1
72 2
67 2
69 2
72 2
76 4
77 2
74 3
0 3
74 2
74 3
0 1
72 14
81 6
79 1
81 1
79 7
0 1
76 2
72 1
0 1
72 1
0 1
74 2
0 2
72 3
0 1
76 3
0 1
72 1
0 1
72 1
0 1
74 1
0 1
74 2
72 1
0 1
74 2
0 2
76 2
72 1
0 1
72 1
0 1
74 2
0 2
72 2
0 2
76 2
0 2
72 1
0 1
72 1
0 1
74 1
0 1
74 2
72 1
0 1
74 1
0 3
79 9
77 3
76 2
71 4
72 5
0 2
67 3
69 2
72 1
0 1
72 2
67 2
69 2
72 1
0 1
72 2
67 2
69 2
72 1
0 1
76 4
77 2
79 3
0 1
74 4
0 2
76 2
72 1
0 1
72 1
0 1
74 2
0 2
72 3
0 1
76 3
0 1
72 1
0 1
72 1
0 1
74 1
0 1
74 2
72 1
0 1
74 2
0 2
76 2
72 1
0 1
72 1
0 1
74 2
0 2
72 2
0 2
76 2
0 2
72 1
0 1
72 1
0 1
74 1
0 1
74 2
72 1
0 1
74 1
0 3
79 9
77 3
76 2
74 3
0 1
72 5
0 2
67 3
69 2
72 1
0 1
72 2
67 2
69 2
72 1
0 1
72 2
67 2
69 2
72 1
0 1
76 4
74 2
72 3
67 2
69 2
0 1
72 1
0 1
72 2
67 2
69 2
72 1
0 1
72 2
67 2
69 2
72 1
0 1
76 4
77 2
76 4
0 2
74 2
74 4
72 5
0 18
67 3
69 2
72 1
0 1
72 2
67 2
69 2
72 1
0 1
72 2
67 2
69 2
72 1
76 5
74 2
72 4
0 1
67 3
69 2
72 1
0 1
72 2
67 2
69 2
72 1
0 2
72 2
67 2
69 2
72 3
76 3
77 3
76 8
74 3
74 8
72 1
74 1
72 19
