0 144
70 3
0 1
72 1
75 3
70 3
0 1
72 1
75 3
75 3
0 1
77 2
75 2
79 6
0 2
72 4
75 1
77 3
70 3
0 1
80 1
0 1
79 2
77 2
72 2
75 2
77 2
77 7
0 1
70 3
0 1
72 1
75 3
70 3
0 1
72 1
75 3
75 3
75 1
77 2
75 2
79 6
0 2
72 4
75 1
77 3
70 3
0 1
80 1
0 1
79 2
77 2
72 2
74 2
75 2
75 7
0 3
79 2
82 2
79 2
82 5
0 1
79 2
82 4
84 2
82 2
75 4
77 2
79 2
79 7
0 3
77 1
0 1
77 1
0 1
79 2
82 1
0 1
82 2
79 2
80 2
77 7
0 3
79 2
82 2
79 2
82 5
0 1
79 2
82 4
84 2
82 2
75 4
77 2
79 2
79 7
0 1
75 3
0 1
77 2
79 2
75 4
0 4
75 4
77 2
79 2
79 5
0 3
75 3
0 1
77 1
79 3
70 2
0 1
70 1
80 1
0 1
79 2
77 2
72 2
74 1
75 2
0 1
75 15
0 17
70 3
0 1
72 1
75 3
70 3
0 1
72 1
75 3
75 3
0 1
77 2
75 2
79 6
0 2
72 4
75 1
77 3
70 3
0 1
80 1
0 1
79 2
77 2
72 2
75 2
77 2
77 7
0 1
70 3
0 1
72 1
75 3
70 3
0 1
72 1
75 3
75 3
75 1
77 2
75 2
79 6
0 2
72 4
75 1
77 3
70 3
0 1
80 1
0 1
79 2
77 2
72 2
74 2
75 2
75 7
0 3
79 2
82 2
79 2
82 5
0 1
79 2
82 4
84 2
82 2
75 4
77 2
79 2
79 7
0 3
77 1
0 1
77 1
0 1
79 2
82 1
0 1
82 2
79 2
80 2
77 7
0 3
79 2
82 2
79 2
82 5
0 1
79 2
82 4
84 2
82 2
75 4
77 2
79 2
79 7
0 1
75 3
0 1
77 2
79 2
75 4
0 4
75 4
77 2
79 2
79 5
0 3
75 3
0 1
77 1
79 3
70 2
0 1
70 1
80 1
0 1
79 2
77 2
72 2
74 1
75 2
0 1
75 15
0 25
0 122
79 2
82 2
79 2
82 5
0 1
79 2
82 4
84 2
82 2
75 4
77 2
79 2
79 7
0 3
77 1
0 1
77 1
0 1
79 2
82 1
0 1
82 2
79 2
80 2
77 7
0 3
79 2
82 2
79 2
82 5
0 1
79 2
82 4
84 2
82 2
75 4
77 2
79 2
79 7
0 1
75 3
0 1
77 2
79 2
75 4
0 4
75 4
77 2
79 2
79 5
0 3
75 3
0 1
77 1
79 3
70 2
0 1
70 1
80 1
0 1
79 2
77 2
72 2
74 1
75 2
0 1
75 7
0 1
75 2
75 1
77 2
79 2
75 6
0 2
75 2
75 1
0 1
77 2
79 1
0 1
79 7
0 1
75 3
0 1
77 1
79 3
70 2
0 1
70 1
80 2
79 2
77 2
72 2
74 2
75 2
0 1
75 16
