G:min [2, 7, 10] 7 8 
F:maj [0, 5, 9] 5 4 
G:min [2, 7, 10] 7 4 
Eb:maj [3, 7, 10] 3 4 
G:min [2, 7, 10] 7 6 
C:min [0, 3, 7] 0 2 
F:maj [0, 5, 9] 5 2 
G:min [2, 7, 10] 7 6 
Eb:maj [3, 7, 10] 3 4 
F:maj [0, 5, 9] 5 4 
G:min [2, 7, 10] 7 8 
Eb:maj [3, 7, 10] 3 4 
F:maj [0, 5, 9] 5 4 
G:min [2, 7, 10] 7 8 
F:maj [0, 5, 9] 5 4 
D:min [2, 5, 9] 2 4 
G:min [2, 7, 10] 7 8 
F:maj [0, 5, 9] 5 4 
D:min [2, 5, 9] 2 4 
G:min [2, 7, 10] 7 12 
F:maj [0, 5, 9] 5 4 
G:min [2, 7, 10] 7 4 
Eb:maj [3, 7, 10] 3 2 
F:maj [0, 5, 9] 5 2 
D:min [2, 5, 9] 2 2 
G:min [2, 7, 10] 7 2 
C:min [0, 3, 7] 0 4 
F:maj [0, 5, 9] 5 4 
G:min [2, 7, 10] 7 8 
F:maj [0, 5, 9] 5 4 
G:min [2, 7, 10] 7 4 
Eb:maj [3, 7, 10] 3 2 
F:maj [0, 5, 9] 5 2 
Bb:maj [2, 5, 10] 10 2 
G:min [2, 7, 10] 7 2 
C:min [0, 3, 7] 0 2 
F:maj [0, 5, 9] 5 2 
G:min [2, 7, 10] 7 12 
F:maj [0, 5, 9] 5 4 
G:min [2, 7, 10] 7 4 
Eb:maj [3, 7, 10] 3 2 
F:maj [0, 5, 9] 5 2 
D:min [2, 5, 9] 2 1 
G:min7/5 [2, 5, 7, 10] 2 3 
G:min [2, 7, 10] 7 2 
C:min [0, 3, 7] 0 2 
F:maj [0, 5, 9] 5 2 
G:min [2, 7, 10] 7 6 
Eb:maj [3, 7, 10] 3 4 
F:maj [0, 5, 9] 5 4 
G:min [2, 7, 10] 7 8 
Eb:maj [3, 7, 10] 3 4 
F:maj [0, 5, 9] 5 4 
G:min [2, 7, 10] 7 8 
F:maj [0, 5, 9] 5 4 
D:min [2, 5, 9] 2 4 
G:min [2, 7, 10] 7 8 
F:maj [0, 5, 9] 5 4 
D:min [2, 5, 9] 2 4 
G:min [2, 7, 10] 7 12 
F:maj [0, 5, 9] 5 4 
G:min [2, 7, 10] 7 4 
Eb:maj [3, 7, 10] 3 2 
F:maj [0, 5, 9] 5 2 
D:min [2, 5, 9] 2 2 
G:min [2, 7, 10] 7 2 
C:min [0, 3, 7] 0 4 
F:maj [0, 5, 9] 5 4 
G:min [2, 7, 10] 7 8 
F:maj [0, 5, 9] 5 4 
G:min [2, 7, 10] 7 4 
Eb:maj [3, 7, 10] 3 2 
F:maj [0, 5, 9] 5 2 
Bb:maj [2, 5, 10] 10 2 
G:min [2, 7, 10] 7 2 
C:min [0, 3, 7] 0 2 
F:maj [0, 5, 9] 5 2 
G:min [2, 7, 10] 7 12 
F:maj [0, 5, 9] 5 8 
G:min [2, 7, 10] 7 8 
F:maj [0, 5, 9] 5 4 
G:min [2, 7, 10] 7 12 
F:maj [0, 5, 9] 5 4 
G:min [2, 7, 10] 7 4 
Eb:maj [3, 7, 10] 3 2 
F:maj [0, 5, 9] 5 2 
D:min [2, 5, 9] 2 2 
G:min [2, 7, 10] 7 2 
C:maj [0, 4, 7] 0 4 
F:maj [0, 5, 9] 5 4 
G:min [2, 7, 10] 7 8 
F:maj [0, 5, 9] 5 4 
G:min [2, 7, 10] 7 4 
Eb:maj [3, 7, 10] 3 2 
F:maj [0, 5, 9] 5 2 
Bb:maj [2, 5, 10] 10 2 
G:min [2, 7, 10] 7 2 
C:min [0, 3, 7] 0 2 
F:maj [0, 5, 9] 5 2 
G:min [2, 7, 10] 7 20 
