E:maj [4, 8, 11] 4 2 
B:maj [3, 6, 11] 11 2 
C#:min [1, 4, 8] 1 4 
C#:min7 [1, 4, 8, 11] 1 2 
B:maj [3, 6, 11] 11 2 
C#:min [1, 4, 8] 1 4 
C#:min7 [1, 4, 8, 11] 1 2 
B:maj [3, 6, 11] 11 2 
C#:min [1, 4, 8] 1 4 
E:maj(9)/5 [2, 4, 6, 8, 11] 11 2 
B:maj [3, 6, 11] 11 2 
C#:min [1, 4, 8] 1 4 
C#:min9 [1, 3, 4, 8, 11] 1 12 
C#:min [1, 4, 8] 1 4 
C#:min7 [1, 4, 8, 11] 1 2 
B:maj [3, 6, 11] 11 2 
B:maj(9) [1, 3, 6, 9, 11] 11 2 
C#:min [1, 4, 8] 1 2 
C#:min7 [1, 4, 8, 11] 1 4 
C#:min [1, 4, 8] 1 4 
A:maj [1, 4, 9] 9 2 
B:maj [3, 6, 11] 11 2 
C#:min [1, 4, 8] 1 4 
A:maj [1, 4, 9] 9 2 
B:maj [3, 6, 11] 11 2 
C#:min [1, 4, 8] 1 4 
A:maj7 [1, 4, 7, 9] 9 2 
B:sus2 [1, 6, 11] 11 2 
C#:min [1, 4, 8] 1 4 
A:maj7 [1, 4, 7, 9] 9 2 
B:maj [3, 6, 11] 11 2 
C#:min [1, 4, 8] 1 4 
C#:min7 [1, 4, 8, 11] 1 2 
B:maj [3, 6, 11] 11 2 
C#:min [1, 4, 8] 1 4 
A:maj [1, 4, 9] 9 2 
B:maj [3, 6, 11] 11 2 
C#:min [1, 4, 8] 1 4 
A:maj [1, 4, 9] 9 2 
B:maj [3, 6, 11] 11 2 
C#:min [1, 4, 8] 1 2 
C#:min9 [1, 3, 4, 8, 11] 1 2 
A:maj7 [1, 4, 7, 9] 9 2 
B:maj [3, 6, 11] 11 2 
C#:min [1, 4, 8] 1 4 
A:maj [1, 4, 9] 9 4 
B:maj [3, 6, 11] 11 4 
C#:min [1, 4, 8] 1 8 
A:maj [1, 4, 9] 9 4 
B:maj [3, 6, 11] 11 4 
C#:min [1, 4, 8] 1 8 
A:maj [1, 4, 9] 9 2 
B:maj [3, 6, 11] 11 2 
C#:min [1, 4, 8] 1 4 
A:maj [1, 4, 9] 9 2 
B:maj [3, 6, 11] 11 2 
C#:min [1, 4, 8] 1 4 
A:maj7 [1, 4, 7, 9] 9 2 
B:sus2 [1, 6, 11] 11 2 
C#:min [1, 4, 8] 1 4 
A:maj7 [1, 4, 7, 9] 9 2 
B:maj [3, 6, 11] 11 2 
C#:min [1, 4, 8] 1 4 
A:maj [1, 4, 9] 9 2 
B:maj [3, 6, 11] 11 2 
C#:min [1, 4, 8] 1 4 
A:maj [1, 4, 9] 9 2 
B:maj [3, 6, 11] 11 2 
C#:min [1, 4, 8] 1 4 
A:maj [1, 4, 9] 9 2 
B:maj [3, 6, 11] 11 2 
C#:min [1, 4, 8] 1 2 
Ab:min [3, 8, 11] 8 2 
A:maj7 [1, 4, 7, 9] 9 2 
B:maj [3, 6, 11] 11 2 
C#:min [1, 4, 8] 1 4 
A:maj7 [1, 4, 7, 9] 9 2 
B:maj [3, 6, 11] 11 2 
C#:min [1, 4, 8] 1 4 
A:maj [1, 4, 9] 9 2 
B:maj [3, 6, 11] 11 2 
E:maj [4, 8, 11] 4 2 
Ab:maj [0, 3, 8] 8 2 
A:maj [1, 4, 9] 9 2 
B:maj [3, 6, 11] 11 2 
C#:min [1, 4, 8] 1 4 
A:maj [1, 4, 9] 9 2 
B:maj [3, 6, 11] 11 2 
C#:min [1, 4, 8] 1 4 
A:maj [1, 4, 9] 9 2 
B:maj [3, 6, 11] 11 2 
C#:min [1, 4, 8] 1 4 
A:maj [1, 4, 9] 9 2 
B:maj [3, 6, 11] 11 2 
C#:min [1, 4, 8] 1 4 
A:maj [1, 4, 9] 9 2 
B:maj [3, 6, 11] 11 2 
C#:min [1, 4, 8] 1 2 
Ab:min [3, 8, 11] 8 2 
A:maj7 [1, 4, 7, 9] 9 2 
B:maj [3, 6, 11] 11 2 
C#:min [1, 4, 8] 1 5 
A:maj [1, 4, 9] 9 2 
B:sus2 [1, 6, 11] 11 5 
A:maj [1, 4, 9] 9 2 
B:maj [3, 6, 11] 11 2 
C#:min [1, 4, 8] 1 2 
C#:sus2 [1, 3, 8] 1 2 
A:maj7 [1, 4, 7, 9] 9 2 
B:maj [3, 6, 11] 11 4 
C#:min [1, 4, 8] 1 1 
