E:maj [4, 8, 11] 4 4 
A:maj [1, 4, 9] 9 4 
E:maj [4, 8, 11] 4 4 
A:maj [1, 4, 9] 9 4 
E:maj [4, 8, 11] 4 4 
C#:min [1, 4, 8] 1 4 
A:maj [1, 4, 9] 9 4 
B:maj [3, 6, 11] 11 4 
E:maj [4, 8, 11] 4 4 
C#:min [1, 4, 8] 1 4 
A:maj [1, 4, 9] 9 4 
B:maj [3, 6, 11] 11 4 
A:maj [1, 4, 9] 9 2 
E:maj [4, 8, 11] 4 2 
B:maj [3, 6, 11] 11 4 
A:maj [1, 4, 9] 9 2 
E:maj [4, 8, 11] 4 2 
B:maj [3, 6, 11] 11 4 
E:maj [4, 8, 11] 4 4 
C#:min [1, 4, 8] 1 4 
A:sus2 [4, 9, 11] 9 4 
B:maj [3, 6, 11] 11 4 
E:maj [4, 8, 11] 4 4 
C#:min [1, 4, 8] 1 4 
A:maj [1, 4, 9] 9 4 
F#:min [1, 6, 9] 6 2 
B:maj [3, 6, 11] 11 2 
E:maj [4, 8, 11] 4 4 
C#:min [1, 4, 8] 1 4 
A:maj [1, 4, 9] 9 4 
B:maj [3, 6, 11] 11 4 
E:maj [4, 8, 11] 4 4 
C#:min [1, 4, 8] 1 4 
A:maj [1, 4, 9] 9 4 
B:maj [3, 6, 11] 11 4 
A:maj [1, 4, 9] 9 2 
E:maj [4, 8, 11] 4 2 
B:maj [3, 6, 11] 11 4 
A:maj [1, 4, 9] 9 2 
E:maj [4, 8, 11] 4 2 
B:maj [3, 6, 11] 11 4 
E:maj [4, 8, 11] 4 4 
C#:min [1, 4, 8] 1 4 
A:sus2 [4, 9, 11] 9 4 
B:maj [3, 6, 11] 11 4 
E:maj [4, 8, 11] 4 4 
C#:min [1, 4, 8] 1 2 
B:maj [3, 6, 11] 11 2 
A:maj [1, 4, 9] 9 4 
F#:min [1, 6, 9] 6 2 
B:maj [3, 6, 11] 11 16 
Ab:maj [0, 3, 8] 8 2 
C#:maj [1, 5, 8] 1 4 
F#:min [1, 6, 9] 6 4 
A:maj [1, 4, 9] 9 4 
B:maj [3, 6, 11] 11 4 
E:maj [4, 8, 11] 4 4 
F#:min [1, 6, 9] 6 4 
A:maj [1, 4, 9] 9 4 
B:maj [3, 6, 11] 11 4 
A:maj [1, 4, 9] 9 2 
E:maj/3 [4, 8, 11] 8 2 
B:maj [3, 6, 11] 11 4 
A:maj [1, 4, 9] 9 2 
E:maj/3 [4, 8, 11] 8 2 
B:sus2 [1, 6, 11] 11 8 
E:maj [4, 8, 11] 4 4 
C#:min [1, 4, 8] 1 4 
A:sus2 [4, 9, 11] 9 4 
B:maj [3, 6, 11] 11 4 
E:maj [4, 8, 11] 4 4 
C#:min [1, 4, 8] 1 4 
A:maj [1, 4, 9] 9 4 
F#:min [1, 6, 9] 6 2 
B:maj [3, 6, 11] 11 2 
E:maj [4, 8, 11] 4 4 
C#:min [1, 4, 8] 1 4 
A:sus2 [4, 9, 11] 9 4 
B:maj [3, 6, 11] 11 4 
E:maj [4, 8, 11] 4 4 
C#:min [1, 4, 8] 1 2 
B:maj [3, 6, 11] 11 2 
A:maj [1, 4, 9] 9 4 
F#:min [1, 6, 9] 6 2 
B:maj [3, 6, 11] 11 2 
E:maj [4, 8, 11] 4 4 
A:maj [1, 4, 9] 9 4 
E:maj [4, 8, 11] 4 4 
A:maj [1, 4, 9] 9 4 
E:maj [4, 8, 11] 4 2 
