Eb:min [3, 6, 10] 3 4 
Bb:min [1, 5, 10] 10 4 
B:maj [3, 6, 11] 11 4 
Bb:min [1, 5, 10] 10 4 
Eb:min [3, 6, 10] 3 4 
Bb:min [1, 5, 10] 10 4 
B:maj [3, 6, 11] 11 2 
C#:maj [1, 5, 8] 1 2 
Ab:7/5 [0, 3, 6, 8] 3 6 
Eb:min [3, 6, 10] 3 1 
C#:maj6 [1, 5, 8, 10] 1 1 
B:sus2 [1, 6, 11] 11 2 
Bb:min7 [1, 5, 8, 10] 10 2 
Eb:min7 [1, 3, 6, 10] 3 2 
C#:maj6 [1, 5, 8, 10] 1 2 
B:sus2 [1, 6, 11] 11 2 
C#:maj [1, 5, 8] 1 2 
Ab:min [3, 8, 11] 8 2 
Eb:min [3, 6, 10] 3 4 
Bb:min [1, 5, 10] 10 2 
Ab:min7 [3, 6, 8, 11] 8 2 
Bb:min7 [1, 5, 8, 10] 10 2 
Eb:min [3, 6, 10] 3 2 
Eb:min7 [1, 3, 6, 10] 3 4 
C#:maj [1, 5, 8] 1 2 
B:maj [3, 6, 11] 11 2 
Bb:min7 [1, 5, 8, 10] 10 2 
Eb:min [3, 6, 10] 3 2 
C#:maj6 [1, 5, 8, 10] 1 2 
B:maj [3, 6, 11] 11 2 
C#:maj [1, 5, 8] 1 2 
Ab:min [3, 8, 11] 8 2 
B:maj [3, 6, 11] 11 2 
Eb:min [3, 6, 10] 3 2 
Bb:min7 [1, 5, 8, 10] 10 2 
Ab:min7 [3, 6, 8, 11] 8 2 
Bb:min7 [1, 5, 8, 10] 10 2 
Eb:min [3, 6, 10] 3 4 
B:maj [3, 6, 11] 11 1 
C#:maj [1, 5, 8] 1 1 
F#:maj [1, 6, 10] 6 2 
B:maj [3, 6, 11] 11 1 
C#:maj [1, 5, 8] 1 1 
Eb:min [3, 6, 10] 3 2 
Ab:min7 [3, 6, 8, 11] 8 2 
C#:7 [1, 5, 8, 11] 1 2 
F#:maj [1, 6, 10] 6 2 
Eb:min7 [1, 3, 6, 10] 3 2 
B:maj [3, 6, 11] 11 1 
C#:7 [1, 5, 8, 11] 1 1 
F#:maj [1, 6, 10] 6 2 
B:maj [3, 6, 11] 11 1 
C#:maj [1, 5, 8] 1 1 
Eb:min [3, 6, 10] 3 2 
Ab:min [3, 8, 11] 8 2 
C#:maj [1, 5, 8] 1 2 
B:maj [3, 6, 11] 11 2 
C#:maj [1, 5, 8] 1 2 
Eb:min [3, 6, 10] 3 4 
Bb:min [1, 5, 10] 10 4 
B:maj [3, 6, 11] 11 4 
Bb:min [1, 5, 10] 10 4 
Eb:min [3, 6, 10] 3 4 
Bb:min [1, 5, 10] 10 4 
B:maj [3, 6, 11] 11 2 
C#:maj [1, 5, 8] 1 2 
Ab:7/5 [0, 3, 6, 8] 3 6 
C#:maj6 [1, 5, 8, 10] 1 2 
B:sus2 [1, 6, 11] 11 2 
Bb:min7 [1, 5, 8, 10] 10 2 
Eb:min7 [1, 3, 6, 10] 3 2 
C#:maj6 [1, 5, 8, 10] 1 2 
B:sus2 [1, 6, 11] 11 2 
C#:maj [1, 5, 8] 1 2 
Ab:min [3, 8, 11] 8 2 
Eb:min [3, 6, 10] 3 4 
Bb:min [1, 5, 10] 10 2 
Ab:min7 [3, 6, 8, 11] 8 2 
Bb:min7 [1, 5, 8, 10] 10 2 
Eb:min [3, 6, 10] 3 4 
Eb:min7 [1, 3, 6, 10] 3 2 
C#:maj [1, 5, 8] 1 2 
B:maj [3, 6, 11] 11 2 
Bb:min7 [1, 5, 8, 10] 10 2 
Eb:min [3, 6, 10] 3 2 
C#:maj6 [1, 5, 8, 10] 1 2 
B:maj [3, 6, 11] 11 2 
C#:maj [1, 5, 8] 1 2 
Ab:min [3, 8, 11] 8 2 
B:maj [3, 6, 11] 11 2 
Eb:min [3, 6, 10] 3 2 
Bb:min7 [1, 5, 8, 10] 10 2 
Ab:min7 [3, 6, 8, 11] 8 2 
Bb:min7 [1, 5, 8, 10] 10 2 
Eb:min [3, 6, 10] 3 4 
B:maj [3, 6, 11] 11 1 
C#:maj [1, 5, 8] 1 1 
F#:maj [1, 6, 10] 6 2 
B:maj [3, 6, 11] 11 1 
C#:maj [1, 5, 8] 1 1 
Eb:min [3, 6, 10] 3 2 
Ab:min7 [3, 6, 8, 11] 8 2 
C#:7 [1, 5, 8, 11] 1 2 
F#:maj [1, 6, 10] 6 2 
Eb:min7 [1, 3, 6, 10] 3 2 
B:maj [3, 6, 11] 11 1 
C#:7 [1, 5, 8, 11] 1 1 
F#:maj [1, 6, 10] 6 2 
B:maj [3, 6, 11] 11 1 
C#:maj [1, 5, 8] 1 1 
Eb:min [3, 6, 10] 3 2 
Ab:min [3, 8, 11] 8 2 
C#:maj [1, 5, 8] 1 2 
B:maj [3, 6, 11] 11 2 
C#:maj [1, 5, 8] 1 2 
Eb:min [3, 6, 10] 3 4 
B:maj [3, 6, 11] 11 1 
C#:maj [1, 5, 8] 1 1 
F#:maj [1, 6, 10] 6 2 
B:maj [3, 6, 11] 11 1 
C#:maj [1, 5, 8] 1 1 
Eb:min [3, 6, 10] 3 2 
Ab:min [3, 8, 11] 8 1 
Ab:min7 [3, 6, 8, 11] 8 1 
C#:7 [1, 5, 8, 11] 1 2 
F#:maj [1, 6, 10] 6 2 
Eb:min7 [1, 3, 6, 10] 3 2 
B:maj [3, 6, 11] 11 1 
C#:maj [1, 5, 8] 1 1 
F#:maj [1, 6, 10] 6 2 
B:maj [3, 6, 11] 11 1 
C#:maj [1, 5, 8] 1 1 
Eb:min [3, 6, 10] 3 2 
Ab:min [3, 8, 11] 8 2 
C#:maj [1, 5, 8] 1 2 
B:sus2 [1, 6, 11] 11 1 
C#:maj [1, 5, 8] 1 2 
Eb:min [3, 6, 10] 3 6 
B:maj7 [3, 6, 9, 11] 11 4 
Bb:min7 [1, 5, 8, 10] 10 2 
Eb:min7 [1, 3, 6, 10] 3 2 
