0 125
60 1
60 1
60 1
74 2
72 2
72 2
69 1
0 1
69 2
67 1
0 1
67 2
65 2
69 9
0 4
60 1
60 1
60 1
74 2
72 2
72 2
69 1
0 1
69 2
67 1
0 1
67 2
65 2
67 9
0 7
67 2
67 2
67 1
0 1
69 2
72 2
69 4
0 1
72 1
74 2
72 2
69 2
67 2
65 7
65 1
67 2
67 1
0 1
67 1
0 1
67 1
0 1
67 2
72 3
0 1
62 2
64 2
60 10
0 1
60 1
60 1
60 1
74 2
72 2
72 2
69 1
0 1
69 2
67 1
0 1
67 2
65 2
69 9
0 4
60 1
60 1
60 1
74 2
72 2
72 2
69 1
0 1
69 2
67 1
0 1
67 2
65 2
67 9
0 7
67 2
67 2
67 1
0 1
69 2
72 2
69 4
0 1
72 1
74 2
72 2
69 2
67 2
65 6
62 2
60 5
0 1
74 1
0 1
72 1
0 1
74 1
0 1
69 2
67 2
65 15
0 1
72 1
0 1
72 1
0 1
72 2
74 1
77 3
74 2
72 2
69 2
72 13
0 3
72 2
72 1
0 1
72 2
74 1
77 3
74 1
0 1
72 2
65 2
67 13
0 3
62 2
65 2
67 1
0 1
74 4
72 3
0 1
74 2
72 2
74 2
69 2
67 2
65 4
0 2
65 2
67 2
65 2
67 2
65 2
67 4
69 4
72 16
0 125
60 1
60 1
60 1
74 2
72 2
72 2
69 1
0 1
69 2
67 1
0 1
67 2
65 2
69 9
0 4
60 1
60 1
60 1
74 2
72 2
72 2
69 1
0 1
69 2
67 1
0 1
67 2
65 2
67 9
0 7
67 2
67 2
67 1
0 1
69 2
72 2
69 4
0 1
72 1
74 2
72 2
69 2
67 2
65 6
62 2
60 5
0 1
74 1
0 1
72 1
0 1
74 1
0 1
69 2
67 2
65 15
0 1
72 1
0 1
72 1
0 1
72 2
74 1
77 3
74 2
72 2
69 2
72 13
0 3
72 2
72 1
0 1
72 2
74 1
77 3
74 1
0 1
72 2
65 2
67 13
0 3
62 2
65 2
67 1
0 1
74 4
72 3
0 1
74 2
72 2
74 2
69 2
67 2
65 4
0 2
65 2
67 2
65 2
67 2
65 2
67 4
69 4
72 10
0 3
60 1
60 1
60 1
74 2
72 2
72 2
69 1
0 1
69 2
67 1
0 1
67 2
65 2
69 9
0 4
60 1
60 1
60 1
74 2
72 2
72 2
69 1
0 1
69 2
67 1
0 1
67 2
65 2
67 9
0 7
67 2
67 2
67 1
0 1
69 2
72 2
69 4
0 1
72 1
74 2
72 2
69 2
67 2
65 6
62 2
60 5
0 1
74 1
0 1
72 1
0 1
74 1
0 1
69 2
67 2
65 15
0 1
67 2
67 2
67 1
0 1
69 2
72 2
69 4
0 1
72 1
74 2
72 2
69 2
67 2
65 6
62 2
60 5
0 3
74 3
72 3
74 3
69 4
67 7
65 21
