0 130
71 1
0 1
71 1
0 1
71 1
0 1
71 1
0 1
71 1
69 1
71 1
0 1
71 1
71 1
0 1
71 1
0 1
71 1
0 1
71 1
71 1
73 1
71 1
71 1
71 1
73 1
69 1
0 1
69 1
0 3
71 1
0 1
71 1
0 1
71 1
0 1
71 1
0 1
73 1
69 1
0 2
69 1
69 1
71 1
0 1
71 1
71 2
0 1
73 1
69 4
0 7
71 1
0 1
71 1
0 1
71 1
0 1
71 1
0 1
71 1
69 1
71 1
0 1
71 1
71 1
0 1
71 1
0 1
71 1
0 1
71 1
71 1
73 1
71 1
71 1
71 1
73 1
69 2
69 1
0 3
73 1
0 1
73 1
0 1
76 1
0 1
76 1
0 1
73 1
73 1
0 1
76 1
0 1
76 1
0 1
73 2
69 1
0 1
64 1
0 1
69 1
0 1
69 2
0 5
73 2
71 1
0 1
69 1
0 1
76 2
73 2
71 2
69 1
0 1
69 1
0 1
69 2
0 8
69 3
0 3
73 2
71 1
0 1
69 1
0 1
76 2
73 2
71 1
0 1
69 1
0 1
69 1
0 1
69 2
0 13
64 1
73 2
71 2
69 1
0 1
76 2
73 1
0 1
71 2
69 1
78 2
78 1
0 2
76 1
76 2
0 1
78 1
76 2
73 3
0 1
64 1
73 1
76 1
78 1
0 1
78 2
78 1
0 1
76 1
76 3
73 1
73 2
0 1
76 1
76 3
81 1
81 2
78 4
76 4
0 1
66 1
68 1
69 2
69 1
0 1
69 1
0 1
69 1
0 1
71 2
71 2
73 1
0 1
73 2
0 8
71 2
73 2
74 2
76 2
69 2
69 1
0 1
69 1
0 1
69 2
71 1
0 1
71 2
73 1
0 1
73 5
0 7
73 2
76 1
0 1
80 2
78 2
80 1
0 1
80 2
78 2
78 2
80 1
0 1
80 1
0 1
78 1
0 1
78 1
0 1
78 1
0 1
78 1
0 1
76 3
0 1
76 1
0 1
76 1
0 1
73 1
0 1
76 1
0 1
76 1
0 1
76 1
0 1
73 1
0 1
76 1
0 1
76 1
0 1
76 1
0 1
73 1
0 1
73 2
71 1
0 1
69 1
0 1
71 4
0 2
66 1
0 1
68 1
0 1
69 1
0 1
69 1
0 1
69 1
0 1
69 1
0 1
71 1
0 1
71 1
0 1
73 1
0 1
73 2
0 8
71 1
0 1
73 1
0 1
74 1
0 1
76 1
0 1
69 1
0 1
69 1
0 1
69 1
0 1
69 1
0 1
71 1
0 1
71 1
0 1
73 1
0 1
73 8
0 4
73 2
76 1
0 1
80 1
0 1
78 2
80 1
0 1
80 1
0 1
78 1
0 1
78 1
0 1
80 1
0 1
80 1
0 1
78 1
0 1
78 2
78 1
0 1
78 1
0 1
76 2
0 2
76 1
0 1
76 1
0 1
73 1
0 1
76 1
0 1
76 1
0 1
76 1
0 1
73 1
0 1
76 1
0 1
76 1
0 1
76 1
0 1
73 2
73 1
0 1
71 1
0 1
69 2
71 3
0 1
73 2
71 2
69 11
0 119
73 2
71 1
0 1
69 1
0 1
76 2
73 2
71 2
69 1
0 1
69 1
0 1
69 2
0 8
69 3
0 3
73 2
71 1
0 1
69 1
0 1
76 2
73 2
71 1
0 1
69 1
0 1
69 1
0 1
69 2
0 13
64 1
73 2
71 2
69 1
0 1
76 2
73 1
0 1
71 2
69 1
78 2
78 1
0 2
76 1
76 2
0 1
78 1
76 2
73 3
0 1
64 1
73 1
76 1
78 1
0 1
78 2
78 1
0 1
76 1
76 3
73 1
73 2
0 1
76 1
76 3
81 1
81 2
78 4
76 4
0 1
66 1
68 1
69 2
69 1
0 1
69 1
0 1
69 1
0 1
71 2
71 2
73 1
0 1
73 2
0 8
71 2
73 2
74 2
76 2
69 2
69 1
0 1
69 1
0 1
69 2
71 1
0 1
71 2
73 1
0 1
73 5
0 7
73 2
76 1
0 1
80 2
78 2
80 1
0 1
80 2
78 2
78 2
80 1
0 1
80 1
0 1
78 1
0 1
78 1
0 1
78 1
0 1
78 1
0 1
76 3
0 1
76 1
0 1
76 1
0 1
73 1
0 1
76 1
0 1
76 1
0 1
76 1
0 1
73 1
0 1
76 1
0 1
76 1
0 1
76 1
0 1
73 1
0 1
73 2
71 1
0 1
69 1
0 1
71 4
0 2
66 1
0 1
68 1
0 1
69 1
0 1
69 1
0 1
69 1
0 1
69 1
0 1
71 1
0 1
71 1
0 1
73 1
0 1
73 2
0 8
71 1
0 1
73 1
0 1
74 1
0 1
76 1
0 1
69 1
0 1
69 1
0 1
69 1
0 1
69 1
0 1
71 1
0 1
71 1
0 1
73 1
0 1
73 8
0 4
73 2
76 1
0 1
80 1
0 1
78 2
80 1
0 1
80 1
0 1
78 1
0 1
78 1
0 1
80 1
0 1
80 1
0 1
78 1
0 1
78 2
78 1
0 1
78 1
0 1
76 2
0 2
76 1
0 1
76 1
0 1
73 1
0 1
76 1
0 1
76 1
0 1
76 1
0 1
73 1
0 1
76 1
0 1
76 1
0 1
76 1
0 1
73 2
73 1
0 1
71 1
0 1
69 2
71 3
0 5
69 1
69 14
0 5
71 1
69 1
73 2
71 7
