0 132
66 1
66 1
66 1
63 1
68 2
0 1
66 5
0 4
66 1
66 1
66 1
63 1
68 2
66 6
0 4
66 1
66 1
66 1
63 1
68 2
66 1
68 3
66 2
68 2
66 2
61 11
0 5
66 1
66 1
66 1
63 1
68 2
66 7
0 3
66 1
66 1
66 1
63 1
68 2
66 7
0 3
66 1
66 1
66 1
63 1
68 2
66 1
68 2
0 1
61 2
68 2
66 1
0 1
66 5
0 3
70 2
71 2
73 5
0 1
63 2
62 4
71 4
70 4
0 2
71 2
70 6
0 2
68 2
66 2
66 2
63 2
63 2
65 2
66 2
68 2
70 6
73 2
68 4
70 4
66 4
61 1
73 1
73 1
73 1
73 2
73 1
73 1
73 1
0 1
71 2
65 3
0 1
61 1
73 1
73 1
73 1
73 1
0 1
73 1
73 1
73 1
0 1
71 1
70 1
66 3
0 1
63 1
73 1
73 1
73 1
75 1
0 1
75 1
78 1
75 2
73 2
71 3
0 1
63 1
63 1
66 1
68 1
70 1
0 1
61 2
63 1
0 1
66 2
71 1
0 1
71 1
0 1
71 1
0 1
73 2
68 3
0 1
70 4
66 4
61 1
73 1
73 1
73 1
73 2
73 1
73 1
73 1
0 1
71 2
65 3
0 1
61 1
73 1
73 1
73 1
73 1
0 1
73 1
73 1
73 1
0 1
71 1
70 1
66 3
0 1
63 1
73 1
73 1
73 1
75 1
0 1
75 1
78 1
75 2
73 2
71 3
0 1
63 1
63 1
66 1
68 1
70 1
0 1
61 2
63 1
0 1
66 2
71 1
0 1
71 1
0 1
71 1
0 1
70 2
68 3
0 1
70 4
66 8
0 60
66 1
66 1
66 1
63 1
68 2
66 7
0 3
66 1
66 1
66 1
63 1
68 2
66 7
0 3
66 1
66 1
66 1
63 1
68 2
66 1
68 2
0 1
61 2
68 2
66 1
0 1
66 5
0 3
70 2
71 2
73 5
0 1
63 2
62 4
71 4
70 4
0 2
71 2
70 6
0 2
68 2
66 2
66 2
63 2
63 2
65 2
66 2
68 2
70 6
73 2
68 4
70 4
66 4
61 1
73 1
73 1
73 1
73 2
73 1
73 1
73 1
0 1
71 2
65 3
0 1
61 1
73 1
73 1
73 1
73 1
0 1
73 1
73 1
73 1
0 1
71 1
70 1
66 3
0 1
63 1
73 1
73 1
73 1
75 1
0 1
75 1
78 1
75 2
73 2
71 3
0 1
63 1
63 1
66 1
68 1
70 1
0 1
61 2
63 1
0 1
66 2
71 1
0 1
71 1
0 1
71 1
0 1
73 2
68 3
0 1
70 4
66 4
61 1
73 1
73 1
73 1
73 2
73 1
73 1
73 1
0 1
71 2
65 3
0 1
61 1
73 1
73 1
73 1
73 1
0 1
73 1
73 1
73 1
0 1
71 1
70 1
66 3
0 1
63 1
73 1
73 1
73 1
75 1
0 1
75 1
78 1
75 2
73 2
71 3
0 1
63 1
63 1
66 1
68 1
70 1
0 1
61 2
63 1
0 1
66 2
71 1
0 1
71 1
0 1
71 1
0 1
70 2
68 3
0 1
70 4
66 4
61 1
73 1
73 1
73 1
73 2
73 1
73 1
73 1
0 1
71 2
65 3
0 1
61 1
73 1
73 1
73 1
73 1
0 1
73 1
73 1
73 1
0 1
71 1
70 1
66 3
0 1
63 1
73 1
73 1
73 1
75 1
0 1
75 1
78 1
75 2
73 2
71 3
0 1
63 1
63 1
66 1
68 1
70 1
0 1
61 2
63 1
0 1
66 2
71 1
0 1
71 1
0 1
71 1
0 1
73 2
68 3
0 1
70 4
66 4
61 1
73 1
73 1
73 1
73 2
73 1
73 1
73 1
0 1
71 2
65 3
0 1
61 1
73 1
73 1
73 1
73 1
0 1
73 1
73 1
73 1
0 1
71 1
70 1
66 3
0 1
63 1
73 1
73 1
73 1
75 1
0 1
75 1
78 1
75 2
73 2
71 3
0 1
63 1
63 1
66 1
68 1
70 1
0 1
61 2
63 1
0 1
66 2
71 1
0 1
71 1
0 1
71 1
0 1
70 2
68 3
0 1
70 4
66 8
