G:min [2, 7, 10] 7 2
Bb:maj [2, 5, 10] 10 2
F:maj [0, 5, 9] 5 2
C:maj [0, 4, 7] 0 2
G:min [2, 7, 10] 7 2
Bb:maj [2, 5, 10] 10 2
F:maj [0, 5, 9] 5 4
G:min [2, 7, 10] 7 2
Bb:maj [2, 5, 10] 10 2
F:maj [0, 5, 9] 5 2
C:maj [0, 4, 7] 0 2
G:min [2, 7, 10] 7 2
Bb:maj [2, 5, 10] 10 2
F:maj [0, 5, 9] 5 4
G:min [2, 7, 10] 7 2
Bb:maj [2, 5, 10] 10 2
F:maj [0, 5, 9] 5 2
C:maj [0, 4, 7] 0 2
G:min [2, 7, 10] 7 2
Bb:maj [2, 5, 10] 10 2
F:maj [0, 5, 9] 5 4
C:maj [0, 4, 7] 0 4
D:maj [2, 6, 9] 2 4
G:min [2, 7, 10] 7 2
Bb:maj [2, 5, 10] 10 2
F:maj [0, 5, 9] 5 2
G:min [2, 7, 10] 7 2
Eb:maj [3, 7, 10] 3 2
Bb:maj [2, 5, 10] 10 2
F:maj [0, 5, 9] 5 2
G:min [2, 7, 10] 7 2
Eb:maj [3, 7, 10] 3 2
Bb:maj [2, 5, 10] 10 2
F:maj [0, 5, 9] 5 2
G:min [2, 7, 10] 7 2
Eb:maj [3, 7, 10] 3 2
F:maj [0, 5, 9] 5 2
G:min [2, 7, 10] 7 6
Bb:maj [2, 5, 10] 10 2
F:maj [0, 5, 9] 5 2
C:maj [0, 4, 7] 0 2
G:min [2, 7, 10] 7 2
Bb:maj [2, 5, 10] 10 2
F:maj [0, 5, 9] 5 4
G:min [2, 7, 10] 7 2
Bb:maj [2, 5, 10] 10 2
F:maj [0, 5, 9] 5 2
C:maj [0, 4, 7] 0 2
G:min [2, 7, 10] 7 2
Bb:maj [2, 5, 10] 10 2
F:maj [0, 5, 9] 5 4
C:maj [0, 4, 7] 0 4
D:maj [2, 6, 9] 2 4
G:min [2, 7, 10] 7 2
Bb:maj [2, 5, 10] 10 2
F:maj [0, 5, 9] 5 2
G:min [2, 7, 10] 7 2
Eb:maj [3, 7, 10] 3 2
Bb:maj [2, 5, 10] 10 2
F:maj [0, 5, 9] 5 2
G:min [2, 7, 10] 7 2
Eb:maj [3, 7, 10] 3 2
Bb:maj [2, 5, 10] 10 2
F:maj [0, 5, 9] 5 2
G:min [2, 7, 10] 7 2
Eb:maj [3, 7, 10] 3 2
F:maj [0, 5, 9] 5 2
G:min [2, 7, 10] 7 4
C:maj [0, 4, 7] 0 4
G:min [2, 7, 10] 7 4
Eb:maj [3, 7, 10] 3 2
Bb:maj [2, 5, 10] 10 2
F:maj [0, 5, 9] 5 2
D:maj [2, 6, 9] 2 4
G:min [2, 7, 10] 7 2
Bb:maj [2, 5, 10] 10 2
F:maj [0, 5, 9] 5 2
G:min [2, 7, 10] 7 2
Eb:maj [3, 7, 10] 3 2
Bb:maj [2, 5, 10] 10 2
F:maj [0, 5, 9] 5 2
Eb:maj [3, 7, 10] 3 2
Bb:maj [2, 5, 10] 10 2
F:maj [0, 5, 9] 5 2
G:min [2, 7, 10] 7 2
Eb:maj [3, 7, 10] 3 2
F:maj [0, 5, 9] 5 2
G:min [2, 7, 10] 7 6
Bb:maj [2, 5, 10] 10 2
F:maj [0, 5, 9] 5 2
G:min [2, 7, 10] 7 2
Eb:maj [3, 7, 10] 3 2
Bb:maj [2, 5, 10] 10 2
F:maj [0, 5, 9] 5 2
G:min [2, 7, 10] 7 2
Eb:maj [3, 7, 10] 3 2
Bb:maj [2, 5, 10] 10 2
F:maj [0, 5, 9] 5 2
G:min [2, 7, 10] 7 2
Eb:maj [3, 7, 10] 3 2
F:maj [0, 5, 9] 5 2
G:min [2, 7, 10] 7 6
Bb:maj [2, 5, 10] 10 2
F:maj [0, 5, 9] 5 2
C:maj [0, 4, 7] 0 2
G:min [2, 7, 10] 7 2
Bb:maj [2, 5, 10] 10 2
F:maj [0, 5, 9] 5 2
