0 60
79 1
77 1
74 1
72 1
74 3
0 1
74 1
72 1
70 1
67 1
70 3
0 1
70 1
65 1
70 1
74 1
72 1
72 1
72 1
72 1
72 1
0 1
70 2
72 2
70 1
67 1
79 1
77 1
74 1
72 1
74 3
0 1
74 1
72 1
70 1
67 1
70 3
0 1
70 1
65 1
70 1
74 2
72 8
0 3
79 1
77 1
74 1
72 1
74 3
0 1
74 1
72 1
70 1
67 1
70 3
0 1
70 1
65 1
70 1
74 1
72 1
72 1
72 1
72 1
72 1
0 1
70 2
72 2
70 1
67 1
79 1
77 1
74 1
72 1
74 3
0 1
74 1
72 1
70 1
67 1
70 3
0 1
70 1
65 1
70 1
74 2
72 8
72 1
72 1
72 1
72 1
77 2
72 1
72 8
70 3
0 1
72 3
0 1
74 13
74 1
77 1
74 1
79 1
79 1
79 1
0 1
79 1
0 1
77 1
0 1
74 2
72 1
74 1
0 1
74 1
74 1
70 1
72 1
0 1
72 1
0 1
72 1
0 1
72 1
74 1
72 1
0 1
70 1
67 1
0 1
74 1
77 1
74 1
79 1
0 1
79 1
0 1
79 2
77 1
0 1
74 1
0 1
74 2
72 2
70 2
72 1
0 1
72 1
0 1
72 1
77 3
74 4
0 1
74 1
77 1
74 1
79 1
79 1
79 1
0 1
79 1
0 1
77 1
0 1
74 2
72 1
74 1
0 1
74 1
74 1
70 1
72 1
0 1
72 1
0 1
72 1
0 1
72 1
74 1
72 1
0 1
70 1
67 1
0 1
67 1
67 1
69 1
70 2
70 1
0 1
70 2
74 2
72 1
0 1
72 1
0 1
72 1
0 1
69 1
0 1
67 12
79 1
77 1
74 1
72 1
74 3
0 1
74 1
72 1
70 1
67 1
70 3
0 1
70 1
65 1
70 1
74 1
72 1
72 1
72 1
72 1
72 1
0 1
70 2
72 2
70 1
67 1
79 1
77 1
74 1
72 1
74 3
0 1
74 1
72 1
70 1
67 1
70 3
0 1
70 1
65 1
70 1
74 2
72 8
0 3
79 1
77 1
74 1
72 1
74 3
0 1
74 1
72 1
70 1
67 1
70 3
0 1
70 1
65 1
70 1
74 1
72 1
72 1
72 1
72 1
72 1
0 1
70 2
72 2
70 1
67 1
79 1
77 1
74 1
72 1
74 3
0 1
74 1
72 1
70 1
67 1
70 3
0 1
70 1
65 1
70 1
74 2
72 8
72 1
72 1
72 1
72 1
77 2
72 1
72 8
70 3
0 1
72 3
0 1
74 13
74 1
77 1
74 1
79 1
79 1
79 1
0 1
79 1
0 1
77 1
0 1
74 2
72 1
74 1
0 1
74 1
74 1
70 1
72 1
0 1
72 1
0 1
72 1
0 1
72 1
74 1
72 1
0 1
70 1
67 1
0 1
74 1
77 1
74 1
79 1
0 1
79 1
0 1
79 2
77 1
0 1
74 1
0 1
74 2
72 2
70 2
72 1
0 1
72 1
0 1
72 1
77 3
74 4
0 1
74 1
77 1
74 1
79 1
79 1
79 1
0 1
79 1
0 1
77 1
0 1
74 2
72 1
74 1
0 1
74 1
74 1
70 1
72 1
0 1
72 1
0 1
72 1
0 1
72 1
74 1
72 1
0 1
70 1
67 1
0 1
67 1
67 1
69 1
70 2
70 1
0 1
70 2
74 2
72 1
0 1
72 1
0 1
72 1
0 1
69 1
0 1
67 12
0 2
67 2
79 9
0 1
76 2
74 2
72 2
74 3
0 1
67 9
0 1
67 2
79 4
79 1
0 1
77 2
74 3
0 1
74 1
0 1
77 2
72 4
70 1
0 1
72 1
0 1
74 10
0 62
79 1
79 1
79 1
0 1
79 1
0 1
77 1
0 1
74 2
72 1
74 1
0 1
74 1
74 1
70 1
72 1
0 1
72 1
0 1
72 1
0 1
72 1
74 1
72 1
0 1
70 1
67 1
0 1
67 1
67 1
69 1
70 2
70 1
0 1
70 2
74 2
72 1
0 1
72 1
0 1
72 1
0 1
69 1
0 1
67 12
0 1
79 1
79 1
79 1
79 2
79 1
0 1
79 1
77 1
77 1
0 1
74 2
72 1
74 1
0 1
74 1
74 1
70 1
72 1
0 1
72 1
0 1
72 1
0 1
72 1
74 1
72 1
0 1
77 1
74 1
0 1
74 1
77 1
74 1
79 1
0 1
79 1
0 1
79 2
77 1
0 1
74 2
74 2
72 2
70 2
72 1
0 1
72 1
0 1
72 1
77 3
74 4
0 1
74 1
77 1
74 1
79 1
79 1
79 1
0 1
79 1
0 1
77 1
0 1
74 2
72 1
74 1
0 1
74 1
74 1
70 1
72 1
0 1
72 1
0 1
72 1
0 1
72 1
74 1
72 1
0 1
70 1
67 1
0 1
67 1
67 1
69 1
70 2
70 1
0 1
70 2
74 2
72 1
0 1
72 1
0 1
72 1
0 1
69 1
0 1
67 12
