B:maj/5 [3, 6, 11] 6 8 
Ab:min [3, 8, 11] 8 4 
F#:maj [1, 6, 10] 6 4 
B:maj/5 [3, 6, 11] 6 10 
F#:maj [1, 6, 10] 6 2 
B:maj7/7 [3, 6, 9, 11] 10 1 
B:maj [3, 6, 11] 11 1 
B:maj7/7 [3, 6, 9, 11] 10 1 
B:maj [3, 6, 11] 11 9 
C#:min/5 [1, 4, 8] 8 4 
F#:maj [1, 6, 10] 6 4 
Ab:min [3, 8, 11] 8 4 
B:maj [3, 6, 11] 11 1 
E:maj/3 [4, 8, 11] 8 1 
F#:maj [1, 6, 10] 6 2 
B:maj/5 [3, 6, 11] 6 6 
B:maj7/7 [3, 6, 9, 11] 10 2 
Ab:min [3, 8, 11] 8 12 
F#:maj [1, 6, 10] 6 4 
B:maj [3, 6, 11] 11 8 
Ab:min [3, 8, 11] 8 2 
C#:min/5 [1, 4, 8] 8 2 
F#:maj [1, 6, 10] 6 4 
Ab:min [3, 8, 11] 8 4 
F#:maj [1, 6, 10] 6 4 
B:maj/5 [3, 6, 11] 6 2 
C#:min [1, 4, 8] 1 1 
F#:maj [1, 6, 10] 6 1 
B:maj/5 [3, 6, 11] 6 8 
Ab:min [3, 8, 11] 8 4 
B:maj [3, 6, 11] 11 2 
F#:maj [1, 6, 10] 6 2 
B:maj [3, 6, 11] 11 12 
C#:min/5 [1, 4, 8] 8 4 
F#:maj [1, 6, 10] 6 4 
Ab:min [3, 8, 11] 8 4 
B:maj [3, 6, 11] 11 2 
F#:maj [1, 6, 10] 6 2 
B:maj/5 [3, 6, 11] 6 6 
B:maj7/7 [3, 6, 9, 11] 10 2 
Ab:min [3, 8, 11] 8 12 
F#:maj [1, 6, 10] 6 4 
B:maj [3, 6, 11] 11 8 
Ab:min [3, 8, 11] 8 2 
C#:maj [1, 5, 8] 1 2 
F#:maj [1, 6, 10] 6 4 
Ab:min [3, 8, 11] 8 4 
F#:maj [1, 6, 10] 6 4 
B:maj/5 [3, 6, 11] 6 2 
C#:min [1, 4, 8] 1 1 
F#:maj [1, 6, 10] 6 1 
B:maj/5 [3, 6, 11] 6 12 
C#:min7 [1, 4, 8, 11] 1 4 
F#:maj [1, 6, 10] 6 4 
Ab:min [3, 8, 11] 8 4 
B:maj [3, 6, 11] 11 1 
E:maj/3 [4, 8, 11] 8 1 
F#:maj [1, 6, 10] 6 2 
B:maj/5 [3, 6, 11] 6 6 
B:maj7/7 [3, 6, 9, 11] 10 2 
Ab:min [3, 8, 11] 8 12 
F#:maj [1, 6, 10] 6 4 
B:maj [3, 6, 11] 11 8 
Ab:min [3, 8, 11] 8 2 
C#:maj [1, 5, 8] 1 2 
F#:maj [1, 6, 10] 6 4 
Ab:min [3, 8, 11] 8 4 
F#:maj [1, 6, 10] 6 4 
B:maj/5 [3, 6, 11] 6 2 
C#:min [1, 4, 8] 1 1 
F#:maj [1, 6, 10] 6 1 
Bb:maj [2, 5, 10] 10 8 
Ab:min [3, 8, 11] 8 4 
B:maj [3, 6, 11] 11 2 
F#:maj [1, 6, 10] 6 2 
B:maj [3, 6, 11] 11 5 
