0 128
69 1
0 1
69 2
69 2
67 2
65 6
0 2
64 2
62 1
0 1
64 2
60 2
62 6
0 2
65 1
0 1
65 1
0 1
65 2
62 2
72 4
69 2
67 2
69 12
0 4
69 2
74 1
0 1
74 1
0 1
72 2
69 6
67 2
65 2
65 2
62 2
60 2
57 7
0 1
57 2
60 2
62 2
69 2
67 2
65 2
62 2
60 2
62 15
0 1
69 1
0 1
69 2
69 2
67 2
65 6
0 2
64 2
62 1
0 1
64 2
60 2
62 6
0 2
65 1
0 1
65 1
0 1
65 2
62 2
72 4
69 2
67 2
69 12
0 4
69 2
74 1
0 1
74 1
0 1
72 2
69 6
67 2
65 2
65 2
62 2
60 2
57 7
0 1
57 2
60 2
62 2
69 2
67 2
65 2
62 2
60 2
62 10
0 2
69 2
72 2
74 3
74 2
0 1
77 2
76 2
74 2
74 2
72 2
74 11
0 1
69 2
72 2
74 3
74 2
0 1
77 2
76 2
74 2
74 2
72 2
69 11
0 1
69 2
72 1
0 1
74 3
74 3
72 2
69 2
62 1
0 1
65 2
69 2
67 10
0 2
62 2
65 2
67 1
0 1
67 1
0 1
67 2
69 2
72 2
69 2
72 2
67 2
69 11
0 1
69 2
72 2
74 3
74 2
0 1
77 2
76 2
74 2
74 2
72 2
74 11
0 1
69 2
72 2
74 3
74 2
0 1
77 2
76 2
74 2
74 2
72 2
69 11
0 5
69 2
74 2
74 2
69 2
67 7
0 1
69 2
72 2
72 2
69 2
65 7
0 1
64 1
0 1
64 1
0 1
64 2
72 2
69 2
67 2
65 1
67 1
65 1
64 1
62 15
0 129
69 1
0 1
69 2
69 2
67 2
65 6
0 2
64 2
62 1
0 1
64 2
60 2
62 6
0 2
65 1
0 1
65 1
0 1
65 2
62 2
72 4
69 2
67 2
69 12
0 4
69 2
74 1
0 1
74 1
0 1
72 2
69 6
67 2
65 2
65 2
62 2
60 2
57 7
0 1
57 2
60 2
62 2
69 2
67 2
65 2
62 2
60 2
62 10
0 2
69 2
72 2
74 3
74 2
0 1
77 2
76 2
74 2
74 2
72 2
74 11
0 1
69 2
72 2
74 3
74 2
0 1
77 2
76 2
74 2
74 2
72 2
69 11
0 1
69 2
72 1
0 1
74 3
74 3
72 2
69 2
62 1
0 1
65 2
69 2
67 10
0 2
62 2
65 2
67 1
0 1
67 1
0 1
67 2
69 2
72 2
69 2
72 2
67 2
69 11
0 1
69 2
72 2
74 3
74 2
0 1
77 2
76 2
74 2
74 2
72 2
74 11
0 1
69 2
72 2
74 3
74 2
0 1
77 2
76 2
74 2
74 2
72 2
69 11
0 5
69 2
74 2
74 2
69 2
67 7
0 1
69 2
72 2
72 2
69 2
65 7
0 1
64 1
0 1
64 1
0 1
64 2
72 2
69 2
67 2
65 1
67 1
65 1
64 1
62 15
0 13
70 2
73 2
75 3
75 2
0 1
78 2
77 2
75 2
75 2
73 2
75 11
0 1
70 2
73 2
75 3
75 2
0 1
78 2
77 2
75 2
75 2
73 2
70 11
0 1
70 2
73 1
0 1
75 3
75 3
73 2
70 2
63 1
0 1
66 2
70 2
68 10
0 2
63 2
66 2
68 1
0 1
68 1
0 1
68 2
70 2
73 2
70 2
73 2
68 2
70 11
0 1
70 2
73 2
75 3
75 2
0 1
78 2
77 2
75 2
75 2
73 2
75 11
0 1
70 2
73 2
75 3
75 2
0 1
78 2
77 2
75 2
75 2
73 2
70 11
0 5
70 2
75 2
75 2
70 2
68 7
0 1
70 2
73 2
73 2
70 2
66 7
0 1
65 1
0 1
65 1
0 1
65 2
73 2
70 2
68 2
66 1
68 1
66 1
65 1
63 15
0 1
65 2
65 2
65 3
73 3
70 4
68 3
65 2
63 2
61 5
63 25
