C#:maj [1, 5, 8] 1 12
F#:maj [1, 6, 10] 6 4
C#:maj [1, 5, 8] 1 4
C#:sus4 [1, 6, 8] 1 8
F#:maj [1, 6, 10] 6 4
C#:maj [1, 5, 8] 1 2
F#:maj [1, 6, 10] 6 2
C#:maj [1, 5, 8] 1 2
F#:maj [1, 6, 10] 6 2
F:min [0, 5, 8] 5 2
Bb:min [1, 5, 10] 10 2
Eb:min7 [1, 3, 6, 10] 3 2
Ab:maj [0, 3, 8] 8 4
Bb:sus4(b7 [3, 5, 10] 10 2
F:min [0, 5, 8] 5 2
F#:maj [1, 6, 10] 6 2
Ab:maj [0, 3, 8] 8 10
C#:maj [1, 5, 8] 1 4
C#:sus4 [1, 6, 8] 1 4
C#:maj [1, 5, 8] 1 4
C#:sus4 [1, 6, 8] 1 2
C#:sus2 [1, 3, 8] 1 2
F#:maj [1, 6, 10] 6 2
C#:maj [1, 5, 8] 1 2
F#:maj [1, 6, 10] 6 2
F:min [0, 5, 8] 5 2
Bb:min [1, 5, 10] 10 2
Eb:min7 [1, 3, 6, 10] 3 2
Ab:maj [0, 3, 8] 8 4
Bb:min [1, 5, 10] 10 2
Ab:maj [0, 3, 8] 8 2
F#:maj [1, 6, 10] 6 2
Eb:maj/3 [3, 7, 10] 7 2
Ab:maj [0, 3, 8] 8 8
F#:maj7/5 [1, 4, 6, 10] 1 6
F#:maj7/5 [1, 4, 6, 10] 1 2
C#:maj/7 [1, 5, 8] 0 2
Bb:min [1, 5, 10] 10 2
Ab:maj [0, 3, 8] 8 2
F#:maj [1, 6, 10] 6 2
C#:sus2 [1, 3, 8] 1 2
Eb:min7 [1, 3, 6, 10] 3 2
Ab:7 [0, 3, 6, 8] 8 2
C#:maj [1, 5, 8] 1 2
Ab:maj [0, 3, 8] 8 2
Bb:min [1, 5, 10] 10 2
Ab:maj [0, 3, 8] 8 4
F#:maj [1, 6, 10] 6 2
F:maj [0, 5, 9] 5 2
Eb:min [3, 6, 10] 3 2
Ab:sus2 [3, 8, 10] 8 2
B:maj [3, 6, 11] 11 4
C#:min [1, 4, 8] 1 2
E:maj [4, 8, 11] 4 3
A:maj [1, 4, 9] 9 1
E:maj [4, 8, 11] 4 2
A:maj [1, 4, 9] 9 2
E:maj/3 [4, 8, 11] 8 2
C#:min [1, 4, 8] 1 2
F#:min7 [1, 4, 6, 9] 6 2
B:7 [3, 6, 9, 11] 11 4
C#:min [1, 4, 8] 1 2
B:maj [3, 6, 11] 11 2
A:maj [1, 4, 9] 9 2
Bb:dim [1, 4, 10] 10 2
B:maj [3, 6, 11] 11 8
E:maj [4, 8, 11] 4 8
B:maj [3, 6, 11] 11 12
B:7 [3, 6, 9, 11] 11 1
E:maj [4, 8, 11] 4 3
C#:min7 [1, 4, 8, 11] 1 2
E:maj [4, 8, 11] 4 2
F#:min7 [1, 4, 6, 9] 6 2
B:maj [3, 6, 11] 11 2
A:maj [1, 4, 9] 9 2
B:maj [3, 6, 11] 11 2
E:maj [4, 8, 11] 4 2
B:maj [3, 6, 11] 11 2
C#:min [1, 4, 8] 1 2
E:maj [4, 8, 11] 4 6
B:maj [3, 6, 11] 11 2
C#:min [1, 4, 8] 1 2
B:maj [3, 6, 11] 11 4
B:7 [3, 6, 9, 11] 11 2
B:maj [3, 6, 11] 11 2
A:maj [1, 4, 9] 9 2
B:maj [3, 6, 11] 11 2
