0 28
80 2
78 2
77 14
80 2
78 11
0 1
80 3
0 13
80 2
78 10
0 4
78 2
80 2
77 6
0 6
80 2
78 8
0 10
77 4
68 4
70 2
73 2
73 4
77 2
77 2
77 2
77 2
75 2
73 2
73 4
68 4
65 2
68 2
70 2
73 2
73 4
70 1
70 2
73 1
70 2
68 2
80 10
77 2
77 2
75 2
73 2
75 2
77 2
70 2
68 5
68 1
70 1
68 1
70 2
73 2
73 2
70 2
75 8
68 2
70 2
73 2
75 2
77 2
80 2
80 2
82 2
77 2
75 10
75 2
70 2
73 56
77 4
68 4
70 2
73 2
73 4
77 2
77 2
77 2
77 2
75 2
73 2
73 4
68 4
65 2
68 2
70 2
73 2
73 4
70 1
70 2
73 1
70 2
68 2
80 10
77 2
77 2
75 2
73 2
75 2
77 2
70 2
68 5
68 1
70 1
68 1
70 2
73 2
73 2
70 2
75 8
68 2
70 2
73 2
75 2
77 2
80 2
80 2
82 2
77 2
75 10
75 2
70 2
73 16
0 8
77 4
68 2
68 2
75 4
68 4
73 4
73 2
75 2
77 4
68 4
66 2
68 2
70 2
72 2
73 8
70 2
72 2
73 2
75 2
75 8
77 4
68 2
68 2
75 4
68 4
73 4
73 2
75 2
77 4
68 12
66 2
68 2
70 2
72 2
73 8
70 4
72 4
73 4
75 4
73 5
0 19
80 4
71 4
73 2
76 2
76 4
80 2
80 2
80 2
80 2
78 2
76 2
76 4
71 4
68 2
71 2
73 2
76 2
76 4
73 1
73 2
76 1
73 2
71 2
83 10
80 2
80 2
78 2
76 2
78 2
80 2
73 2
71 5
71 1
73 1
71 1
73 2
76 2
76 2
73 2
78 8
71 2
73 2
76 2
78 2
80 2
83 2
83 2
85 2
80 2
78 10
78 2
73 2
76 18
71 2
73 2
75 2
76 2
78 2
80 2
81 2
83 18
71 2
73 2
75 2
76 2
78 2
80 2
81 2
83 10
81 2
80 2
78 2
80 4
71 2
71 2
78 4
71 4
76 4
76 2
78 2
80 4
71 4
69 2
71 2
73 2
75 2
76 8
73 2
75 2
76 2
78 2
78 8
80 4
71 2
71 2
78 4
71 4
76 4
76 2
78 2
80 4
71 52
69 2
71 2
73 2
75 2
76 8
73 4
75 4
76 4
78 4
