Ab:min [3, 8, 11] 8 10 
Eb:min/b3 [3, 6, 10] 6 2 
C#:min/b3 [1, 4, 8] 4 2 
B:maj7/3 [3, 6, 9, 11] 3 2 
E:maj/3 [4, 8, 11] 8 2 
Eb:min/b3 [3, 6, 10] 6 2 
C#:min/b3 [1, 4, 8] 4 2 
Eb:min/b3 [3, 6, 10] 6 2 
Ab:min [3, 8, 11] 8 2 
F#:maj [1, 6, 10] 6 2 
E:maj [4, 8, 11] 4 2 
B:maj [3, 6, 11] 11 2 
C#:min [1, 4, 8] 1 2 
Ab:min [3, 8, 11] 8 2 
Eb:maj [3, 7, 10] 3 2 
Ab:maj [0, 3, 8] 8 10 
F#:maj6 [1, 3, 6, 10] 6 2 
E:maj [4, 8, 11] 4 2 
Eb:min [3, 6, 10] 3 2 
C#:min [1, 4, 8] 1 2 
Eb:min [3, 6, 10] 3 2 
Bb:hdim7 [1, 4, 7, 10] 10 2 
Eb:maj [3, 7, 10] 3 2 
Ab:maj [0, 3, 8] 8 2 
F#:maj6 [1, 3, 6, 10] 6 2 
E:maj [4, 8, 11] 4 2 
Eb:min [3, 6, 10] 3 2 
C#:min [1, 4, 8] 1 2 
Eb:min [3, 6, 10] 3 2 
Bb:hdim7 [1, 4, 7, 10] 10 2 
Eb:maj [3, 7, 10] 3 2 
Ab:min [3, 8, 11] 8 2 
B:maj [3, 6, 11] 11 2 
E:maj [4, 8, 11] 4 2 
B:maj [3, 6, 11] 11 2 
C#:min [1, 4, 8] 1 2 
Ab:min [3, 8, 11] 8 2 
Bb:hdim7 [1, 4, 7, 10] 10 2 
Eb:maj [3, 7, 10] 3 2 
Ab:min [3, 8, 11] 8 2 
B:maj [3, 6, 11] 11 2 
E:maj [4, 8, 11] 4 2 
B:maj [3, 6, 11] 11 2 
C#:min [1, 4, 8] 1 2 
Ab:min [3, 8, 11] 8 2 
Eb:maj [3, 7, 10] 3 2 
Ab:min [3, 8, 11] 8 6 
B:maj [3, 6, 11] 11 2 
E:maj [4, 8, 11] 4 2 
B:maj [3, 6, 11] 11 2 
C#:min [1, 4, 8] 1 2 
Ab:min [3, 8, 11] 8 2 
Eb:maj [3, 7, 10] 3 2 
Ab:min [3, 8, 11] 8 10 
F#:maj6 [1, 3, 6, 10] 6 2 
E:maj [4, 8, 11] 4 2 
Eb:min [3, 6, 10] 3 2 
C#:min [1, 4, 8] 1 2 
Eb:min [3, 6, 10] 3 2 
Bb:hdim7 [1, 4, 7, 10] 10 2 
Eb:maj [3, 7, 10] 3 2 
Ab:maj [0, 3, 8] 8 2 
F#:maj6 [1, 3, 6, 10] 6 2 
E:maj [4, 8, 11] 4 2 
Eb:min [3, 6, 10] 3 2 
C#:min [1, 4, 8] 1 2 
Eb:min [3, 6, 10] 3 2 
Bb:hdim7 [1, 4, 7, 10] 10 2 
Eb:maj [3, 7, 10] 3 2 
Ab:min [3, 8, 11] 8 2 
B:maj [3, 6, 11] 11 2 
E:maj [4, 8, 11] 4 2 
B:maj [3, 6, 11] 11 2 
C#:min [1, 4, 8] 1 2 
Ab:min [3, 8, 11] 8 2 
Bb:hdim7 [1, 4, 7, 10] 10 2 
Eb:maj [3, 7, 10] 3 2 
Ab:min [3, 8, 11] 8 2 
B:maj [3, 6, 11] 11 2 
E:maj [4, 8, 11] 4 2 
B:maj [3, 6, 11] 11 2 
C#:min [1, 4, 8] 1 2 
Ab:min [3, 8, 11] 8 2 
Eb:maj [3, 7, 10] 3 2 
Ab:min [3, 8, 11] 8 2 
E:maj [4, 8, 11] 4 4 
A:min [0, 4, 9] 9 2 
C:maj [0, 4, 7] 0 2 
F:maj [0, 5, 9] 5 2 
C:maj [0, 4, 7] 0 2 
D:min [2, 5, 9] 2 2 
A:min [0, 4, 9] 9 2 
B:hdim7 [2, 5, 8, 11] 11 2 
E:maj [4, 8, 11] 4 2 
A:min [0, 4, 9] 9 2 
C:maj [0, 4, 7] 0 2 
F:maj [0, 5, 9] 5 2 
C:maj [0, 4, 7] 0 2 
D:min [2, 5, 9] 2 2 
A:min [0, 4, 9] 9 2 
E:maj [4, 8, 11] 4 2 
A:min [0, 4, 9] 9 8 
D:min/b3 [2, 5, 9] 5 2 
E:min/b3 [4, 7, 11] 7 2 
F:maj/3 [0, 5, 9] 9 2 
E:min/b3 [4, 7, 11] 7 2 
D:min/b3 [2, 5, 9] 5 2 
E:min/b3 [4, 7, 11] 7 2 
A:min [0, 4, 9] 9 3 
