0 183
71 1
71 1
0 1
71 1
71 1
71 1
0 1
68 1
75 6
0 2
83 1
82 1
0 1
80 1
78 1
75 1
0 1
78 1
75 4
0 1
78 1
0 1
75 1
73 1
73 1
0 1
73 1
71 1
73 1
0 1
68 1
78 1
78 1
0 1
78 1
75 1
73 1
0 1
75 1
73 1
73 1
0 1
73 1
75 1
73 1
0 1
68 1
70 6
0 2
71 1
71 1
0 1
71 1
71 1
71 1
0 1
68 1
75 5
0 3
83 1
82 1
0 1
80 1
78 1
75 1
0 1
78 1
75 4
0 1
78 1
0 1
75 1
73 1
73 1
0 1
73 1
71 1
73 1
0 1
68 1
78 1
78 1
0 1
78 1
75 1
73 1
0 1
75 1
82 1
82 1
0 1
82 1
83 1
82 1
0 1
80 1
82 7
0 1
83 1
82 1
0 1
80 1
78 1
71 1
0 1
73 1
75 5
0 3
80 1
78 1
0 1
80 1
83 1
71 1
0 1
78 1
75 5
78 1
0 1
75 1
73 1
73 1
0 1
73 1
71 1
73 1
0 1
68 1
71 1
71 1
0 1
71 1
73 1
75 1
0 1
83 1
82 1
83 1
0 1
82 1
83 1
82 1
0 1
80 1
82 7
0 1
83 1
82 1
0 1
80 1
78 1
71 1
0 1
73 1
75 5
0 3
80 1
78 1
0 1
80 1
83 1
71 1
0 1
78 1
75 5
78 1
0 1
75 1
73 1
73 1
0 1
73 1
71 1
73 1
0 1
68 1
71 1
71 1
0 1
71 1
73 1
75 1
0 1
83 1
82 1
83 1
0 1
82 1
83 1
82 1
0 1
80 1
80 7
0 97
71 1
71 1
0 1
71 1
71 1
71 1
0 1
68 1
75 6
0 2
83 1
82 1
0 1
80 1
78 1
75 1
0 1
78 1
75 4
0 1
78 1
0 1
75 1
73 1
73 1
0 1
73 1
71 1
73 1
0 1
68 1
78 1
78 1
0 1
78 1
75 1
73 1
0 1
75 1
73 1
73 1
0 1
73 1
75 1
73 1
0 1
68 1
70 6
0 2
71 1
71 1
0 1
71 1
71 1
71 1
0 1
68 1
75 5
0 3
83 1
82 1
0 1
80 1
78 1
75 1
0 1
78 1
75 4
0 1
78 1
0 1
75 1
73 1
73 1
0 1
73 1
71 1
73 1
0 1
68 1
78 1
78 1
0 1
78 1
75 1
73 1
0 1
75 1
82 1
82 1
0 1
82 1
83 1
82 1
0 1
80 1
82 7
0 1
83 1
82 1
0 1
80 1
78 1
71 1
0 1
73 1
75 5
0 3
80 1
78 1
0 1
80 1
83 1
71 1
0 1
78 1
75 5
78 1
0 1
75 1
73 1
73 1
0 1
73 1
71 1
73 1
0 1
68 1
71 1
71 1
0 1
71 1
73 1
75 1
0 1
83 1
82 1
83 1
0 1
82 1
83 1
82 1
0 1
80 1
82 7
0 1
83 1
82 1
0 1
80 1
78 1
71 1
0 1
73 1
75 5
0 3
80 1
78 1
0 1
80 1
83 1
71 1
0 1
78 1
75 5
78 1
0 1
75 1
73 1
73 1
0 1
73 1
71 1
73 1
0 1
68 1
71 1
71 1
0 1
71 1
73 1
75 1
0 1
83 1
82 1
83 1
0 1
82 1
83 1
82 1
0 1
80 1
80 7
0 17
84 1
83 1
0 1
81 1
79 1
72 1
0 1
74 1
76 5
0 3
81 1
79 1
0 1
81 1
84 1
72 1
0 1
79 1
76 5
79 1
0 1
76 1
74 1
74 1
0 1
74 1
72 1
74 1
0 1
69 1
72 1
72 1
0 1
72 1
74 1
76 1
0 1
84 1
83 1
84 1
0 1
83 1
84 1
83 1
0 1
81 1
83 7
0 1
84 1
83 1
0 1
81 1
79 1
72 1
0 1
74 1
76 5
0 3
81 1
79 1
0 1
81 1
84 1
72 1
0 1
79 1
76 5
79 1
0 1
76 1
74 1
74 1
0 1
74 1
72 1
74 1
0 1
69 1
72 1
72 1
0 1
72 1
74 1
76 1
0 1
84 1
83 1
84 1
0 1
83 1
84 1
83 1
0 1
81 1
81 7
