F#:min [1, 6, 9] 6 5 
A:maj [1, 4, 9] 9 3 
B:min [2, 6, 11] 11 4 
F#:min [1, 6, 9] 6 8 
A:maj [1, 4, 9] 9 4 
B:min [2, 6, 11] 11 2 
C#:min [1, 4, 8] 1 2 
F#:min [1, 6, 9] 6 6 
E:maj [4, 8, 11] 4 2 
F#:min [1, 6, 9] 6 4 
D:maj [2, 6, 9] 2 2 
E:maj [4, 8, 11] 4 2 
A:maj [1, 4, 9] 9 2 
C#:7 [1, 5, 8, 11] 1 2 
F#:min [1, 6, 9] 6 2 
E:maj [4, 8, 11] 4 2 
A:maj [1, 4, 9] 9 2 
F#:min [1, 6, 9] 6 2 
E:maj [4, 8, 11] 4 2 
C#:min [1, 4, 8] 1 2 
F#:min [1, 6, 9] 6 6 
E:maj [4, 8, 11] 4 2 
F#:min [1, 6, 9] 6 4 
D:maj [2, 6, 9] 2 2 
E:maj [4, 8, 11] 4 2 
A:maj [1, 4, 9] 9 2 
C#:7 [1, 5, 8, 11] 1 2 
F#:min [1, 6, 9] 6 2 
E:maj [4, 8, 11] 4 2 
A:maj [1, 4, 9] 9 2 
F#:min [1, 6, 9] 6 2 
E:maj [4, 8, 11] 4 2 
C#:min [1, 4, 8] 1 2 
F#:min [1, 6, 9] 6 8 
E:maj [4, 8, 11] 4 2 
A:maj [1, 4, 9] 9 2 
F#:min [1, 6, 9] 6 4 
C#:min [1, 4, 8] 1 4 
F#:min [1, 6, 9] 6 4 
E:maj [4, 8, 11] 4 2 
A:maj [1, 4, 9] 9 2 
F#:min [1, 6, 9] 6 2 
A:maj [1, 4, 9] 9 2 
C#:min [1, 4, 8] 1 4 
F#:min [1, 6, 9] 6 4 
E:maj [4, 8, 11] 4 2 
A:maj [1, 4, 9] 9 2 
F#:min [1, 6, 9] 6 4 
C#:min [1, 4, 8] 1 6 
E:maj [4, 8, 11] 4 2 
F#:min [1, 6, 9] 6 6 
E:maj [4, 8, 11] 4 2 
F#:min [1, 6, 9] 6 4 
D:maj [2, 6, 9] 2 2 
E:maj [4, 8, 11] 4 2 
A:maj [1, 4, 9] 9 2 
C#:7 [1, 5, 8, 11] 1 2 
F#:min [1, 6, 9] 6 2 
E:maj [4, 8, 11] 4 2 
A:maj [1, 4, 9] 9 2 
F#:min [1, 6, 9] 6 2 
E:maj [4, 8, 11] 4 2 
C#:min [1, 4, 8] 1 2 
F#:min [1, 6, 9] 6 8 
E:maj [4, 8, 11] 4 2 
A:maj [1, 4, 9] 9 2 
F#:min [1, 6, 9] 6 4 
C#:min [1, 4, 8] 1 4 
F#:min [1, 6, 9] 6 4 
E:maj [4, 8, 11] 4 2 
A:maj [1, 4, 9] 9 2 
F#:min [1, 6, 9] 6 2 
A:maj [1, 4, 9] 9 2 
C#:min [1, 4, 8] 1 4 
F#:min [1, 6, 9] 6 4 
E:maj [4, 8, 11] 4 2 
A:maj [1, 4, 9] 9 2 
F#:min [1, 6, 9] 6 4 
C#:min [1, 4, 8] 1 6 
E:maj [4, 8, 11] 4 2 
F#:min [1, 6, 9] 6 4 
A:maj [1, 4, 9] 9 4 
D:maj [2, 6, 9] 2 4 
C#:min [1, 4, 8] 1 5 
F#:min [1, 6, 9] 6 2 
