0 164
67 2
65 1
67 2
0 1
67 3
0 1
65 1
0 1
67 4
69 1
0 1
69 6
0 8
72 1
0 1
70 1
70 2
0 1
69 1
0 1
67 2
65 2
69 4
70 1
69 3
67 4
0 8
67 1
0 1
65 1
67 2
0 1
67 3
0 1
65 1
0 1
67 3
0 1
69 1
0 1
69 6
0 8
72 1
0 1
70 1
70 2
0 1
69 2
67 1
65 2
0 1
69 3
0 1
70 1
69 2
0 1
67 4
0 6
77 1
77 1
77 2
76 1
76 3
74 2
72 1
69 3
74 1
0 1
72 3
74 1
72 1
0 1
70 5
0 5
77 1
0 1
77 1
0 1
77 1
76 2
0 1
74 1
0 1
72 1
69 2
0 1
74 9
0 5
77 1
79 1
81 7
0 1
81 2
82 2
81 1
79 1
77 1
0 1
79 6
0 12
79 1
0 1
79 1
0 1
77 1
74 4
72 1
74 1
77 2
0 1
77 2
74 1
79 2
0 1
74 2
72 3
0 1
77 1
79 3
81 7
0 1
81 2
82 2
81 1
79 1
77 1
0 1
79 6
0 12
79 1
0 1
79 1
0 1
77 1
74 4
72 1
74 1
77 2
0 1
79 1
0 1
81 1
0 1
79 2
77 10
0 52
67 2
65 1
67 2
0 1
67 3
0 1
65 1
0 1
67 4
69 1
0 1
69 6
0 8
72 1
0 1
70 1
70 2
0 1
69 1
0 1
67 2
65 2
69 4
70 1
69 3
67 4
0 8
67 1
0 1
65 1
67 2
0 1
67 3
0 1
65 1
0 1
67 3
0 1
69 1
0 1
69 6
0 8
72 1
0 1
70 1
70 2
0 1
69 2
67 1
65 2
0 1
69 3
0 1
70 1
69 2
0 1
67 4
0 6
77 1
77 1
77 2
76 1
76 3
74 2
72 1
69 3
74 1
0 1
72 3
74 1
72 1
0 1
70 5
0 5
77 1
0 1
77 1
0 1
77 1
76 2
0 1
74 1
0 1
72 1
69 2
0 1
74 9
0 5
77 1
79 1
81 7
0 1
81 2
82 2
81 1
79 1
77 1
0 1
79 6
0 12
79 1
0 1
79 1
0 1
77 1
74 4
72 1
74 1
77 2
0 1
77 2
74 1
79 2
0 1
74 2
72 3
0 1
77 1
79 3
81 7
0 1
81 2
82 2
81 1
79 1
77 1
0 1
79 6
0 12
79 1
0 1
79 1
0 1
77 1
74 4
72 1
74 1
77 2
0 1
79 1
0 1
81 1
0 1
79 2
77 10
0 110
77 1
79 1
81 7
0 1
81 2
82 2
81 1
79 1
77 1
0 1
79 6
0 12
79 1
0 1
79 1
0 1
77 1
74 4
72 1
74 1
77 2
0 1
77 2
74 1
79 2
0 1
74 2
72 3
0 1
77 1
79 3
81 7
0 1
81 2
82 2
81 1
79 1
77 1
0 1
79 6
0 12
79 1
0 1
79 1
0 1
77 1
74 4
72 1
74 1
77 2
0 1
79 1
0 1
81 1
0 1
79 2
77 6
77 1
79 2
0 1
81 7
0 1
81 2
82 2
81 1
79 1
77 1
0 1
79 6
0 12
79 1
0 1
79 1
0 1
77 1
74 4
72 1
74 1
77 2
0 1
77 2
74 1
79 2
0 1
74 2
72 3
0 1
77 1
79 3
81 7
0 1
81 2
82 2
81 1
79 1
77 1
0 1
79 6
0 12
79 1
0 1
79 1
0 1
77 1
74 4
72 1
74 1
77 2
0 1
79 1
0 1
81 1
0 1
79 2
77 10
