C:min [0, 3, 7] 0 8 
F:min [0, 5, 8] 5 4 
Ab:maj [0, 3, 8] 8 4 
Bb:maj [2, 5, 10] 10 4 
G:min [2, 7, 10] 7 3 
C:min [0, 3, 7] 0 9 
Eb:maj [3, 7, 10] 3 4 
Ab:maj [0, 3, 8] 8 4 
G:min [2, 7, 10] 7 4 
C:min [0, 3, 7] 0 4 
Eb:maj [3, 7, 10] 3 4 
F:sus2 [0, 5, 7] 5 3 
C:maj/5 [0, 4, 7] 7 1 
G:min [2, 7, 10] 7 2 
Bb:maj [2, 5, 10] 10 2 
C:min7/5 [0, 3, 7, 10] 7 3 
C:min [0, 3, 7] 0 5 
Eb:maj [3, 7, 10] 3 4 
F:min7 [0, 3, 5, 8] 5 4 
G:min [2, 7, 10] 7 2 
C:min [0, 3, 7] 0 6 
Eb:maj [3, 7, 10] 3 4 
F:min [0, 5, 8] 5 4 
G:min [2, 7, 10] 7 2 
C:sus2 [0, 2, 7] 0 6 
F:min [0, 5, 8] 5 4 
Bb:maj [2, 5, 10] 10 4 
C:min [0, 3, 7] 0 6 
Bb:maj [2, 5, 10] 10 2 
Ab:maj [0, 3, 8] 8 2 
C:min [0, 3, 7] 0 2 
Eb:maj [3, 7, 10] 3 4 
F:min [0, 5, 8] 5 2 
Bb:maj [2, 5, 10] 10 2 
C:min [0, 3, 7] 0 2 
Bb:maj [2, 5, 10] 10 2 
G:min [2, 7, 10] 7 6 
Bb:maj [2, 5, 10] 10 4 
C:min [0, 3, 7] 0 14 
F:min [0, 5, 8] 5 4 
Ab:maj [0, 3, 8] 8 4 
Bb:maj [2, 5, 10] 10 4 
G:min [2, 7, 10] 7 4 
C:min7/b7 [0, 3, 7, 10] 10 8 
Eb:maj [3, 7, 10] 3 4 
Ab:maj [0, 3, 8] 8 4 
G:min [2, 7, 10] 7 4 
C:min [0, 3, 7] 0 4 
Eb:maj [3, 7, 10] 3 4 
F:sus2 [0, 5, 7] 5 3 
C:maj/5 [0, 4, 7] 7 1 
G:min [2, 7, 10] 7 2 
C:sus2 [0, 2, 7] 0 2 
C:min7/5 [0, 3, 7, 10] 7 3 
C:min [0, 3, 7] 0 5 
Eb:maj [3, 7, 10] 3 4 
F:min7 [0, 3, 5, 8] 5 4 
G:min [2, 7, 10] 7 2 
C:min [0, 3, 7] 0 6 
Eb:maj [3, 7, 10] 3 4 
F:min [0, 5, 8] 5 4 
G:min [2, 7, 10] 7 2 
C:sus2 [0, 2, 7] 0 6 
F:min [0, 5, 8] 5 4 
Bb:maj [2, 5, 10] 10 4 
C:min [0, 3, 7] 0 6 
Bb:maj [2, 5, 10] 10 2 
Ab:maj [0, 3, 8] 8 2 
C:min [0, 3, 7] 0 2 
Eb:maj [3, 7, 10] 3 4 
F:min [0, 5, 8] 5 2 
Bb:maj [2, 5, 10] 10 2 
C:min [0, 3, 7] 0 2 
Bb:maj [2, 5, 10] 10 2 
G:min [2, 7, 10] 7 10 
C:min [0, 3, 7] 0 4 
Bb:maj [2, 5, 10] 10 2 
Ab:maj [0, 3, 8] 8 2 
C:min [0, 3, 7] 0 2 
Eb:maj [3, 7, 10] 3 4 
F:min [0, 5, 8] 5 2 
Bb:maj [2, 5, 10] 10 2 
C:min [0, 3, 7] 0 2 
Bb:maj [2, 5, 10] 10 2 
G:min [2, 7, 10] 7 6 
Bb:maj [2, 5, 10] 10 4 
C:min [0, 3, 7] 0 4 
Bb:maj [2, 5, 10] 10 2 
G:min [2, 7, 10] 7 6 
Bb:maj [2, 5, 10] 10 4 
C:min [0, 3, 7] 0 6 
F:min [0, 5, 8] 5 4 
Bb:maj [2, 5, 10] 10 4 
C:min [0, 3, 7] 0 6 
