G:sus2 [2, 7, 9] 7 4 
E:min [4, 7, 11] 4 4 
C:maj [0, 4, 7] 0 4 
D:maj [2, 6, 9] 2 4 
G:maj [2, 7, 11] 7 4 
E:min [4, 7, 11] 4 4 
A:min7 [0, 4, 7, 9] 9 4 
D:sus4 [2, 7, 9] 2 4 
G:maj [2, 7, 11] 7 4 
E:min [4, 7, 11] 4 4 
A:min [0, 4, 9] 9 4 
D:maj [2, 6, 9] 2 4 
B:min [2, 6, 11] 11 4 
E:sus2 [4, 6, 11] 4 4 
A:sus2 [4, 9, 11] 9 4 
D:maj [2, 6, 9] 2 4 
G:maj [2, 7, 11] 7 4 
E:min [4, 7, 11] 4 4 
A:min [0, 4, 9] 9 4 
D:maj [2, 6, 9] 2 4 
G:maj [2, 7, 11] 7 4 
E:min [4, 7, 11] 4 4 
A:min [0, 4, 9] 9 2 
D:maj [2, 6, 9] 2 2 
D:sus4 [2, 7, 9] 2 4 
E:min [4, 7, 11] 4 4 
B:min [2, 6, 11] 11 4 
A:min [0, 4, 9] 9 2 
B:min [2, 6, 11] 11 2 
C:maj [0, 4, 7] 0 2 
D:maj [2, 6, 9] 2 2 
E:min [4, 7, 11] 4 4 
B:min [2, 6, 11] 11 4 
A:min [0, 4, 9] 9 1 
B:min [2, 6, 11] 11 1 
B:min7 [2, 6, 9, 11] 11 1 
D:maj [2, 6, 9] 2 1 
E:maj [4, 8, 11] 4 4 
G:maj [2, 7, 11] 7 4 
E:min [4, 7, 11] 4 4 
A:min [0, 4, 9] 9 4 
D:maj [2, 6, 9] 2 4 
B:min [2, 6, 11] 11 4 
C:maj/3 [0, 4, 7] 4 3 
E:maj [4, 8, 11] 4 1 
A:min [0, 4, 9] 9 4 
D:maj [2, 6, 9] 2 4 
G:maj/5 [2, 7, 11] 2 4 
E:min [4, 7, 11] 4 4 
A:min [0, 4, 9] 9 4 
D:maj [2, 6, 9] 2 4 
G:maj [2, 7, 11] 7 4 
E:min7 [2, 4, 7, 11] 4 4 
A:min [0, 4, 9] 9 2 
D:maj [2, 6, 9] 2 2 
B:min7 [2, 6, 9, 11] 11 1 
A:maj [1, 4, 9] 9 1 
B:sus4 [4, 6, 11] 11 1 
E:min [4, 7, 11] 4 1 
A:sus4 [2, 4, 9] 9 4 
C:min [0, 3, 7] 0 1 
F:maj [0, 5, 9] 5 1 
D:maj [2, 6, 9] 2 2 
G:maj [2, 7, 11] 7 4 
E:min [4, 7, 11] 4 4 
A:min [0, 4, 9] 9 4 
D:maj [2, 6, 9] 2 4 
G:maj [2, 7, 11] 7 4 
E:min [4, 7, 11] 4 4 
A:min [0, 4, 9] 9 2 
D:maj [2, 6, 9] 2 2 
G:maj [2, 7, 11] 7 6 
G:maj(9) [2, 5, 7, 9, 11] 7 2 
G:maj [2, 7, 11] 7 4 
E:min [4, 7, 11] 4 4 
C:maj [0, 4, 7] 0 4 
D:sus4(b7) [2, 7, 9] 2 1 
D:maj [2, 6, 9] 2 4 
G:sus2 [2, 7, 9] 7 4 
G:maj(9) [2, 5, 7, 9, 11] 7 8 
D:maj [2, 6, 9] 2 4 
G:maj [2, 7, 11] 7 5 
