0 66
71 1
71 1
0 1
71 1
69 2
67 1
62 9
67 2
66 2
66 1
67 1
66 2
64 9
72 1
0 1
72 1
72 1
71 1
72 2
71 1
69 5
0 1
67 1
67 2
66 1
66 2
67 1
69 10
71 1
71 1
71 1
69 2
67 2
62 9
66 1
64 1
66 2
67 1
69 2
0 1
71 8
72 1
72 1
72 1
71 1
72 2
71 2
69 6
67 1
67 2
66 1
66 2
67 1
69 6
0 1
69 1
67 1
66 1
66 1
66 1
0 1
66 1
66 1
66 1
0 1
67 2
74 5
66 1
69 1
67 2
67 1
67 2
66 1
69 2
67 7
71 1
72 1
71 1
72 1
71 2
72 1
71 2
69 5
67 1
69 1
71 1
69 1
69 1
67 1
67 2
76 1
76 2
74 3
74 2
76 2
79 1
76 1
76 1
74 1
74 2
76 1
74 4
74 1
76 3
69 2
71 2
71 9
67 2
69 2
71 1
69 1
69 1
67 1
67 2
64 1
67 7
64 1
69 15
74 1
76 1
79 1
76 1
76 1
74 1
74 2
76 1
74 3
76 4
74 2
79 1
74 1
76 10
67 2
69 2
71 1
69 1
69 1
67 1
67 1
64 2
62 7
64 1
67 12
0 135
71 1
71 1
71 1
69 2
67 2
62 9
66 1
64 1
66 2
67 1
69 2
0 1
71 8
72 1
72 1
72 1
71 1
72 2
71 2
69 6
67 1
67 2
66 1
66 2
67 1
69 6
0 1
69 1
67 1
66 1
66 1
66 1
0 1
66 1
66 1
66 1
0 1
67 2
74 5
66 1
69 1
67 2
67 1
67 2
66 1
69 2
67 7
71 1
72 1
71 1
72 1
71 2
72 1
71 2
69 5
67 1
69 1
71 1
69 1
69 1
67 1
67 2
76 1
76 2
74 3
74 2
76 2
79 1
76 1
76 1
74 1
74 2
76 1
74 4
74 1
76 3
69 2
71 2
71 9
67 2
69 2
71 1
69 1
69 1
67 1
67 2
64 1
67 7
64 1
69 15
74 1
76 1
79 1
76 1
76 1
74 1
74 2
76 1
74 3
76 4
74 2
79 1
74 1
76 10
67 2
69 2
71 1
69 1
69 1
67 1
67 1
64 2
62 7
64 1
67 4
0 41
74 2
76 2
79 1
76 1
76 1
74 1
74 2
76 1
74 4
74 1
76 3
69 2
71 2
71 9
67 2
69 2
71 1
69 1
69 1
67 1
67 2
64 1
67 7
64 1
69 15
74 1
76 1
79 1
76 1
76 1
74 1
74 2
76 1
74 3
76 4
74 2
79 1
74 1
76 10
67 2
69 2
71 1
69 1
69 1
67 1
67 1
64 2
62 7
64 1
67 5
0 30
69 1
71 1
0 1
74 2
74 1
71 1
69 1
71 1
0 1
74 5
69 1
71 1
69 1
71 1
69 2
64 1
69 2
67 8
74 1
76 1
79 1
76 3
74 1
76 2
79 4
79 2
76 1
79 1
76 2
71 2
76 1
74 26
71 2
69 2
67 10
76 2
71 2
76 1
74 16
