D:maj/3 [2, 6, 9] 6 16 
F#:maj [1, 6, 10] 6 20 
Bb:maj [2, 5, 10] 10 4 
Eb:maj [3, 7, 10] 3 4 
B:min [2, 6, 11] 11 4 
F#:maj [1, 6, 10] 6 4 
Bb:maj [2, 5, 10] 10 4 
Eb:min [3, 6, 10] 3 4 
B:min [2, 6, 11] 11 4 
Ab:min [3, 8, 11] 8 8 
B:maj [3, 6, 11] 11 8 
Ab:min [3, 8, 11] 8 8 
B:min [2, 6, 11] 11 8 
F#:maj [1, 6, 10] 6 4 
Bb:maj [2, 5, 10] 10 4 
Eb:min [3, 6, 10] 3 4 
B:min [2, 6, 11] 11 4 
F#:maj [1, 6, 10] 6 4 
Bb:maj [2, 5, 10] 10 4 
Eb:min [3, 6, 10] 3 4 
B:min [2, 6, 11] 11 8 
F#:maj [1, 6, 10] 6 4 
Bb:maj [2, 5, 10] 10 4 
Eb:min [3, 6, 10] 3 4 
B:min [2, 6, 11] 11 4 
F#:maj [1, 6, 10] 6 4 
Bb:maj [2, 5, 10] 10 4 
Eb:min [3, 6, 10] 3 4 
B:min [2, 6, 11] 11 4 
Ab:min [3, 8, 11] 8 7 
Ab:7 [0, 3, 6, 8] 8 1 
B:maj6 [3, 6, 8, 11] 11 7 
B:maj7 [3, 6, 9, 11] 11 1 
Ab:min [3, 8, 11] 8 8 
B:maj6 [3, 6, 8, 11] 11 7 
B:min [2, 6, 11] 11 1 
F#:sus4 [1, 6, 11] 6 4 
Bb:maj [2, 5, 10] 10 4 
Eb:min [3, 6, 10] 3 4 
B:maj [3, 6, 11] 11 3 
F#:sus4 [1, 6, 11] 6 5 
Bb:7 [2, 5, 8, 10] 10 1 
Bb:maj [2, 5, 10] 10 3 
Eb:min [3, 6, 10] 3 4 
B:maj [3, 6, 11] 11 3 
F#:sus4 [1, 6, 11] 6 5 
Bb:7 [2, 5, 8, 10] 10 1 
Bb:maj [2, 5, 10] 10 3 
Eb:min [3, 6, 10] 3 4 
B:maj [3, 6, 11] 11 3 
F#:sus4 [1, 6, 11] 6 5 
Bb:7 [2, 5, 8, 10] 10 1 
Bb:maj [2, 5, 10] 10 3 
Eb:min [3, 6, 10] 3 4 
B:maj [3, 6, 11] 11 4 
Eb:min [3, 6, 10] 3 4 
D:aug [2, 6, 10] 2 3 
F#:maj/5 [1, 6, 10] 1 5 
C:dim [0, 3, 6] 0 2 
B:min [2, 6, 11] 11 2 
F#:maj [1, 6, 10] 6 4 
Bb:maj [2, 5, 10] 10 4 
F#:maj [1, 6, 10] 6 3 
B:maj [3, 6, 11] 11 5 
F#:maj [1, 6, 10] 6 4 
F#:aug [2, 6, 10] 6 1 
Bb:maj [2, 5, 10] 10 3 
Eb:min [3, 6, 10] 3 4 
B:maj [3, 6, 11] 11 3 
F#:sus4 [1, 6, 11] 6 5 
Bb:7 [2, 5, 8, 10] 10 1 
Bb:maj [2, 5, 10] 10 3 
Eb:min [3, 6, 10] 3 4 
B:maj [3, 6, 11] 11 3 
F#:sus4 [1, 6, 11] 6 5 
Bb:7 [2, 5, 8, 10] 10 1 
Bb:maj [2, 5, 10] 10 3 
Eb:min [3, 6, 10] 3 3 
B:maj [3, 6, 11] 11 9 
B:min [2, 6, 11] 11 10 
Eb:min/b3 [3, 6, 10] 6 2 
B:min [2, 6, 11] 11 2 
