0 124
71 1
0 1
69 1
66 4
0 1
71 2
69 1
66 5
0 2
66 1
69 1
71 1
71 1
71 1
71 1
71 1
73 2
71 1
69 1
0 1
66 2
0 2
66 1
69 1
71 1
71 1
71 1
71 1
78 2
71 1
71 3
69 3
0 3
71 2
71 2
78 1
71 3
69 4
71 1
0 1
69 1
66 4
0 1
71 2
69 1
66 5
0 2
66 1
69 1
71 1
71 1
71 1
71 1
71 1
73 2
71 1
69 1
0 1
66 2
0 2
66 1
69 1
71 1
71 1
71 1
71 1
78 2
71 1
71 3
69 3
0 3
71 2
71 2
78 1
71 3
69 4
0 8
74 2
76 2
78 1
78 1
78 1
78 1
71 2
78 1
78 3
76 4
0 2
76 1
76 1
76 1
76 1
76 1
78 2
76 1
74 2
71 3
0 3
74 1
74 1
74 1
74 1
69 1
74 1
0 1
76 3
76 1
0 1
73 1
71 1
69 2
71 10
0 2
74 2
76 2
78 1
78 1
78 1
78 1
71 2
78 1
78 3
76 4
0 2
76 1
76 1
76 1
76 1
76 1
78 2
76 1
74 2
71 3
0 3
74 1
74 1
74 1
74 1
69 1
74 1
0 1
76 3
76 1
0 1
73 1
71 1
69 2
71 10
0 18
71 1
0 1
69 1
66 4
0 1
71 2
69 1
66 5
0 2
66 1
69 1
71 1
71 1
71 1
71 1
71 1
73 2
71 1
69 1
0 1
66 2
0 2
66 1
69 1
71 1
71 1
71 1
71 1
78 2
71 1
71 3
69 3
0 3
71 2
71 2
78 1
71 3
69 4
71 1
0 1
69 1
66 4
0 1
71 2
69 1
66 5
0 2
66 1
69 1
71 1
71 1
71 1
71 1
71 1
73 2
71 1
69 1
0 1
66 2
0 2
66 1
69 1
71 1
71 1
71 1
71 1
78 2
71 1
71 3
69 3
0 3
71 2
71 2
78 1
71 3
69 4
74 2
76 2
78 1
78 1
78 1
78 1
71 2
78 1
78 3
76 4
0 2
76 1
76 1
76 1
76 1
76 1
78 2
76 1
74 2
71 3
0 3
74 1
74 1
74 1
74 1
69 1
74 1
0 1
76 3
76 1
0 1
73 1
71 1
69 2
71 10
0 2
74 2
76 2
78 1
78 1
78 1
78 1
71 2
78 1
78 3
76 4
0 2
76 1
76 1
76 1
76 1
76 1
78 2
76 1
74 2
71 3
0 3
74 1
74 1
74 1
74 1
69 1
74 1
0 1
76 3
76 1
0 1
73 1
71 1
69 2
71 10
0 130
74 2
76 2
78 1
78 1
78 1
78 1
71 2
78 1
78 3
76 4
0 2
76 1
76 1
76 1
76 1
76 1
78 2
76 1
74 2
71 3
0 3
74 1
74 1
74 1
74 1
69 1
74 1
0 1
76 3
76 1
0 1
73 1
71 1
69 2
71 10
0 2
74 2
76 2
78 1
78 1
78 1
78 1
71 2
78 1
78 3
76 4
0 2
76 1
76 1
76 1
76 1
76 1
78 2
76 1
74 2
71 3
0 3
74 1
74 1
74 1
74 1
69 1
74 1
0 1
76 3
76 1
0 1
73 1
71 1
69 2
71 10
0 6
74 1
74 1
74 1
74 1
69 1
74 2
0 1
76 2
76 2
73 1
71 1
69 2
71 14
