C:maj [0, 4, 7] 0 4 
A:min [0, 4, 9] 9 2 
D:min [2, 5, 9] 2 2 
C:maj [0, 4, 7] 0 4 
A:min [0, 4, 9] 9 2 
D:min [2, 5, 9] 2 2 
E:min [4, 7, 11] 4 3 
A:min [0, 4, 9] 9 2 
G:maj [2, 7, 11] 7 1 
C:sus2 [0, 2, 7] 0 6 
A:min [0, 4, 9] 9 2 
D:min [2, 5, 9] 2 2 
E:min [4, 7, 11] 4 3 
A:min [0, 4, 9] 9 1 
D:min [2, 5, 9] 2 2 
G:maj [2, 7, 11] 7 2 
E:min [4, 7, 11] 4 2 
F:maj [0, 5, 9] 5 2 
E:maj [4, 8, 11] 4 2 
A:min [0, 4, 9] 9 2 
A:min7/5 [0, 4, 7, 9] 4 2 
D:min [2, 5, 9] 2 2 
G:maj [2, 7, 11] 7 2 
C:maj [0, 4, 7] 0 6 
A:min [0, 4, 9] 9 2 
D:min [2, 5, 9] 2 2 
C:maj [0, 4, 7] 0 4 
A:min [0, 4, 9] 9 2 
D:min [2, 5, 9] 2 2 
E:min [4, 7, 11] 4 3 
A:min [0, 4, 9] 9 1 
F:maj [0, 5, 9] 5 4 
G:maj [2, 7, 11] 7 2 
C:maj [0, 4, 7] 0 6 
A:min [0, 4, 9] 9 2 
D:min [2, 5, 9] 2 2 
C:maj [0, 4, 7] 0 4 
A:min [0, 4, 9] 9 2 
D:min [2, 5, 9] 2 2 
E:min [4, 7, 11] 4 3 
A:min [0, 4, 9] 9 2 
G:maj [2, 7, 11] 7 1 
C:sus2 [0, 2, 7] 0 6 
A:min [0, 4, 9] 9 2 
D:min [2, 5, 9] 2 4 
E:min [4, 7, 11] 4 1 
A:min [0, 4, 9] 9 1 
D:min [2, 5, 9] 2 2 
G:maj [2, 7, 11] 7 2 
E:min [4, 7, 11] 4 2 
F:maj [0, 5, 9] 5 2 
E:maj [4, 8, 11] 4 2 
A:min/5 [0, 4, 9] 4 4 
D:min [2, 5, 9] 2 2 
G:maj [2, 7, 11] 7 2 
C:maj [0, 4, 7] 0 6 
A:min [0, 4, 9] 9 2 
D:min [2, 5, 9] 2 2 
C:maj [0, 4, 7] 0 4 
A:min [0, 4, 9] 9 2 
D:min [2, 5, 9] 2 2 
E:min [4, 7, 11] 4 3 
A:min [0, 4, 9] 9 1 
F:maj [0, 5, 9] 5 4 
G:maj [2, 7, 11] 7 2 
C:maj [0, 4, 7] 0 6 
A:min [0, 4, 9] 9 2 
D:min [2, 5, 9] 2 2 
C:maj [0, 4, 7] 0 4 
A:min [0, 4, 9] 9 2 
D:min [2, 5, 9] 2 2 
E:min [4, 7, 11] 4 3 
A:min [0, 4, 9] 9 1 
F:maj [0, 5, 9] 5 4 
A:min [0, 4, 9] 9 1 
D:maj [2, 6, 9] 2 3 
G:maj [2, 7, 11] 7 4 
