A:min7 [0, 4, 7, 9] 9 2
E:min7 [2, 4, 7, 11] 4 2
A:min7 [0, 4, 7, 9] 9 2
E:min7 [2, 4, 7, 11] 4 2
A:min7 [0, 4, 7, 9] 9 2
E:min7 [2, 4, 7, 11] 4 2
D:min7 [0, 2, 5, 9] 2 2
E:min7 [2, 4, 7, 11] 4 2
A:sus4 [2, 4, 9] 9 2
A:min9 [0, 4, 7, 9, 11] 9 1
E:min7 [2, 4, 7, 11] 4 1
A:min [0, 4, 9] 9 1
A:min7 [0, 4, 7, 9] 9 3
D:min7 [0, 2, 5, 9] 2 2
E:min7 [2, 4, 7, 11] 4 2
A:min7 [0, 4, 7, 9] 9 6
E:min7 [2, 4, 7, 11] 4 2
D:min7 [0, 2, 5, 9] 2 2
A:min7 [0, 4, 7, 9] 9 2
D:min7 [0, 2, 5, 9] 2 3
E:min7 [2, 4, 7, 11] 4 1
A:sus4 [2, 4, 9] 9 6
E:min [4, 7, 11] 4 2
A:min [0, 4, 9] 9 1
A:min7/b7 [0, 4, 7, 9] 7 3
D:min7 [0, 2, 5, 9] 2 2
E:min7 [2, 4, 7, 11] 4 1
A:min7 [0, 4, 7, 9] 9 5
F:maj [0, 5, 9] 5 2
E:min7 [2, 4, 7, 11] 4 2
D:min7 [0, 2, 5, 9] 2 2
C:sus2 [0, 2, 7] 0 2
D:min7 [0, 2, 5, 9] 2 2
E:min7 [2, 4, 7, 11] 4 2
A:min [0, 4, 9] 9 11
F#:hdim7 [0, 3, 6, 9] 6 1
F#:dim [0, 6, 9] 6 2
F:maj [0, 5, 9] 5 1
D:min7 [0, 2, 5, 9] 2 3
A:min [0, 4, 9] 9 2
B:min7 [2, 6, 9, 11] 11 2
E:maj [4, 8, 11] 4 2
A:min [0, 4, 9] 9 2
G:maj [2, 7, 11] 7 2
F#:dim [0, 6, 9] 6 2
F:maj [0, 5, 9] 5 2
D:min7 [0, 2, 5, 9] 2 2
A:min [0, 4, 9] 9 4
A:min7 [0, 4, 7, 9] 9 6
A:min7 [0, 4, 7, 9] 9 2
E:min7 [2, 4, 7, 11] 4 2
A:min [0, 4, 9] 9 2
E:min7 [2, 4, 7, 11] 4 2
D:min7 [0, 2, 5, 9] 2 2
E:min7 [2, 4, 7, 11] 4 2
A:min [0, 4, 9] 9 4
F:maj [0, 5, 9] 5 2
E:min7 [2, 4, 7, 11] 4 2
D:min7 [0, 2, 5, 9] 2 2
A:min7 [0, 4, 7, 9] 9 2
D:min7 [0, 2, 5, 9] 2 2
E:min7 [2, 4, 7, 11] 4 2
A:sus4 [2, 4, 9] 9 6
A:maj [1, 4, 9] 9 3
G:maj [2, 7, 11] 7 3
F#:dim [0, 6, 9] 6 1
F:maj7/7 [0, 3, 5, 9] 4 3
D:min7 [0, 2, 5, 9] 2 2
A:min7 [0, 4, 7, 9] 9 2
D:maj [2, 6, 9] 2 2
E:sus4 [4, 9, 11] 4 2
A:min7/b7 [0, 4, 7, 9] 7 1
G:maj [2, 7, 11] 7 3
F#:hdim7 [0, 3, 6, 9] 6 1
E:sus4(b7) [4, 9, 11] 4 2
C:maj/3 [0, 4, 7] 4 1
D:min7 [0, 2, 5, 9] 2 2
A:min [0, 4, 9] 9 2
D:maj [2, 6, 9] 2 1
E:min7 [2, 4, 7, 11] 4 1
F#:hdim7 [0, 3, 6, 9] 6 4
F:maj [0, 5, 9] 5 4
A:min [0, 4, 9] 9 7
A:min7 [0, 4, 7, 9] 9 1
F#:hdim7 [0, 3, 6, 9] 6 4
F:maj [0, 5, 9] 5 4
A:min [0, 4, 9] 9 8
F#:dim [0, 6, 9] 6 4
F:maj [0, 5, 9] 5 4
A:min7 [0, 4, 7, 9] 9 4
E:maj [4, 8, 11] 4 4
F:maj [0, 5, 9] 5 4
Bb:min [1, 5, 10] 10 2
F:min7 [0, 3, 5, 8] 5 2
G:hdim7 [1, 4, 7, 10] 7 1
Bb:min7/5 [1, 5, 8, 10] 5 3
Eb:min7 [1, 3, 6, 10] 3 2
Bb:min [1, 5, 10] 10 2
Eb:min7 [1, 3, 6, 10] 3 1
F:min7 [0, 3, 5, 8] 5 3
Bb:min7 [1, 5, 8, 10] 10 2
F:min7 [0, 3, 5, 8] 5 2
Bb:min7 [1, 5, 8, 10] 10 2
F:min7 [0, 3, 5, 8] 5 2
Bb:min7 [1, 5, 8, 10] 10 2
F:min7 [0, 3, 5, 8] 5 2
Eb:min7 [1, 3, 6, 10] 3 2
F:min7 [0, 3, 5, 8] 5 2
