0 147
73 1
78 2
80 2
77 3
0 3
75 1
77 1
78 3
77 3
70 2
73 1
75 4
78 2
75 1
73 5
0 1
73 1
73 1
77 3
73 2
0 1
73 1
0 1
71 2
70 4
0 8
70 1
73 1
75 3
78 1
80 2
78 2
75 2
82 2
80 2
78 2
0 2
73 2
82 2
80 2
78 5
0 2
75 9
77 3
73 3
77 2
78 7
0 12
73 1
78 2
80 2
77 3
0 3
75 1
77 1
78 3
77 3
70 2
73 1
75 4
78 2
75 1
73 5
0 1
73 1
73 1
77 2
73 2
73 1
0 1
71 2
70 4
0 10
70 1
73 1
75 4
78 8
80 2
78 1
80 1
82 6
80 2
78 4
0 2
73 1
75 1
78 2
0 1
75 5
0 3
73 2
75 1
78 1
75 1
80 12
70 2
71 2
73 6
0 1
82 1
80 2
78 2
70 1
73 3
75 6
0 1
82 1
80 3
78 4
0 3
73 1
80 1
80 2
73 2
80 3
82 3
85 2
82 6
0 6
82 2
80 2
75 2
82 2
80 2
78 2
80 3
75 3
0 4
73 2
82 2
80 1
80 2
78 5
73 1
75 1
78 2
0 1
78 1
78 1
0 1
80 1
82 3
80 1
0 1
80 1
0 1
78 1
0 1
85 3
80 6
0 3
70 2
71 2
73 4
0 3
82 1
80 2
78 1
70 2
73 3
75 3
0 4
82 1
80 3
78 4
0 3
73 1
80 1
80 1
0 1
82 1
0 1
85 2
0 1
82 2
0 1
80 1
0 1
82 9
0 3
82 2
80 2
75 2
82 2
80 2
78 2
80 3
75 4
0 3
82 1
0 1
82 3
77 2
78 3
0 2
73 1
75 1
78 3
75 5
78 2
0 1
75 3
73 2
82 2
80 5
0 1
80 3
75 3
80 2
78 13
0 127
70 2
71 2
73 6
0 1
82 1
80 2
78 2
70 1
73 3
75 6
0 1
82 1
80 3
78 4
0 3
73 1
80 1
80 2
73 2
80 3
82 3
85 2
82 6
0 6
82 2
80 2
75 2
82 2
80 2
78 2
80 3
75 3
0 4
73 2
82 2
80 2
78 6
73 1
75 1
78 2
0 1
78 1
78 1
0 1
80 1
82 3
80 1
0 1
80 1
0 1
78 1
85 3
80 7
0 3
70 2
71 2
73 4
0 3
82 1
80 2
78 1
70 2
73 3
75 3
0 4
82 1
80 3
78 4
0 3
73 1
80 1
80 1
0 1
82 1
0 1
85 2
0 1
82 2
0 1
80 1
0 1
82 9
0 3
82 2
80 2
75 2
82 2
80 2
78 2
80 3
75 4
0 3
82 1
0 1
82 3
77 2
78 3
0 2
73 1
75 1
78 3
75 5
78 2
0 1
75 3
73 2
82 2
80 5
0 1
80 3
75 3
80 2
78 21
