Ab:min [3, 8, 11] 8 2 
F#:maj [1, 6, 10] 6 2 
C#:min [1, 4, 8] 1 4 
Ab:min [3, 8, 11] 8 2 
F#:maj [1, 6, 10] 6 2 
C#:min [1, 4, 8] 1 4 
B:maj [3, 6, 11] 11 2 
Ab:min [3, 8, 11] 8 2 
Eb:min [3, 6, 10] 3 4 
E:maj [4, 8, 11] 4 2 
C#:min [1, 4, 8] 1 2 
F#:sus4 [1, 6, 11] 6 4 
B:maj [3, 6, 11] 11 2 
B:maj(9) [1, 3, 6, 9, 11] 11 1 
Ab:min [3, 8, 11] 8 1 
Eb:min [3, 6, 10] 3 4 
E:maj [4, 8, 11] 4 2 
Eb:min [3, 6, 10] 3 2 
C#:min [1, 4, 8] 1 2 
F#:maj [1, 6, 10] 6 4 
B:maj [3, 6, 11] 11 2 
F#:maj [1, 6, 10] 6 2 
Ab:min [3, 8, 11] 8 2 
Eb:min [3, 6, 10] 3 2 
E:maj [4, 8, 11] 4 2 
Eb:min [3, 6, 10] 3 2 
C#:min [1, 4, 8] 1 2 
F#:maj [1, 6, 10] 6 2 
B:maj [3, 6, 11] 11 2 
F#:maj [1, 6, 10] 6 2 
Ab:min [3, 8, 11] 8 2 
F#:min [1, 6, 9] 6 2 
E:maj [4, 8, 11] 4 2 
Eb:min [3, 6, 10] 3 2 
C#:min [1, 4, 8] 1 2 
F#:maj [1, 6, 10] 6 4 
Ab:min [3, 8, 11] 8 2 
F#:maj [1, 6, 10] 6 2 
C#:min [1, 4, 8] 1 4 
Ab:min [3, 8, 11] 8 2 
F#:maj [1, 6, 10] 6 2 
C#:min [1, 4, 8] 1 4 
B:maj [3, 6, 11] 11 2 
Ab:min [3, 8, 11] 8 2 
Eb:min [3, 6, 10] 3 4 
E:maj [4, 8, 11] 4 2 
C#:min [1, 4, 8] 1 2 
F#:sus4 [1, 6, 11] 6 4 
B:maj [3, 6, 11] 11 2 
Ab:min [3, 8, 11] 8 2 
Eb:min [3, 6, 10] 3 4 
E:maj [4, 8, 11] 4 2 
Eb:min [3, 6, 10] 3 2 
C#:min [1, 4, 8] 1 2 
F#:maj [1, 6, 10] 6 4 
B:maj [3, 6, 11] 11 2 
F#:maj [1, 6, 10] 6 2 
Ab:min [3, 8, 11] 8 2 
Eb:min [3, 6, 10] 3 2 
E:maj [4, 8, 11] 4 2 
Eb:min [3, 6, 10] 3 2 
C#:min [1, 4, 8] 1 2 
F#:maj [1, 6, 10] 6 2 
B:maj [3, 6, 11] 11 2 
F#:maj [1, 6, 10] 6 2 
Ab:min [3, 8, 11] 8 2 
F#:min [1, 6, 9] 6 1 
B:maj [3, 6, 11] 11 1 
E:maj [4, 8, 11] 4 2 
Eb:min [3, 6, 10] 3 2 
C#:min [1, 4, 8] 1 2 
F#:maj [1, 6, 10] 6 2 
F#:7 [1, 4, 6, 10] 6 1 
E:maj [4, 8, 11] 4 3 
Eb:min [3, 6, 10] 3 4 
E:maj [4, 8, 11] 4 4 
Ab:min [3, 8, 11] 8 4 
C#:min [1, 4, 8] 1 4 
Eb:min [3, 6, 10] 3 4 
E:maj [4, 8, 11] 4 4 
F#:maj [1, 6, 10] 6 4 
B:maj [3, 6, 11] 11 2 
F#:maj [1, 6, 10] 6 2 
Ab:min [3, 8, 11] 8 2 
Eb:min [3, 6, 10] 3 2 
E:maj [4, 8, 11] 4 2 
Eb:min [3, 6, 10] 3 2 
C#:min [1, 4, 8] 1 2 
F#:maj [1, 6, 10] 6 2 
B:maj [3, 6, 11] 11 2 
F#:maj [1, 6, 10] 6 2 
Ab:min [3, 8, 11] 8 2 
F#:min [1, 6, 9] 6 1 
B:maj [3, 6, 11] 11 1 
E:maj [4, 8, 11] 4 2 
Eb:min [3, 6, 10] 3 2 
C#:min [1, 4, 8] 1 2 
F#:maj [1, 6, 10] 6 4 
Ab:min [3, 8, 11] 8 2 
F#:maj [1, 6, 10] 6 2 
C#:min [1, 4, 8] 1 4 
Ab:min [3, 8, 11] 8 2 
F#:maj [1, 6, 10] 6 2 
C#:min [1, 4, 8] 1 4 
Ab:min [3, 8, 11] 8 2 
F#:maj [1, 6, 10] 6 2 
