0 66
71 1
71 1
71 3
71 1
73 2
75 1
71 4
71 1
70 2
78 2
78 2
73 1
75 6
75 1
73 1
75 1
73 2
71 1
71 7
76 1
75 1
71 3
68 2
66 17
71 1
71 1
71 3
71 1
73 1
73 1
75 1
71 4
71 1
70 2
78 2
78 2
75 1
80 2
78 4
75 1
75 1
73 1
71 1
71 1
80 1
80 4
71 1
70 2
78 1
78 4
78 1
80 1
83 1
83 1
83 1
83 2
78 1
80 2
78 10
78 1
78 1
76 1
75 1
76 1
78 2
80 1
78 2
75 3
78 2
80 1
78 2
73 4
71 1
83 1
82 1
80 2
78 1
75 2
78 8
71 1
83 1
82 1
80 1
78 2
75 1
78 4
75 1
73 2
71 1
73 2
75 1
80 2
75 3
73 3
78 1
78 1
76 1
75 1
76 1
78 2
80 1
78 2
75 3
78 2
80 1
78 2
73 4
71 1
83 1
85 1
82 1
78 2
75 2
80 1
78 7
71 1
83 1
82 1
80 1
78 2
75 1
78 4
75 2
73 2
71 2
73 8
76 1
75 2
71 4
68 3
71 19
0 51
71 1
71 1
71 3
71 1
73 2
75 1
71 4
71 1
70 2
78 2
78 2
73 1
75 6
75 1
73 1
75 1
73 2
71 1
71 7
76 1
75 1
71 3
68 2
66 17
71 1
71 1
71 3
71 1
73 1
73 1
75 1
71 4
71 1
70 2
78 2
78 2
75 1
80 2
78 4
75 1
75 1
73 1
71 1
71 1
80 1
80 4
71 1
70 2
78 1
78 4
78 1
80 1
83 1
83 1
83 1
83 2
78 1
80 2
78 10
78 1
78 1
76 1
75 1
76 1
78 2
80 1
78 2
75 3
78 2
80 1
78 2
73 4
71 1
83 1
82 1
80 2
78 1
75 2
78 8
71 1
83 1
82 1
80 1
78 2
75 1
78 4
75 1
73 2
71 1
73 2
75 1
80 2
75 3
73 3
78 1
78 1
76 1
75 1
76 1
78 2
80 1
78 2
75 3
78 2
80 1
78 2
73 4
71 1
83 1
85 1
82 1
78 2
75 2
80 1
78 7
71 1
83 1
82 1
80 1
78 2
75 1
78 4
75 2
73 2
71 2
73 8
76 1
75 2
71 3
68 2
71 14
0 16
80 24
83 1
85 2
82 1
80 25
0 29
80 1
78 3
80 1
78 2
80 1
78 1
78 1
78 1
76 1
75 1
76 1
78 2
80 1
78 2
75 3
78 2
80 1
78 2
73 4
71 1
83 1
82 1
80 2
78 1
75 2
78 8
71 1
83 1
82 1
80 1
78 2
75 1
78 4
75 1
73 2
71 1
73 2
75 1
80 2
75 3
73 3
78 1
78 1
76 1
75 1
76 1
78 2
80 1
78 2
75 3
78 2
80 1
78 2
73 4
71 1
83 1
85 1
82 1
78 2
75 2
80 1
78 7
71 1
83 1
82 1
80 1
78 2
75 1
78 4
75 2
73 2
71 2
73 8
76 1
75 2
71 6
68 5
73 1
71 23
