F:maj [0, 5, 9] 5 4 
Bb:maj7 [2, 5, 8, 10] 10 4 
F:maj [0, 5, 9] 5 4 
Bb:maj7 [2, 5, 8, 10] 10 4 
C:maj [0, 4, 7] 0 4 
A:min7 [0, 4, 7, 9] 9 1 
D:min7 [0, 2, 5, 9] 2 3 
G:min7 [2, 5, 7, 10] 7 2 
C:maj [0, 4, 7] 0 2 
Bb:maj/5 [2, 5, 10] 5 3 
Bb:maj/3 [2, 5, 10] 2 1 
F:maj [0, 5, 9] 5 3 
F:sus2 [0, 5, 7] 5 1 
Bb:maj7 [2, 5, 8, 10] 10 3 
Bb:maj/5 [2, 5, 10] 5 1 
F:maj [0, 5, 9] 5 5 
F:maj(9) [0, 3, 5, 7, 9] 5 3 
A:min7 [0, 4, 7, 9] 9 4 
Bb:maj7 [2, 5, 8, 10] 10 2 
C:maj [0, 4, 7] 0 2 
F:maj [0, 5, 9] 5 4 
Bb:maj [2, 5, 10] 10 4 
A:min7 [0, 4, 7, 9] 9 2 
D:min7 [0, 2, 5, 9] 2 2 
Bb:maj [2, 5, 10] 10 3 
Bb:maj9 [0, 2, 5, 8, 10] 10 1 
A:min [0, 4, 9] 9 2 
D:min7 [0, 2, 5, 9] 2 2 
Bb:maj7 [2, 5, 8, 10] 10 8 
G:min7 [2, 5, 7, 10] 7 4 
C:sus4 [0, 5, 7] 0 4 
F:maj/5 [0, 5, 9] 0 8 
F:maj [0, 5, 9] 5 4 
Bb:maj [2, 5, 10] 10 4 
C:maj [0, 4, 7] 0 4 
F:maj [0, 5, 9] 5 4 
D:min [2, 5, 9] 2 4 
C:maj [0, 4, 7] 0 4 
Bb:maj7 [2, 5, 8, 10] 10 4 
C:sus4 [0, 5, 7] 0 4 
F:sus2 [0, 5, 7] 5 4 
Bb:maj7 [2, 5, 8, 10] 10 4 
C:maj [0, 4, 7] 0 2 
Bb:maj [2, 5, 10] 10 2 
A:min7 [0, 4, 7, 9] 9 4 
F:maj/3 [0, 5, 9] 9 4 
A:min [0, 4, 9] 9 4 
Bb:maj [2, 5, 10] 10 4 
C:maj [0, 4, 7] 0 2 
A:min7 [0, 4, 7, 9] 9 30 
F:maj [0, 5, 9] 5 4 
C:maj/3 [0, 4, 7] 4 4 
Bb:maj7 [2, 5, 8, 10] 10 2 
C:maj [0, 4, 7] 0 2 
F:maj [0, 5, 9] 5 4 
Bb:maj [2, 5, 10] 10 4 
A:min7 [0, 4, 7, 9] 9 2 
D:min [2, 5, 9] 2 2 
Bb:maj [2, 5, 10] 10 4 
A:min [0, 4, 9] 9 2 
D:min7 [0, 2, 5, 9] 2 2 
Bb:maj7 [2, 5, 8, 10] 10 8 
G:min7 [2, 5, 7, 10] 7 4 
C:maj [0, 4, 7] 0 3 
C:9 [0, 2, 4, 7, 10] 0 1 
C:maj [0, 4, 7] 0 4 
F:maj [0, 5, 9] 5 4 
Bb:maj [2, 5, 10] 10 4 
C:maj [0, 4, 7] 0 4 
F:maj [0, 5, 9] 5 4 
D:min [2, 5, 9] 2 4 
C:maj [0, 4, 7] 0 4 
Bb:maj7 [2, 5, 8, 10] 10 4 
C:sus4 [0, 5, 7] 0 4 
F:sus2 [0, 5, 7] 5 4 
Bb:maj7 [2, 5, 8, 10] 10 4 
C:maj [0, 4, 7] 0 4 
A:min7 [0, 4, 7, 9] 9 4 
F:maj/3 [0, 5, 9] 9 4 
A:min [0, 4, 9] 9 4 
Bb:maj [2, 5, 10] 10 4 
C:sus4 [0, 5, 7] 0 4 
F:maj [0, 5, 9] 5 8 
Bb:maj/3 [2, 5, 10] 2 4 
C:maj [0, 4, 7] 0 4 
F:maj [0, 5, 9] 5 2 
C:maj/3 [0, 4, 7] 4 2 
D:min7 [0, 2, 5, 9] 2 4 
Bb:maj [2, 5, 10] 10 12 
G:sus2 [2, 7, 9] 7 1 
G:min7 [2, 5, 7, 10] 7 1 
C:maj [0, 4, 7] 0 2 
F:maj [0, 5, 9] 5 2 
Bb:maj [2, 5, 10] 10 6 
C:sus4 [0, 5, 7] 0 4 
F:maj [0, 5, 9] 5 2 
C:maj/3 [0, 4, 7] 4 2 
D:min7 [0, 2, 5, 9] 2 4 
A:min7 [0, 4, 7, 9] 9 4 
Bb:maj [2, 5, 10] 10 4 
C:sus4 [0, 5, 7] 0 4 
F:maj [0, 5, 9] 5 4 
Bb:maj [2, 5, 10] 10 4 
C:maj [0, 4, 7] 0 4 
A:min7 [0, 4, 7, 9] 9 4 
D:min [2, 5, 9] 2 4 
A:min7 [0, 4, 7, 9] 9 2 
C:maj7/7 [0, 4, 7, 10] 11 2 
Bb:maj [2, 5, 10] 10 4 
C:sus4 [0, 5, 7] 0 10 
F:maj [0, 5, 9] 5 4 
Bb:maj7 [2, 5, 8, 10] 10 4 
Bb:maj [2, 5, 10] 10 1 
C:maj [0, 4, 7] 0 2 
C:7 [0, 4, 7, 10] 0 7 
F:maj7/7 [0, 3, 5, 9] 4 2 
F:maj7/3 [0, 3, 5, 9] 9 6 
