F#:min [1, 6, 9] 6 31 
F#:sus4 [1, 6, 11] 6 3 
F#:min [1, 6, 9] 6 4 
F#:sus4 [1, 6, 11] 6 4 
F#:min [1, 6, 9] 6 1 
A:maj [1, 4, 9] 9 1 
C#:min [1, 4, 8] 1 2 
F#:sus4 [1, 6, 11] 6 4 
F#:min [1, 6, 9] 6 1 
A:maj [1, 4, 9] 9 1 
C#:min [1, 4, 8] 1 1 
F#:min [1, 6, 9] 6 1 
F#:sus4 [1, 6, 11] 6 4 
F#:min [1, 6, 9] 6 1 
E:maj [4, 8, 11] 4 2 
B:sus2 [1, 6, 11] 11 1 
F#:sus4 [1, 6, 11] 6 4 
F#:min [1, 6, 9] 6 4 
F#:sus4 [1, 6, 11] 6 4 
F#:min [1, 6, 9] 6 1 
B:maj [3, 6, 11] 11 1 
B:sus2 [1, 6, 11] 11 2 
B:maj [3, 6, 11] 11 1 
F#:sus4 [1, 6, 11] 6 3 
F#:min [1, 6, 9] 6 2 
B:sus2 [1, 6, 11] 11 2 
F#:sus4 [1, 6, 11] 6 4 
F#:min [1, 6, 9] 6 1 
A:maj [1, 4, 9] 9 1 
C#:min [1, 4, 8] 1 1 
B:sus2 [1, 6, 11] 11 1 
B:maj [3, 6, 11] 11 1 
F#:sus4 [1, 6, 11] 6 3 
F#:min [1, 6, 9] 6 1 
A:maj [1, 4, 9] 9 1 
C#:min [1, 4, 8] 1 2 
F#:sus4 [1, 6, 11] 6 4 
F#:min [1, 6, 9] 6 4 
F#:sus4 [1, 6, 11] 6 1 
C#:maj [1, 5, 8] 1 4 
F#:min [1, 6, 9] 6 4 
D:maj [2, 6, 9] 2 4 
E:maj [4, 8, 11] 4 4 
A:maj [1, 4, 9] 9 4 
F#:min [1, 6, 9] 6 4 
B:maj [3, 6, 11] 11 4 
D:maj [2, 6, 9] 2 4 
A:maj [1, 4, 9] 9 4 
F#:min [1, 6, 9] 6 4 
D:maj [2, 6, 9] 2 4 
E:maj [4, 8, 11] 4 4 
A:maj [1, 4, 9] 9 4 
F#:min [1, 6, 9] 6 4 
B:maj [3, 6, 11] 11 4 
D:maj [2, 6, 9] 2 4 
B:maj/3 [3, 6, 11] 3 4 
D:maj [2, 6, 9] 2 2 
E:maj [4, 8, 11] 4 2 
F#:min [1, 6, 9] 6 13 
Ab:min/b3 [3, 8, 11] 11 3 
F#:min [1, 6, 9] 6 12 
A:maj [1, 4, 9] 9 2 
C#:min [1, 4, 8] 1 2 
F#:min [1, 6, 9] 6 4 
A:maj [1, 4, 9] 9 2 
C#:min [1, 4, 8] 1 2 
F#:min [1, 6, 9] 6 8 
C#:maj [1, 5, 8] 1 4 
F#:min [1, 6, 9] 6 4 
D:maj [2, 6, 9] 2 4 
E:maj [4, 8, 11] 4 4 
A:maj [1, 4, 9] 9 4 
F#:min [1, 6, 9] 6 4 
B:maj [3, 6, 11] 11 4 
D:maj [2, 6, 9] 2 4 
A:maj [1, 4, 9] 9 4 
F#:min [1, 6, 9] 6 4 
D:maj [2, 6, 9] 2 4 
E:maj [4, 8, 11] 4 4 
A:maj [1, 4, 9] 9 4 
F#:min [1, 6, 9] 6 4 
B:maj [3, 6, 11] 11 4 
D:maj [2, 6, 9] 2 4 
B:maj/3 [3, 6, 11] 3 4 
D:maj [2, 6, 9] 2 2 
E:maj [4, 8, 11] 4 2 
F#:min [1, 6, 9] 6 36 
D:maj [2, 6, 9] 2 4 
E:maj [4, 8, 11] 4 4 
A:maj [1, 4, 9] 9 4 
F#:min [1, 6, 9] 6 4 
B:maj [3, 6, 11] 11 4 
D:maj [2, 6, 9] 2 4 
A:maj [1, 4, 9] 9 4 
F#:min [1, 6, 9] 6 4 
D:maj [2, 6, 9] 2 4 
E:maj [4, 8, 11] 4 4 
A:maj [1, 4, 9] 9 4 
F#:min [1, 6, 9] 6 4 
B:maj [3, 6, 11] 11 4 
D:maj [2, 6, 9] 2 4 
B:maj/3 [3, 6, 11] 3 4 
D:maj [2, 6, 9] 2 2 
E:maj [4, 8, 11] 4 2 
F#:maj [1, 6, 10] 6 12 
F#:min [1, 6, 9] 6 4 
F#:maj [1, 6, 10] 6 14 
F#:min [1, 6, 9] 6 7 
