0 122
73 2
71 1
0 1
69 1
0 1
71 1
0 1
66 1
0 1
66 4
0 2
66 1
0 1
69 1
0 1
71 1
0 1
73 1
0 1
76 1
0 1
78 1
0 1
71 3
0 1
73 1
0 1
71 1
0 1
69 1
0 1
71 1
0 1
66 1
0 1
66 4
0 4
64 2
61 1
0 1
64 1
0 1
66 1
0 1
66 5
0 1
73 2
71 1
0 1
69 1
0 1
71 1
0 1
66 1
0 1
66 4
0 2
66 1
0 1
69 1
0 1
71 1
0 1
73 1
0 1
76 1
0 1
78 1
0 1
71 3
0 1
73 1
0 1
71 1
0 1
69 1
0 1
71 1
0 1
66 1
0 1
66 4
0 4
64 2
61 1
0 1
64 1
0 1
66 1
0 1
66 1
0 1
66 1
0 1
71 3
0 1
69 12
0 22
64 2
71 3
0 1
69 11
0 11
73 2
71 1
0 1
69 1
0 1
71 1
0 1
66 1
0 1
66 4
0 2
66 1
0 1
69 1
0 1
71 1
0 1
73 1
0 1
76 1
0 1
78 1
0 1
71 3
0 1
73 1
0 1
71 1
0 1
69 1
0 1
71 1
0 1
66 1
0 1
66 4
0 4
64 2
61 1
0 1
64 1
0 1
66 1
0 1
66 5
0 1
73 2
71 1
0 1
69 1
0 1
71 1
0 1
66 1
0 1
66 4
0 2
66 1
0 1
69 1
0 1
71 1
0 1
73 1
0 1
76 1
0 1
78 1
0 1
71 3
0 1
73 1
0 1
71 1
0 1
69 1
0 1
71 1
0 1
66 1
0 1
66 4
0 4
64 2
61 1
0 1
64 1
0 1
66 1
0 1
66 1
0 1
66 1
0 1
71 3
0 1
69 12
73 3
0 1
76 3
0 1
78 8
73 1
0 1
76 1
0 1
78 1
0 1
71 3
0 1
69 5
0 1
73 1
0 1
76 1
0 1
78 1
0 1
71 3
0 1
69 1
0 1
69 1
0 1
64 1
0 1
76 3
0 1
71 1
0 1
73 6
0 4
73 3
0 1
76 3
0 1
78 7
0 1
81 2
80 2
78 1
0 1
71 3
0 1
69 4
73 1
0 1
81 1
0 1
80 1
0 1
78 1
0 1
71 3
0 1
69 2
71 1
0 1
73 1
0 1
71 2
69 2
66 1
0 1
69 8
0 2
73 3
0 1
76 3
0 1
78 8
73 1
0 1
76 1
0 1
78 1
0 1
71 3
0 1
69 5
0 1
73 1
0 1
76 1
0 1
78 1
0 1
71 3
0 1
69 1
0 1
69 1
0 1
64 1
0 1
76 3
0 1
71 1
0 1
73 6
0 4
73 3
0 1
76 3
0 1
78 7
0 1
81 2
80 2
78 1
0 1
71 3
0 1
69 4
73 1
0 1
81 1
0 1
80 1
0 1
78 1
0 1
71 3
0 1
69 2
71 1
0 1
73 1
0 1
71 2
69 2
66 1
0 1
71 3
0 1
69 1
0 1
71 1
0 1
73 1
0 1
71 2
69 1
0 1
69 2
66 1
0 1
74 6
0 2
76 1
0 1
73 2
71 2
69 2
66 9
0 49
73 2
71 1
0 1
69 1
0 1
71 1
0 1
66 1
0 1
66 4
0 2
66 1
0 1
69 1
0 1
71 1
0 1
73 1
0 1
76 1
0 1
78 1
0 1
71 3
0 1
73 1
0 1
71 1
0 1
69 1
0 1
71 1
0 1
66 1
0 1
66 4
0 4
64 2
61 1
0 1
64 1
0 1
66 1
0 1
66 5
0 1
73 2
71 1
0 1
69 1
0 1
71 1
0 1
66 1
0 1
66 4
0 2
66 1
0 1
69 1
0 1
71 1
0 1
73 1
0 1
76 1
0 1
78 1
0 1
71 3
0 1
73 1
0 1
71 1
0 1
69 1
0 1
71 1
0 1
66 1
0 1
66 4
0 4
64 2
61 1
0 1
64 1
0 1
66 1
0 1
66 1
0 1
66 1
0 1
71 3
0 1
69 12
73 3
0 1
76 3
0 1
78 8
73 1
0 1
76 1
0 1
78 1
0 1
71 3
0 1
69 5
0 1
73 1
0 1
76 1
0 1
78 1
0 1
71 3
0 1
69 1
0 1
69 1
0 1
64 1
0 1
76 3
0 1
71 1
0 1
73 6
0 4
73 3
0 1
76 3
0 1
78 7
0 1
81 2
80 2
78 1
0 1
71 3
0 1
69 4
73 1
0 1
81 1
0 1
80 1
0 1
78 1
0 1
71 3
0 1
69 2
71 1
0 1
73 1
0 1
71 2
69 2
66 1
0 1
69 8
0 2
73 3
0 1
76 3
0 1
78 8
73 1
0 1
76 1
0 1
78 1
0 1
71 3
0 1
69 5
0 1
73 1
0 1
76 1
0 1
78 1
0 1
71 3
0 1
69 1
0 1
69 1
0 1
64 1
0 1
76 3
0 1
71 1
0 1
73 6
0 4
73 3
0 1
76 3
0 1
78 7
0 1
81 2
80 2
78 1
0 1
71 3
0 1
69 4
73 1
0 1
81 1
0 1
80 1
0 1
78 1
0 1
71 3
0 1
69 2
71 1
0 1
73 1
0 1
71 2
69 2
66 1
0 1
71 3
0 1
69 1
0 1
71 1
0 1
73 1
0 1
71 2
69 1
0 1
69 2
66 1
0 1
74 6
0 2
76 1
0 1
73 2
71 2
69 2
66 9
0 111
73 3
0 1
76 3
0 1
78 8
73 1
0 1
76 1
0 1
78 1
0 1
71 3
0 1
69 5
0 1
73 1
0 1
76 1
0 1
78 1
0 1
71 3
0 1
69 1
0 1
69 1
0 1
64 1
0 1
76 3
0 1
71 1
0 1
73 6
0 4
73 3
0 1
76 3
0 1
78 7
0 1
81 2
80 2
78 1
0 1
71 3
0 1
69 4
73 1
0 1
81 1
0 1
80 1
0 1
78 1
0 1
71 3
0 1
69 2
71 1
0 1
73 1
0 1
71 2
69 2
66 1
0 1
69 8
0 2
73 3
0 1
76 3
0 1
78 8
73 1
0 1
76 1
0 1
78 1
0 1
71 3
0 1
69 5
0 1
73 1
0 1
76 1
0 1
78 1
0 1
71 3
0 1
69 1
0 1
69 1
0 1
64 1
0 1
76 3
0 1
71 1
0 1
73 6
0 4
73 3
0 1
76 3
0 1
78 7
0 1
81 2
80 2
78 1
0 1
71 3
0 1
69 4
73 1
0 1
81 1
0 1
80 1
0 1
78 1
0 1
71 3
0 1
69 2
71 1
0 1
73 1
0 1
71 2
69 2
66 1
0 1
71 3
0 1
69 1
0 1
71 1
0 1
73 1
0 1
71 2
69 1
0 1
69 2
66 1
0 1
74 6
0 2
76 1
0 1
73 2
71 2
69 2
66 9
