C#:maj [1, 5, 8] 1 4 
Ab:maj [0, 3, 8] 8 4 
F#:maj [1, 6, 10] 6 4 
C#:maj [1, 5, 8] 1 8 
Ab:sus4 [1, 3, 8] 8 4 
C#:maj [1, 5, 8] 1 12 
F#:maj [1, 6, 10] 6 2 
C#:maj [1, 5, 8] 1 2 
F#:maj [1, 6, 10] 6 2 
C#:maj [1, 5, 8] 1 2 
Ab:maj [0, 3, 8] 8 4 
C#:maj [1, 5, 8] 1 4 
F#:sus2 [1, 6, 8] 6 2 
C#:maj [1, 5, 8] 1 2 
F#:maj [1, 6, 10] 6 2 
C#:maj [1, 5, 8] 1 2 
Ab:maj [0, 3, 8] 8 2 
C#:maj [1, 5, 8] 1 2 
F#:maj [1, 6, 10] 6 4 
C#:maj [1, 5, 8] 1 4 
F#:maj [1, 6, 10] 6 4 
Ab:sus4(b7) [1, 3, 8] 8 2 
C#:maj [1, 5, 8] 1 6 
F#:maj [1, 6, 10] 6 2 
C#:maj [1, 5, 8] 1 2 
Eb:min [3, 6, 10] 3 1 
C#:maj [1, 5, 8] 1 3 
Ab:maj [0, 3, 8] 8 4 
C#:maj [1, 5, 8] 1 4 
F#:sus2 [1, 6, 8] 6 2 
C#:maj [1, 5, 8] 1 2 
F#:maj [1, 6, 10] 6 2 
C#:maj [1, 5, 8] 1 2 
Ab:maj [0, 3, 8] 8 2 
C#:maj [1, 5, 8] 1 6 
Ab:maj [0, 3, 8] 8 4 
F#:maj [1, 6, 10] 6 4 
C#:maj [1, 5, 8] 1 8 
Ab:sus4 [1, 3, 8] 8 4 
C#:maj [1, 5, 8] 1 12 
F#:maj [1, 6, 10] 6 2 
C#:maj [1, 5, 8] 1 2 
F#:maj [1, 6, 10] 6 2 
C#:maj [1, 5, 8] 1 2 
Ab:maj [0, 3, 8] 8 4 
C#:maj [1, 5, 8] 1 4 
F#:sus2 [1, 6, 8] 6 2 
C#:maj [1, 5, 8] 1 2 
F#:maj [1, 6, 10] 6 2 
C#:maj [1, 5, 8] 1 2 
Ab:maj [0, 3, 8] 8 2 
C#:maj [1, 5, 8] 1 2 
F#:maj [1, 6, 10] 6 4 
C#:maj [1, 5, 8] 1 4 
F#:maj [1, 6, 10] 6 4 
Ab:sus4(b7) [1, 3, 8] 8 2 
C#:maj [1, 5, 8] 1 6 
F#:maj [1, 6, 10] 6 2 
C#:maj [1, 5, 8] 1 2 
Eb:min [3, 6, 10] 3 1 
C#:maj [1, 5, 8] 1 3 
Ab:maj [0, 3, 8] 8 4 
C#:maj [1, 5, 8] 1 4 
F#:sus2 [1, 6, 8] 6 2 
C#:maj [1, 5, 8] 1 2 
F#:maj [1, 6, 10] 6 2 
C#:maj [1, 5, 8] 1 2 
Ab:maj [0, 3, 8] 8 2 
C#:maj [1, 5, 8] 1 6 
Ab:maj [0, 3, 8] 8 4 
F#:maj [1, 6, 10] 6 4 
C#:maj [1, 5, 8] 1 8 
Ab:sus4 [1, 3, 8] 8 4 
C#:maj [1, 5, 8] 1 4 
Ab:maj [0, 3, 8] 8 2 
