0 62
61 2
56 2
58 8
0 4
65 1
66 1
61 1
0 1
63 6
0 7
58 1
59 1
58 1
59 1
58 1
59 3
0 5
66 1
65 1
0 2
56 1
58 7
0 8
63 1
0 1
61 1
63 5
65 2
66 1
65 2
63 2
63 2
61 3
0 1
61 1
61 1
61 1
63 1
0 1
64 1
63 1
0 1
61 1
0 1
61 2
59 3
0 1
59 1
59 1
59 1
61 1
62 2
0 1
61 1
59 1
0 1
61 1
58 2
56 6
0 6
61 1
61 1
56 1
58 7
0 5
65 1
66 1
0 1
61 2
63 9
0 4
58 1
59 1
58 1
59 1
58 1
59 4
0 4
65 1
70 2
0 1
63 2
58 1
63 1
61 6
0 4
61 1
61 1
63 2
61 1
63 3
63 1
63 1
65 1
65 1
63 1
65 2
0 1
61 1
61 1
70 2
68 2
66 1
0 2
63 2
58 5
58 1
58 1
59 1
0 1
58 1
59 2
61 1
0 1
63 2
66 1
0 1
66 1
0 1
70 2
0 1
68 1
66 10
70 1
71 1
70 1
68 1
66 1
63 2
0 1
68 6
0 2
68 1
70 1
68 1
66 1
63 1
61 1
61 1
61 1
61 1
61 1
61 1
0 1
58 1
68 1
66 1
66 2
0 2
66 1
65 1
66 1
0 1
59 1
59 2
0 1
66 1
68 1
66 1
0 1
61 1
61 1
0 1
61 1
61 1
61 1
63 1
66 1
0 1
66 1
70 1
68 1
0 1
66 1
68 3
70 1
71 1
70 1
68 1
66 1
63 1
0 1
70 1
68 5
0 3
68 1
70 1
68 1
66 1
63 1
61 1
60 1
61 1
60 1
61 1
0 2
73 1
68 2
70 3
0 1
68 1
70 1
71 1
0 1
70 1
71 1
0 2
70 1
71 1
73 1
0 1
66 1
66 1
0 1
61 1
61 1
61 1
63 1
0 1
66 1
66 1
0 4
70 2
68 1
66 2
65 2
0 1
66 7
0 39
61 1
61 1
56 2
58 6
0 6
65 1
66 1
0 1
61 1
0 1
63 9
0 3
58 1
59 1
58 1
59 1
58 1
59 1
0 7
65 1
70 2
0 1
63 2
58 1
63 2
61 6
0 3
61 1
61 1
63 1
0 1
61 1
63 3
63 1
63 1
65 1
65 1
63 1
65 2
0 1
61 1
61 1
70 2
68 1
0 1
66 1
65 2
0 1
63 2
58 4
58 1
58 1
59 2
58 1
59 2
61 1
0 1
63 2
0 1
66 1
66 1
0 1
70 1
0 1
66 2
68 3
66 7
70 1
71 1
70 1
68 1
66 1
63 2
0 1
68 6
0 2
68 1
70 1
68 1
66 1
63 1
61 1
61 1
61 1
61 1
61 1
61 1
0 1
58 1
68 1
66 1
66 2
0 2
66 1
65 1
66 1
0 1
59 1
59 2
0 1
66 1
68 1
66 1
0 1
61 1
61 1
0 1
61 1
61 1
61 1
63 1
66 1
0 1
66 1
70 1
68 1
0 1
66 1
68 3
70 1
71 1
70 1
68 1
66 1
63 1
0 1
70 1
68 5
0 3
68 1
70 1
68 1
66 1
63 1
61 1
60 1
61 1
60 1
61 1
0 2
73 1
68 2
70 3
0 1
68 1
70 1
71 1
0 1
70 1
71 1
0 2
70 1
71 1
73 1
0 1
66 1
66 1
0 1
61 1
61 1
61 1
63 1
0 1
66 1
66 1
0 4
70 2
68 1
66 2
65 2
0 1
66 7
0 11
63 1
63 1
63 1
65 1
66 1
0 1
65 1
0 1
65 1
65 1
65 1
66 1
68 1
0 1
70 2
0 3
73 1
0 1
70 1
70 6
0 4
66 1
66 1
66 1
68 1
70 1
0 1
70 1
0 1
70 1
0 1
70 1
75 1
0 1
70 1
70 2
0 1
68 8
70 1
71 1
70 1
68 1
66 1
63 2
0 1
68 6
0 2
68 1
70 1
68 1
66 1
63 1
61 1
61 1
61 1
61 1
61 1
61 1
0 1
58 1
68 1
66 1
66 2
0 2
66 1
65 1
66 1
0 1
59 1
59 2
0 1
66 1
68 1
66 1
0 1
61 1
61 1
0 1
61 1
61 1
61 1
63 1
66 1
0 1
66 1
70 1
73 1
0 1
70 1
68 3
70 1
71 1
70 1
68 1
66 1
63 1
0 1
75 4
0 1
73 3
0 1
68 1
70 1
68 1
66 1
63 1
61 1
60 1
61 1
60 1
61 1
0 2
73 1
68 2
70 10
0 2
68 1
70 1
71 1
0 1
70 1
71 1
0 2
70 1
71 1
73 1
0 1
66 1
66 1
0 1
61 1
61 1
61 1
63 1
0 1
66 1
66 1
0 4
70 2
68 1
66 2
65 2
0 1
73 7
0 1
72 8
71 4
0 1
73 1
68 2
70 10
