C#:min [1, 4, 8] 1 6 
Ab:min [3, 8, 11] 8 6 
C#:min [1, 4, 8] 1 6 
F#:maj [1, 6, 10] 6 6 
A:maj [1, 4, 9] 9 3 
Ab:min [3, 8, 11] 8 3 
C#:min [1, 4, 8] 1 18 
F#:maj [1, 6, 10] 6 6 
C#:min [1, 4, 8] 1 15 
F#:min7 [1, 4, 6, 9] 6 3 
F#:min/b3 [1, 6, 9] 9 3 
Eb:hdim7 [0, 3, 6, 9] 3 3 
Ab:maj [0, 3, 8] 8 6 
C#:min [1, 4, 8] 1 12 
F#:min [1, 6, 9] 6 6 
C#:min [1, 4, 8] 1 15 
F#:min [1, 6, 9] 6 3 
Ab:min [3, 8, 11] 8 6 
C#:min [1, 4, 8] 1 6 
E:maj [4, 8, 11] 4 6 
Ab:min [3, 8, 11] 8 6 
C#:min [1, 4, 8] 1 3 
B:maj [3, 6, 11] 11 3 
E:maj [4, 8, 11] 4 6 
Ab:min [3, 8, 11] 8 3 
C#:min [1, 4, 8] 1 3 
Ab:min [3, 8, 11] 8 3 
C#:min [1, 4, 8] 1 3 
A:maj [1, 4, 9] 9 3 
F#:maj [1, 6, 10] 6 3 
B:sus2 [1, 6, 11] 11 6 
E:maj [4, 8, 11] 4 6 
Ab:min [3, 8, 11] 8 6 
C#:min [1, 4, 8] 1 3 
B:maj [3, 6, 11] 11 3 
E:maj [4, 8, 11] 4 6 
Ab:min [3, 8, 11] 8 3 
C#:min [1, 4, 8] 1 3 
Ab:min [3, 8, 11] 8 3 
A:maj [1, 4, 9] 9 3 
B:maj [3, 6, 11] 11 6 
E:maj [4, 8, 11] 4 6 
C#:min [1, 4, 8] 1 6 
Ab:min [3, 8, 11] 8 6 
C#:min [1, 4, 8] 1 6 
F#:min [1, 6, 9] 6 6 
A:maj [1, 4, 9] 9 3 
Ab:min [3, 8, 11] 8 3 
C#:maj [1, 5, 8] 1 18 
F#:min [1, 6, 9] 6 6 
C#:min [1, 4, 8] 1 15 
F#:min [1, 6, 9] 6 3 
Ab:min [3, 8, 11] 8 6 
C#:min [1, 4, 8] 1 6 
E:maj [4, 8, 11] 4 6 
Ab:min [3, 8, 11] 8 6 
C#:min [1, 4, 8] 1 3 
B:maj [3, 6, 11] 11 3 
E:maj [4, 8, 11] 4 6 
Ab:min [3, 8, 11] 8 3 
C#:min [1, 4, 8] 1 3 
Ab:min [3, 8, 11] 8 3 
C#:min [1, 4, 8] 1 3 
A:maj [1, 4, 9] 9 3 
F#:maj [1, 6, 10] 6 3 
B:sus2 [1, 6, 11] 11 6 
E:maj [4, 8, 11] 4 6 
Ab:min [3, 8, 11] 8 6 
C#:min [1, 4, 8] 1 3 
B:maj [3, 6, 11] 11 3 
E:maj [4, 8, 11] 4 6 
Ab:min [3, 8, 11] 8 3 
C#:min [1, 4, 8] 1 3 
Ab:min [3, 8, 11] 8 3 
A:maj [1, 4, 9] 9 3 
B:maj [3, 6, 11] 11 6 
E:maj [4, 8, 11] 4 12 
Ab:min [3, 8, 11] 8 6 
C#:min [1, 4, 8] 1 3 
B:maj [3, 6, 11] 11 3 
E:maj [4, 8, 11] 4 6 
Ab:min [3, 8, 11] 8 3 
C#:min [1, 4, 8] 1 3 
Ab:min [3, 8, 11] 8 3 
C#:min [1, 4, 8] 1 3 
A:maj [1, 4, 9] 9 3 
F#:maj [1, 6, 10] 6 3 
B:sus2 [1, 6, 11] 11 6 
E:maj [4, 8, 11] 4 6 
Ab:min [3, 8, 11] 8 6 
C#:min [1, 4, 8] 1 3 
B:maj [3, 6, 11] 11 3 
E:maj [4, 8, 11] 4 6 
Ab:min [3, 8, 11] 8 3 
C#:min [1, 4, 8] 1 3 
Ab:min [3, 8, 11] 8 3 
A:maj [1, 4, 9] 9 3 
B:maj [3, 6, 11] 11 6 
E:maj [4, 8, 11] 4 3 
