0 126
68 1
68 1
75 2
75 2
75 1
73 1
71 1
75 2
78 2
75 3
75 1
78 1
80 2
80 2
78 1
80 2
78 1
78 2
75 4
75 1
78 1
73 2
73 2
73 1
71 1
71 1
73 1
75 2
78 1
75 3
68 1
70 1
71 2
73 2
70 1
68 1
66 1
68 1
68 6
68 1
68 1
75 2
75 2
75 1
73 1
71 1
73 1
75 1
78 2
75 3
75 1
78 1
80 2
80 2
78 1
80 2
78 1
78 2
75 4
75 1
78 1
73 2
73 2
73 1
71 1
71 1
73 1
75 1
78 2
75 3
68 1
70 1
71 4
70 2
66 2
68 6
75 1
75 1
80 2
80 2
78 1
80 2
78 1
78 2
75 4
75 1
75 1
80 2
80 2
78 1
80 2
78 1
78 2
75 3
73 1
73 1
71 1
73 4
73 2
71 1
73 5
78 2
80 2
75 14
75 1
75 1
80 2
80 2
78 1
80 2
78 1
78 2
75 4
75 1
78 1
73 2
73 2
73 1
71 2
73 1
75 1
78 1
75 4
68 1
70 1
71 4
71 1
73 2
70 5
70 1
70 2
66 1
70 2
68 6
0 134
68 1
68 1
75 2
75 2
75 1
73 1
71 1
75 2
78 2
75 3
75 1
78 1
80 2
80 2
78 1
80 2
78 1
78 2
75 4
75 1
78 1
73 2
73 2
73 1
71 1
71 1
73 1
75 2
78 1
75 3
68 1
70 1
71 2
73 2
70 1
68 1
66 1
68 1
68 6
68 1
68 1
75 2
75 2
75 1
73 1
71 1
73 1
75 1
78 2
75 3
75 1
78 1
80 2
80 2
78 1
80 2
78 1
78 2
75 4
75 1
78 1
73 2
73 2
73 1
71 1
71 1
73 1
75 1
78 2
75 3
68 1
70 1
71 4
70 2
66 2
68 4
0 2
75 1
75 1
80 2
80 2
78 1
80 2
78 1
78 2
75 4
75 1
75 1
80 2
80 2
78 1
80 2
78 1
78 2
75 3
73 1
73 1
71 1
73 4
73 2
71 1
73 5
78 2
80 2
75 14
75 1
75 1
80 2
80 2
78 1
80 2
78 1
78 2
75 4
75 1
78 1
73 2
73 2
73 1
71 2
73 1
75 1
78 1
75 4
68 1
70 1
71 4
71 1
73 2
70 5
70 1
70 2
66 1
70 2
68 6
0 6
75 1
75 1
80 2
80 2
78 1
80 2
78 1
78 2
75 4
75 1
75 1
80 2
80 2
78 1
80 2
78 1
78 2
75 3
73 1
73 1
71 1
73 4
73 2
71 1
73 5
78 2
80 2
75 14
75 1
75 1
80 2
80 2
78 1
80 2
78 1
78 2
75 4
75 1
78 1
73 2
73 2
73 1
71 2
73 1
75 1
78 1
75 4
68 1
70 1
71 4
71 1
73 2
70 5
70 1
70 2
66 1
70 2
68 12
68 1
70 1
71 4
71 1
73 3
70 4
82 1
82 2
78 1
82 4
80 12
