C:maj7 [0, 4, 7, 10] 0 3 
C:maj [0, 4, 7] 0 1 
G:7 [2, 5, 7, 11] 7 4 
C:maj7 [0, 4, 7, 10] 0 3 
C:maj9 [0, 2, 4, 7, 10] 0 5 
A:min7 [0, 4, 7, 9] 9 3 
A:min [0, 4, 9] 9 1 
E:min7 [2, 4, 7, 11] 4 4 
F:maj7 [0, 3, 5, 9] 5 8 
G:sus4 [0, 2, 7] 7 12 
C:maj [0, 4, 7] 0 8 
A:min7 [0, 4, 7, 9] 9 4 
E:min7 [2, 4, 7, 11] 4 4 
F:maj [0, 5, 9] 5 4 
A:min [0, 4, 9] 9 3 
A:min7 [0, 4, 7, 9] 9 1 
D:min7 [0, 2, 5, 9] 2 4 
G:sus4(b7) [0, 2, 7] 7 8 
C:sus2 [0, 2, 7] 0 8 
A:min [0, 4, 9] 9 4 
E:min7 [2, 4, 7, 11] 4 4 
F:maj7 [0, 3, 5, 9] 5 4 
A:sus4 [2, 4, 9] 9 2 
A:min [0, 4, 9] 9 2 
G:maj [2, 7, 11] 7 4 
C:maj [0, 4, 7] 0 6 
G:maj [2, 7, 11] 7 2 
C:maj [0, 4, 7] 0 8 
A:min [0, 4, 9] 9 8 
D:min7 [0, 2, 5, 9] 2 8 
F:maj [0, 5, 9] 5 6 
Ab:maj7/7 [0, 3, 6, 8] 7 2 
C:maj [0, 4, 7] 0 6 
C:maj(9) [0, 2, 4, 7, 10] 0 2 
A:min7 [0, 4, 7, 9] 9 4 
A:sus2 [4, 9, 11] 9 4 
D:min7 [0, 2, 5, 9] 2 2 
F:maj7/7 [0, 3, 5, 9] 4 4 
F:maj7 [0, 3, 5, 9] 5 2 
C:maj7/5 [0, 4, 7, 10] 7 8 
C:maj [0, 4, 7] 0 8 
C:maj7 [0, 4, 7, 10] 0 3 
C:maj6(7) [0, 4, 7, 9, 10] 0 1 
F:maj7 [0, 3, 5, 9] 5 4 
C:maj7 [0, 4, 7, 10] 0 8 
A:min [0, 4, 9] 9 3 
A:min(9) [0, 4, 7, 9, 11] 9 1 
E:min7 [2, 4, 7, 11] 4 4 
F:maj [0, 5, 9] 5 8 
G:sus4(b7) [0, 2, 7] 7 12 
C:maj [0, 4, 7] 0 6 
C:sus2 [0, 2, 7] 0 2 
A:min7 [0, 4, 7, 9] 9 4 
E:min7 [2, 4, 7, 11] 4 4 
F:maj [0, 5, 9] 5 4 
A:min [0, 4, 9] 9 3 
A:min7 [0, 4, 7, 9] 9 1 
D:min7 [0, 2, 5, 9] 2 4 
G:sus4(b7) [0, 2, 7] 7 8 
C:sus2 [0, 2, 7] 0 8 
A:min [0, 4, 9] 9 4 
E:min7 [2, 4, 7, 11] 4 4 
F:maj7 [0, 3, 5, 9] 5 4 
A:sus4 [2, 4, 9] 9 4 
G:maj [2, 7, 11] 7 4 
C:maj [0, 4, 7] 0 16 
A:min [0, 4, 9] 9 8 
D:min7 [0, 2, 5, 9] 2 8 
F:maj [0, 5, 9] 5 6 
C:maj/5 [0, 4, 7] 7 2 
C:maj [0, 4, 7] 0 6 
C:maj6(9) [0, 2, 4, 7, 9, 10] 0 2 
A:min7 [0, 4, 7, 9] 9 4 
A:sus2 [4, 9, 11] 9 4 
D:min7 [0, 2, 5, 9] 2 2 
F:maj7/7 [0, 3, 5, 9] 4 4 
F:maj7 [0, 3, 5, 9] 5 2 
C:maj7/5 [0, 4, 7, 10] 7 8 
C:maj [0, 4, 7] 0 16 
A:min [0, 4, 9] 9 8 
D:min7 [0, 2, 5, 9] 2 8 
F:maj [0, 5, 9] 5 6 
Ab:maj7/7 [0, 3, 6, 8] 7 2 
C:maj [0, 4, 7] 0 6 
C:maj6(9) [0, 2, 4, 7, 9, 10] 0 2 
A:min7 [0, 4, 7, 9] 9 4 
A:sus2 [4, 9, 11] 9 4 
D:min7 [0, 2, 5, 9] 2 2 
F:maj7/7 [0, 3, 5, 9] 4 4 
F:maj7 [0, 3, 5, 9] 5 2 
C:maj7/5 [0, 4, 7, 10] 7 8 
C:maj7 [0, 4, 7, 10] 0 6 
C:maj6(9) [0, 2, 4, 7, 9, 10] 0 7 
C:maj/3 [0, 4, 7] 4 2 
C:maj6(9) [0, 2, 4, 7, 9, 10] 0 2 
Bb:min9 [0, 1, 5, 8, 10] 10 7 
F:min [0, 5, 8] 5 2 
C:maj7 [0, 4, 7, 10] 0 12 
