0 170
67 2
67 2
69 2
72 4
72 2
72 2
72 4
69 2
76 12
67 2
69 2
72 4
72 2
72 2
72 6
76 2
79 16
79 2
81 2
79 2
81 2
79 2
81 4
79 2
76 4
74 2
72 6
72 2
72 2
69 2
72 4
72 2
69 2
72 2
76 6
74 26
67 2
69 2
72 4
72 2
72 2
72 2
72 2
72 2
69 2
74 4
76 8
67 2
69 2
72 4
72 2
72 2
72 2
72 4
76 2
79 16
79 2
81 2
79 2
81 2
79 2
81 4
81 2
79 2
76 4
74 2
72 4
69 2
69 2
72 2
67 4
76 2
74 2
72 4
69 2
72 4
72 24
79 2
81 2
84 2
81 4
81 2
79 2
81 2
79 2
76 2
79 12
79 2
81 2
84 2
81 4
81 2
79 2
81 2
79 2
81 4
72 10
72 2
74 2
76 2
74 2
74 2
74 2
72 2
74 2
72 2
69 2
76 4
74 8
79 2
81 2
76 2
79 4
79 2
76 2
79 3
76 5
81 2
79 2
81 2
79 2
79 2
79 2
81 2
84 2
81 4
81 2
79 2
81 2
79 2
76 2
79 12
79 2
81 2
84 2
81 4
81 2
79 2
81 2
79 2
81 2
79 2
72 10
72 2
74 2
76 2
77 4
77 2
79 2
79 4
79 2
81 4
84 4
81 4
84 2
83 2
81 4
79 6
79 2
67 2
81 4
79 8
79 1
0 1
81 2
84 3
76 3
74 1
76 1
74 1
72 27
0 170
67 2
67 2
69 2
72 4
72 2
72 2
72 4
69 2
76 12
67 2
69 2
72 4
72 2
72 2
72 6
76 2
79 16
79 2
81 2
79 2
81 2
79 2
81 4
79 2
76 4
74 2
72 6
72 2
72 2
69 2
72 4
72 2
69 2
72 2
76 6
74 26
67 2
69 2
72 4
72 2
72 2
72 2
72 2
72 2
69 2
74 4
76 8
67 2
69 2
72 4
72 2
72 2
72 2
72 4
76 2
79 16
79 2
81 2
79 2
81 2
79 2
81 4
81 2
79 2
76 4
74 2
72 4
69 2
69 2
72 2
67 4
76 2
74 2
72 4
69 2
72 4
72 24
79 2
81 2
84 2
81 4
81 2
79 2
81 2
79 2
76 2
79 12
79 2
81 2
84 2
81 4
81 2
79 2
81 2
79 2
81 4
72 10
72 2
74 2
76 2
74 2
74 2
74 2
72 2
74 2
72 2
69 2
76 4
74 8
79 2
81 2
76 2
79 4
79 2
76 2
79 3
76 5
81 2
79 2
81 2
79 2
79 2
79 2
81 2
84 2
81 4
81 2
79 2
81 2
79 2
76 2
79 12
79 2
81 2
84 2
86 4
86 1
0 1
84 2
86 2
88 6
0 1
79 9
77 2
0 1
77 1
79 2
0 1
81 4
81 1
79 2
79 4
79 2
81 4
84 4
81 4
84 2
83 2
81 4
79 6
79 2
67 2
81 4
79 8
79 1
0 1
81 2
84 3
76 3
74 1
76 1
74 1
72 21
79 2
81 2
84 2
81 4
81 2
79 2
81 2
79 2
76 2
79 12
79 2
81 2
84 2
81 4
81 2
79 2
81 2
79 2
81 4
72 10
72 2
74 2
76 2
74 2
74 2
74 2
72 2
74 2
72 2
69 2
76 4
74 8
79 2
81 2
76 2
79 4
79 2
76 2
79 3
76 5
81 2
79 2
81 2
79 2
79 2
79 2
81 2
84 2
81 4
81 2
79 2
81 2
79 2
76 2
79 12
79 2
81 2
84 2
81 4
81 2
79 2
81 2
79 2
81 2
79 2
72 10
72 2
74 2
76 2
77 4
77 2
79 2
79 4
79 2
81 4
84 4
81 4
84 2
83 2
81 3
79 7
79 2
67 2
81 4
79 7
79 2
0 1
81 2
84 3
76 3
74 1
76 1
74 1
72 27
