D:sus2 [2, 4, 9] 2 4 
G:maj [2, 7, 11] 7 4 
A:maj [1, 4, 9] 9 4 
F#:min [1, 6, 9] 6 4 
B:min [2, 6, 11] 11 4 
E:min [4, 7, 11] 4 4 
A:maj [1, 4, 9] 9 4 
D:maj [2, 6, 9] 2 8 
G:maj [2, 7, 11] 7 4 
A:maj [1, 4, 9] 9 4 
F#:min [1, 6, 9] 6 4 
B:min [2, 6, 11] 11 4 
G:maj [2, 7, 11] 7 4 
A:maj [1, 4, 9] 9 4 
D:maj [2, 6, 9] 2 12 
B:min [2, 6, 11] 11 8 
A:maj [1, 4, 9] 9 4 
F#:min7 [1, 4, 6, 9] 6 4 
B:min [2, 6, 11] 11 4 
E:min [4, 7, 11] 4 4 
A:maj [1, 4, 9] 9 4 
D:maj [2, 6, 9] 2 4 
B:sus2 [1, 6, 11] 11 8 
A:maj [1, 4, 9] 9 4 
F#:min [1, 6, 9] 6 4 
B:sus4 [4, 6, 11] 11 4 
G:sus2 [2, 7, 9] 7 2 
A:maj [1, 4, 9] 9 2 
D:maj [2, 6, 9] 2 8 
G:maj [2, 7, 11] 7 4 
A:maj [1, 4, 9] 9 4 
F#:min [1, 6, 9] 6 4 
B:min [2, 6, 11] 11 4 
E:min [4, 7, 11] 4 4 
A:maj [1, 4, 9] 9 4 
D:maj [2, 6, 9] 2 8 
G:maj [2, 7, 11] 7 4 
A:maj [1, 4, 9] 9 4 
F#:min [1, 6, 9] 6 4 
B:min [2, 6, 11] 11 4 
E:min [4, 7, 11] 4 4 
A:maj [1, 4, 9] 9 4 
B:min [2, 6, 11] 11 8 
G:maj [2, 7, 11] 7 4 
A:maj [1, 4, 9] 9 4 
B:min [2, 6, 11] 11 8 
D:maj [2, 6, 9] 2 4 
B:sus2 [1, 6, 11] 11 8 
A:maj [1, 4, 9] 9 4 
F#:min [1, 6, 9] 6 4 
B:sus4 [4, 6, 11] 11 4 
G:sus2 [2, 7, 9] 7 2 
A:maj [1, 4, 9] 9 2 
D:sus2 [2, 4, 9] 2 8 
G:maj [2, 7, 11] 7 4 
A:maj [1, 4, 9] 9 4 
F#:min [1, 6, 9] 6 4 
B:min [2, 6, 11] 11 4 
E:min [4, 7, 11] 4 4 
A:maj [1, 4, 9] 9 4 
D:maj [2, 6, 9] 2 8 
G:maj [2, 7, 11] 7 4 
A:maj [1, 4, 9] 9 4 
F#:min [1, 6, 9] 6 4 
B:min [2, 6, 11] 11 4 
E:min [4, 7, 11] 4 4 
A:maj [1, 4, 9] 9 4 
D:maj [2, 6, 9] 2 8 
G:maj [2, 7, 11] 7 4 
A:maj [1, 4, 9] 9 4 
F#:min [1, 6, 9] 6 4 
B:min [2, 6, 11] 11 4 
E:min [4, 7, 11] 4 4 
A:maj [1, 4, 9] 9 4 
D:maj [2, 6, 9] 2 8 
G:maj [2, 7, 11] 7 4 
A:maj [1, 4, 9] 9 4 
F#:min [1, 6, 9] 6 4 
B:min [2, 6, 11] 11 4 
E:min [4, 7, 11] 4 4 
A:maj [1, 4, 9] 9 4 
D:maj [2, 6, 9] 2 8 
C:maj/5 [0, 4, 7] 7 4 
A:maj [1, 4, 9] 9 4 
F#:maj [1, 6, 10] 6 4 
B:min7 [2, 6, 9, 11] 11 4 
E:min [4, 7, 11] 4 4 
A:maj [1, 4, 9] 9 4 
D:maj [2, 6, 9] 2 5 
