B:maj [3, 6, 11] 11 4 
F#:maj [1, 6, 10] 6 4 
Ab:min [3, 8, 11] 8 4 
Eb:min [3, 6, 10] 3 4 
E:maj [4, 8, 11] 4 4 
Eb:min [3, 6, 10] 3 2 
Ab:maj [0, 3, 8] 8 2 
C#:min [1, 4, 8] 1 4 
F#:maj [1, 6, 10] 6 4 
B:maj [3, 6, 11] 11 4 
Eb:min/b3 [3, 6, 10] 6 4 
Ab:min [3, 8, 11] 8 4 
Eb:min7 [1, 3, 6, 10] 3 4 
E:maj [4, 8, 11] 4 2 
F#:maj [1, 6, 10] 6 2 
Eb:min [3, 6, 10] 3 2 
Ab:min [3, 8, 11] 8 2 
C#:maj [1, 5, 8] 1 2 
F#:maj [1, 6, 10] 6 2 
B:maj [3, 6, 11] 11 4 
E:maj [4, 8, 11] 4 2 
F#:maj [1, 6, 10] 6 4 
Ab:min [3, 8, 11] 8 2 
E:maj [4, 8, 11] 4 2 
F#:maj [1, 6, 10] 6 2 
Ab:min [3, 8, 11] 8 4 
E:maj [4, 8, 11] 4 2 
F#:maj [1, 6, 10] 6 2 
Ab:min7 [3, 6, 8, 11] 8 2 
Ab:min [3, 8, 11] 8 2 
B:maj/5 [3, 6, 11] 6 2 
F#:maj [1, 6, 10] 6 2 
B:maj [3, 6, 11] 11 8 
Eb:min [3, 6, 10] 3 4 
E:maj [4, 8, 11] 4 4 
F#:maj [1, 6, 10] 6 4 
B:maj [3, 6, 11] 11 4 
Eb:min [3, 6, 10] 3 4 
E:maj [4, 8, 11] 4 4 
F#:maj [1, 6, 10] 6 4 
Eb:maj [3, 7, 10] 3 4 
Ab:min [3, 8, 11] 8 4 
C#:min [1, 4, 8] 1 4 
F#:maj [1, 6, 10] 6 4 
Eb:maj [3, 7, 10] 3 4 
Ab:min [3, 8, 11] 8 4 
C#:min [1, 4, 8] 1 2 
E:maj [4, 8, 11] 4 6 
F#:sus4 [1, 6, 11] 6 8 
B:maj [3, 6, 11] 11 4 
F#:maj [1, 6, 10] 6 4 
Ab:min [3, 8, 11] 8 4 
Eb:min7 [1, 3, 6, 10] 3 4 
E:maj [4, 8, 11] 4 4 
Eb:min7 [1, 3, 6, 10] 3 2 
Ab:min [3, 8, 11] 8 2 
C#:min [1, 4, 8] 1 4 
F#:maj [1, 6, 10] 6 4 
B:maj [3, 6, 11] 11 4 
F#:maj [1, 6, 10] 6 4 
Ab:min [3, 8, 11] 8 4 
Eb:min7 [1, 3, 6, 10] 3 4 
E:maj [4, 8, 11] 4 4 
Eb:min [3, 6, 10] 3 2 
Ab:min [3, 8, 11] 8 2 
C#:min [1, 4, 8] 1 2 
F#:maj [1, 6, 10] 6 2 
B:maj [3, 6, 11] 11 4 
E:maj [4, 8, 11] 4 2 
F#:maj [1, 6, 10] 6 2 
Eb:min [3, 6, 10] 3 2 
Ab:min [3, 8, 11] 8 2 
E:maj [4, 8, 11] 4 2 
F#:maj [1, 6, 10] 6 2 
Ab:min [3, 8, 11] 8 4 
E:maj [4, 8, 11] 4 2 
F#:maj [1, 6, 10] 6 2 
Eb:min [3, 6, 10] 3 2 
Ab:min [3, 8, 11] 8 2 
E:maj [4, 8, 11] 4 2 
F#:maj [1, 6, 10] 6 2 
B:maj [3, 6, 11] 11 8 
Eb:min [3, 6, 10] 3 4 
E:maj [4, 8, 11] 4 4 
F#:maj [1, 6, 10] 6 4 
B:maj [3, 6, 11] 11 4 
Eb:min [3, 6, 10] 3 4 
E:maj [4, 8, 11] 4 4 
F#:maj [1, 6, 10] 6 4 
Eb:maj [3, 7, 10] 3 4 
Ab:min [3, 8, 11] 8 4 
C#:min [1, 4, 8] 1 4 
F#:maj [1, 6, 10] 6 4 
Eb:maj [3, 7, 10] 3 4 
Ab:min [3, 8, 11] 8 4 
E:maj [4, 8, 11] 4 8 
F#:sus4 [1, 6, 11] 6 8 
B:maj [3, 6, 11] 11 4 
F#:maj [1, 6, 10] 6 4 
Ab:min [3, 8, 11] 8 4 
Eb:min7 [1, 3, 6, 10] 3 4 
E:maj [4, 8, 11] 4 4 
Eb:min7 [1, 3, 6, 10] 3 2 
Ab:min [3, 8, 11] 8 2 
C#:min [1, 4, 8] 1 4 
F#:maj [1, 6, 10] 6 4 
B:maj [3, 6, 11] 11 4 
F#:maj [1, 6, 10] 6 4 
Ab:min [3, 8, 11] 8 4 
Eb:min7 [1, 3, 6, 10] 3 4 
E:maj [4, 8, 11] 4 4 
Eb:min [3, 6, 10] 3 2 
Ab:min [3, 8, 11] 8 2 
C#:min [1, 4, 8] 1 2 
F#:maj [1, 6, 10] 6 2 
B:maj [3, 6, 11] 11 4 
B:sus2 [1, 6, 11] 11 1 
Ab:min [3, 8, 11] 8 3 
F#:maj [1, 6, 10] 6 8 
E:maj [4, 8, 11] 4 2 
F#:maj [1, 6, 10] 6 2 
Eb:min [3, 6, 10] 3 2 
Ab:min [3, 8, 11] 8 2 
E:maj [4, 8, 11] 4 2 
F#:maj [1, 6, 10] 6 2 
Ab:min [3, 8, 11] 8 4 
E:maj [4, 8, 11] 4 2 
F#:maj [1, 6, 10] 6 2 
Eb:min [3, 6, 10] 3 2 
Ab:min [3, 8, 11] 8 2 
E:maj [4, 8, 11] 4 2 
F#:maj [1, 6, 10] 6 2 
B:maj [3, 6, 11] 11 8 
F#:maj [1, 6, 10] 6 4 
B:maj [3, 6, 11] 11 4 
Eb:min [3, 6, 10] 3 4 
E:maj [4, 8, 11] 4 4 
Eb:min [3, 6, 10] 3 2 
Ab:maj [0, 3, 8] 8 2 
C#:min [1, 4, 8] 1 4 
F#:maj [1, 6, 10] 6 4 
B:maj [3, 6, 11] 11 4 
F#:maj [1, 6, 10] 6 4 
Ab:min [3, 8, 11] 8 6 
Eb:min [3, 6, 10] 3 2 
E:maj [4, 8, 11] 4 4 
Eb:min [3, 6, 10] 3 2 
Ab:min [3, 8, 11] 8 2 
C#:min [1, 4, 8] 1 2 
F#:maj [1, 6, 10] 6 2 
B:maj [3, 6, 11] 11 4 
E:maj [4, 8, 11] 4 2 
F#:maj [1, 6, 10] 6 4 
Ab:min [3, 8, 11] 8 2 
E:maj [4, 8, 11] 4 2 
F#:maj [1, 6, 10] 6 3 
Ab:min [3, 8, 11] 8 3 
E:maj [4, 8, 11] 4 2 
F#:maj [1, 6, 10] 6 2 
Eb:min [3, 6, 10] 3 2 
Ab:min [3, 8, 11] 8 4 
F#:maj [1, 6, 10] 6 2 
