75 3
0 1
66 3
0 1
76 1
0 1
75 1
0 1
73 2
71 1
0 1
70 1
0 1
70 3
0 1
78 6
0 4
71 3
0 1
63 3
0 1
73 1
0 1
71 1
0 1
70 2
68 1
0 1
68 2
70 3
0 1
66 8
63 2
64 3
0 1
71 3
0 1
70 5
0 1
66 1
0 1
66 3
0 1
73 3
0 1
71 5
0 3
76 1
0 1
75 1
0 1
76 1
0 1
75 1
0 1
76 2
75 4
73 10
0 2
66 1
0 1
71 1
0 1
73 1
0 1
75 3
0 1
66 3
0 1
76 1
0 1
75 1
0 1
73 2
71 1
0 1
70 1
0 1
70 3
0 1
78 6
0 4
71 3
0 1
63 3
0 1
73 1
0 1
71 1
0 1
70 2
68 1
0 1
70 2
80 3
0 1
78 8
71 1
0 1
80 2
0 2
76 2
75 2
73 4
75 1
0 1
76 1
0 1
78 3
0 1
75 4
71 4
0 2
68 1
0 1
76 1
0 1
75 1
0 1
76 1
0 1
75 1
0 1
71 3
0 1
70 1
0 1
73 4
71 10
0 126
75 2
73 2
71 2
66 9
0 1
75 2
73 2
71 2
70 9
0 5
68 3
0 1
68 1
0 1
68 1
0 1
68 1
0 1
68 2
66 2
64 2
68 3
0 1
66 7
0 1
75 1
0 1
73 1
0 1
71 2
66 9
0 1
75 1
0 1
73 1
0 1
71 2
70 8
0 6
71 3
0 1
71 1
0 1
71 1
0 1
71 1
0 1
71 1
0 1
68 1
0 1
71 1
0 1
80 3
0 1
78 6
75 3
0 1
76 3
0 1
78 11
0 1
70 2
73 3
0 1
71 9
0 1
68 2
78 3
0 1
76 1
0 1
76 1
0 1
75 1
0 1
76 2
75 2
71 2
75 4
73 5
0 1
75 3
0 1
76 3
0 1
78 11
0 1
70 2
73 3
0 1
71 9
0 3
78 3
0 1
76 1
0 1
76 1
0 1
75 1
0 1
76 4
0 2
76 4
75 1
0 1
76 2
75 1
0 1
76 4
71 2
78 26
0 2
66 1
0 1
71 1
0 1
73 1
0 1
75 3
0 1
66 3
0 1
76 1
0 1
75 1
0 1
73 2
71 1
0 1
70 1
0 1
70 3
0 1
78 6
0 4
71 3
0 1
63 3
0 1
73 1
0 1
71 1
0 1
70 2
68 1
0 1
68 2
70 3
0 1
66 8
63 2
64 3
0 1
71 3
0 1
70 5
0 1
66 1
0 1
66 3
0 1
73 3
0 1
71 5
0 3
76 1
0 1
75 1
0 1
76 1
0 1
75 1
0 1
76 2
75 4
73 10
0 2
66 1
0 1
71 1
0 1
73 1
0 1
75 3
0 1
66 3
0 1
76 1
0 1
75 1
0 1
73 2
71 1
0 1
70 1
0 1
70 3
0 1
78 6
0 4
71 3
0 1
63 3
0 1
73 1
0 1
71 1
0 1
70 2
68 1
0 1
70 2
80 3
0 1
78 8
71 1
0 1
80 2
0 2
76 2
75 2
73 4
75 1
0 1
76 1
0 1
78 3
0 1
75 4
71 4
0 2
68 1
0 1
76 1
0 1
75 1
0 1
76 1
0 1
75 1
0 1
71 3
0 1
70 1
0 1
73 4
71 10
0 126
75 2
73 2
71 2
66 9
0 1
75 2
73 2
71 2
70 9
0 5
68 3
0 1
68 1
0 1
68 1
0 1
68 1
0 1
68 2
66 2
64 2
68 3
0 1
66 7
0 1
75 1
0 1
73 1
0 1
71 2
66 9
0 1
75 1
0 1
73 1
0 1
71 2
70 8
0 6
71 3
0 1
71 1
0 1
71 1
0 1
71 1
0 1
71 1
0 1
68 1
0 1
71 1
0 1
80 3
0 1
78 6
75 3
0 1
76 3
0 1
78 11
0 1
70 2
73 3
0 1
71 9
0 1
68 2
78 3
0 1
76 1
0 1
76 1
0 1
75 1
0 1
76 2
75 2
71 2
75 4
73 5
0 1
75 3
0 1
76 3
0 1
78 11
0 1
70 2
73 3
0 1
71 9
0 3
78 3
0 1
76 1
0 1
76 1
0 1
75 1
0 1
76 4
0 2
76 4
75 1
0 1
76 2
75 1
0 1
76 4
71 2
78 26
0 2
66 1
0 1
71 1
0 1
73 1
0 1
75 3
0 1
66 3
0 1
76 1
0 1
75 1
0 1
73 2
71 1
0 1
70 1
0 1
70 3
0 1
78 6
0 4
71 3
0 1
63 3
0 1
73 1
0 1
71 1
0 1
70 2
68 1
0 1
68 2
70 3
0 1
66 8
63 2
64 3
0 1
71 3
0 1
70 5
0 1
66 1
0 1
66 3
0 1
73 3
0 1
71 5
0 3
76 1
0 1
75 1
0 1
76 1
0 1
75 1
0 1
76 2
75 4
73 10
0 2
66 1
0 1
71 1
0 1
73 1
0 1
75 3
0 1
66 3
0 1
76 1
0 1
75 1
0 1
73 2
71 1
0 1
70 1
0 1
70 3
0 1
78 6
0 4
71 3
0 1
63 3
0 1
73 1
0 1
71 1
0 1
70 2
68 1
0 1
70 2
80 3
0 1
78 8
71 1
0 1
80 2
0 2
76 2
75 2
73 4
75 1
0 1
76 1
0 1
78 3
0 1
75 4
71 4
0 2
68 1
0 1
76 1
0 1
75 1
0 1
76 1
0 1
75 1
0 1
71 3
0 1
70 1
0 1
73 4
71 10
0 116
78 2
0 1
75 1
0 2
78 3
0 1
75 1
0 1
73 1
0 1
71 1
0 1
70 1
0 2
70 2
0 1
71 5
0 1
73 2
75 1
0 1
76 2
75 2
73 2
71 2
0 2
71 2
70 2
71 11
0 1
66 1
0 1
71 1
0 1
73 1
0 1
75 3
0 1
66 3
0 1
76 1
0 1
75 1
0 1
73 2
71 1
0 1
70 1
0 1
70 3
0 1
78 6
0 4
71 3
0 1
63 3
0 1
73 1
0 1
71 1
0 1
70 2
68 1
0 1
68 2
70 3
0 1
66 8
63 2
64 3
0 1
71 3
0 1
70 5
0 1
66 1
0 1
66 3
0 1
73 3
0 1
71 5
0 3
76 1
0 1
75 1
0 1
76 1
0 1
75 1
0 1
76 2
75 4
73 10
0 2
66 1
0 1
71 1
0 1
73 1
0 1
75 3
0 1
66 3
0 1
76 1
0 1
75 1
0 1
73 2
71 1
0 1
70 1
0 1
70 3
0 1
78 6
0 4
71 3
0 1
63 3
0 1
73 1
0 1
71 1
0 1
70 2
68 1
0 1
70 2
80 3
0 1
78 8
71 1
0 1
80 2
0 2
76 2
75 2
73 4
75 1
0 1
76 1
0 1
78 3
0 1
75 4
71 4
0 2
68 1
0 1
76 1
0 1
75 1
0 1
76 1
0 1
75 1
0 1
71 3
0 1
70 1
0 1
73 4
71 10
