E:min [4, 7, 11] 4 4 
B:min7/b7 [2, 6, 9, 11] 9 2 
B:maj [3, 6, 11] 11 2 
E:min [4, 7, 11] 4 4 
A:maj [1, 4, 9] 9 2 
B:maj [3, 6, 11] 11 2 
E:min [4, 7, 11] 4 12 
A:maj [1, 4, 9] 9 2 
A:min [0, 4, 9] 9 2 
E:min [4, 7, 11] 4 4 
B:min7/b7 [2, 6, 9, 11] 9 2 
B:maj [3, 6, 11] 11 2 
E:min [4, 7, 11] 4 4 
A:maj [1, 4, 9] 9 2 
E:min [4, 7, 11] 4 14 
A:maj [1, 4, 9] 9 2 
B:maj [3, 6, 11] 11 2 
E:min [4, 7, 11] 4 4 
B:min7/b7 [2, 6, 9, 11] 9 2 
B:maj [3, 6, 11] 11 2 
E:min [4, 7, 11] 4 4 
A:maj [1, 4, 9] 9 4 
C:maj [0, 4, 7] 0 8 
G:maj [2, 7, 11] 7 4 
D:maj/3 [2, 6, 9] 6 4 
C:maj [0, 4, 7] 0 8 
G:maj [2, 7, 11] 7 4 
D:maj/3 [2, 6, 9] 6 4 
A:maj [1, 4, 9] 9 4 
E:min [4, 7, 11] 4 2 
G:maj [2, 7, 11] 7 2 
B:min7/b7 [2, 6, 9, 11] 9 2 
B:maj [3, 6, 11] 11 2 
E:min [4, 7, 11] 4 2 
G:maj [2, 7, 11] 7 2 
A:maj [1, 4, 9] 9 2 
B:maj [3, 6, 11] 11 2 
E:min [4, 7, 11] 4 2 
G:maj [2, 7, 11] 7 2 
B:min7/b7 [2, 6, 9, 11] 9 2 
B:maj [3, 6, 11] 11 2 
E:min [4, 7, 11] 4 2 
G:maj [2, 7, 11] 7 2 
A:maj [1, 4, 9] 9 2 
B:maj [3, 6, 11] 11 2 
E:min [4, 7, 11] 4 2 
G:maj [2, 7, 11] 7 2 
B:min7/b7 [2, 6, 9, 11] 9 2 
B:maj [3, 6, 11] 11 2 
E:min [4, 7, 11] 4 2 
G:maj [2, 7, 11] 7 2 
A:maj [1, 4, 9] 9 2 
B:maj [3, 6, 11] 11 2 
E:min [4, 7, 11] 4 2 
G:maj [2, 7, 11] 7 2 
B:min7/b7 [2, 6, 9, 11] 9 2 
B:maj [3, 6, 11] 11 2 
E:min [4, 7, 11] 4 2 
G:maj [2, 7, 11] 7 2 
A:maj [1, 4, 9] 9 2 
B:maj [3, 6, 11] 11 2 
E:min [4, 7, 11] 4 2 
G:maj [2, 7, 11] 7 2 
B:min7/b7 [2, 6, 9, 11] 9 2 
B:maj [3, 6, 11] 11 2 
E:min [4, 7, 11] 4 2 
G:maj [2, 7, 11] 7 2 
A:maj [1, 4, 9] 9 2 
B:maj [3, 6, 11] 11 2 
E:min [4, 7, 11] 4 2 
G:maj [2, 7, 11] 7 2 
B:min7/b7 [2, 6, 9, 11] 9 2 
B:maj [3, 6, 11] 11 2 
E:min [4, 7, 11] 4 2 
G:maj [2, 7, 11] 7 2 
A:maj [1, 4, 9] 9 2 
B:maj [3, 6, 11] 11 2 
C:maj [0, 4, 7] 0 8 
G:maj [2, 7, 11] 7 4 
D:maj/3 [2, 6, 9] 6 4 
C:maj [0, 4, 7] 0 8 
G:maj [2, 7, 11] 7 4 
D:maj [2, 6, 9] 2 4 
A:maj [1, 4, 9] 9 4 
C:maj/3 [0, 4, 7] 4 4 
A:sus2 [4, 9, 11] 9 4 
A:maj [1, 4, 9] 9 4 
A:sus2 [4, 9, 11] 9 4 
C:maj/3 [0, 4, 7] 4 4 
A:sus2 [4, 9, 11] 9 4 
C:maj/3 [0, 4, 7] 4 4 
A:sus2 [4, 9, 11] 9 4 
E:min [4, 7, 11] 4 4 
A:maj [1, 4, 9] 9 4 
E:min [4, 7, 11] 4 4 
A:maj [1, 4, 9] 9 4 
C:maj/3 [0, 4, 7] 4 3 
G:maj [2, 7, 11] 7 1 
D:maj/5 [2, 6, 9] 9 2 
E:maj [4, 8, 11] 4 4 
E:min [4, 7, 11] 4 2 
A:maj [1, 4, 9] 9 2 
B:maj [3, 6, 11] 11 18 
E:min [4, 7, 11] 4 2 
G:maj [2, 7, 11] 7 2 
B:min7/b7 [2, 6, 9, 11] 9 2 
B:maj [3, 6, 11] 11 2 
E:min [4, 7, 11] 4 2 
G:maj [2, 7, 11] 7 2 
A:maj [1, 4, 9] 9 2 
B:maj [3, 6, 11] 11 2 
E:min [4, 7, 11] 4 2 
G:maj [2, 7, 11] 7 2 
B:min7/b7 [2, 6, 9, 11] 9 2 
B:maj [3, 6, 11] 11 2 
E:min [4, 7, 11] 4 2 
G:maj [2, 7, 11] 7 2 
A:maj [1, 4, 9] 9 2 
B:maj [3, 6, 11] 11 2 
E:min [4, 7, 11] 4 2 
G:maj [2, 7, 11] 7 2 
B:min7/b7 [2, 6, 9, 11] 9 2 
B:maj [3, 6, 11] 11 2 
E:min [4, 7, 11] 4 2 
G:maj [2, 7, 11] 7 2 
A:maj [1, 4, 9] 9 2 
E:min [4, 7, 11] 4 4 
G:maj [2, 7, 11] 7 2 
B:min7/b7 [2, 6, 9, 11] 9 2 
B:maj [3, 6, 11] 11 2 
E:min [4, 7, 11] 4 2 
G:maj [2, 7, 11] 7 2 
A:maj [1, 4, 9] 9 2 
B:maj [3, 6, 11] 11 2 
E:sus2 [4, 6, 11] 4 2 
E:maj [4, 8, 11] 4 2 
E:sus2 [4, 6, 11] 4 2 
Bb:maj7/7 [2, 5, 8, 10] 9 1 
A:maj [1, 4, 9] 9 1 
E:sus2 [4, 6, 11] 4 2 
Bb:maj7/7 [2, 5, 8, 10] 9 1 
A:maj [1, 4, 9] 9 1 
