0 64
64 2
0 2
59 3
0 1
62 2
0 2
59 2
57 3
0 1
55 1
0 1
57 2
55 2
57 2
57 1
55 1
57 1
59 1
59 1
0 1
64 3
0 1
59 2
0 2
62 2
0 2
59 2
57 2
0 2
55 1
0 1
57 1
0 1
55 1
0 1
58 1
0 1
57 1
55 1
57 2
59 1
0 1
52 2
54 2
55 2
52 2
58 2
57 2
55 2
57 2
57 2
52 2
0 44
64 2
0 2
59 3
0 1
62 2
0 2
59 2
57 3
0 1
55 1
0 1
57 2
55 2
57 2
57 1
55 1
57 1
59 1
59 1
0 1
64 3
0 1
59 2
0 2
62 2
0 2
59 2
57 2
0 2
55 1
0 1
57 1
0 1
55 1
0 1
58 1
0 1
57 1
55 1
57 2
59 1
0 1
52 2
54 2
55 2
52 2
58 2
57 2
55 2
57 2
57 2
52 2
0 48
64 1
0 1
64 1
64 1
0 2
62 1
0 1
62 1
0 1
60 3
0 3
64 1
0 1
64 1
64 2
0 1
62 1
0 1
62 1
0 1
64 1
0 1
59 8
0 2
60 2
59 2
57 9
0 13
64 1
64 1
0 1
64 1
0 2
62 1
0 1
62 1
0 2
60 4
0 1
64 1
64 1
0 1
64 1
0 2
62 1
0 1
62 1
0 1
64 1
0 1
59 6
0 4
60 2
59 2
57 8
0 16
55 1
0 1
58 1
0 1
57 1
55 1
57 2
59 2
0 22
55 1
0 1
58 1
0 1
57 1
55 1
57 2
59 2
0 22
55 1
0 1
58 1
0 1
57 1
55 1
57 2
59 2
0 22
55 1
0 1
58 1
0 1
57 1
55 1
57 1
0 1
59 1
0 19
71 12
0 2
71 1
0 3
64 1
0 3
67 1
0 1
69 1
0 1
71 1
0 1
69 2
0 2
67 1
0 1
69 1
0 1
67 1
0 1
70 1
0 1
69 1
67 1
69 2
71 1
0 1
71 1
0 3
64 2
0 2
67 1
0 1
69 1
0 1
71 1
0 1
69 2
0 2
67 1
0 1
69 1
0 1
67 1
0 1
70 1
0 1
69 1
67 1
69 1
0 1
71 1
0 1
71 2
76 3
0 1
71 2
74 2
0 2
71 2
69 3
0 1
67 1
0 1
69 1
0 1
67 1
0 1
71 2
69 1
67 1
69 1
0 1
71 1
0 1
71 2
76 4
71 2
74 2
0 2
71 2
69 2
0 2
67 1
0 1
69 1
0 1
67 1
0 1
71 2
69 1
67 1
69 1
0 1
71 2
71 2
0 2
64 2
0 2
67 1
0 1
69 1
0 1
71 1
0 1
69 2
0 2
67 1
0 1
69 1
0 1
67 1
0 1
71 1
0 1
69 1
67 1
69 1
0 1
71 1
0 1
71 2
0 2
64 1
0 3
67 1
0 1
69 1
0 1
71 1
0 1
69 2
0 2
67 1
0 1
69 1
0 1
67 1
0 1
70 1
0 1
69 1
67 1
69 1
0 1
71 1
0 1
64 2
66 1
0 1
67 2
64 2
70 2
69 2
67 2
69 1
0 3
64 7
0 43
64 1
64 1
0 1
64 1
0 2
62 1
0 1
62 1
0 2
60 4
0 1
64 1
64 1
0 1
64 1
0 2
62 1
0 1
62 1
0 1
64 1
0 1
59 6
0 4
60 2
59 2
57 8
0 14
64 1
64 1
0 1
64 1
0 2
62 1
0 1
62 1
0 2
60 4
0 1
64 1
64 1
0 1
64 1
0 2
62 1
0 1
62 1
0 1
64 1
0 1
59 6
0 4
60 2
59 2
57 8
0 16
55 1
0 1
58 1
0 1
57 1
55 1
57 2
55 2
0 22
55 1
0 1
58 1
0 1
57 1
55 1
57 2
59 2
0 22
55 1
0 1
58 1
0 1
57 1
55 1
57 2
59 2
0 22
55 1
0 1
58 1
0 1
57 1
55 1
57 1
0 1
59 1
0 33
64 2
0 2
59 3
0 1
62 2
0 2
59 2
57 3
0 1
55 1
0 1
57 2
55 2
57 2
57 1
55 1
57 1
59 1
59 1
0 1
64 3
0 1
59 2
0 2
62 2
0 2
59 2
57 2
0 2
55 1
0 1
57 1
0 1
55 1
0 1
58 1
0 1
57 1
55 1
57 2
59 1
0 1
52 2
54 2
55 2
52 2
58 2
57 2
55 2
57 2
57 2
52 2
0 108
71 1
0 3
64 1
0 3
67 1
0 1
69 1
0 1
71 1
0 1
69 2
0 2
67 1
0 1
69 1
0 1
67 1
0 1
70 1
0 1
69 1
67 1
69 2
71 1
0 1
71 1
0 3
64 2
0 2
67 1
0 1
69 1
0 1
71 1
0 1
69 2
0 2
67 1
0 1
69 1
0 1
67 1
0 1
70 1
0 1
69 1
67 1
69 1
0 1
71 1
0 1
71 2
76 3
0 1
71 2
74 2
0 2
71 2
69 3
0 1
67 1
0 1
69 1
0 1
67 1
0 1
71 2
69 1
67 1
69 1
0 1
71 1
0 1
71 2
76 4
71 2
74 2
0 2
71 2
69 2
0 2
67 1
0 1
69 1
0 1
67 1
0 1
71 2
69 1
67 1
69 1
0 1
71 2
71 2
0 2
64 2
0 2
67 1
0 1
69 1
0 1
71 1
0 1
69 2
0 2
67 1
0 1
69 1
0 1
67 1
0 1
71 1
0 1
69 1
67 1
69 1
0 1
71 1
0 1
71 2
0 2
64 1
0 3
67 1
0 1
69 1
0 1
71 1
0 1
69 2
0 2
67 1
0 1
69 1
0 1
67 1
0 1
70 1
0 1
69 1
67 1
69 1
0 1
71 1
0 1
64 2
66 1
0 1
67 2
64 2
70 2
69 2
67 2
69 1
0 3
64 7
0 25
69 4
71 44
