C:maj [0, 4, 7] 0 4
A:min [0, 4, 9] 9 4
C:maj [0, 4, 7] 0 6
A:min [0, 4, 9] 9 2
C:sus2 [0, 2, 7] 0 4
A:min [0, 4, 9] 9 1
E:min7 [2, 4, 7, 11] 4 2
G:maj [2, 7, 11] 7 1
D:min [2, 5, 9] 2 4
G:maj [2, 7, 11] 7 4
C:maj [0, 4, 7] 0 2
G:maj/3 [2, 7, 11] 11 2
A:min [0, 4, 9] 9 2
E:min [4, 7, 11] 4 2
D:min [2, 5, 9] 2 2
F:maj6 [0, 2, 5, 9] 5 2
C:maj [0, 4, 7] 0 2
C:maj [0, 4, 7] 0 4
G:maj/3 [2, 7, 11] 11 2
A:min [0, 4, 9] 9 2
E:min [4, 7, 11] 4 2
F:maj [0, 5, 9] 5 2
E:min [4, 7, 11] 4 2
D:min [2, 5, 9] 2 2
G:maj [2, 7, 11] 7 2
C:maj [0, 4, 7] 0 2
G:maj/3 [2, 7, 11] 11 2
A:min [0, 4, 9] 9 2
G:maj [2, 7, 11] 7 2
F:maj [0, 5, 9] 5 2
C:maj [0, 4, 7] 0 2
D:min [2, 5, 9] 2 2
G:7 [2, 5, 7, 11] 7 2
F:min6 [0, 2, 5, 8] 5 2
F:maj [0, 5, 9] 5 2
F:maj [0, 5, 9] 5 4
E:min [4, 7, 11] 4 4
D:min [2, 5, 9] 2 4
C:maj [0, 4, 7] 0 4
F:maj [0, 5, 9] 5 4
D:min [2, 5, 9] 2 4
G:maj [2, 7, 11] 7 4
C:maj [0, 4, 7] 0 2
G:maj/3 [2, 7, 11] 11 2
A:min [0, 4, 9] 9 2
F:maj7 [0, 3, 5, 9] 5 1
E:min [4, 7, 11] 4 1
D:min [2, 5, 9] 2 2
F:maj6 [0, 2, 5, 9] 5 2
C:maj [0, 4, 7] 0 6
G:maj/3 [2, 7, 11] 11 2
A:min [0, 4, 9] 9 2
A:min7 [0, 4, 7, 9] 9 1
E:min [4, 7, 11] 4 1
F:maj [0, 5, 9] 5 2
E:min [4, 7, 11] 4 2
D:min [2, 5, 9] 2 2
G:maj [2, 7, 11] 7 2
C:maj [0, 4, 7] 0 2
G:maj/3 [2, 7, 11] 11 2
A:min [0, 4, 9] 9 2
G:maj [2, 7, 11] 7 2
F:maj [0, 5, 9] 5 2
C:maj [0, 4, 7] 0 2
D:min [2, 5, 9] 2 2
G:7 [2, 5, 7, 11] 7 2
Ab:maj [0, 3, 8] 8 2
Bb:maj [2, 5, 10] 10 2
F:maj [0, 5, 9] 5 2
C:sus2 [0, 2, 7] 0 2
Ab:maj [0, 3, 8] 8 2
Bb:maj [2, 5, 10] 10 2
F:maj [0, 5, 9] 5 1
G:maj [2, 7, 11] 7 1
B:9 [1, 3, 6, 9, 11] 11 1
B:maj [3, 6, 11] 11 5
N [11] 16 5
D:maj [2, 6, 9] 2 1
E:min [4, 7, 11] 4 1
F:maj [0, 5, 9] 5 1
G:maj [2, 7, 11] 7 1
C:maj [0, 4, 7] 0 2
G:maj/3 [2, 7, 11] 11 2
F:maj [0, 5, 9] 5 2
C:maj/3 [0, 4, 7] 4 2
F:maj [0, 5, 9] 5 2
C:maj [0, 4, 7] 0 2
D:min [2, 5, 9] 2 2
D:min7/4 [0, 2, 5, 9] 7 2
F:maj [0, 5, 9] 5 8
C:maj [0, 4, 7] 0 1
