G:maj7 [2, 5, 7, 11] 7 4
F#:min [1, 6, 9] 6 4
G:maj [2, 7, 11] 7 4
A:sus2 [4, 9, 11] 9 4
G:maj [2, 7, 11] 7 2
F#:min [1, 6, 9] 6 2
E:maj [4, 8, 11] 4 1
D:maj [2, 6, 9] 2 3
G:maj [2, 7, 11] 7 2
F#:min [1, 6, 9] 6 2
E:maj [4, 8, 11] 4 2
A:maj [1, 4, 9] 9 2
G:maj [2, 7, 11] 7 2
F#:min [1, 6, 9] 6 2
E:min [4, 7, 11] 4 1
D:maj [2, 6, 9] 2 3
G:maj [2, 7, 11] 7 2
F#:min [1, 6, 9] 6 2
E:min [4, 7, 11] 4 1
A:maj [1, 4, 9] 9 1
D:maj7/7 [0, 2, 6, 9] 1 2
D:maj [2, 6, 9] 2 1
B:min [2, 6, 11] 11 1
A:maj [1, 4, 9] 9 2
G:maj [2, 7, 11] 7 2
D:maj7/7 [0, 2, 6, 9] 1 2
B:min [2, 6, 11] 11 2
A:maj [1, 4, 9] 9 2
G:maj [2, 7, 11] 7 2
C:maj [0, 4, 7] 0 2
C:maj7 [0, 4, 7, 10] 0 1
A:sus4 [2, 4, 9] 9 1
G:maj [2, 7, 11] 7 4
F#:min [1, 6, 9] 6 2
B:min7/b7 [2, 6, 9, 11] 9 2
G:maj [2, 7, 11] 7 2
A:maj [1, 4, 9] 9 2
D:maj [2, 6, 9] 2 4
G:maj [2, 7, 11] 7 4
F#:min [1, 6, 9] 6 2
B:maj [3, 6, 11] 11 1
A:maj [1, 4, 9] 9 1
E:min [4, 7, 11] 4 2
A:maj [1, 4, 9] 9 2
Bb:maj [2, 5, 10] 10 2
A:min [0, 4, 9] 9 2
G:min [2, 7, 10] 7 2
B:min [2, 6, 11] 11 2
A:maj [1, 4, 9] 9 2
G:maj [2, 7, 11] 7 2
D:maj7/7 [0, 2, 6, 9] 1 2
B:min [2, 6, 11] 11 2
A:maj [1, 4, 9] 9 2
G:maj [2, 7, 11] 7 2
C:maj [0, 4, 7] 0 2
A:sus4 [2, 4, 9] 9 2
G:maj [2, 7, 11] 7 4
F#:min [1, 6, 9] 6 2
B:min7/b7 [2, 6, 9, 11] 9 2
G:maj [2, 7, 11] 7 2
A:maj [1, 4, 9] 9 2
D:maj [2, 6, 9] 2 4
G:maj [2, 7, 11] 7 4
F#:min [1, 6, 9] 6 2
B:maj [3, 6, 11] 11 1
A:maj [1, 4, 9] 9 1
E:min [4, 7, 11] 4 2
A:maj [1, 4, 9] 9 2
D:maj [2, 6, 9] 2 1
C:maj [0, 4, 7] 0 1
B:min7 [2, 6, 9, 11] 11 1
A:maj [1, 4, 9] 9 1
G:maj [2, 7, 11] 7 3
F#:maj [1, 6, 10] 6 1
B:min [2, 6, 11] 11 2
A:maj [1, 4, 9] 9 2
E:min [4, 7, 11] 4 2
F#:min [1, 6, 9] 6 2
G:maj [2, 7, 11] 7 2
A:maj [1, 4, 9] 9 2
G:maj [2, 7, 11] 7 4
F#:sus4 [1, 6, 11] 6 2
B:min9 [1, 2, 6, 9, 11] 11 2
G:maj [2, 7, 11] 7 2
A:maj [1, 4, 9] 9 2
D:maj [2, 6, 9] 2 2
D:7/b7 [0, 2, 6, 9] 0 2
G:maj [2, 7, 11] 7 4
F#:min [1, 6, 9] 6 2
B:min7 [2, 6, 9, 11] 11 2
E:min [4, 7, 11] 4 2
A:maj [1, 4, 9] 9 2
G:maj [2, 7, 11] 7 3
B:min11 [1, 2, 4, 6, 9, 11] 11 1
F#:min7/b7 [1, 4, 6, 9] 4 1
E:min [4, 7, 11] 4 2
A:maj [1, 4, 9] 9 4
D:maj [2, 6, 9] 2 1
