0 64
62 1
62 1
62 1
62 1
62 1
61 1
59 1
57 4
62 1
62 1
61 1
59 1
57 1
62 1
62 1
62 1
62 1
62 1
64 1
66 1
66 6
0 4
66 1
66 1
67 1
66 1
62 1
64 2
0 1
64 1
64 1
66 1
64 1
62 1
62 2
0 1
67 1
67 1
69 1
66 1
62 1
66 1
0 1
64 7
0 1
62 1
62 1
62 1
62 1
62 1
61 1
59 1
57 4
62 1
62 1
61 1
59 1
57 1
62 1
62 1
62 1
62 1
62 1
64 1
66 1
66 6
0 4
66 1
66 1
67 1
66 1
62 1
64 2
0 1
64 1
64 1
66 1
64 1
62 1
62 2
0 1
67 1
67 1
66 1
64 1
62 1
61 1
64 2
62 5
0 1
61 1
59 1
61 1
62 1
69 1
69 2
0 1
61 1
59 1
61 1
62 1
69 1
69 1
62 1
64 1
62 2
0 1
59 1
59 1
59 1
57 1
57 1
55 1
57 2
62 1
64 1
0 2
66 1
66 3
59 1
61 1
62 1
69 1
69 2
0 2
59 1
61 1
62 1
69 1
69 1
62 1
66 1
66 1
66 1
66 1
66 1
64 1
64 1
66 1
67 5
66 1
66 1
64 5
0 3
66 1
66 2
71 1
66 1
0 2
64 1
62 1
61 1
0 1
61 1
62 2
64 2
64 1
64 2
69 1
64 2
0 1
62 1
61 1
64 2
62 1
62 3
0 1
66 1
66 1
0 1
71 1
66 2
0 1
64 1
62 1
61 2
62 1
64 1
0 1
57 1
0 1
57 1
67 2
66 1
66 4
0 4
66 1
67 1
66 1
64 1
62 1
64 1
0 1
71 1
66 2
0 1
64 1
62 1
61 2
61 1
62 2
64 1
0 1
64 1
64 2
69 1
64 2
0 1
62 1
61 1
64 2
62 1
62 2
0 2
66 1
67 1
66 1
62 1
0 2
57 1
62 1
69 1
64 3
66 1
0 1
62 1
61 1
64 2
62 7
0 16
59 1
61 1
62 1
69 1
69 2
0 1
61 1
59 1
61 1
62 1
69 1
69 1
62 1
64 1
62 2
0 1
59 1
59 1
59 1
57 1
57 1
55 1
57 2
62 1
64 1
0 2
66 1
66 3
59 1
61 1
62 1
69 1
69 2
0 2
59 1
61 1
62 1
69 1
69 1
62 1
66 1
66 1
66 1
66 1
66 1
64 1
64 1
66 1
67 5
66 1
66 1
64 5
0 3
66 1
66 2
71 1
66 1
0 2
64 1
62 1
61 1
0 1
61 1
62 2
64 2
64 1
64 2
69 1
64 2
0 1
62 1
61 1
64 2
62 1
62 3
0 1
66 1
66 1
0 1
71 1
66 2
0 1
64 1
62 1
61 2
62 1
64 1
0 1
57 1
0 1
57 1
67 2
66 1
66 4
0 4
66 1
67 1
66 1
64 1
62 1
64 1
0 1
71 1
66 2
0 1
64 1
62 1
61 2
61 1
62 2
64 1
0 1
64 1
64 2
69 1
64 2
0 1
62 1
61 1
64 2
62 1
62 2
0 2
66 1
67 1
66 1
62 1
0 2
57 1
62 1
69 1
64 3
66 1
0 1
62 1
61 1
64 2
62 7
0 5
66 1
64 1
62 1
0 2
59 1
59 1
59 1
66 1
0 1
64 1
64 2
61 1
61 1
61 1
67 1
0 1
66 1
66 3
0 2
66 1
0 1
64 1
62 2
64 2
66 1
0 1
69 2
0 2
62 1
62 1
62 1
57 1
66 1
64 1
66 1
0 1
67 1
66 1
0 1
66 1
67 1
66 5
0 2
67 1
69 1
0 1
64 3
0 3
66 1
66 2
71 1
66 1
0 2
64 1
62 1
61 1
0 1
61 1
62 2
64 2
64 1
64 2
69 1
64 2
0 1
62 1
61 1
64 2
62 1
62 3
0 1
66 1
66 1
0 1
71 1
66 2
0 1
64 1
62 1
61 2
62 1
64 1
0 1
57 1
0 1
57 1
67 2
66 1
66 1
0 2
67 1
64 2
62 2
66 1
67 1
66 1
64 1
62 1
64 1
0 1
71 1
66 2
0 1
64 1
62 1
61 2
61 1
62 2
64 1
0 1
64 1
64 2
69 1
64 2
0 1
62 1
61 1
64 2
66 1
62 2
0 2
66 1
67 1
66 1
62 1
0 2
57 1
62 1
69 1
64 3
66 1
0 1
62 1
61 1
64 2
62 7
0 10
66 1
67 1
66 1
62 3
0 1
57 1
62 1
69 1
64 4
0 3
66 1
0 1
62 1
61 1
0 1
64 2
62 6
