G:min [2, 7, 10] 7 2 
Eb:maj [3, 7, 10] 3 2 
C:min [0, 3, 7] 0 1 
F:maj [0, 5, 9] 5 1 
Bb:maj [2, 5, 10] 10 2 
C:min [0, 3, 7] 0 2 
D:min [2, 5, 9] 2 2 
G:min [2, 7, 10] 7 8 
D:min [2, 5, 9] 2 4 
C:min [0, 3, 7] 0 4 
G:sus4 [0, 2, 7] 7 4 
Eb:maj [3, 7, 10] 3 2 
F:maj [0, 5, 9] 5 2 
D:min [2, 5, 9] 2 2 
G:min [2, 7, 10] 7 2 
Eb:maj7 [1, 3, 7, 10] 3 2 
F:maj [0, 5, 9] 5 2 
G:sus2 [2, 7, 9] 7 8 
D:min [2, 5, 9] 2 4 
C:min7 [0, 3, 7, 10] 0 4 
G:min [2, 7, 10] 7 4 
Eb:maj [3, 7, 10] 3 2 
F:maj [0, 5, 9] 5 2 
D:min [2, 5, 9] 2 2 
G:min [2, 7, 10] 7 2 
Eb:maj [3, 7, 10] 3 2 
F:maj [0, 5, 9] 5 2 
D:maj [2, 6, 9] 2 4 
G:min [2, 7, 10] 7 2 
D:min [2, 5, 9] 2 2 
Eb:maj [3, 7, 10] 3 1 
F:sus4 [0, 5, 10] 5 1 
Bb:maj [2, 5, 10] 10 2 
C:min [0, 3, 7] 0 2 
G:min [2, 7, 10] 7 2 
Eb:maj7 [1, 3, 7, 10] 3 2 
D:maj [2, 6, 9] 2 2 
G:min [2, 7, 10] 7 2 
D:min [2, 5, 9] 2 2 
Eb:maj [3, 7, 10] 3 1 
F:maj [0, 5, 9] 5 1 
Bb:maj [2, 5, 10] 10 2 
C:min [0, 3, 7] 0 2 
G:min [2, 7, 10] 7 2 
Eb:maj [3, 7, 10] 3 2 
D:maj [2, 6, 9] 2 2 
G:min [2, 7, 10] 7 6 
D:min [2, 5, 9] 2 2 
Eb:maj [3, 7, 10] 3 1 
F:maj [0, 5, 9] 5 1 
Bb:maj [2, 5, 10] 10 2 
C:min [0, 3, 7] 0 2 
G:min [2, 7, 10] 7 2 
Eb:maj [3, 7, 10] 3 2 
D:maj [2, 6, 9] 2 2 
G:min [2, 7, 10] 7 2 
D:min [2, 5, 9] 2 2 
Eb:maj7 [1, 3, 7, 10] 3 1 
F:maj [0, 5, 9] 5 1 
Bb:maj [2, 5, 10] 10 2 
C:min [0, 3, 7] 0 2 
G:min [2, 7, 10] 7 2 
Eb:maj [3, 7, 10] 3 2 
D:maj [2, 6, 9] 2 2 
G:min [2, 7, 10] 7 8 
D:min [2, 5, 9] 2 4 
C:min7 [0, 3, 7, 10] 0 4 
G:min [2, 7, 10] 7 4 
Eb:maj [3, 7, 10] 3 2 
F:maj [0, 5, 9] 5 2 
D:min [2, 5, 9] 2 2 
G:min [2, 7, 10] 7 2 
Eb:maj [3, 7, 10] 3 2 
F:maj [0, 5, 9] 5 2 
D:maj [2, 6, 9] 2 4 
G:min [2, 7, 10] 7 2 
D:min [2, 5, 9] 2 2 
Eb:maj [3, 7, 10] 3 1 
F:sus4 [0, 5, 10] 5 1 
Bb:maj [2, 5, 10] 10 2 
C:min [0, 3, 7] 0 2 
G:min [2, 7, 10] 7 2 
Eb:maj7 [1, 3, 7, 10] 3 2 
D:maj [2, 6, 9] 2 2 
G:min [2, 7, 10] 7 2 
D:min [2, 5, 9] 2 2 
Eb:maj [3, 7, 10] 3 1 
F:maj [0, 5, 9] 5 1 
Bb:maj [2, 5, 10] 10 2 
C:min [0, 3, 7] 0 2 
G:min [2, 7, 10] 7 2 
Eb:maj [3, 7, 10] 3 2 
D:maj [2, 6, 9] 2 2 
G:min [2, 7, 10] 7 6 
D:min [2, 5, 9] 2 2 
F:maj [0, 5, 9] 5 2 
Bb:maj [2, 5, 10] 10 2 
C:min [0, 3, 7] 0 2 
G:min [2, 7, 10] 7 2 
Eb:maj [3, 7, 10] 3 2 
D:maj [2, 6, 9] 2 2 
G:min [2, 7, 10] 7 2 
D:min [2, 5, 9] 2 2 
Eb:maj7 [1, 3, 7, 10] 3 1 
F:sus4 [0, 5, 10] 5 1 
Bb:maj [2, 5, 10] 10 2 
C:min [0, 3, 7] 0 2 
G:min [2, 7, 10] 7 2 
Eb:maj7 [1, 3, 7, 10] 3 2 
D:maj [2, 6, 9] 2 2 
G:min [2, 7, 10] 7 4 
Eb:maj7 [1, 3, 7, 10] 3 2 
F:maj [0, 5, 9] 5 2 
G:min [2, 7, 10] 7 5 
