0 66
79 1
77 1
79 2
77 1
77 1
79 1
0 1
77 1
0 1
74 1
72 1
70 1
0 1
74 3
0 15
72 1
72 1
72 1
0 1
70 1
0 1
74 1
0 1
72 1
0 1
70 1
67 1
0 1
65 2
0 1
67 2
0 15
67 1
70 1
0 1
70 1
67 1
74 1
0 1
72 1
0 3
74 1
77 1
79 1
0 1
79 1
0 1
77 1
0 1
72 1
0 1
74 1
0 9
79 1
79 1
79 1
0 1
79 1
82 1
81 1
0 1
79 1
81 1
0 1
79 1
77 1
79 1
79 1
0 17
79 1
77 1
79 2
77 1
77 1
79 1
0 1
77 1
0 1
74 1
72 1
70 1
0 1
74 3
0 15
72 1
72 1
72 1
0 1
70 1
0 1
74 1
0 1
72 1
0 1
70 1
67 1
0 1
65 2
0 1
67 2
0 15
67 1
70 1
0 1
70 1
67 1
74 1
0 1
72 1
0 3
74 1
77 1
79 1
0 1
79 1
0 1
77 1
0 1
72 1
0 1
74 1
0 9
79 1
79 1
79 1
0 1
79 1
79 1
79 1
82 1
0 2
82 1
0 1
79 1
0 1
81 1
0 1
81 3
0 7
82 2
81 1
0 1
79 2
0 1
79 1
79 2
77 1
0 1
74 2
0 2
82 1
0 1
81 1
0 1
79 2
0 1
79 1
79 1
0 1
86 1
0 1
86 2
0 4
86 1
86 1
84 1
0 1
84 1
0 1
84 1
0 1
84 1
86 1
84 1
82 1
0 1
79 1
0 2
79 1
81 1
82 1
82 1
82 1
82 1
82 1
84 1
0 1
82 1
81 2
0 2
82 2
81 1
0 1
79 2
0 1
79 1
79 2
77 1
0 1
74 2
0 2
82 1
0 1
81 1
0 1
79 2
0 1
79 1
79 1
0 1
86 1
0 1
86 2
0 4
86 1
86 1
84 1
0 1
84 1
0 1
84 1
0 1
84 1
86 1
84 1
82 1
0 1
79 1
0 2
79 1
81 1
82 1
82 1
82 1
82 1
82 1
84 1
0 2
81 1
0 3
81 1
0 1
82 1
0 1
81 1
0 3
79 2
0 156
79 1
77 1
79 2
77 1
77 1
79 1
0 1
77 1
0 1
74 1
72 1
70 1
0 1
74 3
0 15
72 1
72 1
72 1
0 1
70 1
0 1
74 1
0 1
72 1
0 1
70 1
67 1
0 1
65 2
0 1
67 2
0 15
67 1
70 1
0 1
70 1
67 1
74 1
0 1
72 1
0 3
74 1
77 1
79 1
0 1
79 1
0 1
77 1
0 1
72 1
0 1
74 1
0 9
79 1
79 1
79 1
0 1
79 1
79 1
79 1
82 1
0 2
82 1
0 1
79 1
0 1
81 1
0 1
81 3
0 7
82 2
81 1
0 1
79 2
0 1
79 1
79 2
77 1
0 1
74 2
0 2
82 1
0 1
81 1
0 1
79 2
0 1
79 1
79 1
0 1
86 1
0 1
86 2
0 4
86 1
86 1
84 1
0 1
84 1
0 1
84 1
0 1
84 1
86 1
84 1
82 1
0 1
79 1
0 2
79 1
81 1
82 1
82 1
82 1
82 1
82 1
84 1
0 1
82 1
81 2
0 2
82 2
81 1
0 1
79 2
0 1
79 1
79 2
77 1
0 1
74 2
0 2
82 1
0 1
81 1
0 1
79 2
0 1
79 1
79 1
0 1
86 1
0 1
86 2
0 4
86 1
86 1
84 1
0 1
84 1
0 1
84 1
0 1
84 1
86 1
84 1
82 1
0 1
79 1
0 2
79 1
81 1
82 1
82 1
82 1
82 1
82 1
84 1
0 2
81 1
0 3
81 1
0 1
82 1
0 1
81 1
0 3
79 2
0 6
82 2
81 1
0 1
79 2
0 1
79 1
79 2
77 1
0 1
74 2
0 2
82 1
0 1
81 1
0 1
79 2
0 1
79 1
79 1
0 1
86 1
0 1
86 2
0 4
86 1
86 1
84 1
0 1
84 1
0 1
84 1
0 1
84 1
86 1
84 1
82 1
0 1
79 1
0 2
79 1
81 1
82 1
82 1
82 1
82 1
82 1
84 1
0 1
82 1
81 2
0 2
82 2
81 1
0 1
79 2
0 1
79 1
79 2
77 1
0 1
74 2
0 2
82 1
0 1
81 1
0 1
79 2
0 1
79 1
79 1
0 1
86 1
0 1
86 2
0 4
86 1
86 1
84 1
0 1
84 1
0 1
84 1
0 1
84 1
86 1
84 1
82 1
0 1
79 1
0 2
79 1
81 1
82 1
82 1
82 1
82 1
82 1
84 1
0 2
81 1
0 3
81 1
0 1
82 1
0 1
81 1
0 3
79 2
