C:maj [0, 4, 7] 0 4 
C:maj/5 [0, 4, 7] 7 3 
G:sus4 [0, 2, 7] 7 1 
A:min [0, 4, 9] 9 3 
F:maj [0, 5, 9] 5 5 
C:maj [0, 4, 7] 0 4 
C:maj/5 [0, 4, 7] 7 3 
G:sus4(9) [0, 2, 7, 9] 7 1 
A:min [0, 4, 9] 9 3 
F:maj [0, 5, 9] 5 5 
C:maj [0, 4, 7] 0 4 
C:maj/5 [0, 4, 7] 7 3 
G:sus4(9) [0, 2, 7, 9] 7 1 
A:min [0, 4, 9] 9 3 
F:maj [0, 5, 9] 5 5 
C:maj [0, 4, 7] 0 5 
G:maj [2, 7, 11] 7 3 
A:min [0, 4, 9] 9 3 
F:maj [0, 5, 9] 5 5 
A:min [0, 4, 9] 9 2 
D:maj [2, 6, 9] 2 1 
G:maj [2, 7, 11] 7 3 
C:maj [0, 4, 7] 0 1 
C:maj(9) [0, 2, 4, 7, 10] 0 1 
A:min [0, 4, 9] 9 2 
D:min [2, 5, 9] 2 1 
G:maj [2, 7, 11] 7 3 
G:sus4 [0, 2, 7] 7 2 
A:min [0, 4, 9] 9 2 
D:min [2, 5, 9] 2 1 
G:maj [2, 7, 11] 7 3 
A:min [0, 4, 9] 9 2 
Bb:maj [2, 5, 10] 10 3 
G:min [2, 7, 10] 7 5 
C:maj [0, 4, 7] 0 5 
G:maj [2, 7, 11] 7 3 
A:min [0, 4, 9] 9 4 
E:min [4, 7, 11] 4 4 
F:maj [0, 5, 9] 5 4 
E:min [4, 7, 11] 4 3 
C:maj/3 [0, 4, 7] 4 1 
D:sus2 [2, 4, 9] 2 3 
D:min11 [0, 2, 4, 5, 7, 9] 2 1 
G:maj [2, 7, 11] 7 4 
C:maj [0, 4, 7] 0 4 
G:maj/3 [2, 7, 11] 11 4 
A:min [0, 4, 9] 9 4 
E:min [4, 7, 11] 4 4 
F:maj [0, 5, 9] 5 4 
E:min [4, 7, 11] 4 3 
C:maj/3 [0, 4, 7] 4 1 
D:sus2 [2, 4, 9] 2 3 
D:9 [0, 2, 4, 6, 9] 2 1 
G:maj [2, 7, 11] 7 4 
G:sus4 [0, 2, 7] 7 1 
C:maj [0, 4, 7] 0 3 
C:maj/5 [0, 4, 7] 7 3 
G:maj(9) [2, 5, 7, 9, 11] 7 1 
A:min [0, 4, 9] 9 3 
F:maj [0, 5, 9] 5 5 
C:maj [0, 4, 7] 0 4 
C:maj/5 [0, 4, 7] 7 3 
G:maj(9) [2, 5, 7, 9, 11] 7 1 
A:min [0, 4, 9] 9 3 
F:maj [0, 5, 9] 5 5 
C:maj [0, 4, 7] 0 4 
C:maj/5 [0, 4, 7] 7 3 
G:sus4(9) [0, 2, 7, 9] 7 1 
A:min [0, 4, 9] 9 3 
F:maj [0, 5, 9] 5 5 
A:min [0, 4, 9] 9 2 
D:maj [2, 6, 9] 2 1 
G:maj [2, 7, 11] 7 3 
C:maj [0, 4, 7] 0 1 
C:maj(9) [0, 2, 4, 7, 10] 0 1 
A:min [0, 4, 9] 9 2 
D:min [2, 5, 9] 2 1 
G:maj [2, 7, 11] 7 3 
C:maj [0, 4, 7] 0 2 
A:min [0, 4, 9] 9 2 
D:min [2, 5, 9] 2 1 
G:maj [2, 7, 11] 7 3 
A:min [0, 4, 9] 9 2 
Bb:maj [2, 5, 10] 10 3 
G:min [2, 7, 10] 7 5 
C:maj [0, 4, 7] 0 4 
G:maj/3 [2, 7, 11] 11 4 
A:min [0, 4, 9] 9 4 
E:min [4, 7, 11] 4 4 
F:maj [0, 5, 9] 5 4 
E:min [4, 7, 11] 4 3 
C:maj/3 [0, 4, 7] 4 1 
D:sus2 [2, 4, 9] 2 3 
D:min9 [0, 2, 4, 5, 9] 2 1 
G:maj [2, 7, 11] 7 4 
C:maj [0, 4, 7] 0 4 
G:maj/3 [2, 7, 11] 11 4 
A:min [0, 4, 9] 9 4 
E:min [4, 7, 11] 4 4 
F:maj [0, 5, 9] 5 4 
E:min [4, 7, 11] 4 3 
C:maj/3 [0, 4, 7] 4 1 
D:sus2 [2, 4, 9] 2 3 
D:min11 [0, 2, 4, 5, 7, 9] 2 1 
G:maj [2, 7, 11] 7 4 
G:sus4 [0, 2, 7] 7 1 
C:maj [0, 4, 7] 0 3 
C:maj/5 [0, 4, 7] 7 3 
G:maj(9) [2, 5, 7, 9, 11] 7 1 
A:min [0, 4, 9] 9 3 
F:maj [0, 5, 9] 5 5 
C:maj [0, 4, 7] 0 4 
C:maj/5 [0, 4, 7] 7 3 
G:maj(9) [2, 5, 7, 9, 11] 7 1 
A:min [0, 4, 9] 9 3 
F:maj [0, 5, 9] 5 5 
C:maj [0, 4, 7] 0 3 
G:maj [2, 7, 11] 7 4 
A:min [0, 4, 9] 9 4 
F:maj [0, 5, 9] 5 9 
E:min [4, 7, 11] 4 4 
D:min [2, 5, 9] 2 4 
G:maj [2, 7, 11] 7 4 
C:maj [0, 4, 7] 0 4 
G:maj/3 [2, 7, 11] 11 4 
A:min [0, 4, 9] 9 4 
E:min [4, 7, 11] 4 4 
F:maj [0, 5, 9] 5 4 
E:min [4, 7, 11] 4 3 
C:maj/3 [0, 4, 7] 4 1 
D:sus2 [2, 4, 9] 2 3 
D:9 [0, 2, 4, 6, 9] 2 1 
G:maj [2, 7, 11] 7 4 
C:maj [0, 4, 7] 0 2 
D:min7/b7 [0, 2, 5, 9] 0 1 
D:min7 [0, 2, 5, 9] 2 4 
C:maj [0, 4, 7] 0 4 
D:min [2, 5, 9] 2 1 
D:min7 [0, 2, 5, 9] 2 4 
C:sus2 [0, 2, 7] 0 3 
