F:maj [0, 5, 9] 5 4 
C:maj/3 [0, 4, 7] 4 4 
G:min7 [2, 5, 7, 10] 7 2 
C:maj [0, 4, 7] 0 2 
F:maj [0, 5, 9] 5 4 
Bb:maj [2, 5, 10] 10 4 
F:maj/3 [0, 5, 9] 9 4 
G:min7 [2, 5, 7, 10] 7 4 
C:sus4 [0, 5, 7] 0 12 
F:maj [0, 5, 9] 5 6 
C:maj/3 [0, 4, 7] 4 2 
D:min7 [0, 2, 5, 9] 2 8 
G:sus2 [2, 7, 9] 7 8 
Bb:maj [2, 5, 10] 10 4 
C:sus4 [0, 5, 7] 0 4 
F:maj [0, 5, 9] 5 6 
C:maj/3 [0, 4, 7] 4 2 
D:min7 [0, 2, 5, 9] 2 8 
Bb:maj [2, 5, 10] 10 7 
C:maj/5 [0, 4, 7] 7 1 
C:sus4 [0, 5, 7] 0 8 
F:maj [0, 5, 9] 5 4 
C:maj/3 [0, 4, 7] 4 4 
D:min7 [0, 2, 5, 9] 2 4 
A:min7 [0, 4, 7, 9] 9 4 
Bb:maj [2, 5, 10] 10 4 
F:maj/3 [0, 5, 9] 9 4 
G:min7 [2, 5, 7, 10] 7 4 
C:sus4 [0, 5, 7] 0 2 
C:maj [0, 4, 7] 0 2 
F:sus2 [0, 5, 7] 5 3 
F:maj [0, 5, 9] 5 1 
C:maj/3 [0, 4, 7] 4 4 
D:min7 [0, 2, 5, 9] 2 4 
C:min6 [0, 3, 7, 9] 0 2 
F:7 [0, 3, 5, 9] 5 2 
Bb:maj7 [2, 5, 8, 10] 10 4 
A:min [0, 4, 9] 9 1 
A:min7 [0, 4, 7, 9] 9 3 
G:min7 [2, 5, 7, 10] 7 4 
C:maj [0, 4, 7] 0 4 
F:maj [0, 5, 9] 5 8 
Bb:maj [2, 5, 10] 10 8 
A:min7 [0, 4, 7, 9] 9 8 
G:min7 [2, 5, 7, 10] 7 8 
C:maj [0, 4, 7] 0 8 
F:maj [0, 5, 9] 5 6 
F:maj9 [0, 3, 5, 7, 9] 5 2 
D:min7 [0, 2, 5, 9] 2 8 
G:min7 [2, 5, 7, 10] 7 8 
C:sus4 [0, 5, 7] 0 8 
F:maj [0, 5, 9] 5 6 
C:maj/3 [0, 4, 7] 4 2 
D:min7 [0, 2, 5, 9] 2 8 
Bb:maj [2, 5, 10] 10 7 
C:maj/5 [0, 4, 7] 7 1 
C:sus4 [0, 5, 7] 0 8 
F:maj [0, 5, 9] 5 4 
C:maj/3 [0, 4, 7] 4 4 
D:min7 [0, 2, 5, 9] 2 4 
A:min7 [0, 4, 7, 9] 9 4 
Bb:maj [2, 5, 10] 10 4 
F:maj/3 [0, 5, 9] 9 4 
G:min7 [2, 5, 7, 10] 7 4 
C:sus4 [0, 5, 7] 0 2 
C:7 [0, 4, 7, 10] 0 2 
F:sus2 [0, 5, 7] 5 3 
F:maj [0, 5, 9] 5 1 
C:maj/3 [0, 4, 7] 4 4 
D:min7 [0, 2, 5, 9] 2 4 
C:min6 [0, 3, 7, 9] 0 2 
F:7 [0, 3, 5, 9] 5 2 
Bb:maj7 [2, 5, 8, 10] 10 4 
A:min [0, 4, 9] 9 1 
A:min7 [0, 4, 7, 9] 9 3 
G:min7 [2, 5, 7, 10] 7 2 
C:sus4(b7) [0, 5, 7] 0 2 
C:maj [0, 4, 7] 0 3 
F:maj(9) [0, 3, 5, 7, 9] 5 5 
C#:7 [1, 5, 8, 11] 1 4 
F#:sus2 [1, 6, 8] 6 4 
C#:maj/3 [1, 5, 8] 5 3 
Eb:sus2 [3, 5, 10] 3 1 
Eb:min [3, 6, 10] 3 4 
Bb:min7 [1, 5, 8, 10] 10 4 
B:maj [3, 6, 11] 11 4 
Bb:min [1, 5, 10] 10 2 
A:sus2 [4, 9, 11] 9 2 
Ab:min [3, 8, 11] 8 3 
Ab:min7 [3, 6, 8, 11] 8 1 
C#:maj [1, 5, 8] 1 4 
F#:maj [1, 6, 10] 6 4 
Bb:7/5 [2, 5, 8, 10] 5 1 
F:min7 [0, 3, 5, 8] 5 2 
F:maj7/7 [0, 3, 5, 9] 4 1 
Eb:min7 [1, 3, 6, 10] 3 4 
C#:min [1, 4, 8] 1 2 
F#:7 [1, 4, 6, 10] 6 2 
B:maj [3, 6, 11] 11 4 
Bb:min7 [1, 5, 8, 10] 10 4 
Ab:min7 [3, 6, 8, 11] 8 4 
C#:sus4 [1, 6, 8] 1 4 
F#:maj [1, 6, 10] 6 8 
B:maj [3, 6, 11] 11 4 
C#:sus4 [1, 6, 8] 1 12 
F#:maj [1, 6, 10] 6 11 
