0 144
75 1
0 1
75 3
0 1
70 1
0 1
68 2
66 1
0 1
63 3
0 1
73 3
70 1
73 1
75 1
77 2
75 7
0 1
78 1
0 1
78 3
0 1
77 2
75 2
77 1
75 1
73 3
0 1
70 1
70 1
0 1
75 1
75 1
0 1
68 1
0 1
70 7
0 1
70 3
75 1
75 2
0 1
75 1
75 1
0 1
70 1
0 1
68 3
0 1
70 1
70 2
0 1
75 1
0 1
75 1
75 1
70 1
71 1
70 1
0 1
68 3
0 1
65 3
68 1
70 1
0 1
70 1
0 1
73 1
0 1
65 1
0 1
63 3
0 1
68 1
68 1
0 1
70 1
66 1
0 1
65 1
0 1
63 8
75 1
0 1
75 3
0 1
70 1
0 1
68 2
66 1
0 1
63 3
0 1
73 3
70 1
73 1
75 1
77 2
75 7
0 1
75 1
0 1
78 3
0 1
77 2
75 2
77 1
75 1
73 3
0 1
70 1
70 1
0 1
75 1
75 1
0 1
68 1
0 1
70 7
0 1
70 3
75 1
75 2
0 1
75 1
75 1
0 1
70 1
0 1
68 3
0 1
70 1
70 2
0 1
75 1
0 1
75 1
75 1
70 1
71 1
70 1
0 1
68 3
0 1
65 3
68 1
70 1
0 1
70 1
0 1
73 1
0 1
65 1
0 1
63 3
0 1
68 1
68 1
0 1
70 1
66 1
0 1
65 1
0 1
63 13
0 123
75 1
75 1
75 1
75 1
80 1
0 1
82 1
80 1
78 1
0 1
78 3
0 1
77 1
75 1
73 1
0 1
70 1
0 1
73 1
75 1
77 2
75 6
0 2
75 1
80 1
78 3
0 1
77 1
0 1
75 1
0 1
77 1
75 1
73 2
0 2
70 1
70 1
0 1
75 1
75 1
0 1
68 1
0 1
70 8
70 3
75 1
75 2
0 1
75 1
75 1
0 1
70 1
0 1
68 3
0 1
70 1
70 2
70 1
75 1
0 1
75 1
75 1
70 1
71 1
70 1
0 1
68 3
0 1
65 3
68 1
70 1
0 1
70 1
0 1
73 1
0 1
65 1
0 1
63 3
0 1
68 1
68 1
0 1
70 1
66 1
0 1
65 1
0 1
63 8
75 1
75 1
75 1
75 1
80 1
0 1
82 1
80 1
78 1
0 1
78 3
0 1
77 1
75 1
73 1
0 1
70 1
0 1
73 1
75 1
77 2
75 6
0 2
75 1
80 1
78 3
0 1
77 1
0 1
75 1
0 1
77 1
75 1
73 2
0 2
70 1
70 1
0 1
75 1
75 1
0 1
68 1
0 1
70 8
70 3
75 1
75 2
0 1
75 1
75 1
0 1
70 1
0 1
68 3
0 1
70 1
70 2
70 1
75 1
0 1
75 1
75 1
70 1
71 1
70 1
0 1
68 3
0 1
65 3
68 1
70 1
0 1
70 1
0 1
73 1
0 1
65 1
0 1
63 3
0 1
68 1
68 1
0 1
70 1
66 1
0 1
65 1
0 1
63 13
0 3
75 1
75 1
75 1
75 1
80 1
0 1
82 1
80 1
78 1
0 1
78 3
0 1
77 1
75 1
73 1
0 1
70 1
0 1
73 1
75 1
77 2
75 6
0 2
75 1
80 1
78 3
0 1
77 1
0 1
75 1
0 1
77 1
75 1
73 2
0 2
70 1
70 1
0 1
75 1
73 1
0 1
68 1
0 1
70 8
75 2
0 1
75 1
75 2
78 1
0 1
77 1
0 1
75 1
0 1
73 3
0 1
70 3
0 1
70 2
75 1
0 1
75 1
0 1
70 1
68 1
66 3
0 1
65 3
65 1
65 1
0 1
68 1
0 1
70 4
73 1
0 1
75 1
0 1
78 1
0 1
78 8
0 1
75 3
0 1
80 3
80 4
82 4
78 3
80 3
78 4
77 6
0 2
75 4
