0 112
60 4
62 3
0 1
60 2
62 2
65 2
62 2
60 2
58 4
60 2
62 4
60 2
62 2
60 2
58 4
60 1
0 1
60 2
62 2
65 1
0 1
62 1
0 1
60 2
58 4
60 1
0 1
62 3
0 1
60 2
62 2
55 2
58 2
58 2
55 2
60 3
0 1
69 2
67 1
0 1
65 2
60 2
60 2
65 2
62 3
0 1
60 2
62 2
60 1
0 1
58 1
0 1
58 2
58 1
0 1
58 2
0 4
55 2
60 9
0 7
60 4
62 3
0 1
60 2
62 2
65 2
62 2
60 2
58 4
60 2
62 4
60 2
62 2
60 2
58 4
60 1
0 1
60 2
62 2
65 1
0 1
62 1
0 1
60 2
58 4
60 1
0 1
62 3
0 1
60 2
62 2
55 2
58 2
58 2
55 2
60 3
0 1
69 2
67 1
0 1
65 2
60 2
60 2
65 2
62 3
0 1
60 2
62 2
55 1
0 1
58 1
0 1
58 2
58 1
0 1
58 2
0 4
55 2
65 9
0 3
65 1
0 1
60 1
0 1
62 4
0 2
60 2
62 3
0 1
62 1
0 1
63 1
0 1
65 3
0 9
60 2
62 1
0 1
60 2
58 4
57 2
58 3
0 1
58 2
60 1
0 1
62 4
0 6
58 1
0 1
70 2
65 1
0 1
67 4
0 2
65 4
0 2
65 1
0 1
62 1
0 1
65 3
0 1
67 2
0 2
58 4
0 2
62 1
0 1
65 1
0 1
63 1
0 1
63 2
62 1
0 1
63 2
62 1
0 1
60 1
0 1
58 1
0 1
60 10
0 2
65 1
0 1
60 1
0 1
62 4
0 2
60 2
62 3
0 1
62 1
0 1
63 1
0 1
65 3
0 9
60 2
62 1
0 1
60 2
58 4
57 2
58 3
0 1
58 2
60 1
0 1
62 4
0 6
58 1
0 1
70 2
65 1
0 1
67 4
0 2
65 4
0 2
65 1
0 1
62 1
0 1
65 3
0 1
67 2
0 2
58 4
0 2
62 1
0 1
65 1
0 1
63 1
0 1
63 2
62 1
0 1
62 2
60 3
0 1
58 2
60 2
58 9
0 5
60 4
62 3
0 1
60 2
62 2
65 2
62 2
60 2
58 4
60 2
62 4
60 2
62 2
60 2
58 4
60 1
0 1
60 2
62 2
65 1
0 1
62 1
0 1
60 2
58 4
60 1
0 1
62 3
0 1
60 2
62 2
55 2
58 2
58 2
55 2
60 3
0 1
69 2
67 1
0 1
65 2
60 2
60 2
65 2
62 3
0 1
60 2
62 2
55 1
0 1
58 1
0 1
58 2
58 1
0 1
58 2
0 4
55 2
65 9
0 3
65 1
0 1
60 1
0 1
62 4
0 2
60 2
62 3
0 1
62 1
0 1
63 1
0 1
65 3
0 9
60 2
62 1
0 1
60 2
58 4
57 2
58 3
0 1
58 2
60 1
0 1
62 4
0 6
58 1
0 1
70 2
65 1
0 1
67 4
0 2
65 4
0 2
65 1
0 1
62 1
0 1
65 3
0 1
67 2
0 2
58 4
0 2
62 1
0 1
65 1
0 1
63 1
0 1
63 2
62 1
0 1
63 2
62 1
0 1
60 1
0 1
58 1
0 1
60 10
0 2
65 1
0 1
60 1
0 1
62 4
0 2
60 2
62 3
0 1
62 1
0 1
63 1
0 1
65 3
0 9
60 2
62 1
0 1
60 2
58 4
57 2
58 3
0 1
58 2
60 1
0 1
62 4
0 6
58 1
0 1
70 2
65 1
0 1
67 4
0 2
65 4
0 2
65 1
0 1
62 1
0 1
65 3
0 1
72 2
0 2
70 4
0 2
62 1
0 1
65 1
0 1
63 1
0 1
63 2
62 1
0 1
62 2
60 3
0 1
58 2
60 2
58 9
0 5
67 5
0 1
67 1
0 1
69 4
0 2
69 1
0 1
70 7
0 3
67 2
74 1
0 1
79 2
75 2
74 1
0 1
75 2
74 1
0 1
75 2
74 1
0 1
67 2
70 1
0 1
72 8
0 4
65 1
0 1
60 1
0 1
62 4
0 2
60 2
62 3
0 1
62 1
0 1
63 1
0 1
65 3
0 9
60 2
62 1
0 1
60 2
58 4
57 2
58 3
0 1
58 2
60 1
0 1
62 4
0 6
58 1
0 1
70 2
65 1
0 1
67 4
0 2
65 4
0 2
65 1
0 1
62 1
0 1
65 3
0 1
67 2
0 2
58 4
0 2
62 1
0 1
65 1
0 1
63 1
0 1
63 2
62 1
0 1
63 2
62 1
0 1
60 1
0 1
58 1
0 1
60 10
0 2
65 1
0 1
60 1
0 1
62 4
0 2
60 2
62 3
0 1
62 1
0 1
63 1
0 1
65 3
0 9
60 2
62 1
0 1
60 2
58 4
57 2
58 3
0 1
58 2
60 1
0 1
62 4
0 6
58 1
0 1
70 2
65 1
0 1
67 4
0 2
65 4
0 2
65 1
0 1
62 1
0 1
65 3
0 1
72 2
0 2
70 4
0 2
62 1
0 1
65 1
0 1
63 1
0 1
63 2
62 1
0 1
62 2
60 3
0 1
58 2
60 2
58 6
