0 209
65 2
70 1
0 1
70 1
0 1
70 2
68 2
70 2
73 2
72 2
70 14
0 2
65 2
70 1
0 1
70 1
0 1
70 1
0 1
63 2
65 1
0 1
68 2
67 2
65 13
0 3
65 5
0 1
73 1
0 1
68 2
70 2
73 4
68 2
70 2
68 2
66 2
65 6
0 2
63 1
0 1
63 1
0 1
63 1
0 1
58 1
0 1
68 1
0 1
67 1
0 1
65 1
0 1
63 2
65 14
0 2
65 2
70 1
0 1
70 1
0 1
70 2
68 2
70 2
73 2
72 2
70 14
0 2
65 2
70 1
0 1
70 1
0 1
70 1
0 1
63 2
65 1
0 1
68 2
67 2
65 13
0 3
65 5
0 1
73 1
0 1
68 2
70 2
73 4
68 2
70 2
70 2
68 2
65 2
63 2
61 4
75 1
0 1
75 1
0 1
75 2
73 2
72 2
70 2
68 4
70 25
0 7
70 2
77 1
0 1
77 1
0 1
77 1
0 1
77 5
0 1
73 2
75 15
0 1
75 1
0 1
75 1
0 1
75 1
0 1
77 1
0 1
72 2
70 1
0 1
68 4
70 13
0 3
70 5
0 1
75 1
0 1
75 4
73 2
70 2
68 2
70 2
68 4
65 7
0 1
75 2
0 2
75 3
0 1
73 2
70 2
73 2
75 2
77 15
0 1
70 2
77 1
0 1
77 1
0 1
77 1
0 1
77 5
0 1
73 2
75 15
0 1
75 1
0 1
75 1
0 1
75 1
0 1
77 1
0 1
72 2
70 1
0 1
68 4
70 13
0 3
70 5
0 1
75 1
0 1
75 4
73 2
70 2
68 2
70 2
68 4
65 7
0 1
75 2
75 2
75 2
77 2
73 2
70 2
70 1
0 1
68 2
70 15
0 161
65 2
70 1
0 1
70 1
0 1
70 2
68 2
70 2
73 2
72 2
70 14
0 2
65 2
70 1
0 1
70 1
0 1
70 1
0 1
63 2
65 1
0 1
68 2
67 2
65 13
0 3
65 5
0 1
73 1
0 1
68 2
70 2
73 4
68 2
70 2
70 2
68 2
65 2
63 2
61 4
75 1
0 1
75 1
0 1
75 2
73 2
72 2
70 2
68 4
70 25
0 7
70 2
77 1
0 1
77 1
0 1
77 1
0 1
77 5
0 1
73 2
75 15
0 1
75 1
0 1
75 1
0 1
75 1
0 1
77 1
0 1
72 2
70 1
0 1
68 4
70 13
0 3
70 5
0 1
75 1
0 1
75 4
73 2
70 2
68 2
70 2
68 4
65 7
0 1
75 2
0 2
75 3
0 1
73 2
70 2
73 2
75 2
77 15
0 1
70 2
77 1
0 1
77 1
0 1
77 1
0 1
77 5
0 1
73 2
75 15
0 1
75 1
0 1
75 1
0 1
75 1
0 1
77 1
0 1
72 2
70 1
0 1
68 4
70 13
0 3
70 5
0 1
75 1
0 1
75 4
73 2
70 2
68 2
70 2
68 4
65 7
0 1
75 2
75 2
75 2
77 2
73 2
70 2
70 1
0 1
68 2
70 15
0 1
70 2
77 1
0 1
77 1
0 1
77 1
0 1
77 5
0 1
73 2
75 15
0 1
75 1
0 1
75 1
0 1
75 1
0 1
77 1
0 1
72 2
70 1
0 1
68 4
70 13
0 3
70 5
0 1
75 1
0 1
75 4
73 2
70 2
68 2
70 2
68 4
65 7
0 1
75 2
0 2
75 3
0 1
73 2
70 2
73 2
75 2
77 15
0 1
70 2
77 1
0 1
77 1
0 1
77 1
0 1
77 5
0 1
73 2
75 15
0 1
75 1
0 1
75 1
0 1
75 1
0 1
77 1
0 1
72 2
70 1
0 1
68 4
70 13
0 3
70 5
0 1
75 1
0 1
75 4
73 2
70 2
68 2
70 2
68 4
65 7
0 1
75 2
75 2
75 2
77 2
73 2
70 2
70 1
0 1
68 2
70 15
0 1
70 5
0 1
75 1
0 1
75 4
73 2
70 2
68 2
70 2
68 4
65 7
0 5
75 3
0 1
75 2
0 1
75 3
77 3
0 1
72 3
70 3
70 4
68 19
70 30
