G:maj [2, 7, 11] 7 2
G:maj7/7 [2, 5, 7, 11] 6 2
E:min [4, 7, 11] 4 2
B:min [2, 6, 11] 11 2
G:maj [2, 7, 11] 7 2
G:maj7/7 [2, 5, 7, 11] 6 2
E:min [4, 7, 11] 4 3
D:maj [2, 6, 9] 2 1
G:maj [2, 7, 11] 7 2
G:maj7/7 [2, 5, 7, 11] 6 2
E:min [4, 7, 11] 4 2
B:min [2, 6, 11] 11 2
C:maj [0, 4, 7] 0 2
G:maj [2, 7, 11] 7 2
A:min [0, 4, 9] 9 2
D:maj [2, 6, 9] 2 2
B:min [2, 6, 11] 11 4
E:min [4, 7, 11] 4 4
C:maj [0, 4, 7] 0 2
G:maj [2, 7, 11] 7 2
A:min [0, 4, 9] 9 1
D:maj [2, 6, 9] 2 1
G:sus2 [2, 7, 9] 7 2
G:sus2 [2, 7, 9] 7 2
G:maj7/7 [2, 5, 7, 11] 6 2
E:min [4, 7, 11] 4 2
B:min [2, 6, 11] 11 2
C:maj [0, 4, 7] 0 2
G:maj [2, 7, 11] 7 2
A:min [0, 4, 9] 9 2
D:maj [2, 6, 9] 2 2
B:min [2, 6, 11] 11 4
E:min [4, 7, 11] 4 4
C:maj [0, 4, 7] 0 2
G:maj [2, 7, 11] 7 2
A:min [0, 4, 9] 9 1
D:7 [0, 2, 6, 9] 2 1
G:maj [2, 7, 11] 7 2
B:min [2, 6, 11] 11 1
B:min7 [2, 6, 9, 11] 11 3
E:min [4, 7, 11] 4 4
C:maj [0, 4, 7] 0 2
G:maj [2, 7, 11] 7 2
A:min [0, 4, 9] 9 2
D:maj [2, 6, 9] 2 2
E:min [4, 7, 11] 4 2
B:min [2, 6, 11] 11 2
C:maj [0, 4, 7] 0 1
D:sus2 [2, 4, 9] 2 1
G:maj [2, 7, 11] 7 2
E:min [4, 7, 11] 4 2
B:min [2, 6, 11] 11 2
D:sus2 [2, 4, 9] 2 2
G:maj [2, 7, 11] 7 2
E:min [4, 7, 11] 4 2
B:min [2, 6, 11] 11 2
C:maj [0, 4, 7] 0 1
D:maj [2, 6, 9] 2 1
G:maj [2, 7, 11] 7 4
B:min/5 [2, 6, 11] 6 2
E:min [4, 7, 11] 4 2
B:min [2, 6, 11] 11 2
C:maj [0, 4, 7] 0 2
G:maj [2, 7, 11] 7 2
A:min [0, 4, 9] 9 2
D:maj [2, 6, 9] 2 2
E:min [4, 7, 11] 4 4
C:maj [0, 4, 7] 0 2
G:maj [2, 7, 11] 7 2
A:min [0, 4, 9] 9 4
D:maj [2, 6, 9] 2 8
G:maj [2, 7, 11] 7 2
B:min/5 [2, 6, 11] 6 2
E:min [4, 7, 11] 4 2
B:min [2, 6, 11] 11 2
C:maj [0, 4, 7] 0 2
G:maj [2, 7, 11] 7 2
A:min [0, 4, 9] 9 2
D:maj [2, 6, 9] 2 2
B:min [2, 6, 11] 11 4
E:min [4, 7, 11] 4 4
C:maj [0, 4, 7] 0 2
G:maj [2, 7, 11] 7 2
A:min [0, 4, 9] 9 1
D:maj [2, 6, 9] 2 1
G:maj [2, 7, 11] 7 2
B:min [2, 6, 11] 11 3
E:sus2 [4, 6, 11] 4 1
E:min [4, 7, 11] 4 4
C:maj [0, 4, 7] 0 2
G:maj [2, 7, 11] 7 2
A:min [0, 4, 9] 9 2
D:maj [2, 6, 9] 2 6
E:min [4, 7, 11] 4 2
B:min [2, 6, 11] 11 2
C:maj [0, 4, 7] 0 1
D:sus4 [2, 7, 9] 2 1
G:maj [2, 7, 11] 7 2
E:min [4, 7, 11] 4 2
B:min [2, 6, 11] 11 2
A:min [0, 4, 9] 9 1
D:maj [2, 6, 9] 2 1
G:maj [2, 7, 11] 7 2
E:min [4, 7, 11] 4 2
B:min [2, 6, 11] 11 2
C:maj [0, 4, 7] 0 2
G:maj [2, 7, 11] 7 2
E:min [4, 7, 11] 4 2
B:min [2, 6, 11] 11 2
D:sus2 [2, 4, 9] 2 2
G:sus2 [2, 7, 9] 7 2
E:min [4, 7, 11] 4 2
