0 321
64 2
67 3
0 1
71 3
0 1
71 1
0 1
69 2
67 1
0 2
66 1
66 1
66 3
62 2
0 8
62 2
66 2
0 2
69 2
0 2
62 1
0 1
66 1
0 1
69 1
0 1
71 1
0 1
72 1
71 1
0 2
69 2
71 5
0 3
64 1
0 1
67 3
0 1
71 3
0 1
76 2
74 1
0 1
71 1
0 1
69 2
0 1
71 1
69 1
0 1
67 1
0 1
64 3
0 1
64 1
0 1
66 1
0 1
67 3
64 2
0 1
67 1
0 1
69 2
0 1
71 2
0 1
62 2
64 10
0 6
64 2
67 3
0 1
71 3
0 1
71 1
0 1
69 2
67 1
0 2
66 1
66 1
66 3
62 2
0 8
62 2
66 2
0 2
69 2
0 2
62 1
0 1
66 1
0 1
69 1
0 1
71 1
0 1
72 1
71 1
0 2
69 2
71 5
0 3
64 1
0 1
67 3
0 1
71 3
0 1
76 2
74 1
0 1
71 1
0 1
69 2
0 1
71 1
69 1
0 1
67 1
0 1
64 3
0 1
64 1
0 1
66 1
0 1
67 3
66 2
0 1
67 1
0 1
69 2
0 1
71 2
0 1
62 2
64 10
71 1
0 1
71 1
0 1
74 1
0 1
76 2
0 1
74 2
0 1
76 1
0 1
78 2
0 1
76 2
0 1
78 1
0 1
79 2
0 1
78 2
0 1
74 2
76 2
0 2
76 1
0 1
78 1
0 1
79 2
0 1
78 2
0 1
74 1
0 1
69 2
0 1
71 2
0 1
74 2
71 9
0 1
71 1
0 1
71 1
0 1
74 1
0 1
76 2
0 1
74 1
0 2
76 1
0 1
78 2
0 1
76 1
0 2
78 1
0 1
79 2
0 1
78 2
0 1
79 1
0 1
83 2
0 2
76 1
0 1
74 1
0 1
76 1
0 1
83 1
0 1
76 1
0 1
74 1
0 1
76 3
0 1
79 5
0 1
76 12
0 130
64 2
67 3
0 1
71 3
0 1
71 1
0 1
69 2
67 1
0 2
66 1
66 1
66 3
62 2
0 8
62 2
66 2
0 2
69 2
0 2
62 1
0 1
66 1
0 1
69 1
0 1
71 1
0 1
72 1
71 1
0 2
69 2
71 5
0 3
64 1
0 1
67 3
0 1
71 3
0 1
76 2
74 1
0 1
71 1
0 1
69 2
0 1
71 1
69 1
0 1
67 1
0 1
64 3
0 1
64 1
0 1
66 1
0 1
67 3
64 2
0 1
67 1
0 1
69 2
0 1
71 2
0 1
62 2
64 10
0 6
64 2
67 3
0 1
71 3
0 1
71 1
0 1
69 2
67 1
0 2
66 1
66 1
66 3
62 2
0 8
62 2
66 2
0 2
69 2
0 2
62 1
0 1
66 1
0 1
69 1
0 1
71 1
0 1
72 1
71 1
0 2
69 2
71 5
0 3
64 1
0 1
67 3
0 1
71 3
0 1
76 2
74 1
0 1
71 1
0 1
69 2
0 1
71 1
69 1
0 1
67 1
0 1
64 3
0 1
64 1
0 1
66 1
0 1
67 3
66 2
0 1
67 1
0 1
69 2
0 1
71 2
0 1
62 2
64 10
71 1
0 1
71 1
0 1
74 1
0 1
76 2
0 1
74 2
0 1
76 1
0 1
78 2
0 1
76 2
0 1
78 1
0 1
79 2
0 1
78 2
0 1
74 2
76 2
0 2
76 1
0 1
78 1
0 1
79 2
0 1
78 2
0 1
74 1
0 1
69 2
0 1
71 2
0 1
74 2
71 9
0 1
71 1
0 1
71 1
0 1
74 1
0 1
76 2
0 1
74 1
0 2
76 1
0 1
78 2
0 1
76 1
0 2
78 1
0 1
79 2
0 1
78 2
0 1
79 1
0 1
83 2
0 2
76 1
0 1
74 1
0 1
76 1
0 1
83 1
0 1
76 1
0 1
74 1
0 1
76 3
0 1
79 5
0 1
76 12
0 316
71 1
0 1
71 1
0 1
74 1
0 1
76 2
0 1
74 2
0 1
76 1
0 1
78 2
0 1
76 2
0 1
78 1
0 1
79 2
0 1
78 2
0 1
74 2
76 2
0 2
76 1
0 1
78 1
0 1
79 2
0 1
78 2
0 1
74 1
0 1
69 2
0 1
71 2
0 1
74 2
71 9
0 1
71 1
0 1
71 1
0 1
74 1
0 1
76 2
0 1
74 1
0 2
76 1
0 1
78 2
0 1
76 1
0 2
78 1
0 1
79 2
0 1
78 2
0 1
79 1
0 1
83 2
0 2
76 1
0 1
74 1
0 1
76 1
0 1
83 1
0 1
76 1
0 1
74 1
0 1
76 3
0 1
79 5
0 1
76 6
0 2
71 1
0 1
71 1
0 1
74 1
0 1
76 2
0 1
74 2
0 1
76 1
0 1
78 2
0 1
76 2
0 1
78 1
0 1
79 2
0 1
78 2
0 1
74 2
76 2
0 2
76 1
0 1
78 1
0 1
79 2
0 1
78 2
0 1
74 1
0 1
69 2
0 1
71 2
0 1
74 2
71 9
0 1
71 1
0 1
71 1
0 1
74 1
0 1
76 2
0 1
74 1
0 2
76 1
0 1
78 2
0 1
76 1
0 2
78 1
0 1
79 2
0 1
78 2
0 1
79 1
0 1
83 2
0 2
76 1
0 1
74 1
0 1
76 1
0 1
83 1
0 1
76 1
0 1
74 1
0 1
76 3
0 1
79 5
0 1
76 12
