0 71
60 1
69 2
67 1
67 3
65 1
65 6
0 2
60 1
69 2
67 1
67 3
65 1
65 6
0 2
60 1
69 2
67 1
67 2
0 1
65 1
70 1
0 1
69 5
0 1
65 1
72 2
69 1
67 1
65 6
62 6
72 2
69 1
67 1
0 1
65 1
0 1
67 7
0 17
60 1
69 2
67 1
67 3
65 1
65 6
0 2
60 1
69 2
67 1
67 3
65 1
65 6
0 2
60 1
69 2
67 1
67 2
0 1
65 1
70 1
0 1
69 5
0 1
65 1
72 2
69 1
67 1
65 6
62 6
72 2
69 1
67 1
0 2
65 1
65 7
0 2
72 1
0 1
69 1
67 1
0 1
65 2
0 3
62 1
60 5
0 5
60 1
65 1
67 1
69 2
69 1
69 2
70 1
0 1
69 2
67 4
0 1
67 1
69 1
70 2
69 1
67 3
0 1
65 1
65 1
69 2
67 7
0 6
67 1
0 1
65 1
67 3
65 1
65 16
0 9
65 2
67 2
69 2
72 2
74 1
0 1
72 2
69 2
74 3
0 1
72 2
69 1
0 1
74 4
72 5
0 1
74 1
0 1
72 1
0 1
77 1
0 1
69 4
67 2
72 2
69 4
67 1
0 1
72 1
0 1
69 4
0 6
65 1
0 1
67 1
0 1
69 2
72 1
74 3
72 1
0 1
69 1
0 1
74 3
0 1
72 1
0 1
69 1
0 1
73 4
72 2
70 2
70 3
0 1
77 2
79 1
0 1
77 4
72 3
0 1
72 4
69 3
67 1
65 4
0 6
65 1
0 1
67 1
0 1
69 1
62 5
65 5
0 1
65 1
0 1
67 1
0 1
69 1
0 1
70 3
69 1
67 4
0 2
69 3
0 1
67 1
65 6
0 68
60 1
69 2
67 1
67 3
65 1
65 6
0 2
60 1
69 2
67 1
67 3
65 1
65 6
0 2
60 1
69 2
67 1
67 2
0 1
65 1
70 1
0 1
69 5
0 1
65 1
72 2
69 1
67 1
65 6
62 6
72 2
69 1
67 1
0 2
65 1
65 7
0 2
72 1
0 1
69 1
67 1
0 1
65 2
0 3
62 1
60 5
0 5
60 1
65 1
67 1
69 2
69 1
69 2
70 1
0 1
69 2
67 4
0 1
67 1
69 1
70 2
69 1
67 3
0 1
65 1
65 1
69 2
67 7
0 6
67 1
0 1
65 1
67 3
65 1
65 16
0 9
65 2
67 2
69 2
72 2
74 1
0 1
72 2
69 2
74 3
0 1
72 2
69 1
0 1
74 4
72 5
0 1
74 1
0 1
72 1
0 1
77 1
0 1
69 4
67 2
72 2
69 4
67 1
0 1
72 1
0 1
69 4
0 6
65 1
0 1
67 1
0 1
69 2
72 1
74 3
72 1
0 1
69 1
0 1
74 3
0 1
72 1
0 1
69 1
0 1
73 4
72 2
70 2
70 3
0 1
77 2
79 1
0 1
77 4
72 3
0 1
72 4
69 3
67 1
65 4
0 6
65 1
0 1
67 1
0 1
69 1
62 5
65 5
0 1
65 1
0 1
67 1
0 1
69 1
0 1
70 3
69 1
67 4
0 1
69 3
72 2
67 1
0 1
65 1
65 12
0 141
65 2
67 2
69 2
72 2
74 1
0 1
72 2
69 2
74 3
0 1
72 2
69 1
0 1
74 4
72 5
0 1
74 1
0 1
72 1
0 1
77 1
0 1
69 4
67 2
72 2
69 4
67 1
0 1
72 1
0 1
69 4
0 6
65 1
0 1
67 1
0 1
69 2
72 1
74 3
72 1
0 1
69 1
0 1
74 3
0 1
72 1
0 1
69 1
0 1
73 4
72 2
70 2
70 3
0 1
77 2
79 1
0 1
77 4
72 3
0 1
72 4
77 1
0 1
79 1
0 1
81 2
0 2
77 2
0 2
77 1
0 1
77 1
0 1
76 1
0 1
74 2
72 1
0 1
74 2
72 2
69 2
74 3
0 1
72 1
0 1
69 1
0 1
74 3
0 1
72 3
0 3
74 1
0 1
72 1
0 1
77 1
69 5
67 1
0 1
72 2
69 3
0 1
67 1
0 1
67 1
0 1
65 3
0 7
65 1
0 1
67 1
0 1
69 1
0 1
62 3
0 1
65 5
0 1
65 1
0 1
67 1
0 1
69 1
0 1
70 2
69 2
67 6
0 1
69 1
0 1
72 1
0 1
67 1
65 14
