A:min [0, 4, 9] 9 4 
G:maj [2, 7, 11] 7 4 
F:maj [0, 5, 9] 5 4 
E:maj [4, 8, 11] 4 4 
D:min [2, 5, 9] 2 4 
A:min [0, 4, 9] 9 4 
D:min [2, 5, 9] 2 2 
B:dim [2, 5, 11] 11 2 
E:7 [2, 4, 8, 11] 4 4 
A:min [0, 4, 9] 9 4 
G:maj [2, 7, 11] 7 2 
C:maj [0, 4, 7] 0 2 
D:min [2, 5, 9] 2 2 
A:min [0, 4, 9] 9 2 
F:maj [0, 5, 9] 5 1 
E:min/b3 [4, 7, 11] 7 1 
A:min [0, 4, 9] 9 6 
G:maj [2, 7, 11] 7 2 
C:maj [0, 4, 7] 0 2 
D:min [2, 5, 9] 2 2 
A:min [0, 4, 9] 9 2 
F:maj [0, 5, 9] 5 1 
E:min/b3 [4, 7, 11] 7 1 
A:min [0, 4, 9] 9 2 
F:maj [0, 5, 9] 5 1 
E:min/b3 [4, 7, 11] 7 1 
E:maj [4, 8, 11] 4 2 
A:min [0, 4, 9] 9 2 
E:min [4, 7, 11] 4 2 
G:maj [2, 7, 11] 7 2 
A:min [0, 4, 9] 9 2 
F:maj [0, 5, 9] 5 2 
D:min [2, 5, 9] 2 2 
G:maj [2, 7, 11] 7 2 
E:maj [4, 8, 11] 4 2 
A:min [0, 4, 9] 9 2 
E:min [4, 7, 11] 4 2 
G:maj [2, 7, 11] 7 2 
A:min [0, 4, 9] 9 2 
F:maj [0, 5, 9] 5 2 
D:min [2, 5, 9] 2 2 
G:maj [2, 7, 11] 7 2 
E:maj [4, 8, 11] 4 2 
A:min [0, 4, 9] 9 2 
D:min [2, 5, 9] 2 2 
G:maj [2, 7, 11] 7 2 
A:min [0, 4, 9] 9 2 
D:min [2, 5, 9] 2 2 
B:dim [2, 5, 11] 11 2 
E:maj [4, 8, 11] 4 4 
A:min [0, 4, 9] 9 4 
G:maj [2, 7, 11] 7 2 
C:maj [0, 4, 7] 0 2 
D:min [2, 5, 9] 2 2 
A:min [0, 4, 9] 9 2 
F:maj [0, 5, 9] 5 1 
E:min/b3 [4, 7, 11] 7 1 
A:min [0, 4, 9] 9 2 
F:maj [0, 5, 9] 5 1 
E:min/b3 [4, 7, 11] 7 1 
E:maj [4, 8, 11] 4 2 
A:min [0, 4, 9] 9 2 
E:min [4, 7, 11] 4 2 
G:maj [2, 7, 11] 7 2 
A:min [0, 4, 9] 9 2 
F:maj [0, 5, 9] 5 2 
D:min [2, 5, 9] 2 2 
G:maj [2, 7, 11] 7 2 
E:maj [4, 8, 11] 4 2 
A:min [0, 4, 9] 9 2 
E:min [4, 7, 11] 4 2 
G:maj [2, 7, 11] 7 2 
A:min [0, 4, 9] 9 2 
F:maj [0, 5, 9] 5 2 
D:min [2, 5, 9] 2 2 
G:maj [2, 7, 11] 7 2 
E:maj [4, 8, 11] 4 2 
A:min [0, 4, 9] 9 2 
D:min/b3 [2, 5, 9] 5 1 
G:maj [2, 7, 11] 7 1 
A:min [0, 4, 9] 9 2 
E:min [4, 7, 11] 4 2 
G:maj [2, 7, 11] 7 2 
A:min [0, 4, 9] 9 2 
F:maj [0, 5, 9] 5 2 
D:min [2, 5, 9] 2 2 
G:maj [2, 7, 11] 7 2 
E:maj [4, 8, 11] 4 2 
A:min [0, 4, 9] 9 2 
E:min [4, 7, 11] 4 2 
G:maj [2, 7, 11] 7 2 
A:min [0, 4, 9] 9 2 
F:maj [0, 5, 9] 5 2 
D:min [2, 5, 9] 2 2 
G:maj [2, 7, 11] 7 2 
E:maj [4, 8, 11] 4 2 
A:min [0, 4, 9] 9 2 
D:min [2, 5, 9] 2 2 
G:maj [2, 7, 11] 7 2 
A:min [0, 4, 9] 9 2 
D:min [2, 5, 9] 2 2 
B:dim [2, 5, 11] 11 2 
E:maj [4, 8, 11] 4 4 
A:min [0, 4, 9] 9 2 
