0 128
72 2
64 1
64 1
71 1
0 1
71 2
69 5
0 1
67 1
69 1
71 2
69 1
0 1
67 1
69 3
64 6
0 2
62 1
0 1
62 1
0 1
62 1
62 2
64 1
64 2
62 1
60 2
0 3
69 1
69 1
69 1
72 1
71 2
67 1
69 1
69 6
0 1
64 1
72 1
0 1
71 1
71 1
69 2
71 2
69 5
0 1
67 1
69 1
71 1
0 1
69 2
67 1
0 1
69 2
64 6
0 2
62 1
0 1
62 1
0 1
62 1
0 1
62 1
64 1
64 2
62 1
60 2
0 3
69 1
69 1
69 1
72 1
71 1
69 1
67 2
69 8
0 16
69 1
69 1
69 1
69 1
76 1
76 2
0 1
67 1
69 1
67 1
69 1
67 2
0 2
67 1
67 1
67 1
69 1
71 1
74 2
0 1
67 2
69 1
69 4
0 1
72 1
72 1
72 1
71 1
69 3
69 1
74 1
74 1
74 1
72 1
69 3
0 1
74 1
74 1
74 1
74 1
74 2
72 1
74 1
76 1
79 1
76 1
74 1
76 3
0 1
69 1
69 1
69 1
69 1
76 1
76 2
0 1
67 1
69 1
67 1
69 1
67 2
0 2
67 1
67 1
67 1
69 1
71 1
74 2
0 1
67 2
69 1
69 4
0 1
72 1
72 1
72 1
71 1
69 3
69 1
74 1
74 1
74 1
72 1
69 3
0 1
74 1
74 1
74 1
74 1
74 1
72 1
72 1
74 1
76 1
0 1
74 2
71 1
0 1
72 2
71 1
69 12
0 50
64 1
72 1
0 1
71 1
71 1
69 2
71 2
69 5
0 1
67 1
69 1
71 1
0 1
69 2
67 1
0 1
69 2
64 6
0 2
62 1
0 1
62 1
0 1
62 1
0 1
62 1
64 1
64 2
62 1
60 2
0 3
69 1
69 1
69 1
72 1
71 1
69 1
67 2
69 8
0 16
69 1
69 1
69 1
69 1
76 1
76 2
0 1
67 1
69 1
67 1
69 1
67 2
0 2
67 1
67 1
67 1
69 1
71 1
74 2
0 1
67 2
69 1
69 4
0 1
72 1
72 1
72 1
71 1
69 3
69 1
74 1
74 1
74 1
72 1
69 3
0 1
74 1
74 1
74 1
74 1
74 2
72 1
74 1
76 1
79 1
76 1
74 1
76 3
0 1
69 1
69 1
69 1
69 1
76 1
76 2
0 1
67 1
69 1
67 1
69 1
67 2
0 2
67 1
67 1
67 1
69 1
71 1
74 2
0 1
67 2
69 1
69 4
0 1
72 1
72 1
72 1
71 1
69 3
69 1
74 1
74 1
74 1
72 1
69 3
0 1
74 1
74 1
74 1
74 1
74 1
72 1
72 1
74 1
76 1
0 1
74 2
71 1
0 1
72 2
71 1
69 12
0 3
69 1
69 1
69 1
69 1
76 1
76 2
0 1
67 1
69 1
67 1
69 1
67 2
0 2
67 1
67 1
67 1
69 1
71 1
74 2
0 1
67 2
69 1
69 4
0 1
72 1
72 1
72 1
71 1
69 3
69 1
74 1
74 1
74 1
72 1
69 3
0 1
74 1
74 1
74 1
74 1
74 2
72 1
74 1
76 1
79 1
76 1
74 1
76 3
0 1
69 1
69 1
69 1
69 1
76 1
76 2
0 1
67 1
69 1
67 1
69 1
67 2
0 2
67 1
67 1
67 1
69 1
71 1
74 2
0 1
67 2
69 1
69 4
0 1
72 1
72 1
72 1
71 1
69 3
69 1
74 1
74 1
74 1
72 1
69 3
0 1
74 1
74 1
74 1
74 1
74 1
72 1
72 1
74 1
76 1
0 1
74 2
71 1
0 1
72 2
71 1
69 12
