0 140
68 2
70 2
72 3
0 1
72 2
70 2
72 4
75 2
72 11
0 3
70 2
72 2
75 3
0 1
75 2
72 2
75 4
77 2
75 11
0 2
72 3
75 2
77 3
0 1
77 2
75 2
77 4
80 2
77 12
0 2
75 2
77 2
80 3
0 1
80 2
77 2
80 4
84 4
82 11
0 3
70 2
82 3
0 1
82 4
80 3
0 1
80 4
77 12
0 2
77 2
80 3
0 1
80 4
77 1
0 1
77 6
75 12
0 2
75 2
77 3
0 1
77 3
0 1
75 1
0 1
75 6
72 13
0 1
72 2
75 3
0 1
75 4
72 2
72 6
70 11
0 1
68 2
70 2
72 3
0 1
72 2
70 2
72 4
75 2
72 11
0 3
70 2
72 2
75 3
0 3
72 2
75 4
77 2
75 11
0 2
72 3
75 2
77 3
0 1
77 2
75 2
77 4
80 2
77 12
0 2
75 2
77 2
80 2
80 2
80 2
77 2
80 4
84 4
82 11
0 3
70 2
82 3
0 1
82 2
82 2
80 3
0 1
80 4
77 12
0 2
77 2
80 3
0 1
80 2
80 2
77 4
77 4
75 12
0 2
75 2
77 3
0 1
77 2
77 2
75 4
75 4
72 12
70 2
72 2
75 2
75 2
75 2
75 2
72 4
72 4
70 11
0 1
68 2
70 2
72 3
0 1
72 2
70 2
72 4
72 2
70 2
72 4
75 2
72 4
0 2
70 2
72 2
75 3
0 1
75 2
72 2
75 2
75 2
75 2
72 2
75 2
77 4
75 6
72 2
75 2
77 3
0 1
77 2
75 2
77 4
77 2
75 2
77 2
80 4
77 6
75 2
77 2
80 3
0 1
80 2
77 2
80 4
84 4
82 11
0 3
70 2
82 3
0 1
82 4
80 3
0 1
80 4
77 12
0 2
77 2
80 3
0 1
80 4
77 4
77 4
75 12
0 4
77 3
0 1
77 3
0 1
75 4
75 4
72 13
0 3
75 3
0 1
75 4
72 4
72 4
70 11
0 1
68 2
70 2
72 3
0 1
72 2
70 2
72 4
72 2
70 2
72 4
75 2
72 4
0 2
70 2
72 2
75 3
0 1
75 2
72 2
75 2
75 2
75 2
72 2
75 2
77 4
75 6
72 2
75 2
77 3
0 1
77 2
75 2
77 4
77 2
75 2
77 2
80 4
77 6
75 2
77 2
80 3
0 1
80 2
77 2
80 4
84 4
82 11
0 3
70 2
82 3
0 1
82 4
80 3
0 1
80 4
77 12
0 4
80 3
0 1
80 4
77 4
77 4
75 12
0 4
77 3
0 1
77 3
0 1
75 4
75 4
72 13
0 3
75 3
0 1
75 4
72 4
72 4
70 11
0 5
82 3
0 1
82 4
80 3
0 1
80 4
77 12
0 4
80 3
0 1
80 4
77 4
77 4
75 12
0 4
77 3
0 1
77 3
0 1
75 4
75 4
72 13
0 3
75 3
0 1
75 4
72 4
72 4
70 11
0 5
82 3
0 1
82 4
80 3
0 1
80 4
77 12
0 4
80 3
0 1
80 4
77 4
77 4
75 12
0 4
77 3
0 1
77 3
0 1
75 4
75 4
72 13
0 3
75 3
0 1
75 4
72 4
72 4
70 11
0 5
82 3
0 1
82 4
80 3
0 1
80 4
77 12
0 4
80 3
0 1
80 4
77 4
77 4
75 12
0 4
77 3
0 1
77 3
0 1
75 4
75 4
72 13
0 3
75 4
0 1
75 5
72 6
75 12
0 4
77 34
