D:sus2 [2, 4, 9] 2 8 
A:maj7/3 [1, 4, 7, 9] 1 4 
F#:sus2 [1, 6, 8] 6 4 
D:maj [2, 6, 9] 2 4 
E:maj [4, 8, 11] 4 3 
C#:min [1, 4, 8] 1 5 
F#:sus4 [1, 6, 11] 6 4 
D:maj [2, 6, 9] 2 4 
E:maj [4, 8, 11] 4 4 
C#:maj [1, 5, 8] 1 4 
F#:sus4 [1, 6, 11] 6 3 
F#:maj [1, 6, 10] 6 1 
D:maj [2, 6, 9] 2 4 
E:sus2 [4, 6, 11] 4 4 
C#:min [1, 4, 8] 1 4 
F#:sus4 [1, 6, 11] 6 3 
D:maj [2, 6, 9] 2 5 
E:maj [4, 8, 11] 4 8 
F#:sus4 [1, 6, 11] 6 4 
D:maj [2, 6, 9] 2 4 
E:maj [4, 8, 11] 4 3 
C#:min [1, 4, 8] 1 5 
F#:sus4 [1, 6, 11] 6 3 
D:maj [2, 6, 9] 2 5 
E:maj [4, 8, 11] 4 3 
C#:min [1, 4, 8] 1 5 
F#:sus4 [1, 6, 11] 6 4 
D:maj [2, 6, 9] 2 4 
B:min7 [2, 6, 9, 11] 11 2 
E:maj [4, 8, 11] 4 2 
A:maj [1, 4, 9] 9 8 
F#:min [1, 6, 9] 6 2 
E:maj [4, 8, 11] 4 2 
D:maj [2, 6, 9] 2 4 
F#:min [1, 6, 9] 6 2 
E:maj [4, 8, 11] 4 2 
B:maj [3, 6, 11] 11 3 
B:7 [3, 6, 9, 11] 11 2 
B:7/5 [3, 6, 9, 11] 6 1 
E:maj [4, 8, 11] 4 2 
D:maj [2, 6, 9] 2 4 
F#:min [1, 6, 9] 6 2 
E:maj [4, 8, 11] 4 2 
Eb:dim [3, 6, 9] 3 4 
D:maj [2, 6, 9] 2 3 
B:min [2, 6, 11] 11 3 
B:min7 [2, 6, 9, 11] 11 2 
A:maj [1, 4, 9] 9 8 
D:maj [2, 6, 9] 2 4 
E:maj [4, 8, 11] 4 4 
C#:min [1, 4, 8] 1 4 
F#:sus4 [1, 6, 11] 6 4 
D:maj [2, 6, 9] 2 4 
E:maj [4, 8, 11] 4 4 
C#:min [1, 4, 8] 1 4 
F#:sus4 [1, 6, 11] 6 4 
D:maj [2, 6, 9] 2 4 
E:sus2 [4, 6, 11] 4 4 
C#:min [1, 4, 8] 1 4 
F#:sus4 [1, 6, 11] 6 3 
D:maj [2, 6, 9] 2 5 
E:maj [4, 8, 11] 4 4 
C#:min [1, 4, 8] 1 3 
C#:min7 [1, 4, 8, 11] 1 1 
F#:sus4 [1, 6, 11] 6 4 
D:maj [2, 6, 9] 2 4 
E:maj [4, 8, 11] 4 3 
C#:min [1, 4, 8] 1 5 
F#:sus4 [1, 6, 11] 6 3 
D:maj [2, 6, 9] 2 5 
E:maj [4, 8, 11] 4 4 
C#:min [1, 4, 8] 1 4 
F#:sus4 [1, 6, 11] 6 4 
D:maj [2, 6, 9] 2 4 
B:min7 [2, 6, 9, 11] 11 2 
E:maj [4, 8, 11] 4 2 
A:maj [1, 4, 9] 9 8 
F#:min [1, 6, 9] 6 4 
D:maj [2, 6, 9] 2 4 
F#:min [1, 6, 9] 6 4 
B:maj [3, 6, 11] 11 3 
B:7 [3, 6, 9, 11] 11 1 
F#:sus4 [1, 6, 11] 6 1 
F#:min/5 [1, 6, 9] 1 1 
F#:min [1, 6, 9] 6 2 
D:maj [2, 6, 9] 2 4 
F#:min [1, 6, 9] 6 4 
Eb:dim [3, 6, 9] 3 4 
B:maj [3, 6, 11] 11 4 
D:maj [2, 6, 9] 2 4 
B:min [2, 6, 11] 11 2 
E:maj [4, 8, 11] 4 2 
A:maj [1, 4, 9] 9 8 
D:maj [2, 6, 9] 2 4 
B:min [2, 6, 11] 11 2 
E:maj [4, 8, 11] 4 2 
A:maj [1, 4, 9] 9 8 
D:maj [2, 6, 9] 2 4 
B:min [2, 6, 11] 11 2 
E:maj [4, 8, 11] 4 4 
E:7 [2, 4, 8, 11] 4 4 
D:sus2 [2, 4, 9] 2 4 
E:maj [4, 8, 11] 4 4 
C#:min [1, 4, 8] 1 4 
F#:maj [1, 6, 10] 6 3 
F#:min7 [1, 4, 6, 9] 6 1 
D:maj [2, 6, 9] 2 4 
E:maj [4, 8, 11] 4 4 
C#:min [1, 4, 8] 1 4 
F#:maj [1, 6, 10] 6 3 
F#:7 [1, 4, 6, 10] 6 1 
