0 160
79 2
77 2
79 3
0 1
82 1
0 1
84 1
0 1
79 2
77 1
0 1
74 2
0 1
82 1
79 2
77 2
79 3
82 1
79 2
77 1
0 1
74 2
72 1
0 1
74 1
0 1
77 1
0 1
82 1
0 1
82 1
84 1
79 2
77 1
0 1
70 2
72 2
77 2
74 2
72 8
77 3
79 1
77 2
74 1
0 1
77 2
0 1
79 1
77 2
74 1
0 1
70 2
72 1
0 1
77 1
0 1
74 1
0 1
72 7
0 1
79 2
77 2
79 2
82 1
0 1
82 1
0 1
79 1
77 1
74 3
0 1
74 2
0 1
77 1
79 2
77 1
0 1
77 2
74 2
74 2
72 2
0 2
74 2
77 2
72 2
77 2
79 1
77 1
74 2
72 2
70 10
0 22
79 2
77 2
79 3
0 1
82 1
0 1
84 1
0 1
79 2
77 1
0 1
74 2
0 1
82 1
79 2
77 2
79 3
82 1
79 2
77 1
0 1
74 2
72 1
0 1
74 1
0 1
77 1
0 1
82 1
0 1
82 1
84 1
79 2
77 1
0 1
70 2
72 2
77 2
74 2
72 8
77 3
79 1
77 2
74 1
0 1
77 2
0 1
79 1
77 2
74 1
0 1
70 2
72 1
0 1
77 1
0 1
74 1
0 1
72 7
0 1
79 2
77 2
79 2
82 1
0 1
82 1
0 1
79 1
77 1
74 3
0 1
74 2
0 1
77 1
79 2
77 1
0 1
77 2
74 2
74 2
72 2
0 2
74 2
77 2
72 2
77 2
79 1
77 1
74 2
72 2
70 8
0 56
79 2
77 2
79 3
0 1
82 1
0 1
84 1
0 1
79 2
77 1
0 1
74 2
0 1
82 1
79 2
77 2
79 3
82 1
79 2
77 1
0 1
74 2
72 1
0 1
74 1
0 1
77 1
0 1
82 1
0 1
82 1
84 1
79 2
77 1
0 1
70 2
72 2
77 2
74 2
72 8
77 3
79 1
77 2
74 1
0 1
77 2
0 1
79 1
77 2
74 1
0 1
70 2
72 1
0 1
77 1
0 1
74 1
0 1
72 7
0 1
79 2
77 2
79 2
82 1
0 1
82 1
0 1
79 1
77 1
74 3
0 1
74 2
0 1
77 1
79 2
77 1
0 1
77 2
74 2
74 2
72 2
0 2
74 2
77 2
72 2
77 2
79 1
77 1
74 2
72 2
70 10
0 22
79 2
77 2
79 3
0 1
82 1
0 1
84 1
0 1
79 2
77 1
0 1
74 2
0 1
82 1
79 2
77 2
79 3
82 1
79 2
77 1
0 1
74 2
72 1
0 1
74 1
0 1
77 1
0 1
82 1
0 1
82 1
84 1
79 2
77 1
0 1
70 2
72 2
77 2
74 2
72 8
77 3
79 1
77 2
74 1
0 1
77 2
0 1
79 1
77 2
74 1
0 1
70 2
72 1
0 1
77 1
0 1
74 1
0 1
72 7
0 1
79 2
77 2
79 2
82 1
0 1
82 1
0 1
79 1
77 1
74 3
0 1
74 2
0 1
77 1
79 2
77 1
0 1
77 2
74 2
74 2
72 2
0 2
74 2
77 2
72 2
77 2
79 1
77 1
74 2
72 2
70 10
