0 93
65 1
65 1
67 1
69 1
0 1
69 1
0 1
69 1
0 1
70 1
69 5
0 1
69 1
67 1
65 1
67 2
67 1
0 1
67 2
70 1
69 5
0 2
67 2
65 2
64 1
65 4
64 1
65 2
64 2
62 2
60 1
60 9
0 5
65 1
67 1
69 1
70 3
0 1
62 2
65 1
64 7
0 1
60 1
69 2
70 1
0 1
69 1
0 1
67 1
65 2
0 1
65 2
64 2
65 2
70 2
69 2
67 2
65 1
70 3
69 2
67 2
65 2
67 11
0 2
65 1
65 1
67 1
69 1
0 1
69 1
0 1
69 1
0 1
70 1
69 5
0 1
69 1
67 1
65 1
67 2
67 1
0 1
67 2
70 1
69 5
0 2
67 2
65 2
64 1
65 4
64 1
65 2
64 2
65 2
74 1
72 8
0 1
72 2
70 2
69 2
72 2
72 2
74 2
70 2
69 1
0 1
67 4
0 1
67 1
69 1
70 1
70 1
0 1
72 1
0 1
69 2
67 1
65 2
0 1
65 2
64 2
65 2
70 2
69 2
70 2
62 2
65 3
0 1
64 2
65 1
65 14
0 3
70 1
0 1
70 1
0 1
70 1
0 1
70 1
69 2
0 1
64 2
69 1
0 1
67 1
0 1
67 2
65 1
65 3
0 1
65 1
70 2
69 2
67 2
69 2
70 2
69 1
70 3
74 1
0 1
74 2
76 2
72 2
70 2
70 2
72 1
69 5
0 8
74 1
0 1
74 1
0 1
74 1
0 1
74 1
73 2
0 1
74 1
76 3
0 1
69 1
76 1
0 1
77 2
76 2
72 2
65 5
0 3
70 1
0 1
69 1
67 3
0 1
65 1
70 2
69 2
70 2
72 1
0 1
72 18
0 10
69 1
72 1
72 1
76 1
77 1
0 1
77 1
77 3
72 1
72 3
0 3
72 1
72 1
77 1
79 1
0 1
79 1
79 3
72 1
73 3
0 2
79 2
81 2
79 2
77 1
77 3
0 1
77 1
76 1
0 1
77 2
76 2
72 2
74 3
0 1
79 8
0 1
67 1
67 1
69 1
70 2
69 2
70 1
0 1
74 1
72 5
0 1
70 1
69 1
70 1
72 1
0 1
72 1
0 1
79 1
0 1
76 1
77 2
0 1
77 2
77 2
72 1
0 1
70 2
69 1
70 3
72 2
74 2
81 1
0 1
79 2
77 1
79 13
69 1
72 1
72 1
76 1
77 1
0 1
77 1
77 3
72 1
72 3
0 3
72 1
72 1
77 1
79 1
0 1
79 1
79 3
72 1
73 3
0 2
79 2
81 2
79 2
77 1
77 3
0 1
77 1
76 1
0 1
77 2
76 2
72 2
74 2
81 2
81 8
0 1
69 1
70 1
72 1
74 2
72 1
0 1
74 2
77 1
76 6
76 1
76 1
74 1
73 1
0 1
73 1
0 1
81 1
0 1
79 1
77 2
0 1
77 2
76 2
72 1
0 1
70 2
69 1
70 3
72 2
74 2
81 1
0 1
79 2
77 1
79 7
0 1
77 1
77 3
0 1
76 2
77 1
77 16
0 62
65 1
65 1
67 1
69 1
0 1
69 1
0 1
69 1
0 1
70 1
69 5
0 1
69 1
67 1
65 1
67 2
67 1
0 1
67 2
70 1
69 5
0 2
67 2
65 2
64 1
65 4
64 1
65 2
64 2
65 2
74 1
72 8
0 1
72 2
70 2
69 2
72 2
72 2
74 2
70 2
69 1
0 1
67 4
0 1
67 1
69 1
70 1
70 1
0 1
72 1
0 1
69 1
0 1
67 1
65 2
0 1
65 2
64 2
65 2
70 2
69 2
70 2
62 2
65 3
0 1
64 2
65 1
65 14
0 3
70 1
0 1
70 1
0 1
70 1
0 1
70 1
69 2
0 1
64 2
69 1
0 1
67 1
0 1
67 2
65 1
65 3
0 1
65 1
70 2
69 2
67 2
69 2
70 2
69 1
70 3
74 1
0 1
74 2
76 2
72 2
70 1
0 1
70 2
72 1
69 5
0 8
74 1
0 1
74 1
0 1
74 1
0 1
74 1
73 2
0 1
74 1
76 3
0 1
69 1
76 1
0 1
77 2
76 2
72 2
65 5
0 3
70 1
0 1
69 1
67 3
0 1
65 1
70 2
69 2
70 2
72 1
0 1
72 18
0 10
69 1
72 1
72 1
76 1
77 1
0 1
77 1
77 3
72 1
72 3
0 3
72 1
72 1
77 1
79 1
0 1
79 1
79 3
72 1
73 3
0 2
79 2
81 2
79 2
77 1
77 3
0 1
77 1
76 1
0 1
77 2
76 2
72 2
74 3
0 1
79 8
0 1
67 1
67 1
69 1
70 2
69 2
70 1
0 1
74 1
72 5
0 1
70 1
69 1
70 1
72 1
0 1
72 1
0 1
79 1
0 1
76 1
77 2
0 1
77 2
77 2
72 1
0 1
70 2
69 1
70 3
72 2
74 2
81 1
0 1
79 2
77 1
79 13
69 1
72 1
72 1
76 1
77 1
0 1
77 1
77 3
72 1
72 3
0 3
72 1
72 1
77 1
79 1
0 1
79 1
79 3
72 1
73 3
0 2
79 2
81 2
79 2
77 1
77 3
0 1
77 1
76 1
0 1
77 2
76 2
72 2
74 2
81 2
81 8
0 1
69 1
70 1
72 1
74 2
72 1
0 1
74 2
77 1
76 6
76 1
76 1
74 1
73 1
0 1
73 1
0 1
81 1
0 1
79 1
77 2
0 1
77 2
76 2
72 1
0 1
70 2
69 1
70 3
72 2
74 2
81 1
0 1
79 2
77 1
79 7
0 1
77 1
77 3
0 1
76 2
77 1
77 16
0 125
69 1
72 1
72 1
76 1
77 1
0 1
77 1
77 3
72 1
72 3
0 3
72 1
72 1
77 1
79 1
0 1
79 1
79 3
72 1
73 3
0 2
79 2
81 2
79 2
77 1
77 3
0 1
77 1
76 1
0 1
77 2
76 2
72 2
74 3
0 1
79 8
0 1
67 1
67 1
69 1
70 2
69 2
70 1
0 1
74 1
72 5
0 1
70 1
69 1
70 1
72 1
0 1
72 1
0 1
79 1
0 1
76 1
77 2
0 1
77 2
77 2
72 1
0 1
70 2
69 1
70 3
72 2
74 2
81 1
0 1
79 2
77 1
79 13
69 1
72 1
72 1
76 1
77 1
0 1
77 1
77 3
72 1
72 3
0 3
72 1
72 1
77 1
79 1
0 1
79 1
79 3
72 1
73 3
0 2
79 2
81 2
79 2
77 1
77 3
0 1
77 1
76 1
0 1
77 2
76 2
72 2
74 2
81 2
81 8
0 1
69 1
70 1
72 1
74 2
72 1
0 1
74 2
77 1
76 6
76 1
76 1
74 1
73 1
0 1
73 1
0 1
81 1
0 1
79 1
77 2
0 1
77 2
76 2
72 1
0 1
70 2
69 1
70 3
72 2
74 2
81 1
0 1
79 2
77 1
79 7
0 1
77 1
77 3
0 1
76 2
77 1
77 16
